[[-7.504 -2.729 -1.483 -0.565  0.854 -0.77 ]]
[[-6.107  3.444  0.079 -0.851  0.101 -0.904]]
[[ 6.246 -1.002 -7.037  0.446  0.118 -0.476]]
[[-9.89   0.717 -2.279 -0.449 -0.016  0.027]]
[[-9.777 -1.439 -6.811  0.772 -0.784  0.83 ]]
[[ 9.673  7.266  0.211 -0.236  0.553  0.929]]
[[ 2.055 -4.388 -4.367  0.339  0.547 -0.551]]
[[-5.371 -8.661 -2.819  0.013  0.459 -0.168]]
[[-1.039e+00  4.057e+00 -1.900e-02 -1.390e-01 -1.950e-01 -4.000e-03]]
[[-2.461  7.995  4.994 -0.312  0.369  0.361]]
[[ 7.217 -5.95  -0.431  0.199  0.704  0.543]]
[[-4.923  2.982 -4.942 -0.688 -0.015 -0.022]]
[[ 2.993  1.358  1.344  0.082 -0.405 -0.325]]
[[ 7.206  5.174  9.127  0.101  0.287 -0.186]]
[[ 8.867  1.226  5.63  -0.382  0.502 -0.432]]
[[ 0.502 -6.178  9.565 -0.87  -0.403 -0.781]]
[[ 2.343  3.56  -2.661 -0.26   0.492  0.008]]
[[-6.168  4.89   1.463  0.797  0.35   0.168]]
[[-0.106  3.183  6.533  0.376  0.367  0.741]]
[[ 1.519 -9.595 -3.43   0.09   0.516 -0.14 ]]
