0.21299324216001997, -0.3233575448915, 0.5146759234953011, 1.7416566894284942, 2.055222480066332, 0.18385084512884187
0.21301305152165753, -0.3233582814672301, 0.5146438831293902, 1.7416921015039615, 2.0552753325751456, 0.18385766085868868
0.2129970581394782, -0.3233474014743877, 0.514676193705504, 1.7416709951651732, 2.055242985720282, 0.1838839010592463
0.21299708602897677, -0.3233428190482599, 0.5146833979791867, 1.74162449794118, 2.055237211365059, 0.18386475100397787
0.2129865963612406, -0.32334899604706013, 0.5146836560196695, 1.741628408495453, 2.0552272863416836, 0.18387879323631492
0.21298909434198593, -0.3233343552210596, 0.5146883025919337, 1.7415781938653447, 2.0552869526485043, 0.1838674353508727
0.21298879148927594, -0.3233522467351853, 0.5146883200800663, 1.7416529234264133, 2.055224226518677, 0.1838673339254139
0.21300964697322364, -0.3233393539257256, 0.5146639538193564, 1.741598558331679, 2.0553338775210164, 0.18389825754236666
0.212982773970659, -0.32334556113816587, 0.5146744832875916, 1.7417468122753816, 2.0551639802474537, 0.1839100415943553
0.21300575809612327, -0.3233432155229349, 0.5146667016319052, 1.7416098840268417, 2.05529465800889, 0.18388010135904967
0.2130016136608665, -0.32334547899863564, 0.5146652632088662, 1.7416047474765393, 2.055312314740071, 0.18387008691247622
0.2129865354657724, -0.32334164205929294, 0.5146855415202717, 1.7415955915813237, 2.0552678320786724, 0.18389218122572046
0.2129971295078385, -0.32335496223618637, 0.514654614494189, 1.741712929989455, 2.055255366615207, 0.18386657665515638
0.21299467005236916, -0.32335744898879154, 0.5146515571257309, 1.7417003256833465, 2.0552475900512346, 0.18387439756278973
0.21301343086565513, -0.3233500550006992, 0.5146652902162437, 1.741660730289969, 2.0552545420864208, 0.18389469602259229
0.2129904506705865, -0.3233570670874748, 0.5146792531058048, 1.741692075746179, 2.055205082593877, 0.18390412261449773
0.21298957730528362, -0.3233421335324778, 0.5146894710485382, 1.7416190103014868, 2.0552094221537267, 0.18385913781263954
0.21300237342258488, -0.32333764027817324, 0.5146959101633085, 1.741546977244732, 2.0552660152307367, 0.18390404669889424
0.21300219712875532, -0.3233374234709859, 0.5146809069106592, 1.7416190856309492, 2.0552693088598324, 0.18391890365090743
0.21298333152334398, -0.32335337658075813, 0.5146680292591228, 1.7416777294545311, 2.055203218207649, 0.18386694663363604
0.21299474958176756, -0.3233541145712734, 0.5146671652348807, 1.7416864177017533, 2.0552919508268515, 0.18384082256637588
0.2130005585479752, -0.3233517699786841, 0.5146517376801679, 1.741704876914426, 2.0552932997665514, 0.18386873373789767
0.2130058970384292, -0.3233492872021305, 0.5146561819263146, 1.741651496915009, 2.0552904757881256, 0.18388193495251548
0.21300102544245197, -0.32335226317716154, 0.5146681793283924, 1.7416624054813792, 2.0552515887496616, 0.18386389300275197
0.21300804180854022, -0.32334657475993506, 0.5146788673027348, 1.7416173941559945, 2.0552749272890654, 0.18386672370306711
0.21299808756609093, -0.3233558981391961, 0.5146664314053113, 1.7416072120794674, 2.055263539605507, 0.18384332298009332
0.21300123930937398, -0.3233392827206383, 0.5147031550270462, 1.7415750262236616, 2.055216268651452, 0.1838808767030881
0.21298274321702176, -0.3233382763321742, 0.5146899978140156, 1.7416125058350607, 2.0552394557453075, 0.18389863094587564
0.21300127597791702, -0.32334658648502124, 0.514687696650116, 1.7416330858091522, 2.055200346592521, 0.18387011776014012
0.21300128940436583, -0.323346525606154, 0.5146665726151654, 1.7415997810794517, 2.055302424900278, 0.18385286328453296
0.21300163957681384, -0.32335149230478666, 0.5146683083451443, 1.7416589107313811, 2.0552531096251028, 0.18388011076635918
0.21299622731829715, -0.32335417861915333, 0.514671608209351, 1.7416701887156745, 2.055258398789801, 0.18385751160354924
0.21300187537869786, -0.323350337011794, 0.5146594973348905, 1.7416934981930774, 2.0552697196162892, 0.18390290095808762
0.2129837566836723, -0.32334644688791836, 0.5146652337421467, 1.7416707817357646, 2.055223948014235, 0.18388781335295817
0.21298544962144517, -0.3233370682010635, 0.5146819968870513, 1.741662293165492, 2.0552348255280775, 0.1838830539831455
0.21299543645823285, -0.3233539335449212, 0.5147210382192676, 1.7415166947015208, 2.0549721165514945, 0.18385251572354255
0.21300766137051658, -0.323358247205483, 0.5147402200187031, 1.7414124666847675, 2.0547594936176217, 0.183797083136405
0.2129674318616069, -0.3233459898586031, 0.5147603691766885, 1.7412390500240584, 2.054253229492973, 0.18379601094920145
0.21295604190032544, -0.3233153461991737, 0.5147656535801061, 1.7409684749774315, 2.0536601469387477, 0.1837892909583176
0.2129111654249121, -0.3232785019031782, 0.5148177447712562, 1.7406409098622377, 2.0529903715362203, 0.18382754723230585
0.2128405359295345, -0.32326213460611547, 0.5148854406539509, 1.7402036602317312, 2.0519374446107315, 0.18374999826285524
0.2127664687841152, -0.3232152199180118, 0.5149672541907682, 1.7397422882828337, 2.050988451749072, 0.18379942153117593
0.2127189946147066, -0.323193421042789, 0.5149975857159255, 1.73932321524879, 2.049782684778073, 0.1838647101917883
0.21264026257930774, -0.323157606018007, 0.5150873136482491, 1.738734195997734, 2.0483595832932333, 0.1838846120506803
0.21256532332946626, -0.3231125678302148, 0.5151853437142988, 1.7379744882106534, 2.046839600820507, 0.1838319313891915
0.2124737839893457, -0.3230545199688779, 0.5152991696329964, 1.7372295473089203, 2.045173010925935, 0.18391946138024434
0.21237348365916855, -0.3230139203408107, 0.5154088827128912, 1.7365384599143479, 2.0433071825949507, 0.18385456812943687
0.21228268047110002, -0.32293675969881575, 0.5154928463542311, 1.7356885500156218, 2.041612804683452, 0.18390198653611695
0.21217436143082627, -0.3228811222885463, 0.5156262843828558, 1.7347457634377352, 2.039401516651589, 0.18399986398364965
0.21206631600534484, -0.32281753562952076, 0.5157946811699217, 1.7334818742803282, 2.0370181555244966, 0.18395061133955654
0.21192706520487875, -0.32274441417310185, 0.5159260916493065, 1.7326151645163064, 2.034535452849962, 0.18403878542615412
0.21181405753434096, -0.32265573952709986, 0.5161012777733223, 1.7314596801139421, 2.03196206372284, 0.18409507228889102
0.211655836285917, -0.3225776655452316, 0.5162566529752792, 1.730259279624254, 2.0292464735739, 0.1840638251837446
0.21152755710409915, -0.32249245914038804, 0.5164211027369334, 1.7290286955191012, 2.026452539709796, 0.18412630846784447
0.21135861985435975, -0.32239044504799874, 0.5166044465442923, 1.7277757168660768, 2.0233698649492466, 0.18417960319064183
0.2112012872080956, -0.32230987020582813, 0.5168134479513891, 1.7260116790717535, 2.020280374749348, 0.18412337722602848
0.21103346034716466, -0.3222007284972583, 0.5170036138402854, 1.7247358326041549, 2.016970616775865, 0.1842456356325132
0.21084480780628076, -0.3220915939771443, 0.5172380885460328, 1.7230027397290244, 2.01363394950462, 0.18417284612732718
0.2106644357827941, -0.3219881707201312, 0.5174427794746198, 1.7215716075628247, 2.0097891182293197, 0.18432597806906093
0.21046843719163102, -0.32187511870077967, 0.5176408123323323, 1.71995941808266, 2.006152226000611, 0.18436646853478328
0.21026488444732944, -0.3217546296118228, 0.5179301073613942, 1.718016601578296, 2.002266820332737, 0.18430944751311717
0.2100664217951474, -0.3216266402487734, 0.5181281647997147, 1.7164315614332295, 1.998625567908821, 0.18438390627101556
0.20988130930075716, -0.32153628524857003, 0.5183713418616527, 1.714826428625123, 1.9947654750668804, 0.18443729891956
0.20971303410901115, -0.32141156023742823, 0.518552288796074, 1.7132323231594389, 1.9912566324534866, 0.1845351122096489
0.20948501828369046, -0.32131167153106127, 0.5188019963815941, 1.7115157172262963, 1.9874526440556173, 0.18446602835659756
0.2093017250845249, -0.3211855802384965, 0.5190219544422973, 1.7098117540270936, 1.98373805133957, 0.18455953828059046
0.20914242832170238, -0.32108625116999767, 0.5192327584786676, 1.7081646712407998, 1.9799514548031096, 0.18461357017523647
0.20893505881523702, -0.3209550178351766, 0.5194443297499334, 1.7064476509862123, 1.9763929197613863, 0.18468503649095167
0.2087193391382129, -0.3208348225020649, 0.5197060969659587, 1.7048106827341474, 1.972390581937292, 0.18474214405262618
0.20854978198959134, -0.32073669361337565, 0.5199096015655701, 1.7031512264663988, 1.9685924195743043, 0.1848118288548456
0.20833653217539166, -0.3206184758273595, 0.5201690033288848, 1.7013565630184695, 1.9649885876526727, 0.18478584129512302
0.20817103120312638, -0.32051190956710424, 0.5203499271817722, 1.6996967023866074, 1.961329910852173, 0.18486274679442638
0.20794758874097702, -0.32037535937932865, 0.5206216518011678, 1.698051818066861, 1.957503370250344, 0.18489940169435012
0.20775242339682073, -0.32026802709057156, 0.5208748251336316, 1.6963206548422696, 1.953580674127904, 0.18488429192996045
0.2075459988594873, -0.32015274658664705, 0.521083595550062, 1.6946681623460589, 1.9501015975870168, 0.18492644769375535
0.20737652960792666, -0.32004598869682566, 0.5213317069215324, 1.6928002107300755, 1.9463710942145325, 0.1848775648436651
0.20716122682036664, -0.319917573474688, 0.521562144118086, 1.6911477841573508, 1.9425943841354372, 0.18490918726903025
0.206950670620553, -0.3198016728348899, 0.5217912130153669, 1.6892772058406278, 1.9387573017556687, 0.18493384889782408
0.20676312350310824, -0.3196845828205333, 0.5220090444397737, 1.687797612110638, 1.935099827486625, 0.1850356689620927
0.2065907474052454, -0.31958386836676594, 0.5221831728196707, 1.6862541430610944, 1.9313725324020847, 0.18510390245633712
0.20640105003120687, -0.31947723435570324, 0.522433609347112, 1.6840813317755874, 1.9278616548067478, 0.18500057379256069
0.2061837701246297, -0.3193531870080739, 0.5226878600066531, 1.6827304833384615, 1.9238845516330254, 0.1850864756789235
0.20599384442259505, -0.31926004192844715, 0.5228746849042682, 1.681155857104835, 1.9202061143773892, 0.18511903551050005
0.20579311165679298, -0.3191221867055257, 0.523148762344291, 1.6792097107307737, 1.91651523326766, 0.18512222890154612
0.20562069919469939, -0.3190137894808161, 0.5233691944321381, 1.6775115398421985, 1.912792175209453, 0.18514726711121673
0.20541692648561935, -0.3188988759444812, 0.5235663789266415, 1.6758615750543862, 1.90919122860945, 0.18514906698354253
0.2052330307954595, -0.3187914199258872, 0.5237792645867898, 1.6743180292635615, 1.905459987795336, 0.1852084165193583
0.20503546573590778, -0.31867988660815416, 0.5240223677809758, 1.67243149044148, 1.9017581851983913, 0.1852113282301684
0.20482750973678, -0.3185537137575694, 0.5242665339137951, 1.6705583159767141, 1.8979591903488768, 0.18517604662428097
0.20461651957262897, -0.31842637129570006, 0.5245106892313994, 1.6690241386758202, 1.8940927033964514, 0.18528845732593266
0.20443789452737055, -0.3183170488878338, 0.5247447781341532, 1.6670228734119104, 1.8905586823323164, 0.1852986868955112
0.2042468373725361, -0.31820220535036964, 0.5249517951925153, 1.6653849107407452, 1.886798827827807, 0.18531080665637437
0.20406079648781325, -0.3181006489766635, 0.5251743682071415, 1.663916862408496, 1.8830034793538246, 0.18533721115526078
0.20384464162699467, -0.3179698197565918, 0.5254130578722754, 1.6619631351253588, 1.879433845213734, 0.18528934371570013
0.20366785767292164, -0.3178522951056751, 0.525641705768732, 1.6602252205302437, 1.8757358397647568, 0.18535023049422875
0.20345691898734425, -0.31775335318623465, 0.5258883449625288, 1.658484331981657, 1.8719847122071704, 0.18531496368918782
0.20327005919470287, -0.3176377440842655, 0.5260985560232527, 1.6570109838186449, 1.8682525302940165, 0.1853888533034788
0.20308971947490223, -0.3175179842985566, 0.5263110414893063, 1.6550235118714627, 1.8647760658815307, 0.18533905819323515
0.2028821075242036, -0.3173963638320663, 0.5265836892669304, 1.6531973968382756, 1.8607259665794462, 0.18543033534120348
0.202702515328952, -0.31728759160652936, 0.5267789097303974, 1.651564933521039, 1.857088740845558, 0.18551602935054654
0.20251894162205392, -0.31718356385882585, 0.526977909014901, 1.6497845415708359, 1.8536496811420105, 0.18548276941794384
0.2023205258140619, -0.31705826760296174, 0.5272194259873885, 1.6479408287715593, 1.8499226923113774, 0.18554050862631236
0.20210164578783538, -0.3169467611631369, 0.5274613988128257, 1.6463747199457117, 1.8459487580167868, 0.18557558936471868
0.20193219717719013, -0.3168127086145456, 0.5277159333976307, 1.6444771522080393, 1.8424319671729645, 0.1855756748023987
0.20170613658267536, -0.31671994838448136, 0.5279325573809144, 1.6428787622397154, 1.8386980170168947, 0.18543189172969168
0.2015432122917935, -0.31662184257100384, 0.5281271716324358, 1.6411721118689535, 1.835039070708895, 0.18558530698302936
0.201327971618699, -0.3164695864208879, 0.5284013618815078, 1.6390880958394058, 1.831431673153901, 0.1856001552551764
0.20114154919977154, -0.31636449906817954, 0.5286129855483033, 1.6376360517537352, 1.8277042458949082, 0.18566991015939585
0.20094401814214213, -0.3162485667313772, 0.5288375322308071, 1.6358872681057033, 1.823988962830488, 0.18567575901380556
0.20074095524999125, -0.31614638506009657, 0.5290591074419883, 1.6339851081111325, 1.8203661838554024, 0.18557417540857515
0.20055244158914493, -0.3160328983119097, 0.5292682910948785, 1.6322584876286936, 1.8166791498844308, 0.18560070741188836
0.20037074900875454, -0.3159156870152452, 0.5294783384382796, 1.6304986673806874, 1.812962754483179, 0.1855637806697051
0.20017504937992142, -0.31581547224728124, 0.529728463836574, 1.6288396246977652, 1.8091348829581237, 0.18559049352025636
0.19996734687502915, -0.3156893830349489, 0.5299833765059208, 1.6268983603199942, 1.805495141972835, 0.18562563274940747
0.19977831534934765, -0.31556463919942035, 0.5301992338089473, 1.625132817739705, 1.8019617840875692, 0.18563426590342494
0.19957099364442737, -0.3154642024521978, 0.5304288185865272, 1.6235898549425136, 1.7981170311477737, 0.18558442565589126
0.1994061712162069, -0.315340747187349, 0.5306562527695062, 1.621592493272148, 1.7945427690111095, 0.18568435359692861
0.19918808356893666, -0.3152263772355012, 0.5308529635084785, 1.620056362566464, 1.7908746739896457, 0.18565513853263058
0.19899065894562556, -0.3151142803567816, 0.5311260886760732, 1.6180587456864872, 1.7869852649139957, 0.18564006419905812
0.1987975823034815, -0.3149872370358496, 0.5313543005964244, 1.6161677028511272, 1.7833840599895434, 0.18564031884741464
0.19860011205809963, -0.31487939272789406, 0.5315992271828918, 1.6144492370317465, 1.7796061503614031, 0.1855706842591193
0.1984047813725024, -0.3147663603031228, 0.5317876477533132, 1.6128829401198632, 1.7760009644377384, 0.18571718305536095
0.1982128257190076, -0.3146580630546463, 0.5320127303991807, 1.6110128534498205, 1.7723806413981664, 0.18558522694996749
0.1980275157335033, -0.3145378510309131, 0.5322627639928867, 1.6091984533234325, 1.768553749805342, 0.18568929909952794
0.19783001468551883, -0.31442783477089126, 0.532432358359153, 1.6075315171495084, 1.7651881339067286, 0.1856949556489999
0.19764422071243246, -0.314309345218826, 0.5327017083570466, 1.6056152693913741, 1.761403604593681, 0.18568201662742737
0.19744151665349588, -0.3141975851751214, 0.5329024140487076, 1.6039428426527527, 1.7577129945196188, 0.18574814154889055
0.19724894974847995, -0.3140855309536966, 0.5331331732264508, 1.601941475625127, 1.753952723882989, 0.1856203153391027
0.19705699515285174, -0.313966320061987, 0.533378124019492, 1.6001237862718747, 1.750400231423144, 0.18570860690043434
0.19685917923073204, -0.31385560670559587, 0.5336055821923535, 1.5983247798819846, 1.7467108055973009, 0.18567763499968534
0.19668058107845923, -0.3137340415343065, 0.5338185685865713, 1.5965384303466152, 1.7430184389541403, 0.18564417403135686
0.1964769742935472, -0.313619843157617, 0.5340846126940394, 1.594867599756083, 1.7393203218343996, 0.1857614736596371
0.19629171255455793, -0.31350365374016637, 0.5342930814379917, 1.5928573652574192, 1.7358295875607277, 0.18559275728328614
0.1960853478520776, -0.31338861340490476, 0.5345361511141951, 1.5912472505382687, 1.7319434966701273, 0.18565029333422162
0.19587996362194016, -0.31327504727771216, 0.5347710035961202, 1.5895044734827064, 1.7281812906739682, 0.18569300796718813
0.19567371076178272, -0.31315690165439414, 0.5350035437705914, 1.5875131745715079, 1.7248015107753008, 0.18566064748888883
0.19549505978290435, -0.31304969669004584, 0.5352076631970661, 1.585861506383235, 1.7209651576098037, 0.18574468975670258
0.195302094774996, -0.3129364338149422, 0.5354424447226525, 1.5839848429826333, 1.717245576094214, 0.18564942702291393
0.19511042123411004, -0.31283085680528994, 0.5356310136896811, 1.5822103574188744, 1.71384265591405, 0.1854724669415969
0.19491947146878325, -0.31268938658341056, 0.5359138523707956, 1.5802898424030056, 1.7100138802622002, 0.1856638418261699
0.19473252299420876, -0.31259820561268065, 0.5361050055917052, 1.5784920789543315, 1.7063759833370076, 0.18555132649462278
0.19452241353448468, -0.3124607354844852, 0.5363630235017761, 1.5766274498115749, 1.7027276548588408, 0.18568832668282398
0.1943441417271155, -0.31235875129786994, 0.5365562752577868, 1.5748340968181969, 1.6992595201135543, 0.1855912473457163
0.19412390524182174, -0.3122403272017452, 0.5368183873217077, 1.5731206475690471, 1.695355922748325, 0.18557183520792037
0.19393675481852915, -0.31212798259305863, 0.5370531527926943, 1.571252365222072, 1.6916345052106145, 0.18557215031999974
0.19375363472556942, -0.31202065483854746, 0.5372456239810544, 1.5694210564325553, 1.6883489175175954, 0.1854946854369152
0.1935513793494867, -0.3119036957477024, 0.53750195910361, 1.567516572388785, 1.6844493750543332, 0.18555846745812718
0.19337585072147792, -0.3117885954367676, 0.5376958506476472, 1.5657207086921172, 1.6807600352146936, 0.18557783329366095
0.19316226786733406, -0.3116867714235736, 0.5379371093516945, 1.563945515393581, 1.6771553275690299, 0.18539902852678897
0.1929663212805589, -0.31156214587778547, 0.538167831862865, 1.5621894951641637, 1.673487190185861, 0.1855004530775253
0.19277505773694564, -0.31146667580157195, 0.5383641587567728, 1.5604214375335175, 1.6698887373348714, 0.18544374461072324
0.19258958501766532, -0.3113412869244298, 0.5386141232665341, 1.5584244426800564, 1.6662586094954612, 0.1854211156452136
0.19239787935853514, -0.3112424448207831, 0.5388016547863397, 1.5567876623967296, 1.6627316848652873, 0.1854303243386967
0.19219198266218268, -0.3111169296700399, 0.539074881966901, 1.5547447810939141, 1.6590570815550618, 0.18536430073844476
0.1919951306303711, -0.31099405284528037, 0.5393067912374272, 1.5529062397894304, 1.6553139131167747, 0.18540561401702435
0.19179758511732875, -0.3108673096695982, 0.5395141564502028, 1.5510503469727923, 1.6518710129122958, 0.18538332929211992
0.19162354434745554, -0.3107560780748889, 0.5397386233392927, 1.5493555559952394, 1.6481761542341404, 0.18546133479300717
0.19140197780114568, -0.31064404173350346, 0.540004745472134, 1.547460069759531, 1.6441579010668503, 0.1854114147883068
0.19119881096979302, -0.31051245107415093, 0.5402604400260183, 1.5452419840400624, 1.6407745915047747, 0.18526458704766843
0.19101772825745938, -0.31041463724818136, 0.5404464823440962, 1.5437758230026575, 1.637060716440368, 0.18542749149035423
0.19082803681962124, -0.310292901035261, 0.5406911954698239, 1.5419191578156561, 1.633424926364354, 0.18535451168009187
0.19062803193176267, -0.31019296483956055, 0.5409181683833784, 1.539959523359962, 1.6297149512300622, 0.1851792646003341
0.19043615348006288, -0.31006850050487, 0.5411316177056997, 1.5381414582347248, 1.6263246145659083, 0.1852246405562977
0.19026291473928308, -0.30994954844823064, 0.5413566507432377, 1.5363097478011838, 1.6225993118687239, 0.18535857343934506
0.1900451518633937, -0.30984573550977296, 0.54158299545361, 1.534458331806381, 1.6190415406028742, 0.1851434547542141
0.18986863989819194, -0.30974689794170607, 0.5417606948379662, 1.5327848178367691, 1.6154580909722183, 0.1851184099902574
0.18965732186381754, -0.30961653389611, 0.5420157611046219, 1.530679271511667, 1.611743214148585, 0.1851201383002275
0.18945908269817846, -0.30949589975782427, 0.5422743100156904, 1.5288101777119205, 1.6080421510762715, 0.1851695488620798
0.18926990093169674, -0.30937886541362136, 0.5424970869688854, 1.5269118754152449, 1.6044145884940617, 0.1851311804514307
0.1890724545443256, -0.30926536553072037, 0.5427338115902332, 1.5250808515498209, 1.6008696822620085, 0.18506701336970185
0.1888881715801381, -0.30916283936243494, 0.5429439534647601, 1.5233950886840415, 1.5971112816562356, 0.1852055616760518
0.18867734413704362, -0.30903587323331255, 0.5432130596161739, 1.521208902429137, 1.5935767150186582, 0.18498837273979682
0.18849764557834983, -0.30892671809280364, 0.5433853699327377, 1.5196748620970086, 1.5899883486038737, 0.18503541595085704
0.1883054870112301, -0.3088046800873191, 0.5436341094740283, 1.5177324147511566, 1.5862820511431972, 0.18512782790439103
0.18811407925358217, -0.3086801915849141, 0.543867978176911, 1.5156962980975246, 1.5828992098632872, 0.18505264604809668
0.18792062246917351, -0.3085863644762684, 0.5440914900598278, 1.5139554418831527, 1.579040463786733, 0.18497301508691272
0.1877353802230011, -0.3084753222292442, 0.5442759652608866, 1.5122189250150402, 1.5757044405364353, 0.18495129271179597
0.18753715235317975, -0.30835074012259805, 0.5445558408860007, 1.5100706731190716, 1.5718563833643244, 0.18501442205695526
0.18733158955073237, -0.30824280671645954, 0.5447496594653782, 1.508311770082446, 1.5682334354588363, 0.1848386511731583
0.18713677134568202, -0.308131642009653, 0.5449838843205436, 1.5064724676265564, 1.564616492175236, 0.18485764727383538
0.18694767756668695, -0.3080184655984896, 0.5452036025858302, 1.5047126904583068, 1.5609771819759175, 0.18489753754530858
0.18675125440960288, -0.3078908782343206, 0.5454663939425238, 1.5026224057571922, 1.5573937724665237, 0.18490275015335061
0.1865443822250926, -0.3078007273641364, 0.545693171599778, 1.5009217674481319, 1.5535808774465802, 0.1846667711027563
0.1863619063625811, -0.30766818896912485, 0.5458895033966811, 1.4989661370200125, 1.5502456021623932, 0.18485054644837967
0.18615270871153947, -0.3075601663040007, 0.5461327822200369, 1.4970840395241267, 1.5465455160586616, 0.1847703169588205
0.18596843064360633, -0.30745924196315605, 0.5463658144780938, 1.4951910213048438, 1.5428422948506624, 0.18466478024616045
0.18579581999440375, -0.3073342634369668, 0.5465670382679657, 1.4933042772242782, 1.5395086793883122, 0.1846259877626845
0.1855950265280109, -0.3072090949994537, 0.5468320991967582, 1.49141722644662, 1.5357648191704818, 0.1847228886404854
0.18538975004856806, -0.30710690781218164, 0.5470385942283736, 1.4895157943862187, 1.5320293615012055, 0.18453404927474773
0.18519364892396817, -0.3069753160500492, 0.5472943256900595, 1.4875818069823596, 1.5284226400591545, 0.18465049031746408
0.18501878906051705, -0.30687745917695486, 0.5474950934017283, 1.4857347390653055, 1.5248642984074454, 0.18465360185750518
0.18479476224226027, -0.3067513098877064, 0.5477331297589899, 1.4837050534124734, 1.5213376321258059, 0.18438168340758485
0.18463186929746075, -0.3066407260076746, 0.5479430318708484, 1.4818653038270413, 1.517709901102107, 0.18444935980745208
0.18442391779100858, -0.30652445081529156, 0.5481798464929196, 1.4799193380423317, 1.514170934164179, 0.1843959670445772
0.18423077792106896, -0.30640832285693087, 0.5483948865018229, 1.4781862544660596, 1.5104860611737099, 0.18443147988043201
0.18403966018243745, -0.30628942967135303, 0.5486271434519432, 1.4760915179527685, 1.5069847045593265, 0.18443020363698662
0.18383662218211155, -0.3061698805642347, 0.5488575410664427, 1.4742819692459006, 1.503366516065485, 0.18435418073532278
0.18364984220708908, -0.3060746166876118, 0.5491018910141606, 1.4724972450830451, 1.4996580108379662, 0.1842677119065651
0.1834581981637392, -0.3059454913137609, 0.5493014740257658, 1.470437887514377, 1.4962684198323528, 0.18426014688656314
0.18325065838036814, -0.3058397754685098, 0.5495713674657816, 1.468571113297598, 1.4923861774169045, 0.18418236957062065
0.18306375955162915, -0.30570897823941207, 0.5497904236117556, 1.4665548105400144, 1.4888931000492278, 0.18415776166022865
0.18286261869764114, -0.30559296488204435, 0.5500398787861757, 1.464661766256856, 1.4852936364851255, 0.18416015807009412
0.18265749820899216, -0.30548400456940983, 0.5502721756239699, 1.4627282037438725, 1.4816145770296678, 0.1840537238947519
0.18247609480606886, -0.30538741779657663, 0.5504459380967726, 1.4610454002300213, 1.4781443805095822, 0.18395511598860223
0.18229420424035653, -0.30524704752604065, 0.5507177433348819, 1.45899429049397, 1.474500353145288, 0.18419126590755447
0.18207299666362292, -0.3051350273639622, 0.5509360096879794, 1.4570770612052246, 1.470913531293854, 0.1838658120054924
0.18191356838616168, -0.3050283342780588, 0.5511401310938887, 1.455220716912643, 1.4673617044922207, 0.1840855439781503
0.18169160242299887, -0.3049028517961602, 0.5513817930204009, 1.4531672989791802, 1.463899685493384, 0.1839344436360837
0.18152135801578032, -0.3048044845422224, 0.5515773807172426, 1.451459600554498, 1.4602508701677022, 0.18392917036742415
0.18130763827236118, -0.3046892325317447, 0.5518117281247885, 1.4494251784171737, 1.4566552721964396, 0.1838228738705512
0.1811171975277631, -0.3045891695742918, 0.5520521698105346, 1.4475763630692202, 1.4531142183413042, 0.18368134300799568
0.18093574383408473, -0.30445261524628237, 0.5523027098899758, 1.445566505922684, 1.4492902520938689, 0.18385270956624813
0.1807391894162999, -0.30432692940354994, 0.5525317783487601, 1.4434052021328028, 1.4458788660761808, 0.18373777527933094
0.18053398634852, -0.3042201975912585, 0.5527639594784625, 1.4417486467463123, 1.4421195673481715, 0.1837097000112693
0.18035509485731202, -0.30410381097791933, 0.5529647056207693, 1.4397016745484177, 1.438682563881709, 0.1837470449934554
0.18014249271872568, -0.3039876611821788, 0.5531990284078935, 1.4379137818180856, 1.4350086190506584, 0.18356668682169297
0.17995775908191955, -0.30387008683672145, 0.5534348174381052, 1.4356657748309583, 1.4316254027977235, 0.18345799937388876
0.1797598618328857, -0.30375798042451313, 0.5536507811584122, 1.4340255395347308, 1.4279789530921023, 0.18356051721822159
0.1795654022673574, -0.303641926939672, 0.5538932253558668, 1.4320564589888671, 1.424309797221722, 0.1834736991239027
0.17936523562893153, -0.30353748334188824, 0.5541084381291657, 1.4300822520441243, 1.4208736927326338, 0.18338907467547538
0.1791795244854222, -0.3034359408648562, 0.5543131047100524, 1.4283108288537283, 1.4172098703565326, 0.18325559449332943
0.17899266401244746, -0.30332084627312633, 0.5545539069096643, 1.4262501202236746, 1.4137590921888543, 0.18333612649337536
0.1787812393691733, -0.30319378723334967, 0.5547952457021905, 1.4243472346786559, 1.4098879072203334, 0.1832958717003666
0.17857776004254777, -0.30307436344192196, 0.5550394184711501, 1.4221814462677862, 1.406414486499563, 0.1831668294687527
0.17840736857139453, -0.3029706390986614, 0.555218396424487, 1.4204210466389278, 1.4029536306100798, 0.1831664271268982
0.1781926558890644, -0.30285562103197744, 0.5554667093362983, 1.4183248955908652, 1.39939169984262, 0.18298695173212912
0.17803598320029096, -0.3027481533277875, 0.5556648997393696, 1.416503517194583, 1.39587275172145, 0.18310071313951096
0.17780177289392304, -0.3026249937246889, 0.5559493731728343, 1.4144165697165998, 1.3922115690653754, 0.1827631290451904
0.17761359154197326, -0.3025028067181133, 0.5561457573229227, 1.412676363588782, 1.3886933355163082, 0.18291026852403666
0.1774511481547171, -0.3023959938143575, 0.5563741559445476, 1.4106715807607844, 1.3851621936608705, 0.18290162431553217
0.17723504443469223, -0.3022799347810941, 0.556583446764362, 1.4086642597839654, 1.3816245607987496, 0.1828798758475292
0.17704061564946644, -0.302162687344315, 0.5568240045293398, 1.4067970539770023, 1.3780355521218268, 0.18278719422893688
0.17684062271526985, -0.30204104596989, 0.5570623591184192, 1.4046969865409098, 1.3743371294573572, 0.1827597831299584
0.17664824625514575, -0.3019286286319144, 0.5573055753888182, 1.402885105567707, 1.3706242653818987, 0.182679930099617
0.17644424805889677, -0.30181553835138375, 0.5575350864396784, 1.40077647320307, 1.3671642067732872, 0.1826470811681479
0.17627851863620905, -0.30169871744028026, 0.5577365047932298, 1.398900672438115, 1.3636643834343722, 0.1826417351904616
0.1760663195900704, -0.30158750440785975, 0.5579850899320412, 1.3969204974962128, 1.3600714997145384, 0.18246825368684927
0.17586561710945148, -0.3014625491444719, 0.5582238596069, 1.3949895751454362, 1.3564380490175083, 0.18259825585163875
0.17568381404107533, -0.30137330067354895, 0.5584186714338417, 1.393073927249064, 1.3529972003974133, 0.1823980665640143
0.17549672069556585, -0.3012486382572272, 0.5586513099424566, 1.3911037485609337, 1.3494508908017218, 0.1825251356943382
0.17530764641716678, -0.3011392031010898, 0.5588723701805898, 1.3891150929932699, 1.345944808261037, 0.18230169894325585
0.17508231572467253, -0.30100838218881504, 0.5591373456192393, 1.387042914092945, 1.3421194574139765, 0.18234318408825015
0.17489632962577495, -0.30091913463234693, 0.5593207912700942, 1.3851811500607998, 1.338749020610968, 0.18199485848710395
0.1746958185332628, -0.30077608182133175, 0.5595943071098679, 1.3831167468924976, 1.3350567363634562, 0.18221631746102573
0.17450552272522227, -0.30067364494172505, 0.5598105968131969, 1.3811628302023395, 1.331575541958429, 0.18196672507807699
0.1743193836578455, -0.3005408947431157, 0.560052336478813, 1.3790947047853142, 1.3279835109241767, 0.1821248909707669
0.17411727040373606, -0.30044393238797046, 0.5602613559066488, 1.377243252490122, 1.3245626667575128, 0.18184984529692083
0.17390818144452455, -0.3003146988325129, 0.5605123881601057, 1.3752426375768094, 1.3208453422971997, 0.18196750502032166
0.17372267196966598, -0.3002128447170105, 0.5607244325710178, 1.3733409535594958, 1.3173072726109247, 0.18179269079798904
0.17351159415840964, -0.30008442554296566, 0.5609946672545264, 1.371262003982962, 1.3135940587165298, 0.18179894461956442
0.17331028345089894, -0.2999870481973051, 0.5611884775619428, 1.3694110916218292, 1.3100646526432091, 0.18157068596219395
0.17314365017737637, -0.29984015004834996, 0.5614095383010416, 1.367328923426612, 1.3065865661885752, 0.18184419302061516
0.172933491620908, -0.29974835336282313, 0.5616457868184903, 1.3653102486277982, 1.3029621192475576, 0.18148423364932298
0.17276425330926345, -0.2996374406553425, 0.5618531537569124, 1.3634358607956694, 1.2995867970751105, 0.18162197275464534
0.1725484932820495, -0.299523569716315, 0.5621130729285134, 1.3613705881242961, 1.2959606794292402, 0.1813717488358443
0.1723676590666906, -0.2993970621085074, 0.5623123278692294, 1.3593853494257182, 1.2924731569754013, 0.18149671349800237
0.17215576957932793, -0.299298701803432, 0.5625550342623226, 1.357336404985644, 1.2889249699267609, 0.18116915737387693
0.17200412549928853, -0.29919960659021255, 0.5627310002468832, 1.355612187982299, 1.285495728342665, 0.18137551825866777
0.17179314851838026, -0.2990822332307586, 0.5629882965157749, 1.35338910638296, 1.28200533579382, 0.18109832789992056
0.17160522096415076, -0.2989496141166534, 0.5632205271710252, 1.3513815610917421, 1.2784115399036422, 0.18113989936216374
0.17140480609045666, -0.2988443382121262, 0.5634550448697833, 1.3494745338563439, 1.274806463720036, 0.18105337616564746
0.17122575920348088, -0.2987292710301385, 0.5636648234250551, 1.3474850131297893, 1.2712253214551665, 0.18114300814157225
0.17101515971210057, -0.2986071259655084, 0.5638997460685083, 1.3453811466246937, 1.2677646730434926, 0.18094046004855352
0.17080177725727988, -0.2984838045501613, 0.5641444156624718, 1.343346614100617, 1.2641462694156727, 0.18074768245211947
0.17062985318604496, -0.2983868009038632, 0.5643517582370429, 1.341547925388105, 1.2606380385507767, 0.1809044365467062
0.17043403891835782, -0.29827155940369665, 0.564578944437284, 1.3395621110371658, 1.2570687155149811, 0.1807140222933822
0.1702358180674435, -0.2981524429028016, 0.5647969119910842, 1.3374797252709518, 1.253622932879247, 0.18074433156025974
0.17003210318354317, -0.2980448304033093, 0.5650567154835591, 1.3353628093573537, 1.249975063179947, 0.18041082116147356
0.1698331300420663, -0.2979172551877541, 0.5652783102210661, 1.3334709363741553, 1.246457504762888, 0.18063839607421353
0.16966211799917016, -0.29781779930769375, 0.565475729313102, 1.3315019968194763, 1.2431057735001505, 0.18043239757336257
0.1694699798353595, -0.29770705523178836, 0.5657083614813738, 1.3295545832351583, 1.2394592432615894, 0.18042468607562942
0.16927228444959574, -0.2975865815422269, 0.5659371833018794, 1.3274299021217544, 1.2359749758572796, 0.18025257123730723
0.16906415760796312, -0.2974933814280638, 0.5661601825928242, 1.3256516406960859, 1.232212708361528, 0.180201048289897
0.16889951832557393, -0.2973431674503513, 0.5664103557826442, 1.3232995441189754, 1.2289432024164662, 0.18031976013453985
0.16866584240217472, -0.2972487060465927, 0.5666597782629371, 1.3214478084587447, 1.2251055543432212, 0.18000998036318575
0.16846405186989244, -0.2971204446257471, 0.5668950257522605, 1.3192142820689767, 1.221678257537256, 0.17992822674430956
0.16829531855369514, -0.2970167390605364, 0.5670903849326956, 1.317351115371582, 1.2182976601468072, 0.17986199614237142
0.16809324155760447, -0.29689898743778154, 0.5673144887372817, 1.3154199209824504, 1.2147443534245623, 0.1798786249914161
0.16790346295656972, -0.2967676635071454, 0.5675585753019918, 1.3132314167933494, 1.21124874263977, 0.17975149072487467
0.1676972309347484, -0.2966710160559457, 0.5677697429672464, 1.3112915119629494, 1.2076953163076416, 0.17965099245345503
0.16752579361416164, -0.296565243907994, 0.5679850634623897, 1.3093583376213282, 1.204297133342973, 0.17963485014147568
0.1673086959704643, -0.2964467007629566, 0.5682327073691145, 1.3073298976819216, 1.2005874957277072, 0.17945801361711855
0.16715737795845673, -0.2963402381298928, 0.5684263628306224, 1.3053344572313272, 1.1972925215587422, 0.17954819898075103
0.16693047017199908, -0.2962039654598511, 0.5686979843280618, 1.303126778756808, 1.1934565091187015, 0.1794441445075118
0.1667331484804881, -0.2960960284752287, 0.5689026342595236, 1.3012997249296798, 1.1900071576385804, 0.17941326216753095
0.1665376192103898, -0.29597046431181184, 0.5691432724852113, 1.299095185183461, 1.1865374568516696, 0.17931313143313393
0.16636801486872735, -0.2958957198737136, 0.5693544606069719, 1.2972366595787168, 1.1830025349307152, 0.17906363976809056
0.16615743651668735, -0.29575515943144254, 0.5695876726778465, 1.295118174602893, 1.179549838243418, 0.17918496537138742
0.16597872434139774, -0.2956516976965031, 0.5698055703595555, 1.293269753686919, 1.1760422332944624, 0.17905797183835978
0.1657841104669131, -0.2955386705935602, 0.5700125176008065, 1.291174830700436, 1.1724834224542913, 0.1789863113282631
0.16558955655663915, -0.2953950597968467, 0.5702796204358943, 1.288921724554522, 1.1690438669385717, 0.17897120080231382
0.16539044980248918, -0.2953008578942814, 0.5704932434499487, 1.2870123105752207, 1.1654521503318596, 0.17877678834586067
0.165218526940094, -0.295171572834808, 0.5707179476641697, 1.2849367195198929, 1.1622107980027356, 0.1788570289934592
0.16500058560397207, -0.2950658784657104, 0.5709346201493839, 1.28307647715523, 1.1584251145218127, 0.17881245910061008
0.16481511369144927, -0.2949632395146959, 0.5711594387813519, 1.281052525945633, 1.1549716960262615, 0.17860467143192302
0.16460030475269455, -0.2948353695349542, 0.5714104518536728, 1.2788160674919467, 1.1515000909538873, 0.17844714301049558
0.16441973503971027, -0.2947243086363594, 0.5716453581947866, 1.2768740031206787, 1.1480305242775257, 0.17837568929298075
0.16421901497136057, -0.2946092148172602, 0.5718571446783759, 1.2748235699635015, 1.1445506794605078, 0.17827601657890485
0.16400669290103442, -0.29450390212971567, 0.572110002724896, 1.2727402526178422, 1.1407839234295984, 0.17814504389739175
0.16383634100949093, -0.29438761078371944, 0.572301916024483, 1.2708077742031265, 1.1372536514598486, 0.17827920014209023
0.1636403773567541, -0.29425772301598424, 0.5725521447502763, 1.2686226750611096, 1.1340029674671366, 0.1780720019257757
0.16344585235845654, -0.29415637358723956, 0.5727637710531318, 1.2666418866236795, 1.1303725190712002, 0.1780250813436254
0.16323443390759756, -0.2940284071130359, 0.5730028445417698, 1.2645897087455746, 1.1268891467827635, 0.17795166752356392
0.16305792808757008, -0.2939108112232076, 0.5732306315406736, 1.262430811238322, 1.1234195448544764, 0.17799510258223372
0.16287030243086809, -0.29380630173033856, 0.5734309092817204, 1.2606063737678983, 1.1198562018545495, 0.177820342467103
0.16267678118507095, -0.29368668635815004, 0.5736763802280095, 1.2584079803226405, 1.1165283899608258, 0.1776789266637527
0.16245509913145956, -0.29357274952138146, 0.5739175193148189, 1.2563700968567684, 1.1130026626918383, 0.17755330850601633
0.16228372504913893, -0.29346952654555114, 0.5741535616543793, 1.254343382648537, 1.1093649701118873, 0.17762595226864686
0.16210737838392164, -0.293338663323634, 0.5743632183612808, 1.252211612327163, 1.1060704946381474, 0.17756320458536637
0.16188896030245079, -0.2932349421261126, 0.5745887101473037, 1.2501996704107947, 1.1023661844141863, 0.17739316826386595
0.1616711765464415, -0.29310034901788706, 0.5748287046334318, 1.2481917876888318, 1.0987843210266715, 0.177270215591736
0.16148574616713177, -0.29299455910085637, 0.575058164152424, 1.2460007296175768, 1.0953882528470078, 0.17716863904538727
0.1612866076461861, -0.292871407431236, 0.5752932813723473, 1.2439479566679728, 1.0917850448052844, 0.17711760049451367
0.16109185266294412, -0.29277744194786154, 0.5755165321517061, 1.2420594087349395, 1.0883113741576746, 0.17686900071104286
0.16090864861150678, -0.2926633018352679, 0.5757300006055555, 1.2399334078280722, 1.0849359813545676, 0.17694847064491695
0.16074143844651895, -0.29255829404156025, 0.5759384337782721, 1.2379565694837114, 1.0814775843220674, 0.1768843711585652
0.16051209555266535, -0.2924434445099073, 0.576192333547391, 1.2358948245464816, 1.0777783304728645, 0.17664261263740455
0.16032663589665214, -0.2923251869097752, 0.5764122028906843, 1.2337624673286742, 1.074599357313808, 0.17651248562864752
0.16013115369458375, -0.29221077352915237, 0.5766520120270736, 1.2317752339929011, 1.0709158133660066, 0.176569017655359
0.15993195331480142, -0.29207932829113176, 0.5768804400876363, 1.2296202195900492, 1.0674502181067294, 0.17640804723406656
0.15976083784142914, -0.2919730611884323, 0.5770981736708484, 1.2275221986688114, 1.0640362023328926, 0.17644693101466272
0.1595582580960545, -0.29186134913063055, 0.5773370915207606, 1.225524382185734, 1.06055232900637, 0.17628817733424215
0.1593516982593845, -0.29174696809358774, 0.5775641040790864, 1.2234677374583405, 1.0568979926909332, 0.1761712553529599
0.15917949514109178, -0.2916314834736203, 0.5777887491850041, 1.221254971420854, 1.0534978112618052, 0.17610944910460996
0.158982123491468, -0.29151190104453223, 0.5779943607464089, 1.219186044948747, 1.0501111022935483, 0.1759756586548994
0.15876002733662464, -0.29140374960668813, 0.5782443806476407, 1.2171887263901557, 1.0463505642826771, 0.17591621978518407
0.1585788106130533, -0.2912973576228785, 0.5784615123831304, 1.2151719922370319, 1.0429572361600032, 0.1757900395844366
0.15842047941691356, -0.29118276026065304, 0.5786648131706132, 1.2131695920853605, 1.039648130320861, 0.17590982287605178
0.1581928247779965, -0.29107090435759153, 0.5789129652614865, 1.2111292358846861, 1.0359782682171412, 0.17560095870566975
0.15801360439888326, -0.2909353545457591, 0.5791319005463924, 1.2089395381914436, 1.0326022550801468, 0.17555656196266023
0.15781718624914837, -0.2908181783936679, 0.5793702095268174, 1.206597629221894, 1.029340382416832, 0.17542942887033758
0.15761998422869186, -0.29072380629759315, 0.5795792510077176, 1.2048678809018036, 1.0256261182403739, 0.17527862940068584
0.15740522524137468, -0.29060780730727814, 0.5798263209890785, 1.202692990600912, 1.0219502327981071, 0.17518965403037567
0.15724054905037962, -0.29048288294570174, 0.5800417822947208, 1.2004471073549796, 1.0186939131811714, 0.17522001137566548
0.1570248054865039, -0.29037823087783415, 0.5802859172893026, 1.1984886922374056, 1.0149832544284025, 0.17507375107450954
0.1568343070290404, -0.2902602156922466, 0.580525533756657, 1.1963942206434601, 1.011581633464638, 0.17505653085005865
0.15665020474233537, -0.290141035526928, 0.580739066412891, 1.1942909802316088, 1.0082066707584192, 0.1749586427029701
0.1564528019288839, -0.290043224409896, 0.5809627431721759, 1.1922133112916253, 1.0048270463632578, 0.17461850666720427
0.15625891108520662, -0.2899257535533085, 0.5811907425649314, 1.190031402973412, 1.0013756555634576, 0.17450132319613354
0.15605819835075707, -0.2897942935618568, 0.5814012393084612, 1.1880138586650337, 0.9977594679233375, 0.17473778795633943
0.15586683025880624, -0.28969894598843343, 0.5816153439341217, 1.1861008748714998, 0.9942809213225487, 0.17447701328420703
0.1556842509305183, -0.2895754750078365, 0.5818538253856909, 1.1839381665352704, 0.9908802431742298, 0.1744192089921111
0.15549045851677992, -0.28947151431083606, 0.5820713710990605, 1.1818606847903053, 0.9874686482069863, 0.17436818884149904
0.15531423852537582, -0.28936175800730324, 0.5822768212999903, 1.1798518403499663, 0.9840501398534036, 0.1742568416459505
0.15509499657836975, -0.2892317149998677, 0.5825404071801815, 1.1776181903513496, 0.9805755558096562, 0.1740167384765588
0.1549228660498421, -0.28914419781600414, 0.5827235126283579, 1.175847034786516, 0.9774120737640718, 0.17394644193132194
0.15476575614355437, -0.2890348989247515, 0.582922714305841, 1.174022554318627, 0.9744634909650444, 0.17391668483541559
0.15458050550921054, -0.2889377246982199, 0.583134765916622, 1.1723006576317498, 0.9714468341720076, 0.17389628949350747
0.15444830891845784, -0.2888594639401102, 0.583291220880429, 1.170567742539114, 0.9687910155143096, 0.17370324899443723
0.15428245628758588, -0.2887465223856521, 0.5835006703373741, 1.1688791943102788, 0.9661789018074364, 0.17363996050635644
0.15414749465633587, -0.28867762553163606, 0.5836377431366462, 1.1674986796088689, 0.9636483373593023, 0.17361001591544462
0.15403572149162564, -0.2885999394432367, 0.5837781226414861, 1.1660463100056213, 0.9615217708269468, 0.17361915296347757
0.15390146228205598, -0.28853761306954395, 0.5839459232627705, 1.164919415220436, 0.9591715482617119, 0.17356828528814428
0.15378411558461375, -0.2884537084643329, 0.58410858330482, 1.1635133289619939, 0.957115079486853, 0.17341695548269784
0.153662483835486, -0.28839296807197856, 0.5842055792763555, 1.1623666812117694, 0.9551785796329028, 0.17335055239456307
0.153594532338199, -0.2883708194456611, 0.5842719967492268, 1.1615339238991407, 0.953609252113083, 0.1731371059022961
0.15350546677571558, -0.2883065189474271, 0.5843884251559219, 1.1603858620348, 0.9518316545359187, 0.1733046359291032
0.1533908742931352, -0.2882453104372066, 0.5845125971908148, 1.1594209322645024, 0.9504771506455628, 0.17311682755503172
0.15331568385900704, -0.28819711118113406, 0.5846452764489177, 1.1585776172664124, 0.9488880767995018, 0.17305397092853728
0.15327910433895747, -0.28817374458550454, 0.5847001662096702, 1.158082355482235, 0.947894629358647, 0.1730953387956518
0.15324076964612646, -0.28815331429485963, 0.584733780429228, 1.1572937368295242, 0.946855719431022, 0.17302156837010443
0.15317480609858625, -0.2881111425541851, 0.5847816054413038, 1.156808081027524, 0.9459618393603008, 0.17304292938736207
0.15312279996202904, -0.288074462615734, 0.5848558394064874, 1.1561443971981225, 0.945128891171242, 0.1729933319535069
0.15307822157340928, -0.28804991108096256, 0.5849127440541505, 1.1557893596489501, 0.9444123849549992, 0.17291044792072477
0.15304726913321065, -0.28803895524383427, 0.5849341176953068, 1.1554970330064052, 0.9438657487261295, 0.17295494580189202
0.15301624986304435, -0.2880111339308834, 0.5849740707819906, 1.1551826638656317, 0.9433830783978927, 0.17297000836829754
0.1530282437784187, -0.2880237297520739, 0.5849485012695771, 1.1551118352042415, 0.9432600928770685, 0.17289157430808894
0.15303254504484975, -0.28803580656645156, 0.5849551298581672, 1.1551338665167095, 0.9431603771217756, 0.17297276145244717
0.15288912865791668, -0.28789835117534485, 0.5850631223134768, 1.15345917814926, 0.9413931292711416, 0.17302265952035628
0.15258663869234906, -0.2876126817609404, 0.585187747301681, 1.1496824423942085, 0.9375073498421973, 0.17304394856107821
0.1523092280533204, -0.28734293442060216, 0.58513044139695, 1.1463260640358917, 0.9339234962203568, 0.1730569963939998
0.15202641222377344, -0.2870831883396481, 0.5850354677502474, 1.1427161177301268, 0.9303816412915403, 0.1731166535979769
0.15178110358830788, -0.28684950301906187, 0.5849166169207278, 1.1394462557467822, 0.9271030215170634, 0.17311259671234308
0.15153298016187197, -0.2866040751016619, 0.5848253043853603, 1.136096078529342, 0.9238301955713872, 0.17308697005425633
0.15128765901426766, -0.28634160577740575, 0.5847047008173302, 1.1326197472562287, 0.920599906647658, 0.17323058878471326
0.15102991430193854, -0.286108015648646, 0.584572446797144, 1.1294669997300884, 0.9171637611731968, 0.17312594649358984
0.15076975282544364, -0.2858782774906279, 0.5844035364674163, 1.1262744574727241, 0.9139783636695105, 0.17294564589418565
0.15055182155058736, -0.2856524700215349, 0.5842253878467502, 1.123056372184342, 0.9108282390182829, 0.17289128036688473
0.15030500235164465, -0.2854241356870745, 0.5840611188537972, 1.119800597822141, 0.9074054815317266, 0.1728761014223994
0.15006480896335672, -0.2851703785043782, 0.5838814905386571, 1.1164580795427652, 0.9042788626472642, 0.17300787619893895
0.1498269810889473, -0.28492116509580445, 0.5837128001701903, 1.1131677154959376, 0.9010326235161468, 0.17298349407388694
0.14958071637376094, -0.284696816710374, 0.5835459880154606, 1.1098639408226039, 0.8975189715617072, 0.17291250730153587
0.1493285947253376, -0.2844371103628289, 0.5834002645518235, 1.1064391267753688, 0.89417153612877, 0.17286104660919618
0.1490776563161874, -0.2842053197321887, 0.5832379070200897, 1.1031533709924766, 0.8908989042708966, 0.1727986535637574
0.14883915631667072, -0.2839516695133731, 0.5830352999646742, 1.0997662211263723, 0.8877173550338708, 0.1729176679993762
0.1486035336214814, -0.28371339783256994, 0.582817675843521, 1.0965145022311136, 0.8844265935055464, 0.17293071833474014
0.14831345642940133, -0.28347607251550194, 0.5826412383145864, 1.0933307796972622, 0.8808233873292446, 0.17265646899840528
0.14806308757676934, -0.2832381615592289, 0.5824013400579129, 1.0901343625016715, 0.8776343247292168, 0.17257200987162025
0.14780035327305885, -0.2830034654013775, 0.5821809305572516, 1.0868322955565553, 0.8742878076219713, 0.1722904511414426
0.14756808240227995, -0.2827464439445258, 0.5819137987375934, 1.0835107223727516, 0.8711053063018946, 0.17238329656351564
0.14729809193218701, -0.2825136268688752, 0.5816556047332059, 1.0803172603438826, 0.8675565458189589, 0.17214140711725953
0.1470687019145004, -0.2822756448985596, 0.5813624103566533, 1.0771439302360122, 0.8642711659520209, 0.17213081796522658
0.14680474068217225, -0.28204336991980344, 0.5810885069693617, 1.0740531960439805, 0.860900642744422, 0.1719771869809127
0.14655240040239462, -0.28176732394151366, 0.5808288626778133, 1.070636540491887, 0.8576651954032651, 0.17197732885348888
0.1462923179471427, -0.28151479553040065, 0.5805529521948949, 1.0673756098945308, 0.8542411874582705, 0.17180029039388475
0.14601521040451468, -0.28124892745948105, 0.5803357018412383, 1.0639521896176578, 0.8506969769754076, 0.17175979290952129
0.14573870148556717, -0.2809689785835989, 0.5800474751870545, 1.0606482354366618, 0.8472726851131979, 0.17170982183411349
0.14546443299678216, -0.28071301118639647, 0.5797042169915221, 1.0574744179055129, 0.8438587690188231, 0.1715613281789058
0.1452271963946244, -0.28046991959272516, 0.5793416531536167, 1.054242507562518, 0.8406471419427024, 0.1714146169887737
0.14495322483774514, -0.28022499235528586, 0.5789988348477508, 1.0510780699856233, 0.8372388836691981, 0.17120209726641897
0.14470517221523746, -0.27995346673895655, 0.5786177936434338, 1.047811143696183, 0.8341475892556892, 0.17121619936253232
0.1444072096788486, -0.2796901449156819, 0.5783277771668606, 1.0446051150778162, 0.8306636752765159, 0.17101982942306965
0.1441295798988502, -0.2794451157208143, 0.577991052159515, 1.0413813536617724, 0.8273284098574333, 0.1709115953796864
0.1438327572873856, -0.27917581448764855, 0.5776589743751199, 1.0382788334230715, 0.8238712315585859, 0.17082811477051305
0.14358113684643642, -0.2789168033660543, 0.5773396373916929, 1.03501254914669, 0.820539444207521, 0.17073375595716334
0.14329662974280055, -0.27867543465573974, 0.5769684150495534, 1.031813711277687, 0.8171031374043567, 0.1704847995332177
0.14305348428959322, -0.2784091814131459, 0.5766095709970168, 1.0286306256591722, 0.8139725130459664, 0.17054447595138583
0.14280594538058783, -0.27815336766075077, 0.5762136143083171, 1.025490353865992, 0.8106590188290762, 0.1705894366678
0.14250224817179802, -0.27788002189987027, 0.5758157849503756, 1.0222693784013666, 0.8070497359129536, 0.17048564091608748
0.14219950497173856, -0.2776027418732335, 0.5754491405418171, 1.0189272535968583, 0.8038099560647777, 0.17020341841944586
0.14191376004676493, -0.27735752110441425, 0.5750537581644158, 1.015807765123328, 0.8005251546013503, 0.16991232371335618
0.14163494087830633, -0.27706289326405126, 0.5747094299446561, 1.0124764363630874, 0.7972398026051349, 0.17003769559351134
0.14135647917968402, -0.2768235772555868, 0.574318720915052, 1.0095450891019573, 0.7938634867916775, 0.16984087589523586
0.14111304726856166, -0.2765897680438826, 0.5738870984371491, 1.0064597309154895, 0.7906006244865935, 0.16969072362165466
0.1408034384616979, -0.2763045481062976, 0.573535186280425, 1.0030836874415159, 0.787074158102224, 0.16943879087829314
0.14052725953239642, -0.2760401393100057, 0.5731118289786954, 0.9998926924959441, 0.7838633617856062, 0.16935691422143787
0.14023196974771696, -0.27578285033156424, 0.5726653764230528, 0.9968436289159013, 0.7805734533017484, 0.16919683659061716
0.13998238008682948, -0.2755560317634019, 0.5721750428470047, 0.993902230435785, 0.7772546119322045, 0.16902121206961623
0.13972113007955567, -0.27529593105471717, 0.5717140581378282, 0.9907343464976254, 0.7740220511819412, 0.16890175394254411
0.1394081218718919, -0.2750224643658934, 0.5712277195753968, 0.9875043962205832, 0.770601652353713, 0.16857867770205898
0.13913835183756812, -0.2747420807344667, 0.5707713895653457, 0.9842399981960093, 0.7673758716927681, 0.1685341809964635
0.1388565689883694, -0.27449222288682174, 0.5702968984447411, 0.9812202056922592, 0.7640047628475793, 0.16833479621226383
0.13853469513318822, -0.2742023868216667, 0.5698279452366573, 0.9780325331591821, 0.7607424796505787, 0.16808796337311538
0.13856085906011467, -0.2742186592427897, 0.5697938666558513, 0.9780017912704725, 0.7606883884755304, 0.1680485242512988
0.13856944402413202, -0.2742296916000798, 0.569767686200255, 0.9780864934498082, 0.7607362851889415, 0.16800553293671436
0.13854640838646, -0.2742134447846356, 0.5697877174806176, 0.9780518249931207, 0.7606460069718975, 0.16807432383218224
0.13855462878675956, -0.27422035459641886, 0.5697774076401361, 0.9781091916201977, 0.7606701237914525, 0.1680990153826851
0.13855547453706196, -0.27421924115588436, 0.5697788981117263, 0.9781407853164683, 0.7606710381716821, 0.1681028982748762
0.13855510005019867, -0.27421581060670097, 0.5697853777137402, 0.978121510272412, 0.7606383022655022, 0.16812006866430163
0.13855899985919476, -0.27422609949196386, 0.5697930687864772, 0.9781433295802032, 0.7606303239567968, 0.16808336313152605
0.13855913216089932, -0.27422308346988633, 0.5697894797551164, 0.9781234661617866, 0.7606176832804952, 0.1680778438198467
0.1385547478598499, -0.274225046942777, 0.5697715669237552, 0.9781545368960048, 0.7606533496601208, 0.16802381012184223
0.1385691330034268, -0.2742270607087408, 0.5697702880113189, 0.9781587737099188, 0.760650889146105, 0.16809357203125133
0.13856533010156546, -0.27422002235254345, 0.5697841916143238, 0.9781128059335096, 0.7606502553128441, 0.16811988460706767
0.13855578896023246, -0.2742132801116209, 0.5697898661269023, 0.9780710287906512, 0.7606066186843127, 0.16810797746176595
0.1385601649227193, -0.2742288956848921, 0.5697856870763207, 0.9781436940355364, 0.7606287248177618, 0.1681085544212246
0.13855159484934493, -0.27422115796361285, 0.5697976360573084, 0.9781284696615206, 0.7605915679803118, 0.16809011798114487
0.1385427029013923, -0.27421545062811414, 0.569779534035109, 0.9781326878944856, 0.7606039429363478, 0.16810365664563964
0.13855897570403647, -0.2742141450190401, 0.569794088891699, 0.9780933297524298, 0.7605986446458591, 0.16811318121477922
0.13855818977508946, -0.2742248369212601, 0.5697795418402571, 0.9781453713587163, 0.7606098503714493, 0.16806157154769558
0.13854722261747981, -0.2742104958528812, 0.5697997991785106, 0.978093443839367, 0.7605971091640604, 0.1681178966224471
0.13856955519683306, -0.2742243015327515, 0.5697713535195092, 0.9781675095844049, 0.7606035906306818, 0.16815111552452205
0.1385690533220525, -0.27423271067818394, 0.5697767386481389, 0.9781841027942125, 0.7606196672433405, 0.16810712473140085
0.138565212837318, -0.2742250484480443, 0.569771909989998, 0.978148970632306, 0.7606065485671417, 0.16811072791418774
0.13855338602113065, -0.2742112506048235, 0.5697875504556156, 0.978089223749006, 0.7606032233505564, 0.16812788728512237
0.13856210158726207, -0.2742261075255325, 0.5697813808674778, 0.9781309510313684, 0.7606267227404955, 0.1681199847028087
0.1385537987402092, -0.27421598137065767, 0.5697760323204956, 0.9781376253517041, 0.7606186885624566, 0.1681333224163035
0.138555139071044, -0.2742209808445518, 0.5697776716075335, 0.9781435765755994, 0.7606118881114661, 0.16807973742717428
0.13857342300874814, -0.27422938899948773, 0.569772376352763, 0.9781612101580781, 0.7606470521135172, 0.16812198895221533
0.13855235318092826, -0.2742160546314083, 0.5697809879629246, 0.9781360302228052, 0.7606028560867599, 0.168127216387366
0.13854392146953728, -0.27422037181458386, 0.569790758375183, 0.9781402265129345, 0.7605782616827506, 0.168072101247619
0.1385599668675773, -0.2742250551645202, 0.5697790269355041, 0.9781617973023219, 0.7606086490603452, 0.16809940429159584
0.13855835934034408, -0.27422244435646914, 0.5697946851590605, 0.9781386488163039, 0.7605806271959228, 0.16813157017696265
0.1385657201446486, -0.27422291216065764, 0.56977855990405, 0.9781525852784769, 0.7606388719441023, 0.16812345225307687
0.13855396314302326, -0.2742212944063741, 0.5697874844124974, 0.9781368489589248, 0.7606017335160533, 0.16806301160030768
0.13857381425536328, -0.27422532278149675, 0.5697784810406359, 0.9781406585550534, 0.7606172189194961, 0.1681567934467077
0.13854169247312698, -0.2742172124640536, 0.5697973212451514, 0.9781072158339859, 0.76056123508464, 0.16808340764324187
0.13855459041399465, -0.27421481402308545, 0.569776499738693, 0.9781238408865883, 0.7606176793845429, 0.1680987868656106
0.13856869068185562, -0.27422724621196715, 0.5697785645593587, 0.9781265873473591, 0.7606326671081068, 0.16813021993011598
0.138557359831761, -0.27421721537686583, 0.5698028414534341, 0.9781111323479016, 0.760595273150997, 0.1681121595757241
0.13855185111442117, -0.2742138472537409, 0.5697967283849152, 0.9781236702984233, 0.7605620913693352, 0.16813705872536105
0.13856074861434955, -0.2742358050266294, 0.5697772480794745, 0.9782003767631319, 0.7605800734077136, 0.16810117138701777
0.13854437281693288, -0.2742036980245446, 0.5698077752249417, 0.978041906623647, 0.7605477311424087, 0.16814630544404452
0.138565120062337, -0.2742236903370921, 0.5697773655848584, 0.9781284918478748, 0.7606118425419522, 0.16810901131992145
0.13857374398167546, -0.27422967158798395, 0.5697768225913192, 0.9781615689316345, 0.7606473775215198, 0.16812204336457065
0.138563935861862, -0.2742188348837423, 0.5697803018226055, 0.9781132376874627, 0.7606301221345055, 0.16814198311586978
0.13855104470990884, -0.2742087439086138, 0.5697903702042909, 0.9781000297785561, 0.7605906587732071, 0.16810574545260368
0.13855601565735398, -0.27422173576072184, 0.5697856879473607, 0.9781180056432642, 0.7605874731464594, 0.16808346662732832
0.13855977534804378, -0.2742266822245372, 0.5697675477036136, 0.9781485782448197, 0.7606046517357544, 0.16811523723920935
0.1385684314865479, -0.2742264530623267, 0.5697621367531557, 0.9781941869057565, 0.7606641181010529, 0.16811070470021683
0.1385611620026444, -0.27421907825882286, 0.5697820617692435, 0.9781483192132989, 0.7606246479845014, 0.16813520450411426
0.13855763397776444, -0.27422049861706355, 0.5697771990853252, 0.9781577161991434, 0.7606133193445133, 0.16813504348810762
0.13854809560758694, -0.274218195108222, 0.5697946452782916, 0.9781024213876536, 0.7605667692893291, 0.1680937090315233
0.13855164239758674, -0.2742167482276636, 0.5697809459887527, 0.9781522600384829, 0.7605833177324899, 0.16814067343396205
0.13855401697784225, -0.27421748237154575, 0.5697897349433738, 0.9781401508217832, 0.7606169260915772, 0.16811582805452946
0.1385629933744501, -0.274220588253293, 0.5697703639462529, 0.9781351429672934, 0.7606222889563666, 0.16812571094436107
0.1385507208379088, -0.2742278596520057, 0.5697649503145646, 0.9781567612073563, 0.7606128044356074, 0.16807234585625347
0.1385639288397583, -0.2742182365049797, 0.5697613613118536, 0.9781433171699467, 0.760595052149496, 0.16816084530208653
0.13856132779283822, -0.27422052674511754, 0.5697900361927535, 0.9781199845534666, 0.7606037217716597, 0.1681105585700583
0.13855876960256716, -0.2742214849088391, 0.5697900781681784, 0.9781271135537739, 0.7605942728705751, 0.16812857914295593
0.13854602410570815, -0.2742164569288596, 0.5697967703665917, 0.9781162658524428, 0.7605695944765365, 0.16810309919504388
0.13856252630571117, -0.27421456558249524, 0.5697930651085683, 0.9781209512459793, 0.7606023967830056, 0.1681777501954444
0.13855988586898405, -0.27422552901906544, 0.5697786014554674, 0.9781640535840385, 0.7606234961854795, 0.1681308376370015
0.1385542005232654, -0.2742157901403816, 0.5697809040106616, 0.9781260436995601, 0.7606159077170151, 0.1680806135723986
0.1385596971256827, -0.2742248147656501, 0.5697741697664759, 0.9781620407933928, 0.7606088987908978, 0.16809925552181237
0.1385697416219733, -0.27422631013837007, 0.5697838946648696, 0.9781218759410468, 0.760619926758897, 0.1681165542846023
0.13857527976114928, -0.2742278230177483, 0.5697641831831185, 0.9781846975231736, 0.7606755449537567, 0.16811053939491033
0.1385676079152367, -0.2742232149354289, 0.569776892657241, 0.9781190966989151, 0.7606418069139744, 0.16811226410274466
0.1385746890642875, -0.274231727560281, 0.5697652173772968, 0.9781450958709768, 0.760648407504263, 0.16808381430003974
0.1385612047935909, -0.2742173042149501, 0.5697875259789398, 0.9781358366281799, 0.7606041589358534, 0.16812279052354046
0.13855648317599134, -0.27421335732732904, 0.5698008264665455, 0.978118623503326, 0.7605877425716336, 0.16812557465256392
0.13857058783920018, -0.2742301136949423, 0.5697675607422484, 0.9781591530776416, 0.760649286351621, 0.1681188712680715
0.13854274040384618, -0.27421932608219346, 0.5697721515202507, 0.9781447910916455, 0.7605722965828768, 0.1680822565077519
0.1385629782987236, -0.2742175065846449, 0.5697870170121404, 0.9781329280994466, 0.7606262100438657, 0.16811846310071657
0.13856811062075297, -0.27423059803814154, 0.5697680282178483, 0.9781495458973998, 0.7606425451859815, 0.1680735668875517
0.13855114472597152, -0.2742100953070045, 0.5697849150516728, 0.9781251429857746, 0.7605797449380207, 0.16811789070654967
0.13856698909639503, -0.27421646824652696, 0.5697820197971999, 0.9781368236547104, 0.7606400579844139, 0.1681275382473217
0.13856877044805252, -0.2742254621705577, 0.5697708864872428, 0.9781528310057401, 0.7606391054627974, 0.16812318424680814
0.13855407646542672, -0.2742131247644803, 0.5697913987526104, 0.9781097512995321, 0.7605980846957865, 0.16812988139358886
0.13855194297926743, -0.2742227227993929, 0.5697911015268728, 0.9781276185015497, 0.7605557553465527, 0.16810576873783153
0.13854837346937243, -0.27421839987246516, 0.5697809459887527, 0.9781329313581408, 0.7606060837052577, 0.1680781322863327
0.13855154332141006, -0.2742273229374757, 0.5697841496490478, 0.9781464999901364, 0.760606874990752, 0.16809192366959008
0.13855492588441032, -0.2742208390192902, 0.5697923886709058, 0.978153640865473, 0.760580506293809, 0.16812295154439455
0.13857453892330476, -0.27423786068252026, 0.569771236880372, 0.9781491657583335, 0.7606607281281746, 0.16807680945353815
0.13854935869004575, -0.2742122968354587, 0.5697986918590324, 0.9781155663311003, 0.7606078029013174, 0.16812599669765915
0.13854732271400472, -0.27421184735312365, 0.5697943440239351, 0.9780947687752298, 0.7606150346977054, 0.1680776480772875
0.13856559716035918, -0.27421968956809584, 0.5697760496305021, 0.9781588460826726, 0.7606509367702226, 0.1681145607689956
0.13856068706389274, -0.2742274878575961, 0.5697812973486477, 0.9781348541605323, 0.7606222659779784, 0.1680842243452206
0.13855675485815627, -0.27421095028515396, 0.569782095315498, 0.9780861826067976, 0.7606271091796696, 0.16809799326833083
0.1385701552910032, -0.2742235233675731, 0.5697725477361882, 0.978163111823734, 0.7606651609873062, 0.1681028085245575
0.13856721563827895, -0.27422105795509755, 0.569779068911366, 0.9781605306909055, 0.7606113820069478, 0.16815884271487008
0.13855207069081965, -0.27421458676980986, 0.5698009519810953, 0.9780928351926188, 0.7606172570427071, 0.16809548339337885
0.13855650231442063, -0.27421702528074876, 0.5698016797170503, 0.978074472913088, 0.7605830041134152, 0.16813819474744598
0.1385565954671396, -0.2742139565146593, 0.5697858866955958, 0.9781200528394473, 0.7606222119210696, 0.16813475032624162
0.13856628617860384, -0.274225953391045, 0.5697713535195092, 0.9781765766162687, 0.76059192991125, 0.16815111552452178
0.13855271573366446, -0.2742176531876754, 0.5697803895337102, 0.9781467688440674, 0.7606088255983677, 0.16810816577372417
0.13855200360442127, -0.27422586403588833, 0.5697801763273166, 0.9781416731906809, 0.7605940591178182, 0.16807805482014992
0.13855434705283481, -0.2742115563887103, 0.569801933747033, 0.9781059977877267, 0.7605655356111972, 0.16813839141318923
0.13857481730866014, -0.27423057651815774, 0.5697762660680435, 0.9781607781606658, 0.7606671859413127, 0.16809989051783278
0.13856262633487515, -0.2742159169966631, 0.5697876099314345, 0.9781270712679812, 0.7606145089002173, 0.16814806307937405
0.13856065731956468, -0.274226929351629, 0.5697828751336272, 0.9781917271779661, 0.7605921098868134, 0.16812210641289593
0.13856241876014233, -0.27421829077560456, 0.5697726744027488, 0.9781526032030695, 0.7606201832070278, 0.16812008298726297
0.1385749874326166, -0.27422187574029333, 0.5697664402524523, 0.9781437402356908, 0.7606507014630147, 0.16814383864125507
0.13856054956856, -0.27420975842555273, 0.5697903809391192, 0.9780555564901824, 0.7606079981310577, 0.16811218414364648
0.13856186043118976, -0.27422404098201625, 0.5697692564950926, 0.9781473388702789, 0.7606443490938308, 0.16809197877065607
0.13856197496644393, -0.27421225297185153, 0.5697892317104828, 0.9781129019153201, 0.7605761295115576, 0.16817557415090456
0.1385477758771048, -0.27421039554628773, 0.5697903702042909, 0.9781043954772907, 0.7605846983791472, 0.16809539086392022
0.13856196946324273, -0.2742185072852775, 0.5697953251136986, 0.9780932770439406, 0.7606171754298182, 0.168116380463727
0.13855199467299234, -0.27420517470560746, 0.5698059862394973, 0.9780649579452685, 0.7605778982456243, 0.16810932902808143
0.13856654391852635, -0.2742210088118251, 0.5697693400092971, 0.978129572612653, 0.760666279545406, 0.1681171777892212
0.1385638403029898, -0.2742169035586328, 0.5697727583505087, 0.978134340924745, 0.7606420463493061, 0.168124439800761
0.1385619531371899, -0.2742253990514919, 0.569763800859285, 0.9781725193309802, 0.7606333551800782, 0.16810404955078567
0.13856138844345675, -0.2742236679814014, 0.569779110883309, 0.978133944216859, 0.7606421398097981, 0.16808263805870755
0.13855109601219906, -0.27422380201052604, 0.5697771990853252, 0.9781617464302917, 0.7606070976497366, 0.1681039801839818
0.13856746478641718, -0.27420989711919125, 0.5697853357483764, 0.9781297742674948, 0.7606310935508509, 0.16819585947015678
0.13855437445777072, -0.27421466046394816, 0.5697897825888778, 0.9780893186823729, 0.7605847213123273, 0.16810390264039987
0.1385701351058565, -0.2742209496370765, 0.569781889849962, 0.9781206677270867, 0.7606226675459146, 0.1681551682622841
0.13854954939391967, -0.27421059794935365, 0.5697898612914664, 0.97810628224047, 0.7606009358685163, 0.1681016248891087
0.13856346109702578, -0.2742178886803271, 0.5697771571133958, 0.9781557177828205, 0.7606172159983168, 0.16814829318151622
0.13856742842560166, -0.2742211994369801, 0.5697643518544998, 0.9781693655884103, 0.7606198506975391, 0.16815725350601635
0.1385554626140703, -0.27421740917525284, 0.5697847792748657, 0.9781417458739917, 0.7606327585497045, 0.168121934176877
0.1385567072073452, -0.27422983318915906, 0.5697812553756153, 0.978145953389292, 0.760608280602168, 0.1680664107818128
0.13855677753541593, -0.2742254844331312, 0.569782913671459, 0.9781156401553153, 0.7605895212784266, 0.16808045171750888
0.13856241876014233, -0.27421829077560456, 0.5697726744027488, 0.9781573046269202, 0.7606144834243441, 0.16813043742035483
0.13856626232875388, -0.2742189364341742, 0.5697703639462529, 0.9781307770804079, 0.7606282495639644, 0.16813606540983256
0.13854791899557567, -0.27421488595630583, 0.5697739949017943, 0.9781482443597981, 0.7606062272257356, 0.16809011494254428
0.13856144906408466, -0.2742117930594389, 0.5697809459887527, 0.978139163050314, 0.760601199825136, 0.16817173690910553
0.13856170421880173, -0.2742151026521352, 0.5697738657670305, 0.9781265110079613, 0.7606140256899735, 0.1681478177393323
0.13856308819305863, -0.2742276364531301, 0.5697579968900651, 0.9782012665284421, 0.7606361408598867, 0.16810437469030495
0.13857304249187122, -0.27422906396354885, 0.5697686713814297, 0.9781683957441034, 0.7606952618225259, 0.1680762220396756
0.1385617137736221, -0.27423344991571175, 0.5697551026291011, 0.978214246479379, 0.7606198114650564, 0.16806871401358797
0.1385543959769002, -0.2742234573641375, 0.5697721598914126, 0.9781628787129526, 0.7606244343360561, 0.16808468028575102
0.1385586747632699, -0.2742283520222414, 0.569771909989998, 0.9781718998478905, 0.7605774135815357, 0.1681212894657836
0.13855301631946895, -0.27422362778525633, 0.5697905451239977, 0.9781221278517848, 0.7605812629308999, 0.16807326083586974
0.13856951213925445, -0.27422607552274814, 0.569765889256788, 0.9781610926403187, 0.7606469926512404, 0.1681219050124301
0.13855834345619633, -0.2742078791147042, 0.5697794924803042, 0.9781269283812165, 0.760614401241836, 0.16816875295866632
0.13855452024836207, -0.27421916265085666, 0.569774841344596, 0.9781636509382444, 0.7606249253131179, 0.16810566165926008
0.13856327514086872, -0.27422161348987306, 0.5697844970469875, 0.9781494975860607, 0.7605884182802612, 0.16810778553937
0.13855326195642342, -0.27421554533421755, 0.569784868989565, 0.9780789548238367, 0.7606142450902771, 0.16808598924773813
0.13857894956105518, -0.27423349731719804, 0.5697688834836202, 0.9781808042360413, 0.7606430286501659, 0.16809813349285857
0.1385589336327031, -0.27422985912822456, 0.569772464203097, 0.9781991068042735, 0.7606197945146451, 0.16807781634652227
0.13855772823765974, -0.274210503848508, 0.5697869940493819, 0.9781077627233221, 0.7606002661736841, 0.16816827568429235
0.13856412193070494, -0.2742179287136173, 0.569786891484811, 0.9781486958050406, 0.7606081759741066, 0.1681065140975997
0.13856834849351415, -0.27421760520579547, 0.5697801763273166, 0.9781340424139291, 0.7606066491776393, 0.168161097872036
0.13857022436216396, -0.2742305579840477, 0.5697728073501572, 0.9781678412440775, 0.7606205764482471, 0.16809036065605196
0.13858000151509695, -0.27423051845634455, 0.5697695655075242, 0.9781329695475666, 0.7606817551670854, 0.16807984319987634
0.1385688013626604, -0.2742267691261982, 0.5697658472872462, 0.9781678259036016, 0.7606389679241173, 0.16811444570118983
0.1385712359042506, -0.2742231457858623, 0.56977630014114, 0.9781204265015108, 0.7606596621983096, 0.1680928855031172
0.1385720014478541, -0.2742307761982456, 0.5697722924096227, 0.9781508868240837, 0.7606598439280386, 0.16805467719907655
0.13855345172887665, -0.2742087421710102, 0.5697894719187439, 0.9780928894420685, 0.7606354712009694, 0.16814043046507512
0.13856627311276906, -0.27422281127673154, 0.5697691309868617, 0.9781682372628542, 0.7606207622399698, 0.16811129959794688
0.13856623511535432, -0.2742215111670593, 0.5697741697664759, 0.9781438121563952, 0.7606323337697928, 0.16809904843316714
0.13856109981402925, -0.2742216024512052, 0.5697801343492189, 0.9781495070880313, 0.7605867029607585, 0.16813292985318862
0.1385628478459246, -0.2742155248211902, 0.5697737402484879, 0.9781375773262272, 0.7606016910001091, 0.16812551450528873
0.13858465546157087, -0.2742269275011493, 0.5697712268336466, 0.9781721720374568, 0.7606734174018985, 0.16814313051150842
0.1385571485246493, -0.27421828305994245, 0.5697867952285188, 0.9780867227910051, 0.7605885528949466, 0.16807515972103332
0.13856805967181596, -0.27422615577430565, 0.5697708445165691, 0.9781404760279674, 0.7606542217946918, 0.1680736861270332
0.1385718019007556, -0.2742261869463535, 0.5697690936913322, 0.9781398116299614, 0.760618306740313, 0.16811040158573268
0.13855889353672068, -0.27422415020883584, 0.5697795834054896, 0.9781624932381123, 0.7605889547264442, 0.16812135038671067
0.13857490795709312, -0.2742275257462276, 0.5697728908877331, 0.9781548708917621, 0.760636693391596, 0.1681261211847105
0.13853788682353235, -0.27420960087616375, 0.5697982253774175, 0.9780981294860478, 0.760572931407148, 0.16808353886840946
0.13856987468940196, -0.2742276740565257, 0.5697652907659296, 0.9781859356310798, 0.7606358627934149, 0.16813391723308319
0.13856081814415167, -0.2742195300513177, 0.5697811581393091, 0.9781223157467905, 0.7605830985866543, 0.16808927739850574
0.138562561834842, -0.2742246485464809, 0.5697774075589941, 0.9781309196771533, 0.7606080931288681, 0.16811667743520214
0.13856337899821305, -0.274220405333235, 0.5697813797719118, 0.9781632961408485, 0.7606264222611374, 0.16810110204555287
0.1385498485470416, -0.27422016063248933, 0.5697701041499561, 0.9781619824950469, 0.7606259310096198, 0.16812780450738368
0.13856096241756116, -0.27421448922243136, 0.5697788629421052, 0.9781135479782777, 0.7606118380436198, 0.16813874247806554
0.13853508093013456, -0.2742084998124434, 0.5697861423799246, 0.9781217136160703, 0.7605810290400596, 0.16807347993747918
0.13855229926040188, -0.27421986659294506, 0.5697787374201773, 0.9781139234899651, 0.7606104618859184, 0.16803298196805574
0.13855962436538827, -0.2742265918444675, 0.5697818482952642, 0.9781309350952713, 0.760608353734399, 0.16809580351922454
0.138572350932028, -0.2742209665588567, 0.5697731042583406, 0.9781689398617828, 0.7606399136198735, 0.16815602457860068
0.13854837346937243, -0.27421839987246516, 0.5697809459887527, 0.9781518304229105, 0.7605831707817539, 0.16811975735741624
0.13854978800738832, -0.2742170195560202, 0.5697810295176498, 0.9781195312108111, 0.7606220537753914, 0.1680929764836632
0.13855519950556078, -0.27422412188660844, 0.5697667462218339, 0.9781718288391222, 0.7606329787553759, 0.16808329447113218
0.13856296471936255, -0.27423068042211923, 0.5697739983366582, 0.9781553427637576, 0.7605966041732416, 0.16810787432985405
0.13855621240191693, -0.2742218858002168, 0.5697771151375478, 0.9781617798574526, 0.7606086692759138, 0.1680994162780298
0.13856320492396623, -0.2742278051724484, 0.5697895725255178, 0.9781271913272743, 0.760575592403866, 0.16810441308214505
0.13855453080370222, -0.2742235988592266, 0.56978517350631, 0.9781338410078524, 0.7605863189075471, 0.16810025011985452
0.13855522636118767, -0.2742211048330367, 0.5697970376417971, 0.9781443391575408, 0.7605919847225364, 0.1681023380187743
0.1385659383082535, -0.2742174042812107, 0.5697766896574701, 0.9781224462746977, 0.7606759386582232, 0.16809916514224854
0.1385679396093113, -0.274227372357224, 0.5697801059503114, 0.978152026315961, 0.7606405731155529, 0.16807678446650887
0.1385432500185767, -0.27421283417462855, 0.569799757620148, 0.9781139726954473, 0.7605716903487423, 0.16812107334725448
0.13856695752178816, -0.274230915483888, 0.5697646977668482, 0.9781962520740229, 0.7606414896251449, 0.16809416987699038
0.13856052135199953, -0.27421542318943143, 0.5697836781394255, 0.9781009502904828, 0.760626703613384, 0.16808939290712316
0.13854683462888426, -0.2742240748490365, 0.5697781809849423, 0.9781645518335867, 0.7605665953122472, 0.16808413868275685
0.138566945890713, -0.2742208175627195, 0.5697742117422345, 0.9781417802439737, 0.7606346587257242, 0.16811686204040813
0.13856926359277072, -0.27422971878909663, 0.5697597935404709, 0.9781988822367664, 0.7606398371628844, 0.1680969775577128
0.13856527306726324, -0.27422818942498417, 0.5697609846215025, 0.9781867199933634, 0.7606161251716729, 0.16813520051154918
0.1385647906314495, -0.27422780761485804, 0.5697708445165691, 0.9781781284944533, 0.7606079063106431, 0.16813664089410413
0.1385728141341654, -0.2742301393540396, 0.5697587694535472, 0.9781933119437701, 0.7606838286079884, 0.16808844495737066
0.13856581295532228, -0.2742242703032287, 0.5697731042583406, 0.9781776716951497, 0.7606279918973522, 0.16813531584100383
0.13857245356000755, -0.2742399401172453, 0.5697579630234836, 0.9782178634296963, 0.7606519213007793, 0.16808112723154117
0.13856441865043895, -0.27422308278021296, 0.5697692145243849, 0.9781592032866845, 0.7606307715222826, 0.1681157898334605
0.13856873000609418, -0.274221028876335, 0.5697736972244368, 0.9781437533471873, 0.76065097823289, 0.16812308414986474
0.1385561071347216, -0.2742261839097432, 0.5697697235266282, 0.9781612524796734, 0.7606084264903346, 0.16807828515685144
0.13857017546864026, -0.2742209555012768, 0.5697687415395719, 0.978154845598621, 0.7606552972311582, 0.1681501062040113
0.1385501036247442, -0.2742224232225757, 0.5697781809849423, 0.9781601862420952, 0.760572556053228, 0.1680944931770974
0.13856509142062862, -0.27422108904111964, 0.5697742952664907, 0.9781280444964574, 0.7606503676640034, 0.16811099765781592
0.13856342695613866, -0.2742336301610916, 0.5697679446804998, 0.9782005970452219, 0.7605802586505035, 0.16812167700904027
0.13855460216252563, -0.27422933920755616, 0.5697773236068037, 0.9781436213010911, 0.7605916356904707, 0.16806013430494898
0.13854818869147434, -0.27421512631632255, 0.5697788520752999, 0.9781432995382353, 0.7606116772541306, 0.16807990924504793
0.1385589826612847, -0.274221626625872, 0.5697753611332609, 0.9781312471404847, 0.7606084411972283, 0.16811663566201052
0.13856762800392503, -0.2742257886110394, 0.5697675504702986, 0.978180441146885, 0.7606613875784735, 0.16810152923777605
0.13856685305271713, -0.27421945941187453, 0.5697796673555413, 0.978126096825486, 0.7606341388495963, 0.168125707033784
0.13854721787156987, -0.27421614561289076, 0.5697869524923417, 0.9781275263122327, 0.7605744391259921, 0.16812982698011816
0.13856991495248666, -0.27423210734806897, 0.5697624799818378, 0.9781760189412191, 0.7606470174003058, 0.16809218579014792
0.13856105810328906, -0.274215859175751, 0.569774841344596, 0.9781549190771862, 0.7606368468212269, 0.16812637046465723
0.138572350932028, -0.2742209665588567, 0.5697731042583406, 0.9781595366326316, 0.7606513132542259, 0.16813531584100383
0.13855641758085585, -0.27421510314562, 0.5697941308694487, 0.9780860725710879, 0.7606066364281537, 0.16809951665952363
0.13857017546864026, -0.2742209555012768, 0.5697687415395719, 0.9781501439121054, 0.7606609969767718, 0.16813975183111302
0.13856579032195024, -0.27421856343660017, 0.5697802183014951, 0.978103183934092, 0.7606432527101794, 0.16809545416196306
0.13856052790181403, -0.27422290451676523, 0.5697649503145646, 0.9781484589873298, 0.7606248727294634, 0.16811397068814093
0.1385628422640907, -0.274220497770946, 0.5697846645515744, 0.9781174997264557, 0.7606259906270663, 0.16810627725523983
0.13856124292566013, -0.2742186044376434, 0.5697824872157178, 0.9781459694687527, 0.7606099146241954, 0.16810356434102489
0.1385423806344806, -0.27420894525673356, 0.5697833683784139, 0.9781248143583875, 0.7605777853665315, 0.1681224449092045
0.13856722511731656, -0.27422418423542183, 0.5697812973486477, 0.9781403207009208, 0.7606169741488585, 0.1681362037604317
0.1385819493147361, -0.2742378280095063, 0.569755745166214, 0.978198395419446, 0.7606578571126593, 0.16812076753968222
0.13856734888780106, -0.2742268493698454, 0.5697708025419767, 0.9781472095106143, 0.7606461972235328, 0.16806622688450099
0.13857400890376007, -0.27422801898148796, 0.5697546296129785, 0.9781679628207604, 0.7606965010911236, 0.16805063781172414
0.13857116690846982, -0.27422880467389804, 0.5697827452747136, 0.9781649299963087, 0.7606053823308261, 0.16814846523194646
0.13856038631810916, -0.2742108970930632, 0.5697814969176866, 0.9781019581479236, 0.7606276404740644, 0.16811000642537416
0.13856180069825158, -0.2742328262057031, 0.5697779300774489, 0.9781525441591391, 0.7606188019243625, 0.16808288042155012
0.13856309851143514, -0.27421629013710624, 0.5697777555575575, 0.9781117866553809, 0.7606514857744348, 0.16809424144237659
0.138572794201925, -0.27422756580993857, 0.5697681117396766, 0.9781366693042431, 0.7606585479195384, 0.16810953449639546
0.13857413746880964, -0.2742325770940393, 0.5697711848623529, 0.978187207936139, 0.7606533240439822, 0.16809404672988434
0.13855257017662065, -0.27421806404003324, 0.5697789464654234, 0.9781179465927446, 0.7606042271967061, 0.1681328774713502
0.13855875441385992, -0.2742227021160564, 0.5697654593047579, 0.9781417764314918, 0.7606144491055884, 0.16809717481251674
0.1385660827005155, -0.2742245106988621, 0.569777961428472, 0.9781822237191686, 0.7606219282536768, 0.16814602606967996
0.1385727746613309, -0.27423635695548254, 0.569763636836765, 0.9781617596614794, 0.7606829580498057, 0.16806389749103132
0.13857745531401042, -0.27422783401385536, 0.5697685458866705, 0.9782035873706886, 0.7606543474706504, 0.16812701850483647
0.13856123211847152, -0.2742147295759627, 0.5697837201148168, 0.9781133044878796, 0.7606115883101557, 0.16813889124436923
0.1385748281986629, -0.27422930985203947, 0.5697805689080033, 0.9781238317857676, 0.7606360684535467, 0.16812259551754016
0.13857715468389414, -0.27422941117948046, 0.5697706310201872, 0.9781603649803459, 0.7606111691184246, 0.168158509496826
0.1385655014159544, -0.2742271140195833, 0.5697708864872428, 0.9781524014181018, 0.7606389585198459, 0.16810226835191142
0.13858222107686494, -0.2742349786634931, 0.5697711113872513, 0.9781562009334134, 0.7606546158617644, 0.1680855684973405
0.13856375882865724, -0.27422821857496216, 0.5697663563072258, 0.9781703046591872, 0.7606167697511169, 0.16809785694846555
0.13856685750830344, -0.2742352674857576, 0.56977618212711, 0.9781876784210131, 0.7606335150186503, 0.16807461740449717
0.13856581152069217, -0.27423178780894797, 0.5697729328584673, 0.9781468488646448, 0.7606442773174477, 0.1680708327297603
0.13855543719749205, -0.2742155564688246, 0.5697892317104828, 0.9781026402157306, 0.760587234543443, 0.1681130324487768
0.13857095659883562, -0.2742197790690736, 0.5697692145243849, 0.9781313827492195, 0.7606658337782316, 0.16809445976180262
0.13855678700033663, -0.2742241833315144, 0.5697748046772613, 0.9781490209982666, 0.7606050754703861, 0.16811539864437397
0.13856960481164918, -0.27422743354926343, 0.5697604336097175, 0.9781576873114918, 0.7606706538890496, 0.1680710211551423
0.13855974808298518, -0.274229256990831, 0.5697713535195092, 0.978161613488173, 0.7606087356845811, 0.16807822032816758
0.13855999540756894, -0.2742193904278106, 0.569785729927714, 0.9781116076997605, 0.7605957588456894, 0.1681116346290517
0.13855886251768407, -0.27421841586704176, 0.5697742848398488, 0.9781584944370241, 0.7606506945012531, 0.1680938630882249
0.13855757329889895, -0.27421293028390936, 0.5697777866040928, 0.9781640611758566, 0.7606252177100659, 0.1681472400250095
0.13855223964230126, -0.2742242242032634, 0.5697770735734413, 0.9781537249172552, 0.7606179046337721, 0.16803963752037063
0.13855886250781266, -0.274222843145482, 0.5697846225773758, 0.9781380957497837, 0.7606004920381275, 0.16810937981203494
0.1385601476487649, -0.27421196377066126, 0.5697716005925938, 0.9781220861022705, 0.7606218254848793, 0.1681118880572909
0.13857344215263911, -0.2742205979101004, 0.5697768511036639, 0.9781265286851228, 0.7606342696179708, 0.16814650381340587
0.13855461158016721, -0.27422803805462276, 0.5697692145243849, 0.978167505561259, 0.7606187030916018, 0.16807416512796636
0.13855400046649033, -0.27423008281248273, 0.569763717324203, 0.9781946507225227, 0.7606054632465663, 0.16806849602825577
0.13857017317851728, -0.27422224981480925, 0.5697768511036639, 0.9781402975444131, 0.7606169097266264, 0.16815685827724605
0.1385560868296081, -0.27422875173624384, 0.5697735297337455, 0.9781885128752459, 0.7605952624246002, 0.16807281929819637
0.13855852809531205, -0.2742181125381285, 0.5697684101753395, 0.9781418588644254, 0.7606142843881113, 0.16811826383362147
