0.15314993967884982, -0.2883828419577656, 0.5855542669316275, 1.1571932207396463, 0.9446436156406031, 0.1715336368726306
0.15315711236385704, -0.28838422621733345, 0.5855411410103535, 1.157235210234171, 0.9446696095719622, 0.17155780772466464
0.15314219619666197, -0.28836908570800723, 0.5855594102515186, 1.1572037580554533, 0.9446512914735692, 0.17153414643994355
0.15316649361614387, -0.28837795166739544, 0.5855467000656412, 1.1572337120746916, 0.9446555909472041, 0.1716267601989258
0.153150216201913, -0.28837954955441414, 0.5855503769028634, 1.1572619119134635, 0.9446568430580474, 0.17156724067735235
0.1531404018593479, -0.28838453552454013, 0.5855325658115745, 1.1572702287401666, 0.9446252315362408, 0.17150275540148066
0.1531421421080162, -0.2883773783510644, 0.5855597293175083, 1.1572169932793488, 0.9446158537136273, 0.17155392523396484
0.15313417807732105, -0.2883704519139666, 0.5855612100304607, 1.1572085106951953, 0.9446081932104212, 0.17155514814639095
0.1531467708345474, -0.2883778708162177, 0.5855530453060321, 1.1572297202257236, 0.9446385194517024, 0.17154258152088503
0.15315604814149356, -0.2883942124327421, 0.5855262317862201, 1.1572906005040111, 0.9446588019986085, 0.1715449979259772
0.15314704695543596, -0.2883741873272225, 0.5855455413693174, 1.1571937708114206, 0.9446448668139789, 0.1715714319217872
0.15316586783496883, -0.28838222632505384, 0.5855447090472546, 1.1572247915284302, 0.9446474238466194, 0.17160851683224573
0.1531296640153473, -0.2883748595730456, 0.5855651602445267, 1.1572010804552368, 0.9445784234031651, 0.17155685671293855
0.1531526456970617, -0.2883803486139974, 0.5855447722438756, 1.1572322296816135, 0.944654876647362, 0.1715686888205189
0.15314754742475412, -0.2883820747112825, 0.5855596493710081, 1.1572292070841137, 0.944639038619403, 0.1715419472506482
0.15313925396306782, -0.2883805388282822, 0.5855484322315282, 1.1572217092165085, 0.9446475073588744, 0.171549359031617
0.15313457593967622, -0.28838173042453025, 0.5855597149730039, 1.1572338859245284, 0.9445942120782247, 0.17152580400114478
0.1531387043708724, -0.28837920392717675, 0.5855597293175083, 1.1572224185404048, 0.9446087887550091, 0.17154430934721632
0.15314629460309498, -0.2883748673871393, 0.5855641921715273, 1.1572116502295993, 0.9446241096845094, 0.17158219630060545
0.15314128895404064, -0.2883766248044062, 0.5855510715365831, 1.1571907556661258, 0.9446282745659412, 0.17152578153900408
0.15314510345437363, -0.2883725491837695, 0.5855708761264724, 1.1571876621591577, 0.9446152393928644, 0.17159353970310337
0.1531508305992601, -0.2883822704053253, 0.5855392275281767, 1.1572462468419484, 0.9446566165780906, 0.171576321041742
0.15315770612481558, -0.2883786189230201, 0.5855392275281767, 1.1572353958042485, 0.9446707468380546, 0.1715955525007125
0.153144713010432, -0.28839182026272886, 0.5855410976991025, 1.1572755693696393, 0.944618998844729, 0.17151172923631194
0.15314721590783553, -0.28837566327667175, 0.5855632950046096, 1.1572266028083686, 0.9446252279214562, 0.17159103903199532
0.15315886335617906, -0.28838227036644687, 0.5855515786706629, 1.1572444753382143, 0.9446402966879329, 0.17158909589664448
0.15315464448287774, -0.28837991228677157, 0.585558746716435, 1.157233193909676, 0.9446536945445944, 0.17155114286338372
0.15315072277434727, -0.28838256300459036, 0.5855298973265213, 1.15727394563641, 0.9446780115698795, 0.17151760638059074
0.1531546513019956, -0.2883904136036901, 0.5855382760176321, 1.157263880546814, 0.9446360053929367, 0.17158615530483043
0.1531402179848024, -0.28837090958572376, 0.5855686970013061, 1.1571943055735903, 0.9446072130653902, 0.17156601376867295
0.1531360037423617, -0.28836853147519104, 0.585562092821589, 1.1572121482317967, 0.9445858993866766, 0.17157664907170778
0.15315230042071373, -0.2883910151967431, 0.5855531388222367, 1.1572673095523422, 0.9446129905832508, 0.17156975558679055
0.15314268311241963, -0.28836689005134236, 0.5855556655213666, 1.1571945198437834, 0.9446446635662495, 0.17157248486566892
0.15314749008121936, -0.28838203358977754, 0.5855645424593845, 1.1572346882093447, 0.9446320008692138, 0.17155172460837648
0.15315690646752536, -0.28838799498141304, 0.5855446657318215, 1.1572243618430815, 0.944644663785861, 0.17151378264151992
0.15314751753344769, -0.28838067883611396, 0.5855363969694457, 1.1572610664606442, 0.9446571633840634, 0.17156629287557312
0.1531366007644796, -0.28837823575676436, 0.585554948555927, 1.157242241029983, 0.9446422124072964, 0.1715676634912695
0.15314337663609914, -0.288386700750064, 0.5855383848191233, 1.157304547365887, 0.9446603184183804, 0.17155371136929567
0.15314397556916892, -0.2883789622654933, 0.5855579438546415, 1.1572288369652186, 0.9446387388397243, 0.17154200539856165
0.15314863501164855, -0.2883742647966825, 0.5855539912590964, 1.1572083059314069, 0.944647218302076, 0.17159869546836576
0.15315631796486673, -0.2883800279473365, 0.5855391987046578, 1.1572417048473274, 0.9446623789995917, 0.17156806839754507
0.1531435303005658, -0.28837596935899185, 0.5855597581471442, 1.1571990127675282, 0.9446376821002167, 0.17156217715207092
0.1531440437173245, -0.28837900462696964, 0.5855483889214409, 1.1572349414318495, 0.9446322222787308, 0.17155135987409714
0.15315022852593835, -0.2883760543014696, 0.5855483745784804, 1.1572183449446896, 0.9446524357935129, 0.17154227795673435
0.1531474868413529, -0.28838066850876654, 0.5855457295420576, 1.1572553137462385, 0.944664001033746, 0.17155688821715995
0.15315365465921815, -0.28838604288677444, 0.585545811738527, 1.1572406333248824, 0.9446625579369066, 0.17154830324093606
0.15314691672547617, -0.2883862930631676, 0.585538310363878, 1.1572491533053022, 0.944669546619314, 0.17150903552856872
0.1531533163997988, -0.2883796384894175, 0.5855494573122042, 1.1572380897995915, 0.9446486719781904, 0.17159730590215902
0.15313171207933085, -0.28837793960343605, 0.5855624721110693, 1.157233658393292, 0.9445950281448787, 0.17154442844272852
0.1531504669958998, -0.28838943127508854, 0.5855549243160095, 1.157226054963251, 0.9446240264581872, 0.1715332117691544
0.15314694473657192, -0.2883727694536825, 0.5855456159838053, 1.1572319508347493, 0.9446563010159038, 0.17160630015889766
0.15313231345602307, -0.28836885726711015, 0.5855723279786705, 1.1571850791632297, 0.9445988755897785, 0.1715480471580348
0.1531362870941056, -0.2883749095084489, 0.5855633315445331, 1.1572322257511558, 0.9445790229559713, 0.1715569394140018
0.1531559850317741, -0.28837711318005665, 0.5855401847963728, 1.1572591236805696, 0.9446799368107294, 0.1716033678398386
0.1531484387883237, -0.28838147470156095, 0.5855354997299627, 1.157269950121131, 0.9446652809364703, 0.17156513512895166
0.15313969078720696, -0.2883717085179635, 0.5855538512273526, 1.157247509238994, 0.9446181955813208, 0.17157192905297455
0.15314667393184314, -0.28837296468658896, 0.5855511173725092, 1.1572359477321696, 0.9446321451922285, 0.17157143679041303
0.1531397016774571, -0.28837170983236765, 0.585549189383094, 1.1572296838326794, 0.9446385618010062, 0.17154259721584444
0.15313572479302173, -0.2883670012976321, 0.5855678884927719, 1.157190887226181, 0.9445920656414875, 0.17157684567331205
0.15316308993411892, -0.28838854100104916, 0.5855419918720274, 1.1572454102661314, 0.9446759218097001, 0.17151994777602336
0.153151763192516, -0.2883760989313967, 0.585557055543033, 1.1572384528809443, 0.9446474457832726, 0.17157932222539862
0.153138752549349, -0.2883792371313782, 0.5855548451127872, 1.1572345890906572, 0.9445952862257874, 0.17156377566816627
0.15315665447374713, -0.2883899288252445, 0.5855328934648045, 1.157287846979629, 0.9446804435028574, 0.17154412109382228
0.15314474127126085, -0.2883782966303363, 0.5855484034068856, 1.157223003227752, 0.9446465391678189, 0.17155072256079498
0.1531465601555702, -0.28837638310444696, 0.5855492861020174, 1.1572147969655695, 0.9446378997949074, 0.1715525176225238
0.15315049187893057, -0.2883824233077962, 0.5855542838642368, 1.157262112480531, 0.9446182481052933, 0.171561719524811
0.15314564258032506, -0.28837908335873197, 0.5855521769386135, 1.1572142605199318, 0.9446749954722089, 0.17152063653163163
0.15314361531696516, -0.28836768724420403, 0.5855501065099403, 1.1571973654590586, 0.9446595521413599, 0.1715614192101364
0.1531642742262363, -0.288385637193281, 0.5855382616780986, 1.1572300699999551, 0.9446768797485026, 0.1715672652069652
0.1531522846353996, -0.2883909575428412, 0.5855384525771979, 1.157284474472369, 0.9446653543598407, 0.17153576305699472
0.15315085185248625, -0.2883836299788302, 0.5855533786483387, 1.1572254751741067, 0.9446245978929114, 0.17157114649543143
0.15316539399178308, -0.2883878710702695, 0.5855217751961651, 1.1572887555845837, 0.9447173526219382, 0.17155122141012127
0.1531312575736121, -0.2883849964768849, 0.5855640885257816, 1.1572250556497243, 0.9445488575580514, 0.17152022940276604
0.15314089777843892, -0.288381994463522, 0.585557038665188, 1.1571977412694139, 0.9446378887213266, 0.17154200788102963
0.1531485073980778, -0.2883745485284876, 0.5855493318521239, 1.1572477911348111, 0.9446550305721754, 0.17155951663159616
0.15313908070639096, -0.2883721141807689, 0.5855678375779326, 1.1572141211272728, 0.9446028245126608, 0.1716023516131856
0.15315037499957465, -0.2883775079230926, 0.5855570267138506, 1.1572505975709897, 0.944632347516154, 0.1715614539897028
0.15313973853735083, -0.28838839691619145, 0.585553438851483, 1.157250670454628, 0.9446480350700082, 0.17150991716330827
0.15314932570563666, -0.2883787640929677, 0.5855419415551264, 1.1572412740036009, 0.9446620788005637, 0.17154895603135162
0.15315711236385704, -0.28838422621733345, 0.5855411410103535, 1.1572292577543613, 0.9446764744117276, 0.17154799967771203
0.15315177313984157, -0.28838442587293694, 0.5855524814676318, 1.1572285232825286, 0.9446394456665911, 0.17156037297179344
0.1531360685011117, -0.28837169445666544, 0.5855736478920439, 1.1571862864157498, 0.9446163179572138, 0.17159238328362625
0.15314779978667048, -0.28838357416871874, 0.5855494141447671, 1.1572497973893938, 0.944632726788261, 0.1715413160613399
0.15316054854522546, -0.28838589701840817, 0.5855384813965285, 1.1572262291678879, 0.9447352339863359, 0.17151478475633294
0.15314279096066072, -0.28837179743245817, 0.5855529316661569, 1.157217617951638, 0.9446170242813279, 0.17159199363366048
0.15315801375024204, -0.28838501299393393, 0.5855449145135568, 1.1572323028973668, 0.9446913358818733, 0.1715373375710045
0.15314727614542062, -0.2883791807633311, 0.5855419703787382, 1.1572345547132603, 0.9446701117424515, 0.17155720867507235
0.15315276893319854, -0.2883853136337147, 0.5855567242393118, 1.1572085185711605, 0.9446090630478221, 0.17157334167700525
0.15314913854532808, -0.2883637445045194, 0.5855501498193895, 1.1571736915520099, 0.9446893013491676, 0.17159788142067178
0.15315801375024204, -0.28838501299393393, 0.5855449145135568, 1.1572676676728277, 0.9446505500949408, 0.1715956086659618
0.15313482138259088, -0.288378036516465, 0.5855615435547735, 1.1572038547204309, 0.9445939375972682, 0.1715644807850391
0.1531502469780172, -0.28837955995439557, 0.5855410443308671, 1.1572383692284745, 0.9446837917831047, 0.17152837455628517
0.15314290631876765, -0.28838020926813424, 0.5855475294345325, 1.1572311821188854, 0.9446550229063602, 0.17154885027384964
0.1531534038988245, -0.288386247093301, 0.5855466424080022, 1.1572565373257144, 0.9446246590173983, 0.17153294449025364
0.1531615053041426, -0.28839195969520864, 0.5855355355370022, 1.1572743528705514, 0.9446782681595701, 0.1715175322168352
0.15311656553491532, -0.2883746173249686, 0.5855696738106473, 1.1571947147219577, 0.9445470344646736, 0.17152106865843314
0.15312940857310778, -0.28837719550898333, 0.5855445186555419, 1.1572341749031891, 0.9446309484899532, 0.17149421459528452
0.15316319240201587, -0.28838954924186455, 0.585555448631314, 1.1572496701820856, 0.9446340456216019, 0.17159805876153691
0.15315349367980574, -0.28839331943155055, 0.5855373356288277, 1.157261422653983, 0.9446555690844618, 0.17150958385327755
0.15314890922196622, -0.28838063514651047, 0.5855552387147207, 1.157222460376217, 0.9446469918396152, 0.17156938166279162
0.15313394650001522, -0.28838248075088285, 0.5855501455520652, 1.157246092595025, 0.9445801085782011, 0.17152618019817084
0.15313947008167228, -0.2883785383010121, 0.5855501888720365, 1.1572284890423385, 0.9446028596390711, 0.1715726427723306
0.15314896339382722, -0.2883723423483652, 0.5855549197324851, 1.157232684004837, 0.9446553745693212, 0.17158825833265942
0.15315587805274836, -0.28838052464517266, 0.5855383536673326, 1.1572435144591735, 0.9446793055170029, 0.17159376923212535
0.15315370506952725, -0.28838606215253815, 0.585531808436602, 1.157252224151772, 0.9446489765935223, 0.17156721242124223
0.15316453362448681, -0.28839064078238663, 0.5855253578826891, 1.1572766066922828, 0.944695287046589, 0.17156244609550805
0.1531592266864868, -0.2883873830491089, 0.5855391355210678, 1.1572328027157015, 0.9446541907616194, 0.1715498171383539
0.15315081071332018, -0.2883822613200999, 0.5855438982564102, 1.1572462443595233, 0.94465663002383, 0.17157643229031497
0.15314962784672986, -0.28838166847680846, 0.5855502879687622, 1.1572298913323746, 0.9446377630437063, 0.17152367579996958
0.1531596165242926, -0.2883850999655339, 0.5855440404958241, 1.15725268052232, 0.9446865591262126, 0.1715741205620621
0.15313476383932606, -0.288361340581797, 0.5855619644700915, 1.1571769147601436, 0.9445913414451904, 0.1715874657932954
0.15315251652157982, -0.2883789285206803, 0.5855495173684536, 1.1572468912267178, 0.9446934390655295, 0.17156473163819846
0.15313947008167228, -0.2883785383010121, 0.5855501888720365, 1.1572224202440449, 0.9446098590392726, 0.17156264225266638
0.1531443034396242, -0.28838400834077055, 0.5855354852474611, 1.1572521828336717, 0.9446844159477359, 0.1714982700912199
0.1531387043708724, -0.28837920392717675, 0.5855597293175083, 1.1572282538956047, 0.9446020585449462, 0.17155392523396468
0.1531452081602283, -0.2883760917281005, 0.5855493294142298, 1.1572136458529596, 0.9446400595288659, 0.1715889798373249
0.1531669466225061, -0.28838447720150684, 0.5855478021298538, 1.157242149698295, 0.9446626841079685, 0.17158739509408724
0.15316053027470214, -0.28838239133711274, 0.585545811738527, 1.1572297821472972, 0.9446766880773078, 0.1715675347044978
0.15314336386781544, -0.28837970684681785, 0.5855437127337191, 1.1572350626410786, 0.9446313471565195, 0.1715327546787084
0.15314380913576162, -0.288377499458726, 0.585553962432933, 1.1572142051317105, 0.9446385153330973, 0.17155197998511945
0.15314140276808796, -0.2883732064244736, 0.5855529028348431, 1.1572120230636542, 0.9446223854860525, 0.17154489353641242
0.15315596954765326, -0.2883819413493788, 0.5855429408742727, 1.1572055364000073, 0.9446678306958285, 0.17155919311054782
0.15317222382722237, -0.28838903751510625, 0.585533863849332, 1.157242141305112, 0.9446990237534383, 0.17155572161028737
0.15314580135916983, -0.28837704173069745, 0.5855588266909736, 1.157226405801027, 0.9446234443631499, 0.1715535052764767
0.15314775195630478, -0.28838218386693293, 0.5855308234027214, 1.1572583431911665, 0.9446779264555009, 0.17152701728152853
0.15313395431957, -0.28836894800217255, 0.5855621216559177, 1.1571993597325896, 0.9446009323551892, 0.17157490004222523
0.15313032381971842, -0.2883793485293537, 0.5855624432775767, 1.1572399677904113, 0.9445866598661651, 0.1715169447417675
0.15314163474321693, -0.28838653357487093, 0.5855447577591815, 1.1572546085192807, 0.9446260946521812, 0.17153086294212366
0.15315570428443276, -0.2883856261237692, 0.5855457829129892, 1.1572650928102113, 0.944634064617335, 0.17156928241590208
0.15313536254928536, -0.2883675482240274, 0.5855574797591947, 1.1571872171743391, 0.9446160173919871, 0.17159265631558104
0.15313581069463333, -0.2883719058991011, 0.5855744783264664, 1.157196415991913, 0.9445850734666342, 0.1715673216096962
0.15313864484599896, -0.28837432969890653, 0.5855575790238495, 1.157229231214848, 0.944602466267519, 0.17157349918385334
0.15316123313586355, -0.28837819490294575, 0.5855438237144134, 1.1571977966749587, 0.9446594666015893, 0.17158050100733466
0.15315089919485725, -0.28837534414893806, 0.5855530596490525, 1.157218252499307, 0.9446530959543761, 0.17156108693005206
0.1531473645708814, -0.28837226369154423, 0.5855511317155159, 1.1572122819224777, 0.9446599818653867, 0.1715512866535852
0.15313223636445325, -0.2883757758379051, 0.5855585050063614, 1.1572071489320106, 0.9446090468703476, 0.17155367633354066
0.1531553178475149, -0.2883791885996191, 0.5855543126933261, 1.1572384735608763, 0.944647411159301, 0.17157920312966735
0.15314988012288114, -0.2883779676041676, 0.5855521167496945, 1.15721765682521, 0.9446169684854326, 0.17159186668965348
0.1531323702108796, -0.2883723666760691, 0.5855556655213666, 1.157216631432562, 0.9446167388186121, 0.17155325309690422
0.15315112834497036, -0.28838033752863373, 0.5855494885474298, 1.1572590360048702, 0.9446783411702206, 0.17154686297644273
0.15315731620447215, -0.2883857209986572, 0.5855449000302636, 1.1572442414085566, 0.944677019127019, 0.17153797455604597
0.15314882859180928, -0.28838927755834015, 0.5855457829129892, 1.1572640390828983, 0.9446336642482683, 0.17153043486074135
0.15314521705678158, -0.288369130673745, 0.5855727074381181, 1.1571854711009415, 0.9446364047677746, 0.17157399583415822
0.15315789153423995, -0.2883766080150803, 0.5855503167990853, 1.1572128476730474, 0.9446601262907481, 0.17157058364104946
0.153139217717351, -0.2883822391676596, 0.5855483600911451, 1.1572644155062628, 0.9445963287691082, 0.1715434922147757
0.15313407123364828, -0.28837386328044484, 0.5855593789181934, 1.1571755120012412, 0.9446276175003548, 0.17151689284924287
0.1531501200740272, -0.2883829623149624, 0.5855438839167613, 1.1572406151285277, 0.944662579111645, 0.1715483110889065
0.15314974485983718, -0.28839490285924835, 0.5855429796322636, 1.1572429428216917, 0.9446022575268722, 0.17152404271948846
0.153138752549349, -0.2883792371313782, 0.5855548451127872, 1.157222684992797, 0.9446090158859609, 0.1715441592625331
0.15314083738131123, -0.2883688012890913, 0.5855594534235479, 1.157220524235048, 0.9446327819131951, 0.1715999442539678
0.15313051102840697, -0.2883672839728465, 0.5855647807265792, 1.1571673170371113, 0.9445826133457058, 0.1715501399977855
0.1531454626029364, -0.2883776059618634, 0.5855390851748213, 1.1572285492122543, 0.9446404830754623, 0.17157863273927723
0.15314084831372593, -0.2883688026400483, 0.5855547915792387, 1.1571967460894268, 0.9446600121873536, 0.17156080413865765
0.15315366479150566, -0.2883777251193309, 0.5855457150587312, 1.157244729388743, 0.9446772751226394, 0.17155752520087833
0.15314129493679018, -0.28836829906004924, 0.5855556366899738, 1.1571948772251952, 0.9446431601080173, 0.17153519296493408
0.15315981871230025, -0.288400120643397, 0.585535822837968, 1.1573143368551706, 0.9446663553118309, 0.17151546295977602
0.15313683673790474, -0.288381444687011, 0.5855399704508791, 1.157270293539283, 0.9446253599783483, 0.17150297428134437
0.15312954710623367, -0.2883699442670169, 0.5855679029819877, 1.1572017033538027, 0.9445785236282487, 0.17157659244964837
0.15314231238640197, -0.2883858164728934, 0.5855494429717988, 1.1572485035228617, 0.9446336948152732, 0.17153995275754966
0.1531362531176937, -0.28837353406479915, 0.5855538512273526, 1.1572351947124542, 0.9446315905954956, 0.17153308119121866
0.15314028306556582, -0.2883792733484045, 0.5855681880922392, 1.1572193591071636, 0.9446312501543771, 0.171542736714573
0.15314096522420578, -0.2883737179219379, 0.5855520488412144, 1.1571787328079117, 0.9446799673466414, 0.17151241347948068
0.15315262576898073, -0.28838033949261416, 0.5855494429717988, 1.1572087675618936, 0.9446819453748715, 0.17153014466970123
0.1531587704344703, -0.28838958902237044, 0.5855335476385561, 1.1572419575534603, 0.9446607119222096, 0.17151126742101616
0.15314080184451337, -0.2883736200334806, 0.5855668801644227, 1.1571669351713016, 0.9446206888277652, 0.17155587949375004
0.15315192966930707, -0.28837755090323136, 0.5855520879184466, 1.157200684369157, 0.9446362592673665, 0.17154457427468667
0.15316135464585467, -0.28837828089493023, 0.5855429866917911, 1.1572448934892487, 0.9446784316232476, 0.17159523188621753
0.1531373919344271, -0.28836712248273744, 0.5855621216559177, 1.1571880991297596, 0.9446147271794249, 0.17157490004222506
0.15314962784672986, -0.28838166847680846, 0.5855502879687622, 1.1572358435469872, 0.9446308981686373, 0.17153348392580825
0.15313139212863977, -0.288368061338309, 0.5855732250866791, 1.1571761956181525, 0.9445907579140462, 0.17154920482872899
0.1531317977997661, -0.2883828443342754, 0.5855690618886945, 1.1572275166789474, 0.9446014963102942, 0.17151567271498894
0.15314414049191985, -0.28838391082459786, 0.5855503167990853, 1.1572345495055516, 0.9446318663276051, 0.1715321204072765
0.15314677369092844, -0.2883862046553463, 0.5855484710735525, 1.1572434262227989, 0.9446032540769653, 0.17156239115825336
0.15315709247781936, -0.28838421713243745, 0.585545811738527, 1.1572352077518708, 0.9446696230179525, 0.17155791897320993
0.15314231918922816, -0.2883718626870139, 0.5855734865429417, 1.1571801717524177, 0.9445670526032196, 0.17155237786985886
0.15315280665701742, -0.2883852997439633, 0.5855507560176848, 1.1572669089230487, 0.9446866380300176, 0.1715451108768724
0.1531507441702575, -0.28837872244911544, 0.5855561126713291, 1.1572201171298366, 0.9446317778924923, 0.1715808699756181
0.15315840174502637, -0.28838796480089374, 0.5855479931740678, 1.1572913012502368, 0.9446580295479614, 0.1715659815364559
0.15314980172330955, -0.28837656709625514, 0.5855428587065493, 1.1572261692553525, 0.9446624093227411, 0.1715775863357299
0.15314311158194485, -0.2883782074554615, 0.585553947946724, 1.1572143556099792, 0.9446377934377028, 0.17153319339551462
0.15315183270870836, -0.2883726447391665, 0.5855501600408157, 1.1571952407441903, 0.9446433452757018, 0.17155419800800323
0.15314838277048415, -0.28837796570488256, 0.5855521624538191, 1.1572325614615004, 0.9446541487084027, 0.1715503133659171
0.15314784054585756, -0.2883700666748442, 0.5855520488412144, 1.1572208697207904, 0.9446329883795566, 0.1716189570573992
0.15314058599093333, -0.2883808210674794, 0.5855530596490525, 1.1572522686030622, 0.9446114407863011, 0.17156147156234872
0.15315946629963928, -0.2883923776756282, 0.5855309025150904, 1.1572617126060367, 0.94469293741438, 0.17151607000984473
0.1531554270420365, -0.28838059950503997, 0.5855542381002913, 1.1571768916080367, 0.944662971758505, 0.1715059608558212
0.15314764655931298, -0.2883751587261565, 0.5855641488510345, 1.157212801646881, 0.9446219497991362, 0.17154573424804978
0.153137783076899, -0.2883784080081267, 0.5855606264684774, 1.1572254388983951, 0.9445869416338252, 0.1715650835275362
0.1531471299112828, -0.2883707584923279, 0.5855567052268033, 1.1572033335591843, 0.9446526797783898, 0.17157133077318437
0.15314130352317737, -0.2883801222374336, 0.5855484034068856, 1.1572166408082083, 0.9446530691813705, 0.1715216828128795
0.1531542300373767, -0.28837692989386604, 0.585551228465831, 1.157221027237926, 0.9446320706908696, 0.17160033621024492
0.15314680700574165, -0.2883761704420378, 0.5855531174419853, 1.157210588715055, 0.9446625072291805, 0.1715872961959942
0.15314591564360402, -0.28836706619434094, 0.5855492470362732, 1.1572058040102404, 0.9446690928681098, 0.17159756501404086
0.15313392653017538, -0.2883824715927032, 0.585554816279555, 1.1572284677428175, 0.9446004475928558, 0.17149725146322983
0.15315496388174868, -0.2883897905708377, 0.5855479931740678, 1.1572671979977824, 0.944685020721723, 0.1715077108870633
0.15316006337989627, -0.2883845961954185, 0.5855448856894337, 1.1572566461899254, 0.9446629775379348, 0.17155812413679636
0.15315066196920246, -0.28839086143795567, 0.5855439973348397, 1.1572758827054188, 0.9446565496234001, 0.17151851505061044
0.1531467705708835, -0.28837267034510894, 0.5855651092703678, 1.157184873935196, 0.9446379007711856, 0.1715915943184901
0.15314721887245297, -0.28838919751940645, 0.5855466567521046, 1.1572613459231837, 0.9446180402856603, 0.17152260262327776
0.15315570428443276, -0.2883856261237692, 0.5855457829129892, 1.1572650928102113, 0.944634064617335, 0.17156928241590208
0.15313315764875104, -0.28837657176773446, 0.5855576078533973, 1.1571925740375395, 0.9446442193238407, 0.17151386295110146
0.15313806188534743, -0.28837993810179857, 0.585554830768366, 1.1572169397868957, 0.9446150992554493, 0.17151584570980727
0.1531533178452625, -0.28837614189484273, 0.5855521167496945, 1.1571944914435808, 0.9446444927763338, 0.17157225028871836
0.15316700379024947, -0.28838451816696714, 0.5855429090392558, 1.1572190441722479, 0.9446900470662999, 0.17154857830821077
0.1531486071162037, -0.2883877885777645, 0.5855466855809335, 1.157243365812649, 0.9446398689602601, 0.17153085509398772
0.15316488934123557, -0.2883813613403632, 0.5855449145135568, 1.1572390758224267, 0.9446851407034266, 0.17158560834860895
0.1531681598857097, -0.2883951381394935, 0.5855318727550911, 1.1572386468730484, 0.9446837914948563, 0.17152786263148845
0.1531391263417569, -0.28837562218850893, 0.5855558368702144, 1.1572221841680428, 0.944647970613667, 0.17156880953381434
0.15314843467270425, -0.28837933555095097, 0.5855569810060933, 1.1572175429696328, 0.9446152920364395, 0.1715545440303526
0.15315757171048072, -0.288390773329819, 0.5855513532704131, 1.1572559878312212, 0.9446634014062647, 0.17153821965541902
0.15314859956080468, -0.28838428406047145, 0.5855493538951363, 1.15722909070488, 0.9446016893727458, 0.17155427484472177
0.1531705630299416, -0.2883897394774937, 0.5855140315796876, 1.1572830868930197, 0.9447262324124055, 0.17157838633516947
0.15316834067773344, -0.28838787061077786, 0.5855356782519721, 1.1572177431533786, 0.9446909011736188, 0.17156627841530042
0.1531573520282571, -0.28838922082908663, 0.5855329079458653, 1.1572641201155192, 0.9447083561136064, 0.17152406096400558
0.15315908766168662, -0.28839209339460115, 0.5855461015737189, 1.1572315870315797, 0.9446533417895268, 0.1715305975937512
0.15315194815143005, -0.28838105661882824, 0.5855447577591815, 1.1572441679083265, 0.9446405597266027, 0.1715693260233254
0.15314726513207735, -0.2883843796341226, 0.5855345680547653, 1.1573030615630662, 0.9446436334511615, 0.17154714141891636
0.1531494711663728, -0.28838854346053466, 0.585550681461497, 1.1572342713838057, 0.9446680047065336, 0.17150081942977763
0.15314196325861854, -0.28838461107840924, 0.5855456862326527, 1.157278986232798, 0.9446342509622427, 0.17152042528672407
0.15314587714569633, -0.2883805885129239, 0.5855466033996534, 1.1572467850143353, 0.944655107513833, 0.17153944008443453
0.15314718955177037, -0.28837563273868466, 0.5855588555210811, 1.1571966373173215, 0.9446588674745816, 0.17154233336356775
0.1531608438150195, -0.2883909675538102, 0.5855355931791174, 1.1572614417896345, 0.9446945335844681, 0.1715534621526207
0.1531478298139119, -0.28837526568277727, 0.5855446466386641, 1.157259731778585, 0.9446407001076145, 0.17156004247209253
0.15315034378277773, -0.2883844661838575, 0.5855429722085115, 1.1572672726001738, 0.9446496493665675, 0.17155740610494077
0.15314261439972854, -0.2883887208491037, 0.5855577893023758, 1.1572430724227578, 0.9446025144019842, 0.17152448048438715
0.15314446894913578, -0.2883819883130448, 0.5855512452996662, 1.1572647627547583, 0.9446332923822376, 0.17153129867999622
0.1531465601555702, -0.28837638310444696, 0.5855492861020174, 1.1572088446890945, 0.9446447645218979, 0.17154270945807895
0.1531518566667521, -0.28837963992420734, 0.5855401704581379, 1.1572586862682552, 0.9446790900493978, 0.17156524637767226
0.15314151810881488, -0.2883816182431525, 0.5855475006093998, 1.1572373746699658, 0.9446467896778422, 0.17152117395002361
0.1531396024189639, -0.2883786255615531, 0.5855446899501329, 1.1572519253833105, 0.944648919830144, 0.17154842657032918
0.1531457808946874, -0.28838400118077334, 0.5855401103989013, 1.1572253715764143, 0.9446609780768322, 0.17152031786009192
0.15315121340948742, -0.2883922393288936, 0.5855382760176321, 1.157251565722156, 0.9446494005364144, 0.1715473077543708
0.15315381219078866, -0.28838265072265656, 0.585533639635515, 1.1572617641262906, 0.9446566073471367, 0.17156681076370794
0.15315768623866, -0.2883786098382562, 0.5855438982564102, 1.15721776907217, 0.9446910854045817, 0.17156662424474461
0.15315709785185144, -0.28838072871978965, 0.5855438092283444, 1.157215160528172, 0.9446380849994166, 0.17157152258537112
0.15313190487498107, -0.28836936448813505, 0.5855621504864817, 1.1571750168446344, 0.9446292904421134, 0.1715541113983793
0.15314657469975523, -0.28837988051638236, 0.5855466178836833, 1.157240682404935, 0.9446626941061588, 0.17154841872302173
0.1531521165247129, -0.28838952951491836, 0.5855447090472546, 1.1572404239682552, 0.9446261629706686, 0.17156005317754722
0.15314094521205077, -0.28837370872730417, 0.5855567195686947, 1.1572021898054436, 0.9446529261601583, 0.17155118044386652
0.15314183632866524, -0.2883828130802666, 0.5855605898643226, 1.1572245977354956, 0.9446260156396988, 0.17156995133312944
0.15316338023660345, -0.28838835487710907, 0.5855318197056549, 1.1572353463942988, 0.9447070628395154, 0.17154470054144166
0.15314688762933618, -0.28838278616222573, 0.5855503024561113, 1.157223378560022, 0.9446450149126078, 0.17151342267788883
0.1531588236480575, -0.2883774051098505, 0.5855447577591815, 1.1572393861551786, 0.9446476905093989, 0.17159855795448875
0.1531398953268104, -0.2883815220378089, 0.5855530453060321, 1.1572464064351615, 0.944617659038997, 0.17153296571162135
0.15314889494571735, -0.2883792686227149, 0.5855410876344405, 1.1572490073234207, 0.9446723553418689, 0.17158426117546863
0.15315015890289474, -0.2883795084720417, 0.5855552699932338, 1.1572439335986355, 0.9446768612380907, 0.17153836283453736
0.15314220482286678, -0.28838090897657415, 0.5855521769386135, 1.1572431453905454, 0.9446408749239456, 0.17154967616306677
0.15316882145734684, -0.28839436313663647, 0.5855218717199135, 1.1572792343453604, 0.9447097001300374, 0.1715516157667787
0.1531421421080162, -0.2883773783510644, 0.5855597293175083, 1.1572111578439181, 0.9446225838541267, 0.17154430934721646
0.15314061360476375, -0.28836729737761213, 0.5855603650762844, 1.1571877975647882, 0.9446527103123944, 0.1715808480354168
0.15313783725376473, -0.2883701153953535, 0.5855603074170216, 1.157223758701582, 0.9446090536135683, 0.17156434418388286
0.15313474075577888, -0.2883866789573019, 0.5855520879184466, 1.157245433414629, 0.9445806092131915, 0.17152553481941998
0.15315691174317303, -0.2883914846320597, 0.5855420063571406, 1.1572736181867387, 0.9446423217334257, 0.17154835019113085
0.15314562800260906, -0.2883755859370347, 0.5855548451127872, 1.1571942111743339, 0.9446434706030074, 0.17153435105817808
0.15314438288362436, -0.28837188312449585, 0.5855567195686947, 1.1571909285828, 0.9446667210181274, 0.17155118044386658
0.153141359435924, -0.2883766909998065, 0.5855642378184166, 1.1572438848398323, 0.9446404952511538, 0.17155064349398041
0.1531379527349798, -0.2883785271860909, 0.5855549052476439, 1.157261131656039, 0.9446195928780976, 0.17156043286149844
0.15316019186261326, -0.28837598694781563, 0.5855494573122042, 1.1572211696789931, 0.9446698015153583, 0.17160653703762133
0.15314392689472928, -0.2883740893299357, 0.5855511317155159, 1.1572294953631679, 0.9446393219454292, 0.17156109477768583
0.153162630300699, -0.28838199378889146, 0.5855317796114115, 1.1572422567070852, 0.9446618041972371, 0.17156857550608554
0.15314524817313274, -0.2883691413670909, 0.5855633748671811, 1.1571736002253037, 0.9446498919258051, 0.17155436063534515
0.15313626380623224, -0.2883683349079819, 0.5855612533473206, 1.1571902628961985, 0.9446308783128137, 0.17158199409293615
0.1531660558576323, -0.2883836633931146, 0.5855337818488334, 1.15726861028323, 0.9446868717003495, 0.17158372988713586
0.15314037139718545, -0.28837932505471486, 0.585553962432933, 1.1572313014781292, 0.9446179899798519, 0.17156159583184855
0.15315440580342252, -0.28839410742782773, 0.5855364472738012, 1.1572820061803513, 0.9446500107409261, 0.1715278612079095
0.15315442834016155, -0.2883819128695396, 0.5855569899913244, 1.1572382010428357, 0.944684747514868, 0.17154728339671582
0.1531569015586149, -0.2883827383937182, 0.5855373818324914, 1.1572261226549865, 0.9446622597113419, 0.17157735960468304
0.15314837505769438, -0.2883744612735285, 0.585554830768366, 1.1572006636910988, 0.9446362938882016, 0.17154469337074826
0.15315562574618619, -0.28838422549622983, 0.5855365247554457, 1.1572618166521271, 0.9446931016865442, 0.17153557859215118
0.15313806947282863, -0.28838344253341264, 0.5855521624538191, 1.157242885623328, 0.9446398184439116, 0.17151165796305157
0.15314311158194485, -0.2883782074554615, 0.585553947946724, 1.1572085200689235, 0.9446445235787373, 0.17152357754644268
0.15313644861465692, -0.28836632376175136, 0.5855723424679092, 1.1571735510973598, 0.9446135270654396, 0.17156664129759808
0.15312747597152637, -0.28837555856589414, 0.5855651916211395, 1.1572397677719228, 0.9445876313986602, 0.17153564661665052
0.15314629460309498, -0.2883748673871393, 0.5855641921715273, 1.1572116502295993, 0.9446241096845094, 0.17158219630060545
0.15314311158194485, -0.2883782074554615, 0.585553947946724, 1.1572085200689235, 0.9446445235787373, 0.17152357754644268
0.15314681997921126, -0.2883813868324973, 0.5855363824862334, 1.1572554976014016, 0.9446630375554168, 0.17153808277939572
0.1531421421080162, -0.2883773783510644, 0.5855597293175083, 1.1572288974821339, 0.9446021241445909, 0.17157354163987434
0.1531416968072772, -0.28837438541586274, 0.5855615435547735, 1.1571813335170926, 0.9446215272186728, 0.17156448078503886
0.15313785730789797, -0.2883701246260861, 0.5855556366899738, 1.1572298299797725, 0.9446020407576566, 0.1715742334543247
0.15315692208271137, -0.2883757789905131, 0.5855560981850757, 1.1572095334752388, 0.9446450512489816, 0.171581507400582
0.1531513860184, -0.2883731484098586, 0.5855493149299651, 1.1572030620854894, 0.9446533327979062, 0.17158961726286542
0.15313761331263506, -0.2883856486383712, 0.5855465745721736, 1.1572697805561374, 0.9446258789918837, 0.171502340230141
0.15314437213225002, -0.2883770821687459, 0.5855493173661571, 1.157247531255587, 0.9446539741422144, 0.17152149847977294
0.15315584196579535, -0.2883770247542437, 0.5855503456256459, 1.157206128086535, 0.9446681593749582, 0.17157883592609224
0.15312962312394796, -0.28837869150049544, 0.5855436158575938, 1.1572725313010064, 0.9446043427366286, 0.17152274526213254
0.15315607109594342, -0.288382018193745, 0.5855467745183904, 1.1572527477978531, 0.9446866741214937, 0.17157422819618035
0.15314348159120791, -0.28837109642903824, 0.585552946008692, 1.1571820476127803, 0.9446585897835847, 0.17155222671579626
0.15313697463354864, -0.2883728435588933, 0.5855445329984751, 1.1572407405453582, 0.9446255343552672, 0.171560991376987
0.1531449969122795, -0.28838116120207435, 0.5855569810060933, 1.1572171328462402, 0.9446149572602941, 0.17153531225634144
0.153145089664483, -0.28837638333852855, 0.5855446611245706, 1.1572590547007555, 0.9446412215873121, 0.17155940538346884
0.1531564399106636, -0.2883884328575117, 0.5855337963305981, 1.1572787846977957, 0.9446732623211108, 0.17156386189375636
0.15315414848848746, -0.28839255156245974, 0.5855273343377932, 1.157302070773425, 0.9446814018796348, 0.17153324796334812
0.15315545199682118, -0.2883841267492986, 0.5855560181532155, 1.1572266454785942, 0.9446609711934655, 0.17154048958419
0.15315461453276258, -0.2883733161984314, 0.585547558399284, 1.1571967472020959, 0.9446982555308544, 0.17158584662283147
0.15314655655133597, -0.2883750177229858, 0.5855304731697781, 1.1572470935410337, 0.9446564396802504, 0.17157691264133482
0.15315410532750326, -0.2883855473279033, 0.5855419949072902, 1.1572386219601933, 0.9446456720627521, 0.1715223105235169
0.15313888637574932, -0.2883758278924541, 0.5855520056694837, 1.157214544229572, 0.944637033272826, 0.17151469586236223
0.15314061676715493, -0.28838083146727744, 0.5855437270766266, 1.1572344458350197, 0.9446317936837145, 0.17153202846916044
0.15316405796544183, -0.28838763784531135, 0.5855365049149669, 1.157241029846856, 0.9447010675861565, 0.17157321419154675
0.15315978993865315, -0.2883865558097158, 0.5855480219955566, 1.157267251815071, 0.9446868578546631, 0.17156423447900235
0.15314849044257112, -0.2883828731902728, 0.5855494284870442, 1.1572379196757514, 0.9446469686578521, 0.171540589962185
0.1531446903567693, -0.2883782769264745, 0.585562406706092, 1.157228919320679, 0.9446399296834787, 0.17156066065102082
0.15314191725438803, -0.28836755555570587, 0.5855652059657296, 1.1571944014343327, 0.9446437278692111, 0.17155395964402706
0.15316399530631752, -0.2883975980044943, 0.585521842901927, 1.1572968046126637, 0.944687536934659, 0.17152413113781043
0.1531479374954194, -0.2883801730676795, 0.5855419127277531, 1.1572474664628276, 0.944653845695801, 0.17152127960007624
0.15314302017942588, -0.28837679081637585, 0.5855493606778067, 1.157234709296628, 0.9446695936122712, 0.17153872977111972
0.15314460742416425, -0.28838170594467677, 0.5855512428076368, 1.157213520977889, 0.9446388469513044, 0.17155114602961102
0.15313590467050012, -0.2883806475549707, 0.5855455295028742, 1.1572320848604318, 0.9446512573135321, 0.17145576845646823
0.15315390623231745, -0.2883792231990703, 0.5855401416354702, 1.1572595695181995, 0.944677787691288, 0.17154737771444548
0.15316382544157717, -0.28839134769217495, 0.5855300052467125, 1.1572827946319773, 0.9446877943508205, 0.17155356695676807
0.15313940193300474, -0.28837849593865045, 0.5855597438045121, 1.1572282201041737, 0.9446026459578946, 0.17157290410507509
0.15314534262345228, -0.2883910700859384, 0.58555066711988, 1.1572457392666162, 0.9446534282734588, 0.1714823139490525
0.15314621529670658, -0.28838699282775143, 0.5855429578676953, 1.1572611166045566, 0.9446553985918356, 0.1715098611985655
0.15315388913232436, -0.288387547960968, 0.5855402381856303, 1.1572732743679575, 0.944642534697007, 0.1715672987922338
0.15316467855038784, -0.28837987356576655, 0.585541155349956, 1.1572006920951532, 0.9447115758781675, 0.17155688941622113
0.15315623001614423, -0.28837997657744563, 0.5855534243673481, 1.15723559770099, 0.9446689090228546, 0.17155882525207958
0.15315350163956692, -0.2883776274357575, 0.5855605465517284, 1.157209472725559, 0.9446450508157966, 0.17156233665337764
0.15315929954840088, -0.28838040817668903, 0.5855336108097563, 1.1572454338107243, 0.9446759653624532, 0.17153913423336986
0.15313761571010637, -0.28836862639186367, 0.5855612100304607, 1.1572149896647976, 0.9446015287177767, 0.17158438054737735
0.15316305433169622, -0.2883832741401231, 0.5855440404958241, 1.1572414188987363, 0.9447003545860756, 0.1715741205620618
0.1531607647837092, -0.28838389640571344, 0.5855402381856303, 1.1572505185752209, 0.9446703951867417, 0.17156691416455408
0.1531499870106671, -0.2883745561572125, 0.585553947946724, 1.157197669034975, 0.9446586532809722, 0.17154280924360077
0.15314824497858961, -0.2883813667145524, 0.5855596638565806, 1.1572231044126895, 0.9446466252605489, 0.17155092574711092
0.15315806246949704, -0.28838852884707966, 0.5855282515538803, 1.1572639163792746, 0.9447091235194759, 0.17154245531713394
0.15314761428816828, -0.2883855850751156, 0.5855383248471041, 1.1572606744886327, 0.944656807393976, 0.17154705364080325
0.1531483936188499, -0.288377966982878, 0.5855475006093998, 1.1572383116235938, 0.9446473246310575, 0.17155982935055208
0.15313590470731275, -0.2883754472447595, 0.5855575935108092, 1.1572166496286338, 0.9446167176437319, 0.17155324524931184
0.15313726484016418, -0.28838756198348897, 0.5855503167990853, 1.1572336126903018, 0.9446313314942176, 0.17149346484144412
0.1531469646646913, -0.28837277857526705, 0.5855409452557614, 1.1572024241799732, 0.9446903419627054, 0.17155753312068103
0.153151429682968, -0.2883902386698772, 0.5855400327165943, 1.1572406055610533, 0.9446252127114811, 0.17154135908640822
0.15314428514667358, -0.2883805027335168, 0.5855428155393333, 1.1572497816747773, 0.9446327345158153, 0.17154121266095335
0.1531522664490352, -0.28838745186155756, 0.5855457829129892, 1.15721753063066, 0.9446881108780654, 0.17147235581262288
0.15313318766319067, -0.2883831393337857, 0.585559686137732, 1.1572342434956706, 0.9445927088114664, 0.17148851208583687
0.15313423762907322, -0.2883753260721825, 0.5855633603794267, 1.157195979384671, 0.9446211110929721, 0.17151653457511556
0.15312731367872598, -0.28837410418617576, 0.5855565481859705, 1.1572016529800953, 0.9446142946039524, 0.17150677641431192
0.15316992988121161, -0.2883796223663846, 0.5855440404958241, 1.1572305673331864, 0.944714484800117, 0.171593351867554
0.15315409456316822, -0.28838554612321127, 0.5855466567521046, 1.1572563307188348, 0.9446254402314129, 0.171551449934794
0.15315045290686902, -0.28838587706006497, 0.5855428977050369, 1.1572291492982307, 0.9446381562329469, 0.17152281960723914
0.15315125591630996, -0.2883852541692634, 0.5855420838532204, 1.157282137370278, 0.9446506868427134, 0.17156626003032985
0.15315095528812847, -0.2883788531549597, 0.5855363969694457, 1.1572087206737647, 0.94471833978711, 0.17149859837484585
0.15313834285651234, -0.2883714254089231, 0.5855492325526861, 1.1571992982619201, 0.944674431372162, 0.17153069935475485
0.15314643237442052, -0.28837146650576645, 0.5855566907405475, 1.1572211074870284, 0.9446316329210844, 0.17158158403847393
0.15314529068769767, -0.2883656850676462, 0.5855611497777357, 1.1571539056062834, 0.9446186743844762, 0.17156791445697017
0.15316865148420503, -0.2883881127929293, 0.5855300340643693, 1.157259388273137, 0.9447166879165483, 0.1715714359047106
0.15314019166806092, -0.2883708790814434, 0.5855642575158823, 1.1571820806591153, 0.9446203928477576, 0.17154654004101555
0.15315994655798848, -0.28837968079826776, 0.5855476285954997, 1.1572394116420954, 0.944683672567755, 0.17154843522671437
0.15313131866353047, -0.2883836763786137, 0.5855493318521239, 1.157263130655185, 0.944633300215575, 0.1714920141820831
0.153156870744783, -0.2883879282013096, 0.5855346502777333, 1.157271051068661, 0.9446629862927267, 0.1715285565471384
0.15313062263995197, -0.2883808878351273, 0.5855519768358217, 1.1572375399687609, 0.9446078051852348, 0.17147759619442207
0.1531483936188499, -0.288377966982878, 0.5855475006093998, 1.1572206879240468, 0.9446676499227873, 0.17153078972278815
0.15315823782936874, -0.2883948360111143, 0.5855394374162994, 1.1572607315586234, 0.9446567304236213, 0.17154691884755682
0.15314278007021648, -0.28837179611834846, 0.5855575935108092, 1.1572116345172472, 0.9446241174112141, 0.17158209290097354
0.15314314235842064, -0.28837821785459106, 0.585544615374156, 1.157220224841422, 0.9446308214010544, 0.1715427905269545
0.15313366223584463, -0.2883844389364379, 0.5855579438546415, 1.1572567838198238, 0.9446040829345581, 0.17153238958753894
0.1531499291723408, -0.28838148357406074, 0.5855354540107119, 1.1572139060998345, 0.9446755409837322, 0.17153871205328675
0.15314654340334943, -0.2883725099082017, 0.5855757232942539, 1.1571312041378412, 0.9446252650788138, 0.17156736496870473
0.15315182871996164, -0.2883879634969995, 0.5855449288525156, 1.1572547360604493, 0.9446643915404255, 0.1715560353892933
0.15315434685581594, -0.28838184526486027, 0.585548485559675, 1.1572087331030045, 0.9446454306415988, 0.17156136910132513
0.1531591619841463, -0.2883838094295422, 0.585541112184936, 1.1572419295350453, 0.9446615766415496, 0.17154955507728228
0.15315408540494477, -0.2883803379729484, 0.5855587296417066, 1.1571938901950665, 0.9446449317280213, 0.1715716272596357
0.15314144996159834, -0.2883815758808366, 0.585557055543033, 1.1572371057353823, 0.9446465759925596, 0.17152143528163982
0.15316239776219615, -0.2883875385209887, 0.585551382092753, 1.157238417408016, 0.9446855645133031, 0.17156570387238854
0.15315665447374713, -0.2883899288252445, 0.5855328934648045, 1.1572997519716024, 0.944666713077844, 0.17156373687319593
0.15315319847617134, -0.28838824893919607, 0.5855402238448533, 1.1572615761194014, 0.9446554837295552, 0.17152917727135703
0.1531603570174412, -0.2883931633480331, 0.5855393378197922, 1.1572765149073314, 0.9446944319627596, 0.17152473894653164
0.15313613932112513, -0.28837695245935124, 0.5855520200131876, 1.1572315504333643, 0.9446171546331517, 0.17154300940833592
0.15316786791383208, -0.28838527304100686, 0.5855469049055945, 1.1572451973770006, 0.9446775321462519, 0.17157662147823138
0.15314585865981506, -0.28837708281366664, 0.5855539336030068, 1.157220924721277, 0.9446304820679463, 0.17154372787681169
0.1531383241876128, -0.28836791973710085, 0.5855565626736272, 1.157185109499737, 0.9446363455853249, 0.1715542184009861
0.15313548809454386, -0.2883825184669249, 0.5855588266909736, 1.1572308942384708, 0.9446158444789187, 0.17150523370984183
