0.24510577656276852, -0.30385528168394604, 0.5009739319508477, 1.1164561282954406, 2.5967486736392167, -0.17043890242348905
0.24511256686119062, -0.3038474511511918, 0.5009961531912429, 1.116404580063712, 2.5966818917198164, -0.17049625234987734
0.24512469209596344, -0.30385376290098376, 0.5009883480784088, 1.116379584186223, 2.5967119537586765, -0.17039894916313147
0.24511900020294, -0.30386120830742325, 0.5009659572787415, 1.1163774101979873, 2.596761516098135, -0.17048579192028915
0.24511389909678521, -0.30385190644596544, 0.5009821432232638, 1.1164217468469575, 2.5966797904013847, -0.17039903219327796
0.2451223837556149, -0.3038436624015377, 0.5009780921294531, 1.116346552337064, 2.5967538107768027, -0.17042466416425245
0.24510944734242718, -0.30385668552085776, 0.5009956581444379, 1.1163698847459242, 2.5966693267829295, -0.17045338109952884
0.24511695269189032, -0.30385510665037907, 0.5009763711814026, 1.1163257261936186, 2.5967526619414443, -0.17042939661921605
0.24510687694440542, -0.3038507859137868, 0.5010080143706649, 1.116372331724635, 2.5966684968136438, -0.17046438276632678
0.24512543137572002, -0.30385015549523664, 0.5009925512162852, 1.1163043971900413, 2.596694794245906, -0.1704313527094281
0.24508357790737734, -0.3038524031302908, 0.5009913303784073, 1.116430824463926, 2.5966725125172916, -0.17048426195629518
0.24511318927582837, -0.3038386964971578, 0.5009856375692308, 1.1163759543639888, 2.5967284864415765, -0.17043833572948922
0.24511638099540345, -0.30385591802369305, 0.5009764249124666, 1.1163595202818624, 2.5967384017991053, -0.1704408207141403
0.24511317834936935, -0.3038526269599654, 0.5009942183837534, 1.1163551367660447, 2.5966864883222778, -0.17043135116797753
0.2451113749396724, -0.3038472265461326, 0.5009839172793542, 1.1163394613907165, 2.596733481195052, -0.1704405645028548
0.24510291546668317, -0.30385464364383374, 0.5009900352140593, 1.1164343802291858, 2.5966814751247416, -0.1704710391045509
0.24510925040466183, -0.30384998762369236, 0.5009866355771738, 1.1164053663113416, 2.596675986683944, -0.17042081846074203
0.24511735571717205, -0.30384705523253885, 0.5009947922250938, 1.116342083231109, 2.59673258631578, -0.17045163263795352
0.24511705572692485, -0.30385397802602376, 0.5009749319957936, 1.1163573748126812, 2.596749278587514, -0.1704048358730545
0.24510374746555508, -0.3038474677203847, 0.5009823454013813, 1.1164166133992504, 2.5966984724091886, -0.17043248515259918
0.2451071974759393, -0.30385279810247234, 0.5009833434452868, 1.1163525145237718, 2.5966873829725996, -0.17042028387722075
0.2451027957298192, -0.303847987153576, 0.5009750016414388, 1.1164125614592229, 2.596728144416549, -0.1704467598115042
0.24510465294277498, -0.3038457286403656, 0.5010002713985843, 1.1163517564705865, 2.596686447590329, -0.17041457210076585
0.24511733840886854, -0.30385539056819433, 0.5009837681736877, 1.1163789512609024, 2.596701490263764, -0.1704236833612067
0.2451116807527558, -0.3038527878339559, 0.5009915000721142, 1.1163970835657235, 2.5966945552130514, -0.17043763800743034
0.24512091843903241, -0.30385180011205404, 0.5009798240894947, 1.116341408017354, 2.596762314627816, -0.1704828646917877
0.24512062685296157, -0.30385874900362675, 0.5009718080636932, 1.116379317736246, 2.596742721112615, -0.17043553293862845
0.2451110278067182, -0.30384458159049016, 0.5009856078808997, 1.1164181912745186, 2.5967199579453073, -0.17038838882039303
0.2451179217372137, -0.30384625188199954, 0.5009947390153279, 1.1163389877263297, 2.5967324438084254, -0.1704350076601496
0.24511633759098458, -0.30384937972236137, 0.5009928323593715, 1.1163895922649558, 2.596682151028079, -0.17041804732563287
0.2451203691874241, -0.30385081322840335, 0.5009615240652961, 1.1164002031515052, 2.5967671956984586, -0.17038657475568741
0.24510576888367344, -0.30384583528716225, 0.500981066361176, 1.1163958039776536, 2.5967233027633196, -0.1704633601519808
0.24512784270221882, -0.3038593935029822, 0.5009614109533065, 1.1164211970228066, 2.596749602235366, -0.17043645424854462
0.24510682925900812, -0.30384417916229745, 0.5009869703630008, 1.1163086516519258, 2.5967479363583146, -0.17044585464728604
0.24511881965136156, -0.30385339134467804, 0.5009871140727865, 1.116358032780012, 2.596726357215367, -0.17045446901531167
0.2451209049864815, -0.30384034278602734, 0.5009805714027221, 1.1163433255791464, 2.5967128804257467, -0.17039629334989453
0.24511214603860979, -0.3038477941449743, 0.5009987112777544, 1.1163383470920185, 2.596681660726245, -0.17044796256705394
0.24512637927040792, -0.3038530575700449, 0.5009690893012709, 1.116359169339445, 2.59677747496696, -0.17044168146036087
0.2451122983950533, -0.3038531958977337, 0.5009808641304694, 1.1163861214750697, 2.5967128123516354, -0.17043791795882546
0.24511017112814548, -0.3038612758908621, 0.5009777571855566, 1.1163837132348389, 2.5967148104233093, -0.17043193862467473
0.24511930832130044, -0.303852546586127, 0.5009930718351774, 1.1163507515477118, 2.5967150874325826, -0.1704403234051751
0.24511225245024595, -0.3038519764613036, 0.5009914463417326, 1.1163632899130862, 2.596708816071976, -0.17042621441050954
0.2451188220403222, -0.3038480724218565, 0.5009929392987515, 1.1163647069793718, 2.5966958169617023, -0.17045148998953766
0.2451269294497567, -0.3038467096345096, 0.5009750389153301, 1.1163773621839568, 2.59673935527997, -0.17041937433461987
0.24511228039607827, -0.3038454874555017, 0.501001843276581, 1.116336091660448, 2.5966925749226135, -0.1704118897711651
0.24510940231764916, -0.3038553891290297, 0.5009687884358995, 1.116376244739859, 2.596743257351287, -0.1704242316721671
0.2451167241355896, -0.3038549067871901, 0.500956711814692, 1.1163886053178054, 2.5967760099232664, -0.1704112260959986
0.24510710938191446, -0.30385091040052886, 0.5009899814611515, 1.11640014621258, 2.5966947118203043, -0.17045427463411386
0.2451080898645128, -0.30385453168995524, 0.500996071295617, 1.1164095454932568, 2.596688306159481, -0.17042342839517047
0.24512060069176425, -0.30385101464660286, 0.5009809429707587, 1.116352901003765, 2.596737055066964, -0.17040194840011974
0.24510597163349807, -0.3038525250990043, 0.5009900884459058, 1.1163450342650354, 2.596723808042938, -0.1704984256343275
0.2451001541093988, -0.3038545302827319, 0.5009810915470743, 1.116391582030389, 2.5967372399548134, -0.17042664683457176
0.24511317834936935, -0.3038526269599654, 0.5009942183837534, 1.1163397270156543, 2.5966937263673784, -0.17043404846979324
0.24510464809858756, -0.30385636641982666, 0.5009886211388896, 1.1163536659877615, 2.5967403602875176, -0.17041785715071658
0.24511504599584819, -0.30385083461989415, 0.5009675093877262, 1.116401224317917, 2.5967453483190983, -0.17044167597439724
0.2451072897976868, -0.30384982320807363, 0.5009825312754747, 1.116405313152018, 2.5967168604926276, -0.17043260228250665
0.2451189499937822, -0.3038401703822513, 0.5009764665776217, 1.1163586506778107, 2.5967465146487787, -0.1704052143454137
0.24510889290598487, -0.3038432149399168, 0.5009896354738521, 1.1164323545680996, 2.5966604654813703, -0.17039340759438654
0.2451122957399364, -0.3038585147305824, 0.5009750389153301, 1.1163486272071272, 2.596757828838039, -0.1704462892960532
0.2451096359473416, -0.3038502714254686, 0.5009940325943483, 1.1163664368830484, 2.5966681005612875, -0.17043123383328965
0.24511905398510342, -0.30384819657333584, 0.5009749063596345, 1.1163772640740983, 2.5967291988035086, -0.17044405295558077
0.24509966480642928, -0.30384474555538915, 0.500986784438196, 1.1164123944842819, 2.5966873594794793, -0.17043497604217409
0.24511183791315602, -0.303847551803217, 0.5009853032899769, 1.1163814620682098, 2.596700674478581, -0.17043506820429394
0.24510504809418843, -0.3038465557723067, 0.5009931415216581, 1.1163752709270953, 2.5967083571079996, -0.17048761357471687
0.24512376021843668, -0.30385667152484896, 0.5009658502913669, 1.116370900595459, 2.5967601326813314, -0.1704470085671286
0.24510778414902906, -0.30384897042823733, 0.5009884885103063, 1.1163827434546891, 2.5967127559819474, -0.17042096068755128
0.2451211434211042, -0.30384606238884865, 0.5009821432232638, 1.1163903514072313, 2.596692074352408, -0.17039369129382362
0.2451115555742699, -0.3038352939168238, 0.5010001386809062, 1.1163336886042035, 2.5966797063875324, -0.17042028984113458
0.2451055531722542, -0.3038475491832226, 0.5009984717081134, 1.1163161417443748, 2.5966786299873883, -0.17044179063925247
0.245119721310789, -0.30384073809810347, 0.5009912605388417, 1.1162960489306013, 2.5967235742297285, -0.17042337337886457
0.2451083894147628, -0.3038530227234044, 0.5009955793217962, 1.1163717099224013, 2.596657366329631, -0.1704840084237927
0.2451203691874241, -0.30385081322840335, 0.5009615240652961, 1.1163849454455144, 2.5967743622357475, -0.17038924464709226
0.24510302664702616, -0.30384818818506903, 0.5009944205540712, 1.1163345935631859, 2.5967124084671607, -0.1704675008706604
0.24512050382557785, -0.30385748833574566, 0.5009884012659688, 1.1163677103943281, 2.5967203593097192, -0.17042361180954027
0.24510867616528592, -0.30385611784241645, 0.5009808641304694, 1.1163864095409575, 2.596713908943654, -0.1704432852877117
0.24511489157355978, -0.3038507519876592, 0.5009795313367721, 1.1164082627118164, 2.596715855407521, -0.17044393735673247
0.24511535196002843, -0.3038563960804111, 0.5009750921258203, 1.1164281794861146, 2.5967208265031365, -0.17044411672061302
0.24511692118659115, -0.30385628461053155, 0.5009717999274987, 1.1163750395673737, 2.596731126894794, -0.1704382126901812
0.24510168374572602, -0.30384843187402283, 0.5009796803645845, 1.1164003210745963, 2.5967354918472294, -0.17046613241434808
0.2451068010453505, -0.3038506679128804, 0.5009765735194002, 1.1164586714718547, 2.596706486015676, -0.1704386842856218
0.24511320400998476, -0.30385145690974824, 0.5009987901509754, 1.1163519316324493, 2.59668638243618, -0.17041463755857808
0.24511275873316335, -0.30385884001702673, 0.5009764249124666, 1.116390628310208, 2.596725021905339, -0.17044079401196785
0.2451141675263653, -0.30384616166419237, 0.5009974322081797, 1.1163329481107442, 2.5966992521484173, -0.1704761395942937
0.24510225544696554, -0.3038476205055629, 0.5009796266107941, 1.1163971947827371, 2.5967353479087945, -0.1704493410426982
0.2451140335624932, -0.3038495998083587, 0.5009852753081262, 1.1163888252065453, 2.5967051089636564, -0.1703683264940014
0.2451273599713803, -0.3038566791306889, 0.5009751789894514, 1.116368569898691, 2.5967710688916523, -0.17041083406016486
0.24510526212664283, -0.3038389717648662, 0.5009960875475639, 1.116337798848432, 2.5967215016607317, -0.17045414698993294
0.2451184446806548, -0.30385495384384203, 0.500979090009068, 1.1163298877123078, 2.596722953327078, -0.17041521207647772
0.24510755175608473, -0.30384884597107864, 0.5010065214015197, 1.1163393662291248, 2.5966938507126374, -0.17043379350989546
0.2451133304393225, -0.30385802865052786, 0.5009763711814026, 1.1164029117682677, 2.596717639432244, -0.1704213058326621
0.24512357954648872, -0.3038488545420202, 0.5009870071322431, 1.1163667801285821, 2.596717807763161, -0.17041301513863674
0.2451048734766317, -0.303860126943946, 0.5009883143371812, 1.1164276073859358, 2.5966712133107577, -0.17046226085518323
0.24511150023478542, -0.3038538749585917, 0.5009989502763744, 1.1163612500526028, 2.596686811391321, -0.17046467800099044
0.24510348717939764, -0.30385383228340085, 0.5009899814611515, 1.1163851771393876, 2.59670297524392, -0.17046231252259633
0.24511398231089293, -0.30385788664939745, 0.5009932320294153, 1.1163603574195597, 2.596716612984697, -0.1704957318365685
0.24512213337337846, -0.30385022671008133, 0.5009737061356981, 1.1163547821141842, 2.5967659173460764, -0.1704442720984499
0.24511294734523825, -0.30385242587005695, 0.5009747994183275, 1.116417848136995, 2.5967093904842367, -0.170413280127654
0.24510875341851474, -0.303856159188988, 0.5009748531494036, 1.1163751854080468, 2.596732274426527, -0.17044350264676605
0.2451152772457487, -0.30385103586872125, 0.5009869283200867, 1.1163845905727003, 2.5967008026083467, -0.17045168140714026
0.245104059899023, -0.3038370723312681, 0.5010074034887908, 1.1163407691907348, 2.596640021986302, -0.17044748476309904
0.2451136412782935, -0.30385295219557024, 0.5009956044148777, 1.116381726847894, 2.596660919812506, -0.1704285514203796
0.2451076497107244, -0.3038512770789711, 0.5009853564995806, 1.1163541786572921, 2.5967163183654467, -0.17046242812073603
0.24512797726969318, -0.30385708695490016, 0.5009645430341013, 1.1163728649457931, 2.5967821593764597, -0.170408443425189
0.24509478126837883, -0.3038480209492094, 0.5010034845267103, 1.1163920400787772, 2.5966735475654326, -0.17046450866469212
0.24511222108164474, -0.303853154512401, 0.500986875110495, 1.11638193563746, 2.5967016851576226, -0.17044039731276325
0.2451087874481947, -0.30384966236982125, 0.5009852495595344, 1.1163479563653298, 2.5967160316720266, -0.17042901214011552
0.2451158769123773, -0.303843735549269, 0.500997271517107, 1.1163390087638168, 2.596691584289846, -0.1704232354704763
0.2451047280129454, -0.30385108898353064, 0.5009884353227714, 1.1163799358369186, 2.5967137097006554, -0.17040970312927178
0.24510248843164362, -0.30384250257711426, 0.5010048705572889, 1.116371825159095, 2.596667500229802, -0.17045906485107562
0.2451054163166266, -0.3038551747164946, 0.5009895145710925, 1.1163576473813686, 2.5966766849737213, -0.17047280374500215
0.245115514692323, -0.3038476006002185, 0.5009886211388896, 1.116352649497619, 2.5967371427056256, -0.17040178232920777
0.24510424180377885, -0.3038466149317651, 0.5009883026432177, 1.1163786338789154, 2.5967016063503343, -0.1704235407239231
0.24510516770296809, -0.30384726543033114, 0.500991074685239, 1.1163550708857233, 2.5966865167677997, -0.1704313746026766
0.24510754096223014, -0.3038524136987891, 0.5009867962693582, 1.1163840484353948, 2.596690821624999, -0.17047639317973096
0.24511464274381764, -0.30384284265116906, 0.5009810915470743, 1.1163441997218946, 2.5967545684609528, -0.17041326943279245
0.2451183566647672, -0.3038530660788044, 0.5009857280691784, 1.116362109118821, 2.596737521215039, -0.1704519008125473
0.2450912412730979, -0.3038551199225397, 0.5009961648226029, 1.1164787990922846, 2.5966734357933716, -0.1704374563882772
0.24510693795830368, -0.3038430425157425, 0.5009855306281681, 1.1163556791298088, 2.5967373139062877, -0.17041843076892135
0.24509650310777117, -0.30385331136276006, 0.5009823454013813, 1.1163865224588494, 2.5967150707227202, -0.17044858713971697
0.24510849575421112, -0.30385720504455577, 0.5009883143371812, 1.1164579857618342, 2.5966557109331694, -0.17045152547456274
0.24511506679534814, -0.303838827414704, 0.5009957533689315, 1.11632577680805, 2.596698129387645, -0.17043726077590465
0.24511284819511617, -0.3038397086879419, 0.501005110214351, 1.1163163707858452, 2.5967057266891382, -0.17047319613049455
0.24511052869294286, -0.30384129864461457, 0.5009809593975015, 1.1163432167648348, 2.596743562817404, -0.17043264070341516
0.24512253815130788, -0.3038437450110234, 0.5009660701932547, 1.1163395132908933, 2.5967833033712946, -0.1704224025259249
0.2451029953180904, -0.303849366260921, 0.5009898493529309, 1.1163839062148027, 2.5966908725566866, -0.1704763160028506
0.24511373583265106, -0.30384465832460966, 0.5010006173780339, 1.1163337884478828, 2.59671030918623, -0.17045669162063062
0.24512019168193733, -0.30384658183563756, 0.5009747994183275, 1.1163710423223203, 2.5967289124603687, -0.17041063658108477
0.24511813606366617, -0.3038547111694189, 0.5009656820178807, 1.1163116679184946, 2.5967707755914993, -0.17041305079710212
0.24511905137443862, -0.30385351535235455, 0.5009690811507779, 1.1164319247152539, 2.596730928775168, -0.17043629746427555
0.2451201638415577, -0.30385842371316896, 0.5009704220735697, 1.1164140618002063, 2.596739479975211, -0.1704275977502653
0.24511907220788356, -0.30384150802916043, 0.5009973252469041, 1.1163258097484339, 2.5966981151656126, -0.17043724905829646
0.24512522609904783, -0.30384878442598795, 0.5009777039979, 1.1163486457566936, 2.596724758146075, -0.1703992383141197
0.2451087100756993, -0.30384962094515555, 0.5009912605388417, 1.1163745901784938, 2.596690428272377, -0.17042609730292324
0.24511111925978213, -0.30384295333165795, 0.5010032035918096, 1.1163215266342763, 2.596676831314405, -0.1704644074125187
0.24509950990899912, -0.3038446626043761, 0.5009988063795544, 1.1163733558483948, 2.5966795101459086, -0.17044530221885842
0.24512375736026917, -0.3038619903246532, 0.5009600249769409, 1.116410304024613, 2.59676902961585, -0.1704419224897908
0.24511495099773145, -0.303843085072698, 0.5009944994750868, 1.1163778289562583, 2.596699507605493, -0.17041273169084362
0.2451076497107244, -0.3038512770789711, 0.5009853564995806, 1.1163849983055552, 2.59670184183316, -0.17045703392787717
0.24510202550004734, -0.30384217734788765, 0.5010034845267103, 1.1163759016517527, 2.596678664193095, -0.17045649691911544
0.24510886476100774, -0.30384970375481146, 0.500979238579186, 1.1163675521028047, 2.596719920752827, -0.17042383550700985
0.24512869686226815, -0.30384915222872166, 0.5009820776186735, 1.1163599122764711, 2.596683231084208, -0.17044894080970882
0.24510214048259363, -0.30385352474803123, 0.5009897676260591, 1.116419097205163, 2.5966818549717057, -0.17039278348430908
0.2451195402217873, -0.3038526707117303, 0.5009750389153301, 1.1164093861708824, 2.5967268259860647, -0.17042482144687035
0.24510588475043002, -0.3038435156094847, 0.5009841429222402, 1.1164091225681712, 2.5967274253440165, -0.1704244871966333
0.2451075723371406, -0.303851235653581, 0.5009913674782457, 1.116380812543133, 2.5966907145905074, -0.1704595131919087
0.24511923777748135, -0.30385777310480205, 0.5009676501135538, 1.1163915471473949, 2.5967762128732654, -0.1704278276517471
0.24511154629316495, -0.30385509446875275, 0.500988368089852, 1.116353261910075, 2.5967052840356777, -0.17048177581557405
0.24509676725266633, -0.30384701514350554, 0.50101216063222, 1.1163580686213561, 2.596647044672314, -0.1704414065930179
0.24511211950570916, -0.303838051799412, 0.500980119317765, 1.1163293348264407, 2.596698620840019, -0.1704540648169881
0.24510628887988628, -0.30384381245964304, 0.5009915953168365, 1.1163852871245072, 2.5967119260344775, -0.17043233406887753
0.24509317266401498, -0.3038486905464042, 0.5009792805431811, 1.1164151638116713, 2.596711485048205, -0.17040722016604143
0.24511907220788356, -0.30384150802916043, 0.5009973252469041, 1.116264322789593, 2.596726994562667, -0.17044801155865943
0.24511464274381764, -0.30384284265116906, 0.5009810915470743, 1.1163441997218946, 2.5967545684609528, -0.17041326943279245
0.24511294988844357, -0.3038471070653453, 0.5009806245900831, 1.1163323677010957, 2.5967221364470956, -0.17042643062233792
0.24511095981413566, -0.30385350821914553, 0.5010035752223762, 1.1163918074869474, 2.5966724431529924, -0.1704592212437263
0.2451116550416972, -0.3038539578489263, 0.5009869283200867, 1.1163696214434515, 2.596709065918329, -0.17045971930886986
0.24512395868194728, -0.30384354286947596, 0.5009747994183275, 1.1163394588996325, 2.5967424661167384, -0.1704105297710311
0.24509921580060115, -0.3038575240185562, 0.500996046184617, 1.1164304825222828, 2.596671444694684, -0.1704788858658511
0.245115763458635, -0.30385551003017836, 0.5009870608629355, 1.1164319694125993, 2.5966912629015213, -0.17042977967010892
0.24510759800282797, -0.3038500656083673, 0.5009959392227964, 1.1163776075742629, 2.596690608895298, -0.17044279946997545
0.24511325205426254, -0.3038496389608241, 0.5009933507814823, 1.1163926880241692, 2.5967236505095523, -0.17044626488238732
0.24512742387528905, -0.30384585690677834, 0.5009809961586378, 1.116323972442419, 2.5967497265025203, -0.17041312610851295
0.24511584075829798, -0.30385555140629844, 0.5009810498896529, 1.1163441535265142, 2.5967456049548945, -0.17044340203292221
0.24511434871276266, -0.3038557041733743, 0.5009783311128365, 1.1164014793507955, 2.5967464324804745, -0.1704468265371009
0.24512006040425596, -0.30385064800503253, 0.5009855679402594, 1.1163834592035808, 2.596722687281659, -0.17039649229455237
0.24510917301839874, -0.3038499461898886, 0.5009926465632236, 1.1163705135331772, 2.596679264417022, -0.17042866557873287
0.24511591799830007, -0.3038555927427644, 0.5009750389153301, 1.1164096742123062, 2.596727922508603, -0.17043018843630237
0.2451292017139236, -0.3038493549226612, 0.500966261916641, 1.1163665689231663, 2.596799398651577, -0.17043096930284973
0.24511325318660254, -0.3038579873044021, 0.5009823821627911, 1.1163833159192584, 2.596713750607601, -0.1704264823939697
0.24511483592366576, -0.3038386264266302, 0.5009763344280983, 1.116373077590724, 2.5967282707062473, -0.17042188842504738
0.24511264197663557, -0.3038628469938487, 0.5009615854180683, 1.1164546713261307, 2.5967605064274437, -0.17040852977096813
0.2451088154738992, -0.30384317347680423, 0.5009956464524371, 1.1163515777750839, 2.5966853144811712, -0.17040929305851765
0.2451270830795353, -0.3038468692895281, 0.5010004688304848, 1.116264388671399, 2.5967269661198067, -0.17044798812471643
0.24510514709911133, -0.30384487572913627, 0.5010062286614175, 1.1162983668737705, 2.5966968181544, -0.17040832627893415
0.24511702988541845, -0.30385514795594354, 0.5009703601989748, 1.116422067124247, 2.5967205033641334, -0.17041078912805807
0.2451122983950533, -0.3038531958977337, 0.5009808641304694, 1.1163707115819737, 2.596720050610825, -0.17044061497709403
0.24511396034956792, -0.3038392640511025, 0.5010004315239094, 1.116344020405972, 2.5966911419802305, -0.1704511260824878
0.24510855281706637, -0.30385485694939646, 0.5009974573132555, 1.116390211601116, 2.596684309017294, -0.17042866720141753
0.24510775278104888, -0.30385014847982983, 0.5009839172793542, 1.1163705693601582, 2.596720101541627, -0.17044053779972573
0.24511177504853218, -0.30383854723769543, 0.5009794127721902, 1.1163686127245145, 2.5967398914379456, -0.17037449768983406
0.24511464274381764, -0.30384284265116906, 0.5009810915470743, 1.1163441997218946, 2.5967545684609528, -0.17041326943279245
0.24512011442778417, -0.3038465404921869, 0.500980810399716, 1.1163515990836028, 2.5967249516819066, -0.17041578609197158
0.2451162288484911, -0.30385051634023, 0.5009942721135874, 1.1163732325930167, 2.59667836913866, -0.17044010366154275
0.24512310121418956, -0.30385910240773223, 0.5009483078035634, 1.1163632480130248, 2.5968538531171235, -0.17040640700422724
0.24511437698218047, -0.30384921533003534, 0.5009887280576131, 1.1163434613962204, 2.59674466765144, -0.17043789552786767
0.24510245720746615, -0.30384368071370094, 0.5010002993710856, 1.1163750611673267, 2.5966676070642514, -0.17047594471993546
0.24510725852292553, -0.3038616306696485, 0.5009663091907643, 1.1164258371907527, 2.5967636417378186, -0.17044990400264992
0.2451128674454776, -0.3038577033636663, 0.5009749851839922, 1.1163915784516782, 2.596736041587181, -0.1704214342203633
0.24511003280861227, -0.3038362813515214, 0.5009953536772133, 1.1163101379243063, 2.5966872576011197, -0.17037848417690962
0.24512730260034862, -0.3038590269849336, 0.5009660359541005, 1.1163904200586263, 2.596764044146043, -0.17044173194120618
0.2450983441283026, -0.303852766161063, 0.5009885165679687, 1.116375956605254, 2.596710514210826, -0.17049843735255635
0.24511511048661386, -0.3038473036991212, 0.5009811687490567, 1.116330407048655, 2.5967742845028763, -0.17040199841912823
0.24510300650989422, -0.3038618421660982, 0.5009775714333787, 1.1163800442932243, 2.596704685711587, -0.17043985982358378
0.2450933777479436, -0.3038500615399273, 0.5009941277036835, 1.116370914457669, 2.5966815226381494, -0.17043933590715518
0.24511080637640575, -0.303853348682761, 0.5009781453399067, 1.116428037264559, 2.5967208774373938, -0.1704440395425752
0.24510829042527268, -0.303855833902565, 0.5009734671522666, 1.1164100819012688, 2.596728961619677, -0.17043554042433973
0.24509513307047429, -0.30385480166568146, 0.5010004852761835, 1.1164110067551782, 2.59666749865688, -0.17048404741053888
0.24513671108732163, -0.3038564086507898, 0.500961436432487, 1.116354213679183, 2.596788107203016, -0.17038922544198115
0.2451042029881198, -0.30385318644788545, 0.5010155986134426, 1.1164224264455507, 2.5966179048557962, -0.17044753620360487
0.24511478529865408, -0.30384656979325714, 0.5009867962693582, 1.116352652679056, 2.596703104657081, -0.17047105221780753
0.2451111170749817, -0.3038482722578798, 0.5009973784558686, 1.116345519292866, 2.596692967073906, -0.17046201914103506
0.24512092918346062, -0.30385364651050023, 0.50097919692697, 1.1163356694796165, 2.596722215366429, -0.17044328720270294
0.24510658211099987, -0.3038470710605324, 0.5009998045668503, 1.116339635760787, 2.5966529193983465, -0.1704223661741829
0.2450982898931558, -0.30385687348202867, 0.5009932741577202, 1.11646930245557, 2.5966793666026424, -0.17046838219382
0.2451148166454759, -0.3038453917473281, 0.5009913674782457, 1.1163033398151636, 2.5967246400269905, -0.17046223708758942
0.24511757003076956, -0.3038555145123226, 0.5009657352061762, 1.116406766436638, 2.59672770505124, -0.17041357488168274
0.24511248434749824, -0.3038521005887394, 0.5009734134209167, 1.1163912575002066, 2.596734959338576, -0.17041607895249233
0.2451143920475729, -0.30384076737578986, 0.5009972463605364, 1.1163279229116896, 2.5966872511549313, -0.1704732443981185
0.245119697199834, -0.30384743452676244, 0.5009688421672983, 1.1163016088047022, 2.5967762303635236, -0.17043837955354885
0.2451140051877802, -0.30385608865507246, 0.5009748782869702, 1.1164007665575266, 2.5967285161484055, -0.17038532102366238
0.2451152567865591, -0.3038486462866319, 0.501002082259355, 1.116343296940382, 2.596703867167163, -0.17042593450509141
0.24511287256136877, -0.3038470656721388, 0.5009866355771738, 1.116435592408343, 2.59666055674136, -0.17041010963785375
0.2451050104568644, -0.30385250138184605, 0.500997271517107, 1.1163861019522139, 2.596673159413914, -0.1704312472853479
0.24512096062995264, -0.30385246852022113, 0.5009837681736877, 1.1163324335821772, 2.5967221080021665, -0.17042640718748836
0.24510967057654207, -0.30385806926593134, 0.5010105608851327, 1.1163408837167026, 2.596631678456468, -0.17048290142768777
0.24510716899043558, -0.3038592868887987, 0.5009729464483625, 1.1163644556743653, 2.5967107906480664, -0.17043727832627772
0.24511992839931282, -0.30384763573775264, 0.5009882611278607, 1.1163617206390983, 2.5966956379799653, -0.17043495402146058
0.24511489402004988, -0.30384543317084994, 0.5009853564995806, 1.1163075252425418, 2.5967357673902804, -0.170459757730517
0.24510731077869916, -0.3038469702831367, 0.5010106543760227, 1.1163166798988546, 2.596655780310381, -0.17049161379327596
0.24511772402489396, -0.30385567441893, 0.5009911651851605, 1.1164013554071524, 2.5966647944216117, -0.17042336311990094
0.24511564351401477, -0.30384885331369704, 0.5009720274302498, 1.1163642258425779, 2.596759503140469, -0.17041353726952008
0.2451049791189978, -0.3038536794623727, 0.5009927002930697, 1.116404595041622, 2.596666099886445, -0.17044545656959362
0.24511958240187995, -0.3038533391188133, 0.5009789831359716, 1.1163543325577718, 2.5967082619759796, -0.17037642861979918
0.24511430204038948, -0.3038598984503463, 0.5009685609386303, 1.1163713604281351, 2.596721022878629, -0.17044623727295452
0.2451110807403865, -0.30386008808490106, 0.5009811568533529, 1.1164428178662171, 2.5967037011179817, -0.17046605739994178
0.24511925834254633, -0.3038404128609982, 0.5009898745212025, 1.1163309452372978, 2.5967202625773864, -0.17041541090727763
0.2451196174025921, -0.3038527120075999, 0.5009690279399681, 1.1163981620112273, 2.596745191551029, -0.1704250390597683
0.24512300786887087, -0.3038496659286537, 0.5009870608629355, 1.1163546492136793, 2.5967251181145232, -0.17043247670207107
0.24510451855782805, -0.30384803532828497, 0.500997139399782, 1.1163694215004771, 2.59666829530879, -0.17044794757758924
0.24510702951332372, -0.30385618783336527, 0.5009901672713065, 1.1163892865511953, 2.5967141249634174, -0.17045973244173526
0.24509074236636258, -0.30385183705528973, 0.5009915163544448, 1.1164038264648404, 2.5966970426338394, -0.1704817085799162
0.24512446900077978, -0.3038442196180631, 0.5010221462757294, 1.116321454817453, 2.5964490040242283, -0.17045604780342954
0.2451104134413523, -0.30382886970607925, 0.5010869518563914, 1.1163639846424867, 2.596058912635555, -0.17033118863344293
0.24508198334245176, -0.30381635055315814, 0.5011021059206373, 1.1164381488417912, 2.595535218829043, -0.17018294195519423
0.24505515995670513, -0.3038092344868227, 0.5010836687537377, 1.1167150977731182, 2.5949813590279454, -0.16997889122580148
0.24496331492584308, -0.30379357332460033, 0.5011550346648973, 1.1168916805299134, 2.5941182299158503, -0.16976382023789047
0.24489359297312505, -0.30381267556321423, 0.5011884918912033, 1.117200229012289, 2.59312371194925, -0.16946033554359097
0.24484301514419607, -0.3037846452264531, 0.5012580882512337, 1.1173335080216105, 2.5917629284900374, -0.1691702602031843
0.24474663201523603, -0.30377940016968824, 0.5013145486164015, 1.1177832265088454, 2.590580300023804, -0.16883448352534083
0.24467385218368762, -0.30377964106164934, 0.5013737535254267, 1.118112482920659, 2.5889539321199133, -0.1684331550120606
0.24459479090778632, -0.30376087489525827, 0.5014494163554097, 1.118454087234262, 2.587385243054562, -0.16787448196757512
0.24449214666797042, -0.30372294298085123, 0.5015938249515883, 1.1188442971534454, 2.585354701088306, -0.16731391045852048
0.24435651373316264, -0.3037177906143369, 0.5016646443460233, 1.1193870824490852, 2.583408485026494, -0.16692530890560084
0.24424190612000912, -0.3036957276249341, 0.5017883189041143, 1.119866716219411, 2.581159316017917, -0.1662844576820502
0.24413027400316575, -0.30367393282418625, 0.5019166203113923, 1.1204106964838927, 2.578625944146937, -0.16563068855707067
0.2439771599225335, -0.3036545961636062, 0.502044286270894, 1.1208610723720815, 2.576067711775956, -0.16508403348854522
0.24381081685780484, -0.30361906819281553, 0.5021549034544756, 1.121512155690325, 2.5734983111824543, -0.16409228130704542
0.24365075218004112, -0.30360095551701743, 0.5023446404830363, 1.1218981262599474, 2.5704445038288273, -0.16348627431823542
0.24350663410929543, -0.3035614345964239, 0.5024859529766824, 1.1227242603474545, 2.5674049006798874, -0.16252114011649382
0.24331292681984748, -0.30354344808380285, 0.502637110620601, 1.1233590514810485, 2.564375753771051, -0.16196774941757572
0.24310633473678994, -0.3035033699471169, 0.5028123461897668, 1.1241655677770643, 2.560947799536206, -0.1610039359273125
0.24292241879867976, -0.30349963991125434, 0.5029781319657574, 1.1251797361848392, 2.557114554707593, -0.16012488802386865
0.24270177102778626, -0.3034429497121957, 0.5032270957639038, 1.1255355807787653, 2.5534413009506602, -0.15905265483136907
0.24249042953064848, -0.30340394199063836, 0.5033929883254632, 1.126394280532283, 2.5495631614673435, -0.15796991050139275
0.2422783682611854, -0.3033825835873675, 0.503582549743981, 1.127308776214922, 2.5455809200943564, -0.1570781283806189
0.24203584681847728, -0.3033231779794705, 0.5038218385072889, 1.1280517631412346, 2.5412548820587957, -0.15580239742787663
0.2418223747131022, -0.30329290916473745, 0.5040272794262419, 1.1288942268315407, 2.5371668239268153, -0.15489358390959743
0.24157061628296836, -0.30324280567835277, 0.5042727668996769, 1.129708784073932, 2.532822877443817, -0.15367544201426486
0.24135698100296982, -0.3032087126066953, 0.5044523049100537, 1.1305326380695606, 2.528742536942054, -0.1523607806699787
0.24112539615439793, -0.3031860317508523, 0.5046523910022246, 1.1316064312032463, 2.5243935108893654, -0.1514172294346523
0.2408982750634165, -0.30312787513149225, 0.504882631593999, 1.132418826136841, 2.520259460431741, -0.15024423347610055
0.2406800449653197, -0.30308363007324696, 0.5050661673660203, 1.13340964338094, 2.516088074529186, -0.1490023959114513
0.24041002882299212, -0.3030431923744953, 0.505285572365844, 1.1339988435193606, 2.512047350150363, -0.1479923210487498
0.2402042175275719, -0.30300627202464236, 0.5054873658373188, 1.1348774218135433, 2.5078044801488177, -0.14690550643352632
0.23993458739035742, -0.30295444422879114, 0.5057265832472126, 1.1356085866635495, 2.503519615757542, -0.14578380172668584
0.23971259167612846, -0.3029078183952946, 0.5059374590225663, 1.1367281691156288, 2.4992636838960514, -0.14465570044544682
0.2394641861385462, -0.30287051505417417, 0.5061478148675382, 1.137490369419283, 2.4951129685511457, -0.14358142326700643
0.23923665910177902, -0.3028450043140957, 0.5063368475883656, 1.1382363830960207, 2.4909250726511774, -0.14247798280623608
0.23902665888599967, -0.30277588254240967, 0.5065723987238749, 1.138899848168806, 2.486755987441715, -0.1412253173776864
0.2387752110508804, -0.30275562164272873, 0.5067896920596029, 1.1395930448513003, 2.482587002154927, -0.1403739572334411
0.23857146859500092, -0.3027249187863716, 0.5069703164272603, 1.1405022539610468, 2.478407408965307, -0.1391213298572838
0.23830304725249604, -0.30267726589667976, 0.5071842881908628, 1.1413246192315005, 2.4743007076150585, -0.1382137963813466
0.23809729449471823, -0.30264040193459285, 0.5074175502607019, 1.1422720760260825, 2.4698518855903133, -0.1370385737584787
0.23786751904379388, -0.3026173718166853, 0.5075998397533045, 1.143022410651893, 2.4657276638946044, -0.13618857980165452
0.23758766639200116, -0.3025700211796066, 0.5078547745641648, 1.1437305902108164, 2.4613322890367786, -0.13496474852050916
0.237403437501848, -0.30252626825763956, 0.508052003397146, 1.1443673673924597, 2.4571936523733773, -0.13360444629162405
0.2371468714997078, -0.3024870455414803, 0.5082598196948913, 1.145241156926896, 2.4530100168424798, -0.1328223171454241
0.23693555874425745, -0.3024375998768608, 0.5084768288448737, 1.1459458212941647, 2.448820560100635, -0.1315633399267412
0.23670238344456926, -0.30241353451081515, 0.5086537059169806, 1.146847288689928, 2.444638699174857, -0.1304068581860382
0.23645398401639395, -0.30238651651052373, 0.5089200891361766, 1.147572332525621, 2.4403472474384498, -0.1296249103821813
0.23622593492886296, -0.302323369873219, 0.5090747636230056, 1.148445746753928, 2.4361966506935753, -0.12828097622796858
0.23599469838122122, -0.3022725941438616, 0.5093041585134102, 1.1489166212134176, 2.432172550685032, -0.12710821743816325
0.2357638788489662, -0.3022544131569286, 0.5095511317220391, 1.1498958261209549, 2.4276415965224905, -0.12628193264856072
0.2355414756702458, -0.3021972599352256, 0.5097611251225309, 1.1502480619534265, 2.4235371926801674, -0.12511046138670445
0.23530232140943927, -0.30217716710613296, 0.5099402381549248, 1.1509975970580402, 2.4194971110114385, -0.1242329744758489
0.23505580078182098, -0.3021170568285511, 0.5101977579269867, 1.1517920191903186, 2.415037460166144, -0.12301196133959812
0.23480517857572253, -0.3020854863814617, 0.5104090915994716, 1.1526280024421853, 2.4107660511322764, -0.12200333694876836
0.2345724539908934, -0.3020530718253177, 0.5106068546072765, 1.1533208601673106, 2.4066512943629395, -0.1209721506680052
0.23437232461450727, -0.30198310989420957, 0.5108157326516933, 1.1538668279842863, 2.4024530181327806, -0.11974665939952427
0.23412425930784403, -0.3019764060659357, 0.5110226104145597, 1.1549703293904967, 2.3982443552245005, -0.11883783289486607
0.23391589839763946, -0.3019199748005704, 0.5112356373504888, 1.155323764068286, 2.394187771856854, -0.1177258307646265
0.23366901165421503, -0.3018808180436441, 0.5114181308315414, 1.1561092068913106, 2.390044371492843, -0.11663935582620703
0.23344872332076824, -0.30185808910121764, 0.5116252542163613, 1.156668872085923, 2.3859425483567924, -0.11571810777648465
0.2331995569644413, -0.3018101904999133, 0.5118550237964372, 1.1576259257550612, 2.3815574342845003, -0.11455585011890972
0.2329849643570246, -0.3017571978401662, 0.5120514160060256, 1.1579717480291347, 2.3775956408175594, -0.11348088780530939
0.23272985889919162, -0.3017285818313302, 0.5122745200797246, 1.1587788272550477, 2.373320351597826, -0.11261202904137495
0.23251266165642864, -0.3016884709094583, 0.51246841610665, 1.159450046021935, 2.3691566434841027, -0.11124749516377112
0.23228240926220117, -0.30165570513494, 0.5126912047594034, 1.1601569882609772, 2.364698193578573, -0.11024071302839052
0.2320427952570941, -0.30162194908016654, 0.5128952901596343, 1.16088142145626, 2.360444514562299, -0.10923541727043193
0.2318000208610422, -0.3015630870575025, 0.5131380064741498, 1.1615570541024893, 2.3562352459413582, -0.10818562998422421
0.23156647873709219, -0.3015167548305361, 0.5133852063249063, 1.16214543923187, 2.3519445292385557, -0.10711262143740476
0.2313434043388526, -0.30148670311100045, 0.5135618706754754, 1.1627828005687841, 2.347826959141751, -0.10601032020859127
0.2310794062367853, -0.3014524698003281, 0.5137535057037749, 1.1636857050972524, 2.3435686811625245, -0.10523638540073177
0.23086214316525783, -0.30140492725757756, 0.5139898616082134, 1.163900147388415, 2.3394365580305956, -0.1040923352593802
0.23063355153248388, -0.30135937857749484, 0.5142167406888164, 1.1645403118765316, 2.335166886975426, -0.10315509684634228
0.23040459979642988, -0.3013130455797649, 0.5144513069281212, 1.1650007449041564, 2.330910104640958, -0.102001559678998
0.2301556180835782, -0.30130031375620486, 0.5146543465880715, 1.1660378283542747, 2.3266408043360816, -0.10105824341042104
0.229947790961159, -0.30122559485952644, 0.5148496373589806, 1.1664209164021486, 2.3226302244968666, -0.09983852989229045
0.22970839600986084, -0.30120612162674176, 0.5150428773245462, 1.1671750220464308, 2.3184205157513427, -0.09892405544949033
0.22945507247922184, -0.30115190752726456, 0.515283318623079, 1.1677219033766282, 2.3141024628991222, -0.09793142515178876
0.22921901187824512, -0.30110707598864406, 0.5154903080672779, 1.168251597123037, 2.3099498867933153, -0.09676511175623474
0.2290037457414395, -0.30105837987763717, 0.5157252245121146, 1.168783943722219, 2.3057550204458406, -0.09572575600880177
0.22876575364511717, -0.3010522026225951, 0.5158658767014572, 1.169603244202377, 2.301754956718733, -0.09475160740971887
0.22854767594300074, -0.30101426815374194, 0.5161031827231815, 1.1700807694451354, 2.297418625954153, -0.09396697812874759
0.22829962262065154, -0.3009653544151268, 0.5163426365407109, 1.1705275767638788, 2.2931677218020745, -0.09281822483559836
0.22808706310648114, -0.30092561172624016, 0.5165463479136495, 1.1713002398185297, 2.2889196305906525, -0.0918487360314141
0.22786203230120405, -0.30088403772233396, 0.5167591261406971, 1.1715848134188667, 2.284813797167765, -0.09081491838180342
0.2276207247626041, -0.300857098147251, 0.5169676132653884, 1.1722813239508818, 2.2806411660878885, -0.09000312853606877
0.22740176659906808, -0.3007927458651145, 0.5171671396693164, 1.1727681775113006, 2.276455914597803, -0.0885198411253574
0.22715414819815044, -0.3007580352333453, 0.5174247300326467, 1.173328629637279, 2.2721381257847733, -0.08763792686339186
0.22692415396023619, -0.3007145062745172, 0.517607802348195, 1.17381820402412, 2.2678359095317377, -0.08654720185899761
0.2266584466098678, -0.3006754476867509, 0.5178671128638946, 1.1744738081069734, 2.2634948663595504, -0.08581020869803524
0.22644564167128284, -0.30063848441706725, 0.5180527730698656, 1.1750463523934107, 2.2593325146733996, -0.0846659004659907
0.22621354683732003, -0.3005945039201202, 0.518265451755814, 1.1756493912813537, 2.2551607327693444, -0.08360370902756528
0.22597092342078035, -0.3005609959632338, 0.5184584578971194, 1.176251965946473, 2.2510474449486146, -0.08246631309683379
0.22572630286341117, -0.30051342733931097, 0.5186965932726024, 1.1767479013758355, 2.2468011729016757, -0.08151310146702608
0.22550885232317358, -0.3004861017559235, 0.51887773214601, 1.1773264333787734, 2.242670358727608, -0.0806578956653269
0.22527675769628902, -0.30043155056004606, 0.5190700684935581, 1.1778293433077347, 2.2384506415354894, -0.07947275989526321
0.22500810126058668, -0.3004148725021332, 0.5193324872606048, 1.1782573374278145, 2.2340219394529752, -0.07874526723340718
0.22481130056909004, -0.3003682842334421, 0.5195183676753827, 1.178737553200541, 2.229943584570186, -0.07750994291020387
0.2245769371096387, -0.3003220016236182, 0.5197454762671997, 1.1793122167297623, 2.225669488053138, -0.07648581397775714
0.22434722374935248, -0.3002714909598681, 0.5199230358259704, 1.1798320562131726, 2.2215656885784014, -0.07537701646275652
0.22412108370170114, -0.3002543712245821, 0.5201410789755835, 1.1802513507225332, 2.217397359800231, -0.07452811967521496
0.2238995062052955, -0.3002162681043584, 0.520368375178929, 1.1807347018189647, 2.2130981688333056, -0.07363247658719477
0.22363353244139678, -0.3001564339539405, 0.5206046805438654, 1.181198465781043, 2.208837245715833, -0.07264083393715555
0.2234332515880202, -0.3001311020159404, 0.5207714809959503, 1.1816999626591318, 2.2047343323606907, -0.07150690580821899
0.22317317485852906, -0.3000771193720692, 0.5209899683666822, 1.1822586417925969, 2.200534118117155, -0.07055840322019442
0.22294870810889647, -0.30004216811475626, 0.5212259605461564, 1.1826569480760598, 2.1962214599114294, -0.06956192049002044
0.22271856870409323, -0.30000721747606535, 0.5214336406754275, 1.183200579643111, 2.191995515281703, -0.06844186754686638
0.22249415078865145, -0.29996319384114145, 0.5216059159594074, 1.1836236010392895, 2.1880127884545786, -0.06762865177527598
0.2222703470427023, -0.2999157453800043, 0.5218327992853756, 1.1839872895802428, 2.1838249292901932, -0.06664658090441783
0.22199629151245404, -0.29988303217164286, 0.5221067312810453, 1.184574852427338, 2.179326759685512, -0.06583592231619463
0.2217918551956815, -0.299839452279264, 0.5222631310393069, 1.1848445316382907, 2.1753217825561095, -0.0645617570215364
0.22157000339085492, -0.29980532090339185, 0.522469306493558, 1.1853473938091748, 2.1711693109418753, -0.06361670454492313
0.22133500614211563, -0.2997518864182684, 0.5226837824340783, 1.1858664299181179, 2.1668916055775624, -0.06246536756127579
0.22109659059313197, -0.2997114320026778, 0.5229176822230209, 1.1861886452169002, 2.1626245429373196, -0.061655073777017046
0.22087897667242362, -0.299669274811729, 0.5231383166453928, 1.186629532602981, 2.158413413845751, -0.06050460387427657
0.2206178369369941, -0.29962347657212324, 0.5233531419865618, 1.1870284679662522, 2.1541761367857695, -0.059632218513881945
0.2204007128640836, -0.29959026794301075, 0.5235490570490395, 1.187656146643194, 2.149986908130695, -0.05864180905311983
0.2201557191826562, -0.2995610137382621, 0.523749287589831, 1.1880903844675548, 2.1458244413398977, -0.05762702980106726
0.21990631398210234, -0.2995361649301825, 0.5239665172218515, 1.1886338984052824, 2.141580460466048, -0.05697290432548551
0.21968291342505314, -0.29949105546044813, 0.52418369698504, 1.1890097356231564, 2.13734371932925, -0.055842712160015566
0.2194453118671339, -0.29945401050128473, 0.5243863715642125, 1.189508580858423, 2.133077596277265, -0.054850762620827005
0.21922187991674744, -0.2994172163955622, 0.5246288004199452, 1.1896655776556213, 2.128901894230091, -0.05391179250332012
0.21900056948641838, -0.29935877164530383, 0.5248050402313016, 1.1901922111988519, 2.124791278073737, -0.05282091667593439
0.21875932051078392, -0.29932023934582797, 0.5250528626723244, 1.190400488929104, 2.1205019494912336, -0.0518797789843741
0.21852839490426545, -0.299286085251043, 0.5252644382429836, 1.1907639634543254, 2.1163075417537947, -0.05108184363314865
0.21829941207531778, -0.29923637254179974, 0.5254632881599082, 1.1911157685398517, 2.112160124223032, -0.04999578199222734
0.21806425928048664, -0.2991982768259303, 0.5256492746780013, 1.1915284010141138, 2.1080264147533287, -0.048983431224249106
0.21781699172281394, -0.2991618519210309, 0.5258963894825636, 1.1921044124862568, 2.1036656705467545, -0.048145223779102755
0.21758739030363128, -0.299113500512087, 0.5261040032071186, 1.192444240397381, 2.0994535441906725, -0.047069686297945716
0.2173670352089379, -0.29908637527068727, 0.5262911341246281, 1.1930089715574037, 2.0952961599722277, -0.04615589844154309
0.21712284883332283, -0.299036210574512, 0.5265033160679771, 1.1932020137043733, 2.0911870756574884, -0.04508158388661083
0.21690172725319845, -0.2989895851490679, 0.5267674973302419, 1.1934587607237055, 2.086847224269291, -0.044251936053791775
0.21666519038817805, -0.29898312817306905, 0.5269258375509602, 1.1937990379011583, 2.0827693951453883, -0.043440575254444204
0.21643511993286702, -0.29891907030394727, 0.5271768463365523, 1.194326977481729, 2.078418424668878, -0.042167085387757
0.21619233586498868, -0.2988667421915801, 0.5273860311159593, 1.1945323464343611, 2.0741924787897412, -0.04143711584983606
0.21594964024870905, -0.29883623575237334, 0.5276193273746423, 1.1948557776821136, 2.0698537797483265, -0.04039474350017916
0.21572375798812093, -0.2987985104503603, 0.5278074947828889, 1.1952013497689884, 2.065789522698459, -0.039456257391598436
0.21549563824358672, -0.2987675770233663, 0.5280142562973155, 1.1955190361458083, 2.0616794688181797, -0.03863327844840571
0.21528256258008988, -0.2987254953913122, 0.5281986382479347, 1.1959503236944526, 2.0574483980208846, -0.03744763923940684
0.21501990444835517, -0.29866246984920397, 0.5284728957196652, 1.1960668881958063, 2.0532438490862686, -0.0366713562586882
0.2148150011173196, -0.29862418774078475, 0.5286256954710675, 1.1966514613362518, 2.0490162252949657, -0.03555532347243064
0.214567950886542, -0.29858298477244993, 0.5288970714691928, 1.1966519849143933, 2.0448924789499667, -0.034716353294456125
0.21433896074263256, -0.2985616872256533, 0.5290614209235218, 1.1972934793670722, 2.040613816100308, -0.03379883599485722
0.21411649650432096, -0.2985107798143453, 0.5292919956063967, 1.1975678723801522, 2.0363687432442044, -0.03280033792751696
0.21387459149344795, -0.2984653302856246, 0.5295035620012244, 1.1976525143847097, 2.0321272726858464, -0.031794341919869636
0.2136373055949149, -0.2984449222226342, 0.5297370075095963, 1.198014172375069, 2.027821133445152, -0.031064961908598598
0.21339782907235436, -0.29837520230697645, 0.5299539365746497, 1.1981201467163367, 2.0237997352654227, -0.030013420431539282
0.21316922364820562, -0.29835089743437865, 0.5301514293481853, 1.1986705974489062, 2.0195450636676107, -0.029060220980581825
0.21295259622480084, -0.2983291331672091, 0.5303325980778327, 1.1990558796426927, 2.0153999722973803, -0.028152850050093343
0.2126874162754585, -0.298278741980731, 0.5305670508815553, 1.1994398032957254, 2.0110187332429583, -0.027091795001098297
0.21246569943401394, -0.2982310908717952, 0.5307860154806098, 1.199575981266432, 2.006897541512795, -0.026282207813342194
0.21223501572908707, -0.29820547968203354, 0.5309981313895056, 1.1998860276917793, 2.0026968928098934, -0.025419294020444197
0.21199752753548362, -0.29816882711709203, 0.5311985399122059, 1.2001662460797724, 1.998360182291859, -0.02440872952461578
0.2117590375609325, -0.29811341129299457, 0.5314270047942866, 1.2002692984093304, 1.9942069960141124, -0.02354280539948794
0.21152256656562474, -0.2980657639616762, 0.531659318643942, 1.2005868869817236, 1.9898787148893438, -0.022583553524650968
0.21130247342291972, -0.29804611269530956, 0.5318456763936167, 1.2008105468310857, 1.9858363668396333, -0.02178260546468665
0.21106460724024612, -0.29798905295498446, 0.5320663779837277, 1.2013248022906144, 1.9816835414434537, -0.02064104296363115
0.21083687330338347, -0.29796327779809134, 0.5322700381278649, 1.2015751810625634, 1.9774383924087606, -0.019786571963396792
0.2106044117115912, -0.29791365018953986, 0.5324932520758059, 1.201733430081583, 1.9731629110899085, -0.01892675826661483
0.21039343034131672, -0.29787097732319534, 0.5326580033440372, 1.201837646038157, 1.9692221178755898, -0.01788663743556139
0.21013762807220848, -0.2978253354065363, 0.5329112983564399, 1.2021049006608024, 1.964835498154816, -0.017011992340220324
0.20990239206369582, -0.2977935768192741, 0.533122917025612, 1.2025574838497528, 1.9604929844563885, -0.016144775823667377
0.20967449339702712, -0.2977573863359411, 0.5333210987258208, 1.202448800289048, 1.9564529433389377, -0.015370867210054472
0.20945474451730114, -0.29771053503995926, 0.5335292474440867, 1.2029397640664383, 1.9521180491968781, -0.014174826247494134
0.20921585981953356, -0.29767519217047467, 0.5337393509406244, 1.203068366466037, 1.9481044971036405, -0.013415646833484304
0.20897631150357937, -0.2976426099121992, 0.533935987993555, 1.203350820380582, 1.9439580107825511, -0.012487649303506973
0.20872883903639136, -0.2975759364784052, 0.5342018710289491, 1.2034459706652132, 1.9396152878564403, -0.011524927090614293
0.20853819548043528, -0.29755051243408603, 0.5344072349203228, 1.2035752065508, 1.9355340776535255, -0.01059854550814002
0.20828977297561807, -0.2975174001859579, 0.5346004783546575, 1.20402647252496, 1.931285822037762, -0.009706138132780626
0.20804930567106683, -0.29748527379819756, 0.5348003467315315, 1.204171553502487, 1.9271096466598319, -0.0088874122581588
0.20781193004960993, -0.29744497341676296, 0.5350359063435434, 1.2044715425563275, 1.9226267327173756, -0.007969671299295258
0.20756061970497197, -0.29737933773256087, 0.5352826054103863, 1.2044744992542555, 1.9184290658869743, -0.00703757845880497
0.20737243573146572, -0.2973493694573305, 0.5354486553992204, 1.2046148420311422, 1.9144726577515063, -0.0061249338224648306
0.20710700296588663, -0.2973175627511838, 0.5356542255570931, 1.205030818604616, 1.9102344598690595, -0.005241498216033894
0.20688637153684342, -0.29726356142652116, 0.5358636187187886, 1.2050415916120079, 1.906177422645907, -0.004262467074602429
0.20665318635592667, -0.29723841616177643, 0.5360691692017557, 1.2054443439853932, 1.9017874166544453, -0.003324072155960545
0.20640266015252168, -0.2971940396361804, 0.5362923353688426, 1.2055722605705361, 1.897612177796893, -0.002524516889870165
0.2061647462674323, -0.2971629175663197, 0.5365043217377526, 1.205679448801663, 1.8933647731115857, -0.0017630836600064726
0.20593435739808716, -0.2971012079280905, 0.5367519608669262, 1.2057691829033834, 1.889036723502082, -0.0008412985077759134
0.20570452576628756, -0.2970558039931034, 0.5369735458249328, 1.2059298570435293, 1.8848232416761272, 0.00017019594438547755
0.20548895343191437, -0.2970233581451878, 0.5371737332276749, 1.2062459959241285, 1.8806867663533564, 0.001108901214774533
0.2052455336076669, -0.29699147110189716, 0.5373611063675512, 1.2064317559084272, 1.8766000734684898, 0.001970249494700343
0.2050154697877745, -0.29695122023674203, 0.5375761739114734, 1.2064853804360571, 1.8723909253928566, 0.002768661460171958
0.2047829576515665, -0.2969168496509704, 0.5377840293134362, 1.2066950302946933, 1.8682555693196456, 0.0036954280554271726
0.20453630364582154, -0.29687274371625566, 0.5380263069559036, 1.2065827198350194, 1.8640854330889227, 0.004471116769152951
0.20431477059345166, -0.29681612610805413, 0.5381933972123445, 1.2070311410157213, 1.8598917241822968, 0.005601048716173294
0.20407096814023967, -0.2967855496970034, 0.538464525313886, 1.207041381810017, 1.8553904387155435, 0.006367175976087685
0.20383954491552125, -0.2967445749044041, 0.5386702411205406, 1.2071820357972396, 1.8512100689536426, 0.007231066364975881
0.20361786994509223, -0.29670281212237065, 0.5388692231810563, 1.2073628932739, 1.8470334250062501, 0.008116097328753619
0.20338878893063456, -0.2966700543128984, 0.5390566505040287, 1.2074603000204043, 1.8430828121128, 0.009007552088615981
0.20314608129359168, -0.2966248980512578, 0.539288659304053, 1.2077519170643787, 1.8386644507828689, 0.01006016432256449
0.20288892609394235, -0.2965807351023693, 0.5395206042300245, 1.20772745242895, 1.8345428762087206, 0.010798324910929793
0.20267646367343392, -0.2965496215786364, 0.5397047912738058, 1.2078395348278632, 1.8303867831414233, 0.011633337124433641
0.20242654333555793, -0.2965004439018881, 0.5399281148066817, 1.2080408398748408, 1.8259822575620042, 0.012584379226356664
0.20218519921605785, -0.2964539694222001, 0.5401612714001252, 1.2079471990073098, 1.8217552787568112, 0.013363839325758088
0.20198170891120718, -0.29643229332579435, 0.540354818627543, 1.2082717562315295, 1.8175604676242205, 0.014411433113741311
0.201735830568522, -0.2963844512025545, 0.5405527531849944, 1.2082264852750577, 1.8135196531699196, 0.015264308310823036
0.20151251438602807, -0.29634338808661154, 0.5407502399784344, 1.2083291091192647, 1.8094895040122518, 0.016062635844583822
0.2012753191162593, -0.29631348582171624, 0.5409808317658611, 1.2085139366489017, 1.8051586145064482, 0.016906811910665925
0.20104979446258703, -0.29626782127847184, 0.5411834728265319, 1.208732497956219, 1.8009868775780993, 0.017845730655862205
0.20081985682006945, -0.29622748931829473, 0.541422445419052, 1.2088129548002946, 1.7966767545914726, 0.01869744262857226
0.2005724991266706, -0.2961764299333037, 0.5416522204099323, 1.208632341099254, 1.7925148825816704, 0.019522376236734758
0.2003545705812028, -0.29614651247836976, 0.5418143359233926, 1.208623072777255, 1.7884469963001994, 0.020274574223153864
0.20012658390307939, -0.2961035843544185, 0.5420601903866398, 1.2089102259851243, 1.7840173715195569, 0.021335150606188066
0.1998674050988215, -0.29605469927073513, 0.5423057643449103, 1.2088723692872771, 1.7798891566100443, 0.022084507836409417
0.19964444242810084, -0.2960345650778963, 0.5424581338674997, 1.2091575081165624, 1.7758581674872869, 0.022974823349162444
0.19940305626108432, -0.29599069872001343, 0.5426871730155016, 1.209073857439069, 1.7716672505575257, 0.023799135564574386
0.19916834980666526, -0.2959398548621015, 0.5429362972963748, 1.2089680153733502, 1.7674236292995187, 0.02457524298747046
0.19895531195416222, -0.2959141456856961, 0.5431142740314465, 1.2093227456106523, 1.7632069659964136, 0.025584864756354037
0.19871862865396256, -0.2958521000499464, 0.543353824528196, 1.2092385412420177, 1.7589874177749476, 0.026397414947526926
0.19850693221614876, -0.2958417477855145, 0.5435178148783892, 1.2093314359527272, 1.7548265150497675, 0.027257636996989656
0.1982452139399298, -0.2957699383698889, 0.5437717184999475, 1.2092312280578132, 1.7504926956215996, 0.02813663029953771
0.19800443113225025, -0.295730345989117, 0.5439630335135125, 1.209235378117656, 1.7465004180952635, 0.028997106578696127
0.19777712119555163, -0.2956958522535272, 0.5441957733356898, 1.2095058073905245, 1.7422032914106367, 0.029883698249869726
0.19755706945550913, -0.2956608250563817, 0.5444034401102008, 1.2094153547612794, 1.7380150256177642, 0.03070833281204504
0.1973161719384084, -0.2956401857025329, 0.5445837360007871, 1.2094819904786416, 1.7339170294391635, 0.031510272091998894
0.19706692048138968, -0.29558582619666285, 0.5448185314505337, 1.2095831123862941, 1.729683537510925, 0.032344756027325755
0.19684774261167193, -0.29554332553127344, 0.5450096077491203, 1.209636091509496, 1.7255165700553918, 0.0333118560041612
0.19659370345216176, -0.29549141152306835, 0.5452656569537062, 1.209556010080594, 1.7211703925267154, 0.03407703747799563
0.19639734158992328, -0.2954590274491956, 0.5454665354303011, 1.2095231527568784, 1.7171019886417096, 0.03499047669895397
0.19614283476776279, -0.29541541978138347, 0.5456858214264706, 1.2095920113434828, 1.7129635945127766, 0.03577972904506761
0.1959097016231575, -0.2953797460057246, 0.5458673532115828, 1.2098009880959084, 1.7086121870239195, 0.03666904802028857
0.19569151406039936, -0.2953568143831753, 0.5460744027711162, 1.2096617545627335, 1.7045040096627528, 0.037533624483969075
0.1954262874810323, -0.29528945711879195, 0.5463304929514905, 1.2094569157494899, 1.700330887217106, 0.03825320276162584
0.1952262547182357, -0.29526069129047705, 0.5465028822742952, 1.2097098546498912, 1.6961706717039684, 0.039235100393781516
0.1949979508347249, -0.2952324590119664, 0.5467170690566798, 1.2096483900998927, 1.6919659358697265, 0.03998985880839616
0.19474505932425665, -0.2951787457125793, 0.5469826905323014, 1.2095496250619038, 1.687576173998358, 0.040860730247920966
0.19451102450289656, -0.2951310328609983, 0.547195997582949, 1.2094459713041452, 1.6834535991661779, 0.0416176089619503
0.1942847244181624, -0.29509555792069336, 0.5473596542835625, 1.2096504162951165, 1.6794445031194498, 0.0425282002715487
0.19405310889078375, -0.2950547275323387, 0.5475691861825469, 1.2096243401530171, 1.6753312210876827, 0.04337986138666104
0.1938327376887732, -0.29502795979065954, 0.547758807765617, 1.2096160156940667, 1.6711467148671664, 0.04420509877391685
0.19360087532484194, -0.29498510826340685, 0.5479932753178949, 1.209408563589151, 1.667055026795749, 0.044942505245311085
0.19336910491385867, -0.29493945569028246, 0.5482052997664796, 1.2095573420319976, 1.6627656004949107, 0.045916398001829874
0.19311827856997957, -0.2949003133400726, 0.5484114118766785, 1.2093303939716482, 1.6585528762170538, 0.04655376775631799
0.1929076191864669, -0.2948598052076453, 0.5486189092242776, 1.2092172517078277, 1.6544189522040595, 0.047358699586744664
0.19266457832902137, -0.2948187988256795, 0.5488552747733728, 1.2093388789916075, 1.6500811294520845, 0.048288098588287115
0.19240785827127416, -0.2947742179925983, 0.5490866490397243, 1.2092939362080128, 1.6459142386482855, 0.049142503413856835
0.19219635938580354, -0.29474549058091165, 0.5492597665491431, 1.2093618851367662, 1.6418596177752942, 0.049982622463905974
0.19197824884609666, -0.29470750630375203, 0.5494714906784357, 1.2092318255980772, 1.6376799438541894, 0.05077009410052715
0.19173167599111257, -0.2946560404421409, 0.549700429651951, 1.2090379897862538, 1.6335411262794923, 0.05154535478019519
0.19150458605540735, -0.29461156400351873, 0.5499123964016817, 1.2091945565107434, 1.6292345976886726, 0.0525826582475358
0.19125503579919612, -0.2945587252792298, 0.5501440824053538, 1.208905364877343, 1.625117038374708, 0.05325225139859995
0.1910395502540537, -0.2945274335368221, 0.5503359936434244, 1.2087767610033053, 1.6210535240886157, 0.05408008800654226
0.1907964986426509, -0.294495019151722, 0.5505541710204723, 1.2088102457623349, 1.6167128551685632, 0.054813156985797494
0.19058133105187483, -0.29445838358752363, 0.5507638028199455, 1.2088373290403394, 1.6126053266023683, 0.0557224514605069
0.1903244959906158, -0.29442229825866645, 0.5509902176432098, 1.2086986897373684, 1.608407856867873, 0.05644518222070073
0.19009163983390104, -0.2943849304795507, 0.5511803255318368, 1.2087968112028444, 1.6040643208823042, 0.05736326873058032
0.18986306976692288, -0.2943416976375525, 0.5514030211088853, 1.2086870535402447, 1.5999141577760057, 0.05818174628442061
0.18961870086213012, -0.2942945318036995, 0.5515945286436373, 1.2084879652751526, 1.5958859545846726, 0.058904867677721184
0.1893992489112063, -0.2942495583617414, 0.5518341766386886, 1.208388958151285, 1.5916195517999634, 0.05975375352948829
0.18919142839903721, -0.29420780413863623, 0.5520217316968792, 1.2082124163558865, 1.5875829749100534, 0.060624045017886444
0.18891426410632972, -0.29415478440003695, 0.5522819029492128, 1.2081836062470985, 1.5831666807336862, 0.06143027361588623
0.18869260269926413, -0.2941437077130174, 0.5524497298661774, 1.2080849300770586, 1.579126497088904, 0.06206662048800394
0.18846338928093442, -0.2941015634670878, 0.5526614719069537, 1.2079737371072807, 1.5751381017590456, 0.062801427715497
0.18823219777393307, -0.2940720334505355, 0.5528788523317624, 1.208011933151931, 1.570852056162473, 0.06370867766714516
0.18798709181812756, -0.2940153999434186, 0.5531033986683637, 1.2078468518587353, 1.5664325596349462, 0.06461663526111262
0.18776298884809844, -0.29398464954839776, 0.5532880432525681, 1.2077714907696115, 1.562391813314735, 0.0653196472092604
0.18752403449923058, -0.29393138083094245, 0.5535115759415228, 1.2076594014305806, 1.5581790308752896, 0.06621667375366823
0.18730437345434992, -0.2939096080471798, 0.5537230316797528, 1.2075546846411764, 1.5539566357007935, 0.06703254035595889
0.18703513767373664, -0.29383466207030995, 0.5539924356963444, 1.2071733883479374, 1.5497739911308528, 0.06779811849854597
0.18680603118546532, -0.293794034599058, 0.5542018483540728, 1.2071186318586669, 1.5455548987464423, 0.06858946956678139
0.18658887908609417, -0.2937734506190872, 0.5543915248424023, 1.2068905051143626, 1.5416120749924787, 0.06915696862348397
0.18635075925895156, -0.2937225047620401, 0.5545895736842504, 1.2070218797309225, 1.5373908207511697, 0.07021061938924407
0.18613104930038785, -0.2937061821371227, 0.5547775798992699, 1.2069801986807391, 1.5333267843783815, 0.07096696371720952
0.18591141367629363, -0.2936587698483802, 0.5550146519980727, 1.2065760525663674, 1.5291941523649373, 0.07166083282906455
0.18568298261761776, -0.29361563675523905, 0.5551976196329313, 1.2066275646727804, 1.5248422933567038, 0.07260098834402694
0.18543815815286477, -0.2935624238808914, 0.5554441925390606, 1.206264756004075, 1.5206379345972296, 0.0733223668600435
0.18520375422515278, -0.2935304224689966, 0.5556327601770275, 1.2062238439059674, 1.5165315586670447, 0.07401767986665111
0.1849539701732979, -0.29348480069642496, 0.5558923615475196, 1.2060649533012644, 1.5120670701694228, 0.07503656303217553
0.1847561950109204, -0.2934653118194723, 0.5560763224718552, 1.20587334176156, 1.5081145963600806, 0.07568830354498801
0.18452138519039457, -0.2934248120993261, 0.5562767120298157, 1.2057451882878771, 1.5040171055874183, 0.07641617016480207
0.1842959911712973, -0.2933907790724416, 0.556450779811316, 1.2057927454472634, 1.4999307777712267, 0.07726209832068613
0.18403925357084264, -0.29331656860142974, 0.556718078937966, 1.2052746666676388, 1.4957626186949027, 0.07808587556932937
0.18379694020092535, -0.29326830018289207, 0.5569180532475653, 1.205221186731731, 1.491549554940311, 0.07895358472783569
0.18359276356981008, -0.29328122277284896, 0.5570836806631647, 1.205234545489932, 1.4874326453588407, 0.07948570815559326
0.18336829677690955, -0.2932272823152294, 0.5573135065383094, 1.2049534748933857, 1.4832364689648632, 0.08041303559414796
0.1831105536214003, -0.2931706543324888, 0.5575636172754566, 1.204865307290839, 1.4788994677290008, 0.0812841397027086
0.18288424281442558, -0.29313252510036664, 0.5577363773577731, 1.2047029308522708, 1.474892570259029, 0.08197523546470084
0.18265329120206353, -0.29311149357008837, 0.5579875661343294, 1.2043017074607054, 1.4706120599955939, 0.08260218000925955
0.18240954830363837, -0.29306103553761687, 0.558189401888094, 1.204196225836877, 1.4663362539325173, 0.08353912193043962
0.18217465798525265, -0.2930167897078757, 0.558420049720462, 1.2038842495068107, 1.4623119390582593, 0.08427608024166924
0.18195950739613906, -0.2929835578739897, 0.5586137217156264, 1.2037865132604146, 1.4582532903759238, 0.08501798820354274
0.18172040686237081, -0.29293683086840183, 0.5588411441956129, 1.2036412018825207, 1.453936927091092, 0.08582859608631346
0.18151317857858587, -0.2929117064456631, 0.559012194638084, 1.2033909810103616, 1.449898413344227, 0.08653075867462376
0.1812600631292973, -0.29285110416535287, 0.5592472494883596, 1.2031519030461935, 1.4456924437706982, 0.08743824854398162
0.18102804034688186, -0.292825451091546, 0.5594509862702579, 1.203069516279594, 1.4415264218759039, 0.08814641493821258
0.18079983321177245, -0.29278197446473325, 0.559650909302579, 1.202739493860537, 1.4374633321070018, 0.08885028479048486
0.18056346917446198, -0.29273701451499234, 0.5598750328025905, 1.202580065833886, 1.43318056972697, 0.08974859698101126
0.1803044362614875, -0.29268278698001676, 0.5601013797875264, 1.202183789832036, 1.4289164182054686, 0.09037859413853598
0.1800732612591905, -0.2926482770419287, 0.5603242198169927, 1.2018650637063812, 1.4248000571098465, 0.0909920831844377
0.17986068221244395, -0.2926268969558302, 0.5605077247203886, 1.2019354964744025, 1.4205623546096202, 0.09198074667900646
0.17962646877630656, -0.29257893325242307, 0.560722500649448, 1.2016243765993089, 1.4165546996879312, 0.09270719646132183
0.17939220777354892, -0.2925529614923188, 0.5609126613872708, 1.2014330716040627, 1.412460097747135, 0.09331078423177346
0.17917015148036006, -0.29250122139911405, 0.5611280019941982, 1.201248143127788, 1.4082181114747054, 0.09438300997188279
0.1789154558604327, -0.29246039976680877, 0.5613526727392643, 1.2009737617298522, 1.404011167680148, 0.09493092728607859
0.17868568907427618, -0.2924133941959691, 0.5615956427421643, 1.200677565074928, 1.3998354299455882, 0.0957232545532638
0.17847002919116672, -0.2923743738529968, 0.5617742617809048, 1.2004514943269553, 1.3958303539019035, 0.09658377782210695
0.1782325625593193, -0.2923335894972909, 0.5619884463550655, 1.2001635597348828, 1.3916230641631895, 0.09724391128674072
0.17800442051988713, -0.29229941083226246, 0.5622208830910342, 1.200044980109458, 1.387378070774635, 0.09810198887096286
0.17776118590147588, -0.29225353055346526, 0.5624304972365781, 1.1995082009644777, 1.383166544671736, 0.09880284956865089
0.17752047982880498, -0.29222656259965196, 0.5626522876044956, 1.1991952407687276, 1.3790091172859642, 0.09928377864692957
0.17727849254614472, -0.29218023798146237, 0.5628682160353103, 1.199138104702177, 1.37468122291354, 0.10025501101020742
0.17705834692053263, -0.29211613601457304, 0.5631009636814472, 1.198729450822573, 1.3706640874178497, 0.10110191947812631
0.176813010848984, -0.29208850038658185, 0.5632836292447841, 1.1985046391561647, 1.3666847852327586, 0.10157365493600512
0.17660730332704092, -0.29206509319224444, 0.56349779662396, 1.1984032673038278, 1.3624270081679908, 0.10257094497232731
0.17637093130584416, -0.2920242697411661, 0.5636852244129484, 1.1981233016852513, 1.3582833127975338, 0.10329408104024888
0.1761427645402742, -0.29197902217603794, 0.5638975320926437, 1.1978394408829518, 1.3541698181116963, 0.10400919548332191
0.17590149720638754, -0.29193535043256974, 0.5641280220525564, 1.1975188830590913, 1.350019592695248, 0.1047179352552591
0.17567549088093876, -0.2918994175224905, 0.5643307888795607, 1.1971934439011596, 1.3459631760524138, 0.10534813016400431
0.17542940341228688, -0.29184615472707903, 0.5645671932083474, 1.1969534855761153, 1.3415455092333923, 0.10639544198214017
0.17520385001433963, -0.2918298655014804, 0.5647706165222146, 1.196708473735391, 1.3373601450791008, 0.10695428802508551
0.17495873106533827, -0.29179622479303774, 0.5649620783687201, 1.1963370664304518, 1.3333584621450856, 0.10756371182040114
0.17473972661980858, -0.29173425038750606, 0.565188316811723, 1.1961003722100558, 1.3290186401726896, 0.10851525145925624
0.17450068491275386, -0.29169297730165666, 0.56540512436409, 1.1956456318451054, 1.3250025150165214, 0.10917563108066403
0.1742829549830478, -0.29167899430110195, 0.5656015101850428, 1.1954926782954771, 1.320859233499181, 0.1098636882509452
0.1740333651233978, -0.2916284716008672, 0.5658021485382186, 1.1952611887979057, 1.316622541950626, 0.11069458540786455
0.17380226009541816, -0.2915761181511326, 0.5660571830754093, 1.194767455873242, 1.3124853692987537, 0.11141491126307115
0.17358623458803135, -0.2915492144110988, 0.5662447527900643, 1.1945293653928142, 1.3084338100305553, 0.11207030136596273
0.17336182150829277, -0.29150729849701473, 0.5664534501545914, 1.1942417231616067, 1.3043921404695806, 0.11291498713008014
0.17310980443574053, -0.29147027945309734, 0.5666548075664994, 1.1938323343129087, 1.3003828657006244, 0.11328980762715932
0.17286031218642195, -0.2914040593298221, 0.5669107764833544, 1.1935223732667808, 1.2958550708804717, 0.11440816134864376
0.17263028996854662, -0.29136530248415593, 0.5671107304172863, 1.1931912983865507, 1.2916887693856043, 0.11506551015478789
0.17241131747766414, -0.29133811672409043, 0.5673064308154581, 1.1928247048521938, 1.2876788148719465, 0.1157479409957946
0.17218077756625286, -0.29129716084572, 0.5675141080038697, 1.192641986171362, 1.2834672878408186, 0.11656174940764301
0.1719658166178341, -0.29126939192052825, 0.5677134312950634, 1.192263830749826, 1.2793786472328796, 0.11735916267543733
0.17171776387881527, -0.29123005134199903, 0.5679316865012025, 1.1919572751866185, 1.275198175645503, 0.11792659715034542
0.17147989344158296, -0.29117601107530605, 0.5681493615677148, 1.1915450043502442, 1.2711136166552122, 0.1187071300640023
0.1712327457408836, -0.2911256757294309, 0.568375285109595, 1.1910720822647243, 1.2670110582355594, 0.11931294322636124
0.17103192680634355, -0.291115149261084, 0.5685608133181828, 1.1910220302396604, 1.2627642573414437, 0.12026598997698686
0.17077404847571973, -0.29104519371306015, 0.5688013926369107, 1.1904308829640142, 1.2586462995967944, 0.12086974708204494
0.1705298193790422, -0.29100927188880493, 0.5690492463727712, 1.1900106797579812, 1.2542335962400388, 0.1215140894765433
0.1703048116744999, -0.29098014383665716, 0.569223594017048, 1.1898212329938174, 1.2501117194849105, 0.12230970812338642
0.17007534647734102, -0.29094216294150277, 0.5694293073640497, 1.1894770812719617, 1.246041894280543, 0.12295686031210004
0.1698470262116023, -0.29088946071005073, 0.569635208568136, 1.1890645265341977, 1.2419560999762098, 0.12390603674491808
0.16958882710835127, -0.2908427269885814, 0.5698817926948435, 1.1886792190739566, 1.2376793174907235, 0.12435713730375401
0.16938154489142937, -0.2908081853118555, 0.5700840184816682, 1.1881983188299887, 1.2337894942133774, 0.12505772761501663
0.16915078128186067, -0.2907674271995302, 0.5702772466228743, 1.1881004047888548, 1.2295707836490466, 0.12600894085090603
0.16892372232445327, -0.29074114804747003, 0.5704820803207293, 1.187630872758137, 1.225591229318233, 0.12659739966404643
0.16869003735999688, -0.29069116041894866, 0.5707181828116846, 1.1872175905216809, 1.221372349367378, 0.12721925827987704
0.1684438419496335, -0.2906737005831177, 0.5709105238188947, 1.1869621052419532, 1.217129111610293, 0.12792814603349825
0.16821909939682628, -0.29060588433707224, 0.5711299515765492, 1.18645553969191, 1.213159569792655, 0.1288098076622523
0.16797828598842482, -0.29057760765489155, 0.5713514694320011, 1.18617787963974, 1.2087407475061867, 0.12944316315825033
0.16774494904160103, -0.2905355444022164, 0.5715612007119085, 1.1857126698179492, 1.204635035074628, 0.13026011734401952
0.16750143993171948, -0.29049327756486026, 0.5717749039758787, 1.1852176389456208, 1.2004772898861373, 0.13072391544742798
0.16726144742509255, -0.2904351920310984, 0.5720169582474446, 1.1848649149827168, 1.196220046932677, 0.13171517030704832
0.16704934593002257, -0.29039908935804887, 0.5722073371878669, 1.1844436917485324, 1.1923012422560322, 0.13232566227683965
0.1668010701102684, -0.29037903546974253, 0.5723811664041426, 1.1842190253785418, 1.1880965982018539, 0.13285481980769726
0.16656733163111942, -0.2903261644615672, 0.5726246571927387, 1.1836892614160313, 1.1839423024135065, 0.13370554687587638
0.16634674540569364, -0.290292883847358, 0.5728358235666839, 1.1831623559558233, 1.1799569866707258, 0.13423668616649564
0.16609545260789826, -0.29024860043059975, 0.5730637264229514, 1.1829199346136618, 1.1756219079463237, 0.13502386093119706
0.16589695948694566, -0.2902011030437491, 0.5732646839267774, 1.1823740326566687, 1.171668452500268, 0.13585275433475194
0.1656593408524907, -0.29018080986069716, 0.5734585897464404, 1.1820805991846988, 1.167551981232551, 0.13641158558655742
0.1654321876684428, -0.2901344299587989, 0.5736712726909082, 1.1815568644033427, 1.163275654886072, 0.1371849770207225
0.16519365304588268, -0.2900962751164016, 0.5738762887314202, 1.1811045487943261, 1.1592237815119555, 0.1378622055398968
0.1649562787042136, -0.29005286495255533, 0.5741155808078052, 1.1808473367588213, 1.1549036896778404, 0.13863572893538845
0.1647082452131685, -0.2900242657702787, 0.5743029191357375, 1.180424872521865, 1.1507899716100327, 0.13924948923337438
0.16448914682515237, -0.28997410211480146, 0.5745079885264671, 1.179929118829348, 1.1467996067240382, 0.13998234996595693
0.16423980854838333, -0.28992143674022436, 0.5747507582427728, 1.1795191176717275, 1.14259494615162, 0.1406527175572433
0.16401984632486644, -0.28989863521113834, 0.5749540326157818, 1.178947013015751, 1.1385103641284957, 0.1411863783151132
0.16378718262215436, -0.2898451874341443, 0.5751813255752977, 1.1785011573891397, 1.13435365736908, 0.14208300014630781
0.16355648721859406, -0.289810912382289, 0.5753930782837815, 1.1780652931747897, 1.1302401478550472, 0.14267007482910896
0.16332743100926447, -0.2897748044489436, 0.575593025614733, 1.1776483765259043, 1.1260888630944417, 0.1434542759370878
0.1630913343685032, -0.2897164231437012, 0.5758087176667988, 1.1770812622165894, 1.1219478402484435, 0.1442237547962578
0.1628742473792048, -0.2897067965579779, 0.575996639887377, 1.1767959300743795, 1.1178286833872628, 0.14475711105391645
0.16261774541224772, -0.2896643405024787, 0.576209547608367, 1.1764761997583624, 1.1134665646588509, 0.14543755701947828
0.16239835852239254, -0.28959926272371467, 0.5764430196195, 1.1757597006524205, 1.1095010153306184, 0.1463179932094308
0.16217630049984633, -0.2895799822480916, 0.5766469619929135, 1.1754209017451487, 1.105385781764855, 0.14692326991738897
0.16192475649442153, -0.28952563033114415, 0.5768643657960464, 1.1748742596880337, 1.1013258601980176, 0.14755546537912995
0.16171558832237343, -0.28950087566223254, 0.5770555538055472, 1.174350443202123, 1.0973230679734067, 0.14811396608973923
0.16148714079532842, -0.28946552334990044, 0.5772666482873642, 1.174011646781817, 1.093074592464622, 0.1489987206418329
0.16121961040915292, -0.2893975686351893, 0.577504879195585, 1.1733819424199379, 1.0889279192240062, 0.14961980411682557
0.16099656960033948, -0.2893859252597213, 0.5777054702494492, 1.1731286748617085, 1.0844787404357625, 0.15030297083125527
0.160759215489618, -0.2893439036522768, 0.5779144440949687, 1.1726684518127313, 1.0805053145815673, 0.1509242884075803
0.1605160230322686, -0.2892810290079278, 0.5781600684974288, 1.1721240482504378, 1.076339370745833, 0.15166678827696842
0.16029196860241202, -0.289244640698993, 0.5783445516237194, 1.1715398697665136, 1.072311449277108, 0.15225169850458634
0.1600840403641858, -0.28922909801174135, 0.578518880103585, 1.1711257445629315, 1.068411306593005, 0.1528588697226503
0.15985060242542337, -0.2891804606753568, 0.5787505537896599, 1.1707105592334475, 1.0641378774575816, 0.1536104328753008
0.15959883716898232, -0.28915981460669987, 0.5789501301384508, 1.1702305145427825, 1.0599906421560255, 0.1541220413425303
0.1593749753572593, -0.28909850306906537, 0.5791700548412863, 1.1696984375460093, 1.0558381307558082, 0.15502995397665367
0.15913744445928765, -0.2890477438037532, 0.5794355327164242, 1.1689902888738302, 1.0517728084417683, 0.15565853198913115
0.1589067682387694, -0.2890159745557672, 0.579619513057019, 1.168527209932481, 1.0476968748680535, 0.1562156140545171
0.1586823747052045, -0.28899162466184125, 0.5798141187520206, 1.1682473177825374, 1.0435400055048836, 0.15683137941838696
0.15845194365601473, -0.2889539523476814, 0.5800074458246388, 1.1676293453173965, 1.0393542477686593, 0.1574337516532917
0.1581941878137524, -0.28889779378160063, 0.5802505975012757, 1.1671804973699902, 1.0350907773597726, 0.1583511143252082
0.15795230664635224, -0.2888533021958472, 0.580496725282853, 1.166556645237758, 1.03098896382722, 0.1589659431560273
0.1577268268932033, -0.28880041132584094, 0.5806766695293427, 1.1660162645598307, 1.0269201155022007, 0.1597876935357809
0.1574877853672925, -0.2887865349706743, 0.5808924950086105, 1.1655555787152507, 1.0226681837092966, 0.160134331380998
0.15726034739361522, -0.288728485950046, 0.5811429826263083, 1.1649741984169188, 1.0186477209534128, 0.1609144451680006
0.15705958975433693, -0.2887020391642722, 0.581315360915769, 1.164585663391569, 1.0145665897291456, 0.1616476346922431
0.1568204536934359, -0.28866806168105275, 0.5815146416336758, 1.1639998794470379, 1.010640142623896, 0.162179994694725
0.15659846590702428, -0.2886111545932467, 0.5817465026183162, 1.163366024935641, 1.0065358581956974, 0.16302492834200719
0.15633780502675196, -0.2885713458638408, 0.5819483361096947, 1.1629030580425985, 1.002346332114492, 0.16352669752367882
0.15609909941968036, -0.28853652142328456, 0.582171133350744, 1.1625248616891528, 0.9978611964755614, 0.16433478341914232
0.15587975747424845, -0.28850025964082415, 0.582374329931803, 1.1618830849062824, 0.9939394453286438, 0.16494418562450672
0.15564886754950077, -0.2884494412110274, 0.58258363718123, 1.161283686014742, 0.9899471005780897, 0.1656114743050373
0.1554241954205105, -0.28841936891993036, 0.5827827501550089, 1.1607592071273656, 0.9861682499861306, 0.1661424583108639
0.15521941292016622, -0.28839110715436866, 0.5829789806173814, 1.1602731782544624, 0.9823763786553426, 0.16673680274470057
0.15501706293105266, -0.28834821862574084, 0.5831661127287788, 1.1597908151420389, 0.978870755854657, 0.16729727510879805
0.1548085848731571, -0.28831356313649054, 0.5833441738436437, 1.1593811669339333, 0.9753469772678438, 0.16783188858895345
0.15465366181401782, -0.28829080567121945, 0.5834863975448561, 1.158935131595359, 0.9724692974465244, 0.1683677819010738
0.15447826941478865, -0.2882567923613539, 0.5836348087793753, 1.1585813519151764, 0.9693704829258678, 0.16890329145683636
0.15428992861974425, -0.28823203235441325, 0.5838062028577484, 1.158219925098741, 0.9665261156147062, 0.1691318837001362
0.15415520403307054, -0.2882143775938958, 0.5839450028480501, 1.1579375783504573, 0.9637248467386739, 0.1696487578249215
0.15402989561204505, -0.28819860692245924, 0.5840480185062523, 1.157556717303815, 0.961127865959842, 0.17012619473633891
0.1539133086525692, -0.2881759918374833, 0.5841639673494511, 1.1573544237825564, 0.9591464926909437, 0.17041693737493363
0.1537713534669211, -0.2881420548072896, 0.584313850762423, 1.156820770586872, 0.9566476275575121, 0.17077794525408949
0.15367291721004112, -0.2881156212112407, 0.5844278021699598, 1.1565692764944457, 0.9547461104959908, 0.1712636551102738
0.15354739250101904, -0.2881017266718202, 0.5845032966263324, 1.1564206111770676, 0.9527849188598466, 0.17138597262661864
0.15349278390240706, -0.28811230364285956, 0.5845384774194028, 1.1562874211010954, 0.9512934339607121, 0.17171802320009547
0.15336901025809463, -0.28807759198639776, 0.5846589082639292, 1.156029765516879, 0.9494817511589473, 0.17197617205069957
0.15328747769608586, -0.28805952262789264, 0.5847395707893337, 1.1557493182760141, 0.9482145035877183, 0.17210282195571888
0.15323938856458358, -0.28807036270269815, 0.5847779006330717, 1.1558373494493228, 0.9469207039965838, 0.1723379402997988
0.15318223068659534, -0.28804910840991, 0.5848571680468362, 1.1554354235176145, 0.9458594377011993, 0.1726752416561864
0.15314790605339623, -0.2880420893600071, 0.5848700452451292, 1.155413325695264, 0.9451404349759771, 0.1727339912186201
0.15307844774853907, -0.2880104481350282, 0.5849464642983947, 1.1551210565425125, 0.9442615346347767, 0.1729305542640702
0.1530526533524054, -0.2880273397343188, 0.5849389982120212, 1.1552113330873408, 0.9438292989862235, 0.1727785074395258
0.15301763866202212, -0.2880137131477424, 0.5849914114107766, 1.155026903157158, 0.943265272367279, 0.17279353538979617
0.15301652594954107, -0.28803719558512947, 0.5849832111119145, 1.155170670340253, 0.9431860858518755, 0.17280100165607756
0.15300666578512023, -0.2880112537282564, 0.5850114530503475, 1.1550200280955658, 0.9430909499087289, 0.17293986888026758
0.15262015681810523, -0.2878180233516693, 0.5846604575377709, 1.1532604172816494, 0.9384731611002537, 0.17338184284353964
0.15221788497376038, -0.2876074617521092, 0.5841232261649624, 1.1512180732069084, 0.9332972579481981, 0.1739711558192457
0.15187164640148804, -0.28742953224666984, 0.5834864053974584, 1.1494442363791335, 0.9288773094882499, 0.17448151419624264
0.15151889769983257, -0.28725852538722946, 0.5828580220332844, 1.1476296195298825, 0.9242365901512407, 0.17487549734554958
0.1511952048356191, -0.2870550580933415, 0.582265115881823, 1.1457560005622063, 0.9201012358980017, 0.17540348213044693
0.15076532137138335, -0.28684695938074756, 0.5816490005845847, 1.1437981038236142, 0.9148327764219502, 0.1757301466990643
0.15037856409776434, -0.28667108119016305, 0.5810095545815823, 1.1420333883228908, 0.9099645075004796, 0.1760796499344123
0.15002689319406495, -0.28648955949293015, 0.5804069041513074, 1.1403793118401055, 0.9054862411878349, 0.176345272144739
0.14963728075234878, -0.28628521411634666, 0.5797628607618402, 1.1383942598350887, 0.9006325368207831, 0.176634751301078
0.14922361723549368, -0.2860838111643996, 0.5790315077779495, 1.1364002492546115, 0.8956847399437347, 0.17675528558961345
0.14881023498207005, -0.2858481789198642, 0.5782941269444534, 1.1342656711722232, 0.8903834513053154, 0.17711099812839118
0.14837862544306196, -0.2856534534340767, 0.5775199561189226, 1.132581254722904, 0.8854065738499092, 0.17731531924296232
0.14800052468824934, -0.2854661784861159, 0.5767475388520816, 1.130768558087879, 0.8806425652084503, 0.17752605972879004
0.14760390426193562, -0.28525653779148435, 0.5759791640367945, 1.1288474635195747, 0.8756507810687241, 0.1779824127268274
0.1472073831045835, -0.28506235591864804, 0.5751483796000901, 1.1269719702029493, 0.8708399251910554, 0.17823440302425145
0.1468455588841844, -0.2848593355561014, 0.5743422054361116, 1.1250810397394897, 0.8661816879519633, 0.17836361269219403
0.14641197147778473, -0.28466048807922856, 0.5735357223655545, 1.1232743646552263, 0.8612915860822306, 0.17850132968894308
0.14599657878478128, -0.2844318500515667, 0.5727014274449092, 1.1212867965078288, 0.8561926561821219, 0.17899899887865522
0.14558587634228953, -0.2842142734251793, 0.5719106647194283, 1.1194990223937977, 0.8511615993210402, 0.17922202773622006
0.14519588094239497, -0.28399302213015676, 0.5711191578655672, 1.117538948848295, 0.8466120921047826, 0.17952812651515349
