-0.26145909456737615, -0.013475712961764308, 0.3336697734947403, 2.6765693966539876, 1.4131975849360556, 0.029958712296369656
-0.26145706600688556, -0.01348335592606427, 0.33366121103767715, 2.676613944882823, 1.4131330825637214, 0.030078880173890526
-0.26145121594946086, -0.013477211220839056, 0.33366616138328953, 2.676602895656538, 1.413235056082556, 0.03000333865139306
-0.2614547148778239, -0.013478980513111754, 0.3336702762492444, 2.676588475798675, 1.4131866224722582, 0.029983526970631565
-0.26145400305729793, -0.013485004895650696, 0.33366098957049134, 2.676572051439972, 1.413218522122762, 0.0299848747748795
-0.2614513604262613, -0.013477241512476857, 0.33367239815632266, 2.676594806445141, 1.4132554257158103, 0.029929458393607635
-0.26144632654621536, -0.01347922696059546, 0.3336537321869604, 2.676586541461525, 1.4131604774738997, 0.030057941931444218
-0.26145524619601557, -0.013489952386537541, 0.33365578245608685, 2.676569723436868, 1.4131901974552787, 0.030095347407977154
-0.2614602466129045, -0.013483725436320641, 0.33368996732533307, 2.676591009397519, 1.413214143195653, 0.029893808416694683
-0.2614564255709315, -0.013479824012863809, 0.333666296915008, 2.676596837230095, 1.413168452221691, 0.03002062210396502
-0.2614549273943008, -0.013480186946843244, 0.3336608682963379, 2.6765863932669847, 1.4131615934565713, 0.030037099499612467
-0.26144775868942, -0.01347775436146367, 0.3336437548297269, 2.6765987114166347, 1.4131846766635443, 0.030112652221102622
-0.26144669632042616, -0.013465499894805397, 0.33365717857434873, 2.676604468607352, 1.4131489156323918, 0.030069507020940214
-0.2614552975980076, -0.013472819374340278, 0.3336751726079329, 2.6765965820213697, 1.4131704786146095, 0.029979666480612777
-0.26145274775570554, -0.013475840675971167, 0.3336743681233936, 2.6765780990890606, 1.4131828775948372, 0.02994453316110366
-0.261459353706314, -0.01348015008901941, 0.33368262374541574, 2.676590171888457, 1.4132086566551998, 0.02998259956543984
-0.26145846434537773, -0.013488287656790561, 0.33364445440432206, 2.6765697822776233, 1.4131899483575936, 0.030093974685675852
-0.26145872958974836, -0.013471267884322374, 0.3336685100875374, 2.676605132071346, 1.4131542431728106, 0.029979343520428192
-0.26145156632519034, -0.013478578257606705, 0.33366706904681703, 2.6765690467368204, 1.4131936978740183, 0.030035743695552657
-0.2614588837481051, -0.013482113456808394, 0.3336684330279428, 2.6765777582683814, 1.413177538825439, 0.030036062137468775
-0.2614409632775648, -0.013476550377711697, 0.3336534815401697, 2.676566767664493, 1.4132750533288423, 0.030037519370910055
-0.26145626572794284, -0.013481959424638035, 0.3336807504385768, 2.6765670271708553, 1.413173070792032, 0.030017201055873646
-0.26145789981509077, -0.013468667115722307, 0.3336723075671821, 2.676592003537639, 1.4132320428404692, 0.029940066985783036
-0.26144941287075424, -0.013463463810484978, 0.33367977605206045, 2.676619587887397, 1.4132083737715389, 0.029906941575824384
-0.26145160579924825, -0.013471043046538277, 0.3336960211091575, 2.676605026749261, 1.4131580982925838, 0.029926635631428503
-0.2614641203436241, -0.013480293149397578, 0.3336723262702626, 2.6765882034791457, 1.4131840726328944, 0.03001675387796684
-0.26145266278745277, -0.01347582957238317, 0.3336622957501959, 2.6766005374946324, 1.4132109773374972, 0.0300375215089784
-0.26146481941269534, -0.013488139740824117, 0.3336890690481191, 2.67656128761531, 1.4132163051542626, 0.029927869167643163
-0.2614576041678343, -0.013471794126366999, 0.3336976875263209, 2.6766034395853406, 1.4131394711287353, 0.029870668259447532
-0.2614473345302647, -0.013471081110894671, 0.33367258818815415, 2.6765985414769173, 1.4131913084864136, 0.030000303104872835
-0.26146351477547325, -0.013479962818076677, 0.33367596590894794, 2.6766370742722514, 1.4131720006925157, 0.029987392443026978
-0.261453635934923, -0.013470895023034144, 0.33369345525967514, 2.67659881363182, 1.4131979531035346, 0.029889325057415934
-0.2614595363888766, -0.013490978249403231, 0.3336708724151289, 2.676548935614232, 1.413184243201926, 0.030001440670449707
-0.26145475997822293, -0.013474629318660144, 0.3336801449236656, 2.676590554876487, 1.4132115390893725, 0.02992641563272113
-0.261453903127487, -0.013471071096255869, 0.33367284578237827, 2.6765983243622604, 1.4131900320980562, 0.03001553243794986
-0.2614595823603417, -0.01347917365727162, 0.33368395654112293, 2.67659496894861, 1.4131498876595225, 0.029963924691628868
-0.2614526270035651, -0.01348122731814715, 0.333661870713747, 2.6765879745140664, 1.4131801409566072, 0.030093785503505936
-0.261459353706314, -0.01348015008901941, 0.33368262374541574, 2.6766072943383405, 1.413176690760378, 0.029984683393525842
-0.261455610431612, -0.013484696455856359, 0.33369058253008366, 2.676599554971275, 1.413197168960534, 0.029915686936273923
-0.26145058745053595, -0.013472676570932457, 0.3336601951636181, 2.6765898206850354, 1.4132026480636828, 0.03007065965580095
-0.2614512386088101, -0.013472970104855774, 0.33365640535765334, 2.6765985859945474, 1.4131877017712215, 0.030054383608354447
-0.2614603680016522, -0.013487038238412088, 0.33369306131588905, 2.6765734227591285, 1.4132418947687293, 0.02996664589011266
-0.26144236266883475, -0.013477308681420407, 0.3336702607049755, 2.6765607711726522, 1.4132122057969403, 0.02999928798878528
-0.2614630998601397, -0.01347554108452791, 0.33367466496565257, 2.6765895557789907, 1.4132037599896112, 0.03005053826992742
-0.2614592395635592, -0.013474655068662187, 0.3336766255305026, 2.6765853526497883, 1.4132666678240247, 0.02999707489509535
-0.26145647690932, -0.013480954717029373, 0.3336759712840528, 2.6765434230944027, 1.4132427335480737, 0.0300138693294036
-0.26144967392840496, -0.013475477601684521, 0.3336890287211842, 2.676607097921956, 1.4131780974985397, 0.029966666673095693
-0.26145139994741484, -0.013485964358899337, 0.33368293702692714, 2.6765420607963466, 1.4132245204311953, 0.029964140910989343
-0.26146112929628756, -0.013483196411807865, 0.3336799771263708, 2.676586317780551, 1.4131639448379527, 0.03000104053285747
-0.2614556107885443, -0.013478336757555632, 0.3336797244343551, 2.6765901750784766, 1.4132086902846297, 0.029982602272003566
-0.2614655715236941, -0.013478902513493096, 0.3336684593753121, 2.676577430386374, 1.4131759539648958, 0.030049907042613393
-0.26145850902868184, -0.013481924497574179, 0.3336828499363565, 2.6765607002659992, 1.4132130019073887, 0.029979892766217302
-0.26145497136834545, -0.013471549260668188, 0.3337038929073005, 2.676632963493539, 1.413135250154575, 0.029875465465701818
-0.2614661738684995, -0.013467039611033151, 0.3336727039036889, 2.6767648550000076, 1.4132643283999402, 0.029979171650913353
-0.2614618827928964, -0.013452088408151115, 0.3336754765398728, 2.6768208611692166, 1.4132303112643894, 0.030032660980021192
-0.261464878369772, -0.013459909226625322, 0.33366904489862215, 2.676778784841651, 1.4133100095692661, 0.030031608499270744
-0.26146988364718515, -0.013464506044685475, 0.3336969172709984, 2.676772083060012, 1.413352881825527, 0.02995960807757754
-0.261468884198077, -0.013465128020201066, 0.3336812751117649, 2.6767785798059465, 1.41331054843274, 0.030033700786216113
-0.2614607097931912, -0.013455794790456837, 0.33368534135780425, 2.676759419001344, 1.4133237663791869, 0.029973569579628122
-0.2614796241780493, -0.01346166719683276, 0.3336698635004861, 2.676808143448691, 1.4133041519469676, 0.03005098345689156
-0.261477428008063, -0.013458493200508825, 0.3336933847743534, 2.6768145794711335, 1.4132723589122422, 0.02995855301561624
-0.25964801232130724, -0.013399618513693024, 0.33381168440429626, 2.6766885485447256, 1.413682897281467, 0.02969517536874747
-0.25636360874928416, -0.013375413718230074, 0.33379159875426434, 2.676478240942356, 1.4142147451799212, 0.029915370910916447
-0.2530495466203358, -0.013334894064453054, 0.3337281263611211, 2.6766671549153855, 1.4141865962585414, 0.030139314858019663
-0.24961218364175589, -0.013345039428473489, 0.33365698507016905, 2.676765344257587, 1.4142160081592974, 0.03047674153276902
-0.24631129520150105, -0.013324391244061724, 0.33361304985279455, 2.6769185697248146, 1.4142314094321304, 0.03082180839203764
-0.24303593999511808, -0.013337590928424636, 0.3335719817523631, 2.676920225007357, 1.4144638406982764, 0.031031887054015946
-0.23973408798196078, -0.013303878680802076, 0.33359379660303967, 2.6769320857802854, 1.4146724875693106, 0.031109885614687898
-0.23645429325332198, -0.013281061361377999, 0.3336253225514955, 2.6771459985655928, 1.4145530866637308, 0.03135648543422066
-0.23317987598397694, -0.013274355176493492, 0.3336648605146714, 2.6772130683032063, 1.4147086891186125, 0.03126885267448328
-0.22988602885258858, -0.013264991698602933, 0.3336708622281734, 2.677261738151043, 1.414870552163555, 0.031315639918372745
-0.22658923086901153, -0.013258151648039142, 0.3336496987233, 2.677172233146795, 1.4152948531785374, 0.03166164253075361
-0.22329276658381758, -0.013255630356223964, 0.3335903834004403, 2.677229933737126, 1.4153705140830806, 0.032004008654026944
-0.22000012695459753, -0.013256763608722785, 0.33353978004399804, 2.677411892118125, 1.4153153567084293, 0.03231334664153317
-0.21672834836263033, -0.013258555869831382, 0.3334496780277203, 2.677476426538206, 1.4155170430395252, 0.032844943457786775
-0.21344167934491404, -0.013251456694476093, 0.3334166743404523, 2.6774712816337707, 1.4157484646379153, 0.033025221758614144
-0.2099943554215261, -0.013222195296294342, 0.3333647828222322, 2.6776358449930178, 1.4157289573740932, 0.03335820930377296
-0.2067113950385344, -0.013225135428131855, 0.33333719014579877, 2.6776433653368903, 1.4158883576756733, 0.03368263942863921
-0.20342824290433395, -0.01319694001542125, 0.3333418173614081, 2.6777381474507256, 1.4159153714369694, 0.03369213683359947
-0.2001525653487976, -0.013186947393113425, 0.3333070534740036, 2.6780110179780627, 1.415670010044397, 0.03408034046923599
-0.19685880578108686, -0.013201036127603327, 0.3332454075139861, 2.6779972512303627, 1.4160328275070762, 0.034618750059613214
-0.19358317008549808, -0.013194732711479576, 0.3332033181609003, 2.677963483599726, 1.416259103285396, 0.03492408396793693
-0.19030859020422797, -0.013203215221714996, 0.3331740938811061, 2.678040388617691, 1.416330363162706, 0.035166210066872663
-0.18700077773716237, -0.013176785689512614, 0.3331719047177407, 2.678075111358354, 1.4163345798622975, 0.03529710958405233
-0.18368286131317, -0.013146345794069685, 0.33314939604434435, 2.6782389486901774, 1.4161926216743257, 0.03576093319479272
-0.18039545655957662, -0.013147699749108635, 0.3331370127347106, 2.6783087295353596, 1.4162377521473626, 0.035791453207270174
-0.17793383029301885, -0.013155468036770191, 0.3332155122785126, 2.6780857258397113, 1.4165642463714145, 0.03564321376075521
-0.17792210693352303, -0.013154448198836365, 0.33321011695911323, 2.678135268630022, 1.4165706873905803, 0.035624654802666154
-0.17791745233313339, -0.013157843734837834, 0.3332057827857303, 2.678097648166399, 1.41660963015655, 0.03570405775414731
-0.17791868625748372, -0.013158864117971547, 0.3332191086470282, 2.6780801803964303, 1.4166417649568273, 0.03570171715374156
-0.17791180818296823, -0.013147758559904035, 0.3331972730451507, 2.67811293891754, 1.4165722211807315, 0.03577467537616662
-0.1779121857155296, -0.013152334658327219, 0.3332126389125869, 2.678088271794082, 1.4166472601437041, 0.03568100507618997
-0.17791384314722225, -0.013147128367140392, 0.33321112128912334, 2.678077584708604, 1.4166195582498176, 0.03569827153680271
-0.17790954256234315, -0.013149425708993643, 0.3332002604259547, 2.678080969025885, 1.4165983333732244, 0.03574253356922092
-0.17791014921333187, -0.013146401216575556, 0.33319440858672894, 2.6781193360850963, 1.4165559955509672, 0.03575793777163759
-0.17791249890175592, -0.013148347427015285, 0.3331932256599663, 2.6781198924586245, 1.4165726756973762, 0.03582863094081768
-0.17791625114709939, -0.013148512192126004, 0.3331944682525752, 2.678124695236985, 1.416641845617274, 0.03572479309131716
-0.17791678172499106, -0.013148017761759811, 0.33319699285903054, 2.67812539880269, 1.4166371323234022, 0.03581522309251134
-0.17791283320059137, -0.013152118798820178, 0.3332060588942495, 2.6780768603377427, 1.416614728490362, 0.035777385344507535
-0.17791632949576472, -0.01315241297311778, 0.333204086360211, 2.67810016168797, 1.416625908349811, 0.03578842428477501
-0.17791230406662503, -0.013146973022938277, 0.33318685186716557, 2.678133185090156, 1.4165949656590084, 0.035913023434240555
-0.17791536697734467, -0.013152909449023774, 0.33319261000868794, 2.6780944552947092, 1.416620534989828, 0.035827594704474046
-0.17790965151086663, -0.013151798432762821, 0.3332066744808323, 2.678051236227919, 1.416662842485945, 0.035776378900174106
-0.17790755090550406, -0.013147967844960261, 0.3331987186838249, 2.6780995029187324, 1.4166166210979412, 0.03595563601907576
-0.1779034267920104, -0.013141148435501388, 0.33318548746500976, 2.6781360897487274, 1.4165907868935053, 0.036023285924594
-0.1779077576084064, -0.013146567126828095, 0.33320125100676845, 2.6781093326784395, 1.4166649135707534, 0.0359101291077126
-0.17790880875165763, -0.013145196970962404, 0.3332031014690263, 2.6781306737885937, 1.4166333412202887, 0.03594528754564072
-0.17790239908426592, -0.013147117402213403, 0.3331952269747866, 2.67809290449794, 1.4166550228455652, 0.03595435882713006
-0.17790421618331895, -0.01314051443906718, 0.33319111111394617, 2.678144205105084, 1.4165962552070865, 0.036002203692712384
-0.17790679137651083, -0.013143859390446575, 0.333196347143646, 2.6781142608304602, 1.4166224410223134, 0.03598577234231852
-0.1779093987073958, -0.013139913984954822, 0.33319139738925996, 2.678154016928876, 1.4166229398436179, 0.03597472782334556
-0.17790020139001228, -0.013135002283921495, 0.3332061898155042, 2.6781000216255784, 1.4166599097900465, 0.035924808889890324
-0.17791031074625846, -0.013146472020823594, 0.3331949827328786, 2.6781617801601323, 1.416602279377212, 0.0360552321498489
-0.17790865052419813, -0.01314411627638355, 0.3331818149234311, 2.678159914515871, 1.4165805728265597, 0.03605713518970153
-0.17790744039777123, -0.013147604486926447, 0.33320782322680936, 2.6781466141617516, 1.4165793971430278, 0.035953739280898366
-0.1779000599082429, -0.013135887070368366, 0.3332106858244703, 2.6781535648491217, 1.416585645658752, 0.03592862008831536
-0.17790889120497058, -0.01314560868397716, 0.3331836195976314, 2.678145470391614, 1.416591277226743, 0.0360956965093623
-0.17791221792757023, -0.01315892529716723, 0.3331932354311359, 2.6780692108659863, 1.4166550722174671, 0.03608794313918155
-0.1778980262265406, -0.013134354474543976, 0.3331864873204381, 2.678146846786566, 1.4166514270613944, 0.03613930848775482
-0.1778998491502896, -0.013138697341319734, 0.3331887138143031, 2.6781248725926017, 1.4166140412586168, 0.03624074421133818
-0.17789644330475948, -0.013129174833838773, 0.3332101369973588, 2.6781708037646506, 1.4165177709614905, 0.03620497849224952
-0.17788393372710157, -0.013121287017582, 0.33323975951519424, 2.6781198177551295, 1.4165815276301827, 0.03607775212483911
-0.17790113794178988, -0.013133621416345857, 0.333241984311208, 2.67816686125328, 1.416565418212782, 0.03605470519201937
-0.17790209343800117, -0.013135681474947591, 0.3332670136582542, 2.6781427081442244, 1.4165759078792763, 0.0360209031273338
-0.18063234205214387, -0.01308825600194634, 0.33334131417445595, 2.6784266390713065, 1.415969481032195, 0.03586018562706598
-0.18406616362242043, -0.013035386286579707, 0.33334717645080236, 2.678614907194513, 1.4155443851384204, 0.03601829379273997
-0.1873831042945713, -0.013011271426918774, 0.33337340206913185, 2.678540232405836, 1.4155271170408252, 0.03592802779852462
-0.19073129463864655, -0.013004929140401628, 0.33334570860183793, 2.678466300510675, 1.4155657280822895, 0.03602842745548458
-0.1940517821474047, -0.012994395438057305, 0.3333140575703755, 2.6785043146325878, 1.415382142545442, 0.03624292353297441
-0.19737529206600296, -0.012949054261622767, 0.3333075841404373, 2.678712882166575, 1.4149248943988473, 0.036488249677635975
-0.20071118118298542, -0.012949011717311831, 0.3332895654864827, 2.6785951515617654, 1.4149199176150167, 0.036671028971125515
-0.20404942075776886, -0.012959557394383509, 0.3333201443571739, 2.6785163965993375, 1.4150082322697684, 0.03647135802223793
-0.20737891312159445, -0.012948923276837358, 0.3332873794948355, 2.6785726901776594, 1.414834137174407, 0.036815449219654406
-0.21069035077896597, -0.012917836920750884, 0.3333402132679392, 2.6786374759738742, 1.41475041880213, 0.03657772709620367
-0.21402996574258576, -0.012942683707331051, 0.3333727540539585, 2.6784909950771367, 1.4148505062260972, 0.03659925976238415
-0.21733897151135878, -0.01293887744812452, 0.33340899875333657, 2.678536151520849, 1.414630858326728, 0.03659947000552598
-0.22079382175965917, -0.012905889261092618, 0.3334425440672927, 2.6786370380627216, 1.414412665218031, 0.036677070535228236
-0.22413227669579205, -0.012890870213034464, 0.33347960647192837, 2.6787167091182185, 1.4142862468918886, 0.03663408193047814
-0.22742859192552367, -0.012850727327400457, 0.3335251371658568, 2.678659999568905, 1.4140994083450218, 0.03645365916170251
-0.23073423093841952, -0.012786217192626466, 0.33350197311558466, 2.6788217954556197, 1.41373312164955, 0.036478085776770475
-0.23406136544044392, -0.012760432649828905, 0.3334748519724869, 2.6789509931937805, 1.4134789852520877, 0.03652650744699055
-0.237356236134166, -0.012741605261779077, 0.33343944791421576, 2.678878568012756, 1.4136498953998293, 0.03668130064852713
-0.240665932140755, -0.012712107338852755, 0.3334130732467061, 2.678924238797909, 1.4136440622330524, 0.03680397597714092
-0.24399355352320376, -0.012702131600222797, 0.3333940815470446, 2.6790573567677782, 1.4133218776661347, 0.036896154621569054
-0.24731575569504013, -0.012670236258104699, 0.3333984256444842, 2.6791834056528123, 1.41308435081964, 0.03693889497693976
-0.25063554972495794, -0.01264942939179739, 0.3334467829826776, 2.6791188928124336, 1.4130978130457998, 0.036999210971328446
-0.25399219900121484, -0.012651428939485187, 0.33353320287554844, 2.6791462673835995, 1.4131702397516317, 0.036639370406370136
-0.2574457458380965, -0.012646175289197467, 0.333594099290108, 2.6791592353948683, 1.41297414483852, 0.03643388018964655
-0.2607844470664121, -0.01261623372166904, 0.3336474166838249, 2.679364879116879, 1.4125851458758927, 0.03621496131287444
-0.2640865956992775, -0.012604734160201372, 0.33366955610909865, 2.6792460680962376, 1.4127102890297245, 0.0362633445680914
-0.2674200300787928, -0.012568448346061543, 0.3337227484393096, 2.6793171149101442, 1.4125036366948764, 0.036008616917793126
-0.270733648086575, -0.012574521281634086, 0.33368385690761937, 2.679309820708598, 1.412452560516086, 0.03633139875169612
-0.2740439040720821, -0.01251011803523245, 0.33370360536223403, 2.6793891464106223, 1.4123051457962554, 0.03634065327643509
-0.27734720364338344, -0.012491958717240969, 0.33371898447743437, 2.6794470653814497, 1.4119509888033837, 0.036177784855843234
-0.28064927797294237, -0.012437634880505737, 0.33364708716137237, 2.6795361197061744, 1.4115953823638872, 0.03636406860234889
-0.2840864664615698, -0.01241961796525532, 0.33363467970040095, 2.6795440256555945, 1.4115391076010755, 0.03634132511949839
-0.2874100867397095, -0.012382357150183541, 0.33364543596868607, 2.679521976310443, 1.41165095256007, 0.03648465658198894
-0.2907709420343108, -0.012378769501015546, 0.3336546981969257, 2.679601897313228, 1.4114126956191708, 0.036538325191834836
-0.2941306345148553, -0.012371455754547523, 0.3337883387756435, 2.679612218774206, 1.4115662675442784, 0.036029505170136714
-0.2974707386133354, -0.012351407644669007, 0.33383017619349536, 2.6796649578569838, 1.4115424585352876, 0.036198965111797224
-0.30078677272969767, -0.012303061273748427, 0.3338654971733218, 2.6799859158394264, 1.410902277046081, 0.035999386802453424
-0.3040720647046815, -0.012294188863286116, 0.33386248522397455, 2.6798885981367975, 1.4110345250005933, 0.03605206004035855
-0.3073671705999283, -0.01225464255594427, 0.3338248626994411, 2.679983673705122, 1.41067711827478, 0.03639587742304347
-0.31069181593930423, -0.012226658812779137, 0.33377470961042566, 2.6801226290705276, 1.4104081126745955, 0.036787460476802286
-0.31396107285925584, -0.012239747609326739, 0.33376194641946877, 2.680033991859532, 1.4105059245410614, 0.036978231744371086
-0.317400727886836, -0.01217998297852833, 0.3338342624839088, 2.680404968832337, 1.4098365313615355, 0.036845980831496254
-0.32069770975435147, -0.01216597372074609, 0.33382128065516636, 2.680567721753381, 1.4095287431873715, 0.037230183950189316
-0.3240214314070793, -0.012177878157573981, 0.3338998297847321, 2.6806304056204144, 1.4091814126531574, 0.03733351193422064
-0.32733448049123537, -0.012111216939304684, 0.33389707278777303, 2.6809318309976553, 1.4085727250932603, 0.037492571665116374
-0.33065034352594697, -0.012070176978736708, 0.3339218228762238, 2.681270352184258, 1.4079309878535113, 0.0375193217263708
-0.33394241240510136, -0.012055604910037706, 0.33389348584891154, 2.6814601112661762, 1.4074763849313332, 0.03799319871882327
-0.3372388666121886, -0.012008717025699316, 0.3338165166254941, 2.6816632997145358, 1.4069800990564996, 0.03861286394737605
-0.3405490487894435, -0.011978019672171023, 0.33371202462418864, 2.6818019597657883, 1.4064531420595718, 0.039544014634199785
-0.34382495451982154, -0.011954212098765592, 0.333575083906031, 2.6818388945587635, 1.406025672944699, 0.040733583877111935
-0.3471110183742986, -0.011950365058829793, 0.3336010458420824, 2.6822488663511868, 1.4053850123911993, 0.04099671840289479
-0.3504433499886614, -0.011912181320605075, 0.3336415056897784, 2.682565376496804, 1.4046752848706827, 0.041141647661991076
-0.35377908900626315, -0.011884312950832757, 0.3336617847856191, 2.683174252225454, 1.403386309889816, 0.04166711100026871
-0.3572108727073611, -0.011877675283230398, 0.3337056135799246, 2.6834803546639736, 1.4026474138834075, 0.041901342872739264
-0.36047568642538125, -0.011841000537478392, 0.33366229970472605, 2.6837512430923987, 1.4019754752985194, 0.04256061601013173
-0.36376013539907026, -0.01181617229120483, 0.33359540604681726, 2.684057428552976, 1.4011130347172545, 0.04329981684774058
-0.3670676392974164, -0.011774665913817366, 0.3335491295230421, 2.684439266132624, 1.400243006718728, 0.043800319436330185
-0.3703220512894717, -0.01174143245692022, 0.33355266583357734, 2.6847277511604957, 1.399560991668197, 0.04416224423279424
-0.37360077153920096, -0.011756950490568442, 0.33359607689900783, 2.6849547166741137, 1.3988205414128116, 0.04461803414648351
-0.3769050082462623, -0.011738805527562905, 0.3336013977402058, 2.6852276708564418, 1.3980057705441804, 0.044998375533070706
-0.38023321638710045, -0.011661540068314116, 0.3336029439341722, 2.6857514235355926, 1.3969324094700355, 0.04550372933045657
-0.38352516392961966, -0.011614544611401942, 0.3336149480208983, 2.6862889707760935, 1.395882857935004, 0.04578447914283226
-0.38682214200674786, -0.011612848969475467, 0.33357691597905637, 2.686785602726248, 1.394848806998856, 0.04658102541993766
-0.3902648074864991, -0.011579124674944055, 0.3334658905813448, 2.687235997758931, 1.3935750059905136, 0.047349736031182525
-0.3935037206379231, -0.0115014879338158, 0.33340131116585425, 2.6876674618344567, 1.3924601394569833, 0.0482202478939807
-0.3968117472748303, -0.011438664145825558, 0.33340553315815175, 2.6881276775519054, 1.3914925599707617, 0.04858333416320643
-0.40011089475086803, -0.011420492889812024, 0.33338029310309286, 2.6885637270958824, 1.3903865069978871, 0.049414445929680445
-0.4034123306656345, -0.011429591899482741, 0.3334584750612991, 2.688802067649191, 1.389846490145528, 0.04960906440342772
-0.40668706578176195, -0.011411302806472476, 0.3335067137912001, 2.6891011873979105, 1.3891533237300941, 0.049843550886145456
-0.4099556057985283, -0.011345476521034244, 0.33342470066602503, 2.689529638180953, 1.3880772098476202, 0.0509040977263553
-0.4132402568629343, -0.011312779619804161, 0.3333947924883671, 2.689761879665343, 1.3872913060725585, 0.05139083057466065
-0.41651252572555336, -0.011296007681807302, 0.3333832844310505, 2.6900696623709783, 1.3865119964996033, 0.051843353687785865
-0.41979104794092104, -0.011273806032901214, 0.33335591315051, 2.690413143620038, 1.3856885342219871, 0.052380466014638465
-0.4231160715349531, -0.011275247134682385, 0.33339250672058146, 2.6908173641173487, 1.384830176503964, 0.05268586662728505
-0.426437147883933, -0.011228440463821258, 0.33349470696965444, 2.6913798406557277, 1.3839574821630987, 0.05258497489003325
-0.4297410650928271, -0.011154892918177232, 0.3334883465480402, 2.6918412501732463, 1.3832510385380616, 0.0530846714787112
-0.43322787449024797, -0.011136314661354289, 0.33345584540870604, 2.6923122988841857, 1.382348298388189, 0.0533475892920053
-0.43649102834663167, -0.011119826548566056, 0.3333418812247121, 2.692565420719377, 1.3816153390334174, 0.054046879637666814
-0.43978015474444, -0.01112224912236641, 0.33327638672163884, 2.692930089527851, 1.380722613001798, 0.05468581332681045
-0.44309637487381365, -0.011119769556459116, 0.3332509080467361, 2.693177318958389, 1.3802353043476576, 0.05507128231494047
-0.44644272616959935, -0.011101709793490653, 0.33330839883754515, 2.6934840902347967, 1.3797619192541501, 0.055009186001780404
-0.44980071180853937, -0.011056502768148617, 0.33336512455245376, 2.6939990851548172, 1.3787371193180016, 0.05502208145089378
-0.45311120495876733, -0.011053542587121861, 0.33339692292955697, 2.694380751553058, 1.3779860625718516, 0.055233654676305734
-0.4547260146237211, -0.01110076693941476, 0.33341856365616085, 2.694426741178018, 1.3779686616832187, 0.055251541706184744
-0.45472676539945894, -0.011107454951978814, 0.3334266767538074, 2.6944652046109616, 1.3778647574992353, 0.05527310314140611
-0.4547273131771288, -0.01110107017142818, 0.3334315881751379, 2.694334151912885, 1.3781702723985636, 0.05516874102791579
-0.45472281614862015, -0.011085989715382775, 0.33340703879391664, 2.694316582720599, 1.3782389608683214, 0.055278725467572155
-0.4547181161524018, -0.011090238319734162, 0.33342213758236716, 2.6943211836664243, 1.378243461795855, 0.05524566023907065
-0.4547171181733491, -0.01110441474858667, 0.33341739240344076, 2.6942499217301563, 1.3784316332332291, 0.05524913528202173
-0.4547256662296693, -0.011107645464740004, 0.3334170839365488, 2.6942122437919647, 1.3784718228479955, 0.05525919645665904
-0.4547383648417868, -0.011101907658386291, 0.3334246222776195, 2.694086266085928, 1.378672590491928, 0.055197654640252
-0.4547264644615203, -0.011087960360499933, 0.33340640198449717, 2.6940850962719702, 1.3786478914685547, 0.055264781095065836
-0.45472067022623497, -0.011092281522636832, 0.3334119072322848, 2.6941912942006643, 1.3785849966594756, 0.05526174631221863
-0.4547301344462808, -0.011091291316055359, 0.33341276928556485, 2.694137056071356, 1.3786374642517414, 0.05524683174209743
-0.4547239846857517, -0.011103690349030198, 0.3334007941198353, 2.6939912643048296, 1.378822656204685, 0.05527710215561659
-0.4547277870049333, -0.011101600653313386, 0.33340716138330095, 2.693848959525777, 1.3791808019890306, 0.0552330681003671
-0.4547154350840359, -0.011074456126110781, 0.3334224663921072, 2.6939332462263077, 1.379085781137873, 0.055187995898730094
-0.45472474893778203, -0.011067990929191071, 0.3334113727051209, 2.6939394903652913, 1.3790033775366568, 0.05523202087310119
-0.45473233211627984, -0.011089900677187996, 0.33340099089681985, 2.693947370368921, 1.3790029210231884, 0.05535500769482416
-0.45472831849518586, -0.011079809114481467, 0.33340716138330095, 2.693847538397617, 1.3791800744082694, 0.05522471008816854
-0.45472319784394477, -0.01108611088794605, 0.33342593710041246, 2.693719705014366, 1.3793799984129744, 0.05518694892658266
-0.4547187710572949, -0.011099309861315684, 0.33339908861785383, 2.6936145100886786, 1.3796073604298356, 0.055257542934752574
-0.45472310744249744, -0.011095944362574689, 0.3334189351817365, 2.693507685682524, 1.3798228882715986, 0.05513149434400377
-0.4547276157022268, -0.011068751890286603, 0.33340956421074774, 2.6935299067259404, 1.3797691094648652, 0.05521696850548916
-0.45473240259332215, -0.011089858446150368, 0.33340621560131023, 2.693503198464196, 1.379879646121519, 0.05521019358699318
-0.45472700127834254, -0.01108745267144107, 0.3334166727888206, 2.693500646836188, 1.379921834729111, 0.055177290311885376
-0.4547283059971818, -0.011090197385663405, 0.3334054764469148, 2.6934168520243826, 1.38014411197097, 0.05521390202175532
-0.45474237508161264, -0.011093786892534617, 0.3334137088678022, 2.6933729257269876, 1.3802466770234827, 0.055154971724860336
-0.45473628504390834, -0.0110692671067125, 0.3334197952241865, 2.6934112877986434, 1.3802078701228242, 0.055118960971141315
-0.45472742841882474, -0.011082451298507294, 0.33342361781661817, 2.6933212755966274, 1.3804065565430677, 0.0551163720259661
-0.454727163436693, -0.011072866597068791, 0.3334101369060447, 2.6933946184365833, 1.380340967610656, 0.05520788535577096
-0.45473040754761535, -0.011055536241128826, 0.3334224852024097, 2.6935072349310105, 1.3803253138050322, 0.055167312229513855
-0.4547322026214965, -0.011061983784438689, 0.3333758068697737, 2.6934768355900474, 1.3804453994243597, 0.055363591014246476
-0.4547403516335792, -0.011043023587169874, 0.33342162033305356, 2.6934092785057766, 1.3806024442781588, 0.05518201702970072
-0.4547462744847378, -0.011011731152160933, 0.3333834662648532, 2.693501623959765, 1.3803776627968167, 0.05530672135843252
-0.4547363285941323, -0.01101662415597482, 0.3334071383895269, 2.693360057178116, 1.3806359333607061, 0.05517740665994167
-0.4547401083535043, -0.010969671947535242, 0.3333969517626497, 2.693463054515552, 1.3805271019197205, 0.05520329667015552
-0.45473634974871036, -0.010922554169689605, 0.3334277850084332, 2.6934548586730678, 1.3804853330792286, 0.055103351200596166
-0.45475535781345305, -0.012053138088751365, 0.3334368082333645, 2.693703661458179, 1.3801613299064754, 0.05511741575021064
-0.45475150668697156, -0.01537294716192673, 0.3334541372458687, 2.693882009654825, 1.3803884964972983, 0.05511956956844785
-0.454730631459654, -0.01863727970455295, 0.3333796471486248, 2.6940501225146956, 1.3802802189852057, 0.05593550976791409
-0.4546997459310267, -0.02195355722971493, 0.3333796744764002, 2.6940186538874875, 1.380522168523665, 0.05614260513982667
-0.4546705106029519, -0.025205404942994888, 0.3333103878920147, 2.6941438642523714, 1.3804809383367185, 0.05673819342706426
-0.4546741286164099, -0.028508678115742786, 0.33328109973748515, 2.6941662722701265, 1.380536060351123, 0.05715675800031291
-0.45467611348462256, -0.031868126915222034, 0.33328443960611615, 2.6941504582695868, 1.3809623069735595, 0.05721050157045577
-0.45465781355715773, -0.03514567072536212, 0.33325022151695616, 2.6941525751428377, 1.3810832103430437, 0.05773135195751803
-0.4546588929907008, -0.038467479839540755, 0.33321551138072936, 2.694188601470464, 1.3813198555154476, 0.058007844309647276
-0.45465416475477466, -0.04171687098495209, 0.33320010970112585, 2.694424908195646, 1.3811882344999418, 0.05835507937448846
-0.45464426175423994, -0.04502434257129799, 0.3331723939161109, 2.69462617066465, 1.3811685060921164, 0.05855461864275162
-0.4546266867939643, -0.04841482309446089, 0.33312715854916775, 2.6948734885403645, 1.3807790419382713, 0.05920553118191909
-0.4545910064432563, -0.05166051836761232, 0.3330892171545982, 2.69498480531872, 1.3806913282109954, 0.05972059977285719
-0.454562795749611, -0.05495468542314897, 0.3330837230141799, 2.6950083037726036, 1.380623540522178, 0.06009959463108247
-0.45452344059604344, -0.05821748645110983, 0.3330971665205167, 2.6950802293941996, 1.3807430760262565, 0.0602180153455693
-0.45448139590762526, -0.06153444978187246, 0.33311589475238884, 2.6952406894538843, 1.3808718525599986, 0.060372858784394766
-0.4544162289693207, -0.06473381457566417, 0.3330991109657564, 2.6954272180458254, 1.380768958485928, 0.06125119290062836
-0.4543623202782828, -0.06800149855717184, 0.33309217284087045, 2.69547966779544, 1.380839964404208, 0.06168618890013506
-0.4542988242269181, -0.07124667179882468, 0.3331151204913507, 2.695508790650999, 1.3808362501874665, 0.06214120624524356
-0.4542163451802793, -0.07458009491635426, 0.33312037284958723, 2.695413777706758, 1.381014422568224, 0.06253702397589919
-0.4541892361411624, -0.07784054807788397, 0.3331261104629636, 2.6955072397824926, 1.3809371411830254, 0.06265100174032122
-0.45411447184578946, -0.08125002101879157, 0.3331039570811656, 2.6954660686530465, 1.3810846651670559, 0.06344223835077904
-0.45405427606736765, -0.08450356955913764, 0.33304819819804965, 2.6955370150723645, 1.3811313169519501, 0.06413759069911491
-0.4540481211277658, -0.08781522515944354, 0.33297870410709124, 2.695581912627204, 1.3813208666864227, 0.06458433786399737
-0.45398111860761603, -0.09111957999369998, 0.3329650503793347, 2.6955839026793513, 1.3814370636702311, 0.06519150725809936
-0.4539555074841638, -0.09440787279241272, 0.33293358881485946, 2.6955695412324148, 1.3816468118803111, 0.06541764869305344
-0.45390679601858397, -0.09766832895138987, 0.3329143968616072, 2.6955763371195482, 1.3818030120684819, 0.06610919228628473
-0.45387008595083156, -0.10094705261767242, 0.3328086926762453, 2.6954952597361803, 1.381737601528836, 0.0668436579678149
-0.45380902500421444, -0.10427609676182832, 0.3328354217679129, 2.6955326787612393, 1.3818073357586496, 0.06715765720924693
-0.4538142467094525, -0.10755313070785398, 0.33286520780557194, 2.695707470917372, 1.3818194696141255, 0.06725871567982353
-0.45377783693423146, -0.11083846843993557, 0.33282000020853253, 2.695724879352608, 1.3819016852738457, 0.06823482516166594
-0.4537951314473117, -0.11411814542518628, 0.332783172871486, 2.6957469021762304, 1.3821432317849631, 0.06859592069033861
-0.4537804776385723, -0.11755859012237833, 0.3327429844172548, 2.6957499895403743, 1.3822872747934556, 0.06906437700907732
-0.4537601552149356, -0.12083854382627564, 0.33279015590060956, 2.695914190331337, 1.3823136868227015, 0.06918385836652524
-0.45373098880191987, -0.1241365972536376, 0.3327983700707518, 2.6958512960267016, 1.3824742271928219, 0.06941365716999144
-0.45368202335547736, -0.12733709384181335, 0.3327079320116583, 2.6960346686434833, 1.3822245716263466, 0.07050791711925326
-0.4537071289785141, -0.13063735819863143, 0.33269924880201185, 2.6960346106591593, 1.3823552381358115, 0.07076182175860175
-0.4537423786960556, -0.13389854675707027, 0.33267095767334903, 2.6961300498654217, 1.3824414039737591, 0.07129417308042581
-0.4537429061546535, -0.13727547508366594, 0.33264273144362977, 2.6961189691275673, 1.3828258372430753, 0.07173729927766744
-0.4537182504280806, -0.14055595287870737, 0.3326227744960778, 2.696238357239151, 1.3827896171687148, 0.07245943954286371
-0.4536564515657514, -0.1439950357153284, 0.3326306818614396, 2.696361264394801, 1.3827499155378584, 0.07296424051715267
-0.45365573013495375, -0.1472567268183594, 0.3325504596862783, 2.6965043391171553, 1.3827917182627807, 0.07360980305036366
-0.4536446293099723, -0.1505963538708139, 0.33252013130745145, 2.6964416847728563, 1.3830697591600587, 0.07393434976540314
-0.4536543114509405, -0.1538870169296294, 0.3324652008497803, 2.696586035300257, 1.3829972106066923, 0.07438634622582696
-0.4536087013839033, -0.15720587926931295, 0.33241867262222746, 2.6964957485502388, 1.3830499718192701, 0.07515076067089055
-0.4535627435815632, -0.16041293807215087, 0.3324016529886926, 2.696717805976784, 1.3829048806461928, 0.07585016374731753
-0.45353429648746296, -0.16366791077487847, 0.33233603232156445, 2.6967644931125245, 1.3831196283922338, 0.07646010469877798
-0.45356312432096857, -0.166955250667221, 0.33224315827330275, 2.6967818100556777, 1.3832926038054418, 0.07679703924249093
-0.45357423042296113, -0.17028814748237067, 0.3321958325840037, 2.697017194160613, 1.3831673331543322, 0.07725119910401912
-0.4535594276621125, -0.17356513310194688, 0.33217158910299527, 2.6971868203737728, 1.3831290645723349, 0.07770131762833829
-0.4535317066462227, -0.17680801506972788, 0.33218431364089507, 2.697401441115118, 1.3829590522091317, 0.07801985399403027
-0.4535462619523984, -0.18016867895700295, 0.3321154264238944, 2.697634016662346, 1.3827625668671977, 0.07857850323618176
-0.4535729540113469, -0.18346670223223482, 0.332060674974133, 2.69767663872173, 1.382806281633416, 0.07888249632540317
-0.4535644771593635, -0.18675658950174653, 0.33203560804890414, 2.6977547077925528, 1.3829374586203467, 0.0794458859872374
-0.453555710230251, -0.19004792688315306, 0.33210209367364335, 2.697841110633016, 1.3829617038412416, 0.07950592476209874
-0.4535494491861692, -0.1933589890804196, 0.33206313837876844, 2.697882475930805, 1.3830384845524735, 0.07994635122198829
-0.45360102340564507, -0.19664564025910306, 0.332034271275272, 2.6979032077622978, 1.3831448597755693, 0.08003213219185246
-0.4536206565281902, -0.19995669522488232, 0.3320699862035267, 2.698025221537924, 1.3829918245047674, 0.08022019584709099
-0.4536599641905656, -0.2032134799781267, 0.33207123223516505, 2.6981476915868634, 1.382936438903479, 0.08047917757134798
-0.453615075137792, -0.20657790741319818, 0.33197014827178883, 2.698214436266236, 1.3830822010087995, 0.08138053989271236
-0.4536185792657862, -0.2098914041145121, 0.33188405637607804, 2.6983103173835445, 1.3832918800407643, 0.08211104060825372
-0.45362585127643346, -0.2133229254966473, 0.3318986970031275, 2.698350875770606, 1.3832997098812285, 0.08235798813760671
-0.4536060428123581, -0.216616260343335, 0.33191832485597517, 2.698367149969112, 1.383470932828728, 0.08236229457112791
-0.4536187033609633, -0.21984611335141896, 0.3318397126004529, 2.698459783706759, 1.3835844254812766, 0.08291740897244673
-0.4536071023012653, -0.2231545410244703, 0.33175173171355565, 2.69859080376124, 1.3836366078867417, 0.08347545098156174
-0.45359521261432323, -0.22643130011028997, 0.33172724879474147, 2.698653477973964, 1.3838287131000886, 0.08386418423902348
-0.45354066280546373, -0.2297419373460872, 0.33165205153706667, 2.698822093134024, 1.383931044215532, 0.08462484398369925
-0.4535691187735267, -0.23299857487131836, 0.33156962578598564, 2.6988993232034684, 1.383885202184259, 0.08492934376394737
-0.45358726665556315, -0.23629410471262233, 0.3315359966712209, 2.699041087627454, 1.3837936860595343, 0.08558524609271662
-0.45361410743278685, -0.23969714712141557, 0.3315865583488886, 2.6989982369233254, 1.3839345775820595, 0.08558105044835966
-0.45364664184591064, -0.24295996020831379, 0.33154644752854484, 2.699287532266743, 1.383844485328025, 0.08612759474522767
-0.4536672100647697, -0.24633536505443931, 0.3315414940463608, 2.699436081075109, 1.384062048677691, 0.0864724315890486
-0.45363963593615686, -0.24963531196728378, 0.33157811956466643, 2.699420833375813, 1.3840310874398147, 0.0868268816349474
-0.45360936973373545, -0.25295543693200917, 0.3315195890507195, 2.6996026336133414, 1.3840311853942768, 0.08731509822597996
-0.453600411285201, -0.25624193420111446, 0.33145937293976163, 2.699592218144411, 1.3843171681018587, 0.08782995909397803
-0.45363690669018414, -0.2595075052475628, 0.3314468866521625, 2.699697836895719, 1.384189494384643, 0.08806028047925264
-0.4536209393799473, -0.26293749563572183, 0.33139365903649143, 2.6995994836040764, 1.3845273597486445, 0.08831916044726981
-0.4536457536301396, -0.2662478231941456, 0.3313254514960119, 2.6997400654572297, 1.3845784966532937, 0.08858258617177188
-0.45369040553526413, -0.2695399469104443, 0.33135066894893905, 2.6999303002084067, 1.3844736403626747, 0.08849685279369199
-0.45366084037789484, -0.272895757063078, 0.33134486452844486, 2.699730153876135, 1.384875774591585, 0.0884957133242687
-0.45370790529723964, -0.2761789799316578, 0.3313350233740701, 2.6998315990180255, 1.3848586790896669, 0.08854794982753422
-0.45374611674051296, -0.27950146587017444, 0.33135563441482685, 2.6998057242552553, 1.3849442031734456, 0.08850816593301115
-0.4537732277221531, -0.28278722832195213, 0.3314218980767436, 2.6996535900710086, 1.3854033155959191, 0.08834003241415565
-0.45381508427486433, -0.28414856852757037, 0.33148052555437874, 2.699826757078265, 1.3851166286835905, 0.08805704864905416
-0.45380857350934456, -0.2841268460807492, 0.331474135468438, 2.6998178749160746, 1.3851455208390258, 0.08817906898215981
-0.4538141277862178, -0.2841319382746233, 0.33145695684749044, 2.699829880034249, 1.3851123931263407, 0.08814583806126942
-0.4538244361506715, -0.28411570169674266, 0.3314603852581403, 2.699830878621019, 1.3851119629714117, 0.08815754107416521
-0.45383202977448905, -0.28412997062650186, 0.3314541174896102, 2.699858957194736, 1.3850854325130106, 0.08815545926871735
-0.45382203056215153, -0.2841393034589079, 0.33144379919207545, 2.699810009225859, 1.3851611233184202, 0.08817786977484585
-0.4538226173065458, -0.284132396534272, 0.33148812749727846, 2.699807237808652, 1.385087781734742, 0.08802625241836755
-0.4538233647170501, -0.2841358966916994, 0.33143457667261406, 2.6997986634267885, 1.3851293448406528, 0.08826046416288662
-0.4538360094752118, -0.28413768563357045, 0.33146053231331063, 2.6998138165361443, 1.385084089063887, 0.08813374014911514
-0.45383201534026524, -0.284148548433555, 0.3314625492287705, 2.699812515635503, 1.385127198220076, 0.08809094117653321
-0.45382807577515083, -0.28414629357797755, 0.3314418236662897, 2.6998194665374458, 1.3851237771432472, 0.088200462357495
-0.4538252580459762, -0.28412771507601425, 0.33143733916600654, 2.6998283598192505, 1.385085873731358, 0.08822117812445543
-0.45382772393913007, -0.2841345152782599, 0.3314493164743594, 2.6998684904191808, 1.3850695919346687, 0.08815973784513689
-0.45384201266980967, -0.28411213854302475, 0.3314432807522184, 2.6999076085446316, 1.385043815303937, 0.088236291518077
-0.4538307966850016, -0.2841414814394748, 0.331432071716045, 2.699837637976328, 1.3850870892506604, 0.08827636790348821
-0.45382259512800643, -0.2841425080361937, 0.3314661417320168, 2.6997718672064583, 1.3851650123218522, 0.08813281878430534
-0.4538260585753055, -0.28413970287471413, 0.3314589638364048, 2.6997910270211802, 1.3850900496961205, 0.0881794636820147
-0.45383555059403646, -0.28414443695385355, 0.3314637697075459, 2.6998161195478785, 1.3850885525128018, 0.08807794985246994
-0.4538117645697465, -0.2841423765687053, 0.33145900357142644, 2.6997965632418093, 1.38511273741952, 0.08819542886621458
-0.4538271279006758, -0.28414403328250826, 0.33147740301780004, 2.6998207687263482, 1.3851113255064271, 0.08809202901343748
-0.45383177973886035, -0.28414974133087056, 0.331440717987876, 2.6998368823066907, 1.3850917132795935, 0.08820380531474818
-0.45382874758040803, -0.28414695700411063, 0.33143305858380456, 2.699854077913384, 1.3850767347894994, 0.08825729705359159
-0.45382662481698127, -0.28416480409608597, 0.3313978435602346, 2.699798207839469, 1.3851637119979927, 0.08835242302361154
-0.4539098195499833, -0.28424695418015294, 0.3344436091652052, 2.6997637526444938, 1.3852005919428259, 0.08844414407228049
-0.453938479852598, -0.2842852196746935, 0.33936565603274027, 2.6996388554593973, 1.3852665928192613, 0.08846403296877406
-0.45394076823434, -0.28429578728340577, 0.3442059892249756, 2.6995416736400255, 1.385320102680084, 0.08891965186598817
-0.45395815459254313, -0.2843279068726541, 0.34909776134249726, 2.6995033297634556, 1.385395741180261, 0.08921052641501176
-0.4540116761771894, -0.2843383909956022, 0.3542006999543802, 2.6993538186266735, 1.3853390645284134, 0.08880638628813124
-0.4539994055633072, -0.28436202961435425, 0.35927617939808987, 2.6991795738976196, 1.3854275235961055, 0.08850822981267259
-0.454005496863968, -0.28436742215950583, 0.36445298976660123, 2.6990444089847188, 1.3855455094376246, 0.08846005588180827
-0.45403865733264603, -0.2844086368052572, 0.36929569195118706, 2.6989517547326, 1.3856394286867326, 0.08870563320590769
-0.45405867326611227, -0.2844574281693162, 0.3741770669531043, 2.6988244954933576, 1.3857398752639267, 0.08892528852777666
-0.45414019415440565, -0.28453574510029006, 0.37910853860575194, 2.6987063053501767, 1.3857771298038304, 0.08892969356370191
-0.45419102827875274, -0.2846173683694868, 0.3839340934861959, 2.6986267092185536, 1.3859151825331513, 0.0892772951383287
-0.4542161733299792, -0.28463458573083544, 0.3887665607452667, 2.6986010006028462, 1.3859154890854077, 0.08968566922185578
-0.45424223433281935, -0.2846578857064935, 0.3936863430350855, 2.6984902520526974, 1.386000245959881, 0.08969335618929401
-0.4542622875510886, -0.28470004070419413, 0.3987734972855209, 2.698300077847718, 1.386152033544079, 0.0893650823165257
-0.4542671077226871, -0.2847088342409643, 0.40376964490309886, 2.698181035882679, 1.3861719344628043, 0.08944552406724073
-0.4542786823379057, -0.2847371403882229, 0.40884099445816413, 2.6980663106414826, 1.3863286880238703, 0.08972120957109521
-0.4542933874049593, -0.284742013784111, 0.41370196277737703, 2.698046823909327, 1.3863573768398652, 0.09014005462909905
-0.45434029565659007, -0.2847836157377881, 0.41869463946653435, 2.6979228888837343, 1.3864131132509083, 0.0899551308719765
-0.45437688075876387, -0.2848256374737591, 0.4236098917794741, 2.697855448188388, 1.3864904626219288, 0.09023100659556582
-0.45435291776680314, -0.28482090694152656, 0.428533240739127, 2.6977303227302887, 1.386626114029836, 0.0904222535300571
-0.4543401694099943, -0.2848063551378196, 0.43353984434536436, 2.6976124674105475, 1.386704435062392, 0.09032156020212875
-0.4543034246454756, -0.28479998605985685, 0.43597384190435823, 2.697490143242458, 1.3868310174264677, 0.09011331241526915
-0.4543165759672979, -0.28479498914668827, 0.4359459209859836, 2.697526429777907, 1.3868006344027946, 0.09023376801904315
-0.4543111317621982, -0.2847713961724477, 0.4359651440445047, 2.6975782691533916, 1.3867089273501711, 0.09017877610505726
-0.4543040095594619, -0.28480463459639016, 0.4359465452064129, 2.6975054906074747, 1.386768665076329, 0.09025293469096447
-0.454310701042571, -0.28479088917435885, 0.4359441042934304, 2.6975477727270163, 1.3867478464937562, 0.09027693706360286
-0.4543148695026497, -0.2847920344521107, 0.43595761793834437, 2.697548208051783, 1.3867736240626374, 0.09019693974744819
-0.45430354053781574, -0.28477831075422927, 0.43596831444518086, 2.697534606153034, 1.3867037563453148, 0.09023217095375927
-0.4542980854739468, -0.2847937985069667, 0.4359648612841871, 2.6975402821493693, 1.3868078803837165, 0.0902515044451336
-0.4543082605366245, -0.2847885983035528, 0.435956632773281, 2.697533039734399, 1.3867633072306178, 0.09023959353875424
-0.4543065490415126, -0.2847857268130028, 0.4359576043601564, 2.6975432655111, 1.3867861217645991, 0.09028807222354371
-0.4543112237318727, -0.2847913796503321, 0.4359594055193903, 2.6975187946856196, 1.3867958121391615, 0.09025655989486484
-0.45430164378051974, -0.2848083522547694, 0.4359651784313603, 2.6975089815208158, 1.3868124797060681, 0.09024400778198108
-0.45431750138816385, -0.2847688389009333, 0.43595304567571924, 2.6975688670993314, 1.386759028506298, 0.09027887785736287
-0.4543025103484909, -0.2847733996763258, 0.43596350743038015, 2.697568181077843, 1.3867380229397825, 0.09028839429353346
-0.4542939055710566, -0.28477681798676185, 0.43595684920854694, 2.6975591651970534, 1.386763333922658, 0.09047322765749806
-0.454294620734892, -0.2847762037417481, 0.43594110318750773, 2.697549610612933, 1.386834824730324, 0.0905536348011905
-0.4542973483928645, -0.2847715153542092, 0.4359412220644388, 2.6975903020040346, 1.38673286935115, 0.0905621188358957
-0.45428284550464754, -0.28477394721057264, 0.435961025362676, 2.6975470559703103, 1.3868181030188855, 0.09048665944245096
-0.45429659984720944, -0.2847714383389633, 0.43592737546159144, 2.697672534957614, 1.3867694083685533, 0.09066016446585047
-0.45428802507914573, -0.28475890838007334, 0.4359506015640848, 2.6976347519698787, 1.3867519777165271, 0.09063548275312835
-0.4542891755389071, -0.2847686047588593, 0.4359358511807401, 2.6976382686794094, 1.3867695857716398, 0.09070643535712654
-0.4542937399644423, -0.2847901544220202, 0.43592008543559, 2.697579605767337, 1.3868821319153408, 0.09070409695185135
-0.45429104147954497, -0.2847685089136414, 0.43591837375058273, 2.697552125134259, 1.3868224357842334, 0.09077528911100038
-0.45429013733666684, -0.2847722158363463, 0.43593308824550847, 2.697589193855549, 1.3868232748329328, 0.09074794759472733
-0.45427844086837116, -0.2847746109837501, 0.4359397579031587, 2.6976180811795203, 1.3868405364199807, 0.0907201469022361
-0.45428847514185605, -0.2847679628110192, 0.4359298476913057, 2.697598261749762, 1.38685004286309, 0.09071969198952326
-0.4542948659813392, -0.28476669741978355, 0.43593874313006603, 2.6976130278469395, 1.386796345934421, 0.09072597516756473
-0.4542804412274678, -0.2847645727780499, 0.4359320250638767, 2.6975844593040463, 1.38681855815181, 0.09078750588771338
-0.45427397339871195, -0.28477046977799636, 0.435938925846486, 2.6976037919613205, 1.3868730105518092, 0.090736389861348
-0.4542890314460328, -0.2847612958904979, 0.4359221771763729, 2.697647491214629, 1.3867492212589099, 0.09078067237177556
-0.4542839834490028, -0.2847838744414851, 0.4359281801923927, 2.6975843417165484, 1.386857645452468, 0.09081995885531041
-0.4542863361818908, -0.2847489362948987, 0.43592282270446264, 2.6976510618336103, 1.3867884522056881, 0.09084226829154034
-0.4542906140325222, -0.28477082670958415, 0.4355448510184866, 2.6976169480032754, 1.3868229059216315, 0.09079497812340867
-0.4543185550508461, -0.28476563374409075, 0.432327000775768, 2.697685451775758, 1.386956571496752, 0.09125945028562922
-0.4543246155515153, -0.2847823059901281, 0.4289596115351747, 2.697676114332391, 1.3871455194006386, 0.09141273620370653
-0.4543229691190514, -0.2847714900265917, 0.42571169020715827, 2.697735938511006, 1.387089192024423, 0.09155684851393858
-0.454303292246407, -0.28475260873565233, 0.42247746593525887, 2.6977881224276454, 1.3871090081691584, 0.09139307329231323
-0.4542623092947925, -0.28471473034819406, 0.4191945091644913, 2.6976937116385074, 1.387285800006425, 0.09142399900141267
-0.4542148208568846, -0.284657296032778, 0.41588562382792704, 2.6978714978968847, 1.3872324394635933, 0.09151263854023148
-0.4541671418580066, -0.28463154144216235, 0.4126094517796975, 2.6977627416457888, 1.387387450553651, 0.0914637144045398
-0.4541705519388764, -0.2846277485136319, 0.40921757079041937, 2.697840265885599, 1.3873668725295956, 0.09146438152149192
-0.4541423013908483, -0.28460428205177, 0.4059762654926868, 2.6978662068869608, 1.3873385049357485, 0.09122840786994492
-0.4541343817190561, -0.28459140781466885, 0.4026792925724291, 2.697976768856615, 1.3872873001771475, 0.09141176314790328
-0.4541402963082408, -0.28457504091480235, 0.39942766064697105, 2.698002389715331, 1.3872548163889982, 0.09124342247158787
-0.4541262808895348, -0.28456953600078994, 0.39603929811935384, 2.698089964177867, 1.3873678362330306, 0.09153364786611348
-0.45413278191169076, -0.2845490971329364, 0.3925794044335996, 2.698087044988839, 1.38747108895359, 0.09184098473030257
-0.45413720131851126, -0.2845603712913606, 0.3892637398693817, 2.698197179254621, 1.387451588420311, 0.09185537854151538
-0.4541459079479594, -0.28455757132857684, 0.3860056381729211, 2.6982660016010724, 1.387332894617729, 0.09182355666420822
-0.4541543409438106, -0.28455618363049323, 0.3828144403904754, 2.6983441510616006, 1.3872036929710554, 0.0914047289692368
-0.4541467460631315, -0.284533866832895, 0.3794116964428609, 2.6984047689384663, 1.387181238246929, 0.0913553211906395
-0.45412347994811086, -0.28450175680813933, 0.37605982823715334, 2.698483084012853, 1.3872789335689233, 0.0915340847448604
-0.45411341674305356, -0.28449716270787007, 0.3727568588621227, 2.6985358187999613, 1.3872848788070866, 0.09168952976697783
-0.4540803899966278, -0.2844882204750785, 0.36942162164161463, 2.6985824066103468, 1.387273230060792, 0.09174290785258503
-0.45409838665434915, -0.2844610803349697, 0.3660634912302564, 2.6987665734400106, 1.3871408628719368, 0.09191478492353737
-0.45408142265858803, -0.2844456521951527, 0.36282382269404456, 2.6988442123133662, 1.387113689027016, 0.09186476466183575
-0.45406943091902613, -0.2844272598913587, 0.3601535645755293, 2.6986766949753784, 1.3870576895328344, 0.09042812430168543
-0.45413506849205026, -0.28447158360407887, 0.3598624132247575, 2.697994499996558, 1.3868600052307993, 0.08418997929590716
-0.4542133102350016, -0.28444887352090326, 0.361280759288346, 2.6972136765772343, 1.3865161456208834, 0.07508068587725461
-0.454285235748962, -0.28440211575829216, 0.364258106666717, 2.6963458028028597, 1.3856712076696032, 0.0628344336704003
-0.454321953596556, -0.28437380065886897, 0.3679786566231219, 2.695196578444757, 1.3846911087278928, 0.04955472092112259
-0.45438727263104634, -0.2843204160770405, 0.3714459813277926, 2.694205696676137, 1.3838208145471251, 0.03681050065694388
-0.45438730112108144, -0.2842498083114884, 0.3741165796858038, 2.6931260589938906, 1.383006156561868, 0.02544138633251252
-0.4544287134506625, -0.2842218449606885, 0.37555019182992144, 2.6922596560245133, 1.382502035156179, 0.016294010628769347
-0.45452502835631975, -0.2842454254267775, 0.3760218652829953, 2.69138183976663, 1.3820828158517913, 0.008749603611151666
-0.4545817327663787, -0.28426177480626136, 0.37548312712232035, 2.690879875049949, 1.3815470846066753, 0.00339282264300033
-0.4546123573441676, -0.28427330328994277, 0.37439682919538164, 2.6904034893271422, 1.3811405442876994, -0.0013805926300479376
-0.45458159326572123, -0.2842206692938585, 0.37256978772255245, 2.690026560262891, 1.380843421539241, -0.004499107520264751
-0.45455151357404755, -0.28418297266483405, 0.3694844678414725, 2.690008307210664, 1.3808391505227238, -0.005012808906121047
-0.45452689603104607, -0.2841598838613816, 0.3661335917066178, 2.6900191690858417, 1.3807981125778463, -0.005431316714628231
-0.4544897321866215, -0.28411967382867886, 0.3629203650197441, 2.6900496439181816, 1.380812576417738, -0.005478924556540704
-0.45445849128448096, -0.28404117136472906, 0.3614464713659573, 2.689654429960581, 1.380820491971803, -0.009172876692072946
-0.4544631134434156, -0.28399302424569245, 0.3604147639353684, 2.689188319709988, 1.3805037236855138, -0.013648604346554474
-0.45452207136298, -0.2840117474527187, 0.3596814515618417, 2.6886857196989524, 1.3801628731808868, -0.018739071064557484
-0.45458146978195485, -0.28404492761613914, 0.3591953623159776, 2.688056351233191, 1.3797126574019718, -0.024340452565898632
-0.45461970768372134, -0.28402527739859623, 0.3586489461238725, 2.6874201278007734, 1.3793423408227323, -0.029687395241703485
-0.45464499629537913, -0.28402328713840336, 0.3578630679004754, 2.686746722867871, 1.379074772230833, -0.03474207799029172
-0.4546495973703721, -0.28399931256115485, 0.3569292225746797, 2.6861106583875904, 1.3788333904303587, -0.03966503498789793
-0.4546169738429292, -0.2839553101910051, 0.35573620783524273, 2.685571884411515, 1.3787155557559818, -0.04435127096237739
-0.45461946214601295, -0.2838720309275163, 0.3544211995946325, 2.685230267584669, 1.378323104660255, -0.04851061168355293
-0.4546171059862651, -0.2838349851780705, 0.3530388568691404, 2.6846928521301883, 1.3780712972375506, -0.05245753942027434
-0.45459381194783677, -0.2837863319361054, 0.3517359345269036, 2.684250491303495, 1.377784488982237, -0.05644695703142172
-0.45459589517141874, -0.2837377205940832, 0.3504772345256518, 2.6837204288684484, 1.377386067222446, -0.0605553671335836
-0.4545976134240135, -0.2837161214680702, 0.34923569437218815, 2.683225231023201, 1.3769491467992723, -0.06484863865761378
-0.4546155705345387, -0.2837088507579996, 0.3478537632242441, 2.682784341988185, 1.37673522217773, -0.0688387859570853
-0.4546379223736161, -0.28369388852244243, 0.34628435437013827, 2.6823933345687214, 1.376502977786798, -0.07241335408067959
-0.45465222955571133, -0.2836985839314178, 0.3430486641725845, 2.6825760018301112, 1.3764012047346876, -0.07218654979311491
-0.4546800505477215, -0.2836978269627218, 0.3395334667418449, 2.682693497701021, 1.3763883394202021, -0.07209462446034552
-0.4546814433615392, -0.2837156068978387, 0.3363401550810365, 2.6827051615876023, 1.376336071243521, -0.07248946409721899
-0.4547091801211118, -0.2837346824580113, 0.33310442392009043, 2.682718724059879, 1.376298800969529, -0.07274589320936153
-0.4547245143333374, -0.28372384237582415, 0.3297511132377801, 2.6828894633965548, 1.3762470909452134, -0.07243594415893059
-0.4547146706680557, -0.28373385563189485, 0.32630944999744316, 2.683036034407956, 1.3762407505192007, -0.07206265860219038
-0.4546903093271393, -0.283690529822787, 0.3229016041811742, 2.683237478205219, 1.3762395477227938, -0.07169980165207963
-0.4546690175981466, -0.28366387751614824, 0.31953446426067694, 2.683358666148887, 1.376229804113312, -0.07145453874358183
-0.45468045199273577, -0.2836487541747773, 0.3163337841625439, 2.683388789579225, 1.3761660076499065, -0.07177066351968814
-0.45469830757766533, -0.2836914330033313, 0.3130126105795259, 2.683461576897108, 1.376201651796268, -0.07168079296866801
-0.45475211795772413, -0.2836900180694055, 0.30965032307712, 2.683610364475404, 1.3761299953791555, -0.07153278193106834
-0.4547645703362725, -0.28370866225864233, 0.3061001317222505, 2.683808192469252, 1.376123768811267, -0.07108434289186201
-0.4547711360591889, -0.2837100978352572, 0.30277884797621024, 2.6838852456166213, 1.3760477836555771, -0.07105226584588595
-0.45476967015508446, -0.28369607120013113, 0.2994601240822475, 2.6840303571786057, 1.376056135428886, -0.07091289264530094
-0.45476195654594564, -0.2837001202382899, 0.2960378024891944, 2.684163652434118, 1.3760504564952882, -0.07055581339424584
-0.4547537775759244, -0.2836625196637886, 0.2925944185796026, 2.6844065669674637, 1.376064494040051, -0.07000526452626564
-0.4547285730965013, -0.2836300098484441, 0.28925168280913205, 2.684515508583659, 1.3760230823371133, -0.06995389540184344
-0.45473264483899034, -0.28365288755790236, 0.28589473390804926, 2.6845178828366474, 1.3760057227664926, -0.07018350381553039
-0.454768498312405, -0.2836586347460301, 0.282612794865608, 2.6846112435242273, 1.3759648466765262, -0.07026513856825135
-0.4548202606159637, -0.28368761894164646, 0.279316230933274, 2.684726495414657, 1.375928995376132, -0.07023900393955348
-0.4548374621949314, -0.28368788785777715, 0.2759117370832517, 2.6847486568941683, 1.375863953932653, -0.0705110905150065
-0.4548314173334502, -0.2836756648493338, 0.27257374669671436, 2.68484673687887, 1.3758374151998511, -0.07036419045519736
-0.454826956787826, -0.2836622178426134, 0.26912002447405425, 2.6850480807425834, 1.3758210966522462, -0.06988137803895095
-0.454812670757259, -0.28363563884584536, 0.26564970000938526, 2.6852736627635148, 1.375908408876511, -0.06926154602279769
-0.45482008119460443, -0.28364273502561727, 0.2624033322195002, 2.6853023995165457, 1.3758333276440418, -0.06956812154426084
-0.45483100328181664, -0.2836291693418501, 0.2589428731291374, 2.685464128982376, 1.3758902071526968, -0.06935617055468865
-0.4548567697108096, -0.28367470951873436, 0.25556265904856307, 2.6855524989870325, 1.375841375929396, -0.06917554028092414
-0.45486611781790137, -0.2836736597344511, 0.2522960116512162, 2.685600017059332, 1.3758477626016707, -0.06930311065516441
-0.45486202634652617, -0.2836830714555563, 0.24901927540491142, 2.6856186029559854, 1.3759059537559981, -0.06955805181784042
-0.45489261480727977, -0.2836687957959438, 0.24565434018700077, 2.6858448616860557, 1.3757547465932833, -0.06920826722623796
-0.4549033842558789, -0.2836649079534514, 0.24234741540505145, 2.6859294196169463, 1.3758324605950236, -0.06921561029497601
-0.4549194881863435, -0.28364669956317695, 0.23907945533370623, 2.6860339395803345, 1.3756701526065003, -0.06934695019588664
-0.4549176623099786, -0.28365603449731724, 0.23570434075269264, 2.6860790992553825, 1.3757083142178952, -0.06924849125771435
-0.45489939054302053, -0.2836276963733526, 0.2322922134938459, 2.6862685811140925, 1.3756995640798502, -0.06887525365051535
-0.45488001528914784, -0.2835932904364206, 0.22883192058049726, 2.686358626704681, 1.3756974248623886, -0.06875244525173042
-0.4548711462470995, -0.28356089517870053, 0.22544520240197286, 2.686546985990539, 1.3756966203904928, -0.06855366744215656
-0.4548692546253422, -0.28356605951140773, 0.2221692071509102, 2.6866208397052724, 1.3756792352967169, -0.06862243356754005
-0.45488522472867404, -0.28356482019794227, 0.21884840573429637, 2.6867240129922005, 1.3756292873395881, -0.0685303560400954
-0.4549383896721514, -0.28360522817851985, 0.21551877824011767, 2.6867765031138084, 1.375642187369573, -0.0685854483767128
-0.45496862434637236, -0.28362159610157395, 0.21225531764996236, 2.6868406779900544, 1.3756089424901137, -0.06880104734457183
-0.4549909425538617, -0.28363021283888834, 0.20927172903413338, 2.6869247789528403, 1.3756043007593544, -0.06890050047494911
-0.45500396088348793, -0.28366208489484, 0.20925345802683826, 2.6868478568776704, 1.3756175507619453, -0.06907975562371255
-0.4550012328894835, -0.2836521261213811, 0.2092508802819252, 2.686854153865059, 1.375580518279067, -0.06907472403846229
-0.4550051928102351, -0.28363143496537163, 0.2092483035638006, 2.686836803220068, 1.3755932373401674, -0.06907741654307431
-0.45500064380655786, -0.2836403341776732, 0.20925693155341518, 2.6868753405286903, 1.3755901360431557, -0.06908711707492302
-0.4550018095203604, -0.2836500046728798, 0.2092243289390881, 2.6869052230310695, 1.3755786309723976, -0.0689796765076374
-0.4550133834384631, -0.2836310394008166, 0.2092479038860906, 2.6869229773459, 1.3755900255447546, -0.0690705584592904
-0.4550129434735001, -0.2836431955547058, 0.20924947768583468, 2.686883923391036, 1.3755741337818297, -0.06908827852698414
-0.4549990286794323, -0.2836574802517293, 0.2092268871898731, 2.686862749110817, 1.375620916845956, -0.0690108810119389
-0.4549967468294947, -0.28365537086719717, 0.20925584397749283, 2.6868317784773805, 1.3756500354107866, -0.0690819748331461
