0.1465183259674263, -0.28483910498678566, 0.5721529669869907, 1.127326341584073, 0.8606013487003861, 0.18029133191613667
0.14651590934858685, -0.2848352251102359, 0.5721647900562209, 1.1272583438994537, 0.8606295494393889, 0.18029843989510774
0.14653552167623157, -0.28483713466084903, 0.5721535588744558, 1.127305862663851, 0.8606669242230753, 0.18031565599281849
0.1465138624213815, -0.28482441537814535, 0.5721628096927664, 1.1273087849636305, 0.8605875760119921, 0.18035270121011793
0.14652058992375064, -0.2848371742210243, 0.5721579133476781, 1.12730245418098, 0.8606313199858909, 0.18030685665057522
0.146526584447988, -0.28483276955676845, 0.5721440706427225, 1.1273138816828836, 0.8606761965810329, 0.1803127308555152
0.14652535367090336, -0.2848379469235914, 0.5721753889488531, 1.1272914004724897, 0.8606077255012354, 0.18032136781739644
0.14653259039016475, -0.28483200387252433, 0.5721571453277716, 1.127274203163352, 0.8606877856599259, 0.18031441284112337
0.14652555870182862, -0.28482387700153433, 0.5721690590794012, 1.1272607751589572, 0.8605917542132836, 0.18037499371839613
0.14654277668392407, -0.28483144212057077, 0.5721543970607426, 1.127285837099973, 0.8606751462724155, 0.18037359687337645
0.14652452779175096, -0.2848323697529217, 0.5721789286600474, 1.1272827832071812, 0.8606003622838925, 0.18034295042673257
0.14652625230429384, -0.28484594795205137, 0.5721465373335508, 1.1273194225825665, 0.8606294069235886, 0.18025991647149053
0.14652861173300058, -0.28483583632432946, 0.5721514227969587, 1.1273164579249346, 0.8606538257868036, 0.18031560582248204
0.14651666740002342, -0.2848281422698342, 0.5721649226985341, 1.1272769055100917, 0.8606256033603175, 0.18027495499900761
0.14654033553391266, -0.2848495206561473, 0.5721348693373388, 1.1273139021899383, 0.8606756265157853, 0.18029211582631896
0.1465186385601876, -0.2848393944539675, 0.5721622911596083, 1.1273156567402793, 0.8606146937384032, 0.18027164011634977
0.14653125163336309, -0.2848347828470225, 0.572166041297762, 1.127292703433182, 0.8606072148969316, 0.18034257952372154
0.1465244493279474, -0.28483585742405987, 0.5721719035758799, 1.1273084232210278, 0.860625050310404, 0.18033692505884638
0.1465286720479913, -0.2848299367951062, 0.5721643099115715, 1.1273022029008086, 0.8606539618902612, 0.18034564283193383
0.14652044866500732, -0.2848275252122047, 0.5721682829966112, 1.127241350307568, 0.8606333610243646, 0.18030305002012073
0.1465075116360955, -0.2848259242706404, 0.5721829557349166, 1.127246015515821, 0.8605687260048391, 0.1803270546993552
0.1465280091714172, -0.2848436107321599, 0.5721662732952358, 1.1272921703411363, 0.8606447226688413, 0.1802871876961581
0.14652515744038044, -0.2848463514582718, 0.5721661798932844, 1.1273056705227624, 0.86062657163257, 0.18023334293581872
0.14653078329168648, -0.28483642158943306, 0.5721502886546781, 1.1272873479173027, 0.860652116152511, 0.18031682634881238
0.14652006442556376, -0.2848380240907609, 0.5721623378605104, 1.1273035145973564, 0.8606303946233268, 0.18028861286338163
0.14653121872367322, -0.2848429375913107, 0.5721416260020366, 1.1273535965562465, 0.8606639831567412, 0.18031106505501462
0.14655580947005267, -0.2848473660044782, 0.5722015118358788, 1.1274255724550422, 0.8609026905413542, 0.1803998790632889
0.1466038733541352, -0.28487163143473354, 0.5723138574198058, 1.1276232333845635, 0.86148086980863, 0.18032011897205052
0.14671587659064309, -0.28490450456717314, 0.5725125744751752, 1.127933695524019, 0.8626323797029636, 0.18034602467726396
0.14681693325943126, -0.2849562440603374, 0.5727967713343004, 1.1284995714794186, 0.8643924918411239, 0.18002565763027278
0.14702196472299178, -0.2850658432301466, 0.5731162971144373, 1.1294821231148844, 0.8666718504784049, 0.17995268290189262
0.14721418067069728, -0.28517345445276104, 0.5735347658596155, 1.1303865348126316, 0.869234204235936, 0.17958873423631727
0.14745736097062723, -0.28528247483384106, 0.5740154308559362, 1.131370048553153, 0.8722966307095955, 0.1794795984165762
0.14774274223246653, -0.28541114450688276, 0.5745812101485872, 1.1324864472454785, 0.8759544261155204, 0.17917963457005917
0.14802258066847754, -0.2855681357532993, 0.5752143881645271, 1.1339391177616611, 0.8797573756643673, 0.1788483351820119
0.14840413812562686, -0.2857490684531563, 0.5759199392247056, 1.1354243358057363, 0.8842632643641904, 0.17836002445747653
0.14878067443982823, -0.28595405780591104, 0.5766786491779141, 1.1372089387176767, 0.8891735099068312, 0.1779209990787388
0.14923561187702458, -0.28614764728621706, 0.57753055959531, 1.1390581989128732, 0.895009024639253, 0.1774357015889728
0.1497017800706671, -0.28639903619664, 0.5784302593105789, 1.1411912626239928, 0.9007844477347875, 0.17685970957327982
0.15016424793664876, -0.2866259709109485, 0.5793975240654196, 1.143224741184545, 0.906771292765352, 0.17626544062064012
0.1506124795887017, -0.2868240957184269, 0.580253589802405, 1.1449143878977022, 0.9124019437088615, 0.17596898915288348
0.1509974639419587, -0.2870227326354438, 0.5810810684131624, 1.146631410497135, 0.917525640100675, 0.1752726696273387
0.15137725133820737, -0.2872158940696005, 0.5817475065893656, 1.1482967554417443, 0.9221132693147657, 0.17498457596014844
0.15170010089585656, -0.28737925129027425, 0.5824144679915737, 1.1495771487277524, 0.9263470004971534, 0.17446870536891257
0.1519698500112998, -0.28750151062430984, 0.5830111483764351, 1.1507362239292847, 0.9300159024765892, 0.17419771604608902
0.15223330207050934, -0.287624004387344, 0.5834990110382609, 1.151954434264424, 0.9331601636270201, 0.17391876063914563
0.1524330569947427, -0.28772646090922527, 0.5839317679380748, 1.152684364134109, 0.9359679874502166, 0.17361304433694139
0.15264233377394987, -0.28782457365564884, 0.5842662791721117, 1.1534214118462294, 0.9384119722310699, 0.17339411515535458
0.1527873223150927, -0.2878989382260257, 0.5845766470074806, 1.1540503815494523, 0.9401473261151582, 0.1733492614688213
0.15289710464340073, -0.28796204777621714, 0.5847754216806563, 1.1546020576587472, 0.9415560326975073, 0.1730862189737587
0.15296382178443646, -0.28799796839309955, 0.5849106609536545, 1.154894476129012, 0.9425297663046495, 0.17292928902388902
0.15299659650427935, -0.28801426522073253, 0.5849743061245583, 1.155056426400575, 0.9428243759339697, 0.17301730267892673
0.15299204730440855, -0.2880124897643606, 0.5849800287118713, 1.15505878851309, 0.9429135810816838, 0.17296195232987996
0.15296752569692895, -0.2880132763829982, 0.5850022164491774, 1.1550455060990905, 0.9428145850977874, 0.17292244083176517
0.1529567236357908, -0.28801922106898414, 0.5850155919504619, 1.1550633939242065, 0.9428102016201377, 0.17291948801266852
0.15294745107797264, -0.28804274622033904, 0.5849857205123896, 1.1551617915528107, 0.9428012161807663, 0.1728358634849025
0.1529204710818017, -0.2880446935722193, 0.5850080001868787, 1.1551592389821181, 0.9426896094599582, 0.17281532049445564
0.15290037481972915, -0.2880514438473842, 0.5850053219977134, 1.1552008593134313, 0.9426551576246485, 0.17277533774594755
0.1528871922231028, -0.2880581059511589, 0.5850053364689419, 1.1551874379966436, 0.9426679007425458, 0.17269700921885558
0.15288756744934753, -0.2880765307553808, 0.58499899815452, 1.1552240649233168, 0.9426781818571716, 0.1726535385246854
0.1528631220779623, -0.28808299818566513, 0.5849884132499688, 1.1552539264954609, 0.9426217276402123, 0.17262461083521777
0.1528492306062487, -0.2880818184283665, 0.5849837999467384, 1.1552792092318465, 0.9426078562718018, 0.17259541041093204
0.15283031499932587, -0.2880909153524711, 0.5849800083438832, 1.1552919450722952, 0.9425701531848638, 0.1725195423215623
0.1528301976549981, -0.2881013424028626, 0.5849970978363771, 1.1553106902175583, 0.9425663186276099, 0.17253605682575135
0.15278539041775083, -0.2881097729356746, 0.5850014060296354, 1.1553691046622003, 0.9424719773758125, 0.17242363155690477
0.15279761490559166, -0.2881073213929436, 0.5850097787457372, 1.1552912783264393, 0.9424721808778431, 0.17241067842122054
0.1527856472152255, -0.28811980449094243, 0.5849957873877889, 1.1553804503834886, 0.9424577573325714, 0.17240371962950485
0.15277297230402428, -0.2881291228474406, 0.5850128710979356, 1.1553510626631278, 0.9424705210644435, 0.17233500507285643
0.1527674753459276, -0.2881245802058036, 0.5850135558086005, 1.1553724940905683, 0.9423895292856252, 0.17236131716452993
0.15275119172105683, -0.28813093095333286, 0.5850144842185113, 1.1553553983948792, 0.9423885873934983, 0.17231120424760524
0.15274860795307338, -0.2881299841042428, 0.5850202393907615, 1.1553906090643002, 0.9423834475015976, 0.17231974595651567
0.1527592107786891, -0.28813290845056644, 0.5850155288203158, 1.1553585894401608, 0.9424039345947817, 0.17232006332559827
0.15274862635151548, -0.28812998364425824, 0.5850109067210997, 1.1553845864176657, 0.9423901941617323, 0.17230971746181745
0.15272495098895494, -0.2881493607770043, 0.585007120932426, 1.1554433747841237, 0.9423341982919885, 0.17222205907908975
0.1526990105897293, -0.2881654914751827, 0.5850201616437967, 1.1554517086355576, 0.9422817145725514, 0.17211810713349757
0.152680752539186, -0.288165334204042, 0.5850257659237998, 1.155485441528053, 0.9422392857674657, 0.1721000793714196
0.15268023156751176, -0.28816093242458096, 0.5850136623845439, 1.1554759433315456, 0.9422698678211024, 0.17212544023456006
0.15267816616108948, -0.28818338714037584, 0.585011008864588, 1.1555006865855297, 0.9422561256984491, 0.17205604153003667
0.15265118290916324, -0.2881819481830838, 0.5850155628645779, 1.1555490020533523, 0.9421770979706793, 0.17203964617738876
0.15262707803586387, -0.28818648041523465, 0.5850059113436433, 1.1555738571634804, 0.9421626953896036, 0.17195190873261582
0.15262658907802962, -0.28819525923749345, 0.5850053801661962, 1.1555830519775823, 0.9421510917562015, 0.1719876925721283
0.1525809773199342, -0.28820298378341486, 0.5850199915313234, 1.1556266979417293, 0.942055590927699, 0.17186681032844708
0.1525764650565015, -0.2882210801463263, 0.5850062699304636, 1.1556901393680354, 0.9420507267539969, 0.1717955510975206
0.15256767548004876, -0.2882385644132865, 0.5850035093469425, 1.1557078374439762, 0.9420093682229208, 0.17178451104858639
0.15254337218663824, -0.2882464656092768, 0.5850109125650318, 1.155734641253643, 0.9419737353382559, 0.17171677809090657
0.15251743985850666, -0.28826257946283895, 0.58501462063705, 1.1557604554280223, 0.941900848133777, 0.17164167823958823
0.15248579060052775, -0.28828479042812627, 0.5850017160561448, 1.1558505758539175, 0.9418610145512113, 0.17152127721223057
0.1524774735867629, -0.28827260284243866, 0.5850351130654152, 1.1557888571980195, 0.941841687443651, 0.1715183788990711
0.15248533410137116, -0.28827325594337044, 0.585003572436, 1.1558184220275884, 0.9418814365271473, 0.17154156622784003
0.15248579060052775, -0.28828479042812627, 0.5850017160561448, 1.1558623295509485, 0.9418474349375243, 0.1715407194347098
0.15248373152221956, -0.28828169462761544, 0.585004403088557, 1.1558178818820275, 0.9418443676575685, 0.17153368194975432
0.15248046688171085, -0.2882801435923237, 0.5849966811438225, 1.1558331269956998, 0.9418451269222206, 0.17152342692775002
0.1524624764576757, -0.2882776444440048, 0.5850229116346918, 1.155816062570192, 0.9417705625938243, 0.1715389458312359
0.15247073860433488, -0.2882813030457204, 0.5850082285817978, 1.1558697674763614, 0.9418183208586639, 0.1715325234027014
0.15248700182894864, -0.2883002881539146, 0.5849972864710454, 1.1558989693402786, 0.9418206776325895, 0.17152971963337618
0.1524625840693446, -0.28829131311716705, 0.5850294652217908, 1.1558457335940473, 0.9417705413068919, 0.17146157509000284
0.15245584562423772, -0.288282785097097, 0.5850126706647588, 1.1558300406458575, 0.9417704334541341, 0.17148992917574254
0.15246629004695345, -0.2882892926268783, 0.5850239677768708, 1.155847816666797, 0.9417884927710984, 0.17152505932039952
0.15247671179147573, -0.28828874181710046, 0.5850165645031182, 1.155819362177867, 0.9418227791406556, 0.17151502283210993
0.15246998114028035, -0.28829034217833255, 0.5850325396306172, 1.1558189502773422, 0.9417842673147111, 0.17149022757474233
0.15245821094168063, -0.2882752674693595, 0.585039632788964, 1.1557871736109113, 0.9418038022314599, 0.17147227892903574
0.15248181871985508, -0.2883054231630148, 0.5850056563153185, 1.1558629849670454, 0.9418242499696934, 0.17146453660917843
0.1524605416717053, -0.2882917188886832, 0.5850248324028494, 1.1558447270799757, 0.9417717887760172, 0.17147930911291528
0.15245689300382428, -0.28829220550786205, 0.5850202452344135, 1.1558708210418356, 0.9417963117212874, 0.17147482587329668
0.15246458328910886, -0.28828429171922726, 0.585022917567489, 1.1558277874307734, 0.9417935196309472, 0.1715075283980754
0.1524497069951441, -0.2882873168539089, 0.5850406767585032, 1.155826507065397, 0.941718501453042, 0.1714936932163236
0.15242153543837783, -0.2883077285981391, 0.5850275503884704, 1.1558997546465009, 0.9416996944127284, 0.17136351354563728
0.15239766930422965, -0.2883131868029911, 0.5850313506211693, 1.1559226297117604, 0.9416505834416878, 0.17134434839297147
0.15238467376209552, -0.28831782243961473, 0.5850377852641758, 1.1559332883610434, 0.9415986904421905, 0.171318153134638
0.15238538608680044, -0.288317119159209, 0.585033129124354, 1.1559038029774136, 0.941633302633886, 0.17128830969474332
0.15236021512218045, -0.28832060617297023, 0.5850583000854778, 1.1559071572014832, 0.9415513608288069, 0.17124601774055687
0.15237354198828765, -0.2883564192899356, 0.5850186154229676, 1.156023396549214, 0.941596531666029, 0.17118495793617025
0.1523403655535829, -0.2883493780708613, 0.5850473060623181, 1.1559707530209622, 0.9415260892501348, 0.17115299382023683
0.15233630748415583, -0.28835542761177824, 0.5850304170995123, 1.1560024144145313, 0.9415431923451093, 0.1711201269705906
0.15232453093110052, -0.288360878820259, 0.5850258008864201, 1.15607475529928, 0.9415115911264801, 0.17111783443347192
0.15232629263207215, -0.28839281478182177, 0.5850121111862333, 1.1561314298416923, 0.9414773832902836, 0.17104783025070414
0.1522860465787797, -0.28838460565242624, 0.5850294652217908, 1.1561292983372642, 0.9414013838772017, 0.17097685585118308
0.1522949804883365, -0.28838716643097434, 0.5850249431659222, 1.1560902523151735, 0.941430099164618, 0.17100382090127025
0.15226396517020815, -0.28838816646619553, 0.5850583735748306, 1.1560911194751742, 0.9413319383545313, 0.17093551117500233
0.15227634021553715, -0.2883976227294869, 0.5850391308810606, 1.1561292485720638, 0.9413795703586967, 0.1709382223455386
0.15224491992349054, -0.2883870665899875, 0.5850593651390139, 1.1560710972672144, 0.9413529238104401, 0.1708848019648731
0.15226292688286028, -0.28839078184666384, 0.5850574250468219, 1.1560610557157243, 0.9413298250009358, 0.17091748231461795
0.15222393600887194, -0.2884137537542125, 0.5850455131141882, 1.156173489089498, 0.9413002063065744, 0.17080283404321436
0.1522188726869457, -0.2884119813996473, 0.5850537028167767, 1.1561737991916687, 0.9412257501599027, 0.17082855854258625
0.15220419357833714, -0.28841844365027325, 0.5850592583360201, 1.1561748688407805, 0.9412030951788334, 0.17077186230223013
0.1521595100437883, -0.2884280066763203, 0.5850768816414272, 1.156202535788788, 0.9411076619619994, 0.17067875951418626
0.1521417457921131, -0.28843677730720374, 0.5851504571031153, 1.1560997916340807, 0.9409299217727826, 0.17066953665835427
0.15196955079618849, -0.28831160196289196, 0.5852873862595135, 1.1547240121788642, 0.9395653026488834, 0.1706325038179544
0.15162989112207742, -0.2880604129259742, 0.5854111990791104, 1.151746580377645, 0.9365075574675533, 0.17055061883723863
0.1512780627589076, -0.28781944007193405, 0.585389602912942, 1.1484653585012645, 0.9330072513029469, 0.17033376031851122
0.15093531011114952, -0.28755383960459774, 0.5852743099768984, 1.1447619033431797, 0.9290778490368664, 0.17000779389612788
0.15058089168679129, -0.28725142681487675, 0.5851456176635286, 1.1406987237762156, 0.9248750639908706, 0.16981339944932794
0.15021136693767295, -0.2869442554371923, 0.5850159522345023, 1.1364328597152953, 0.9204506955420244, 0.16971327829319752
0.14998956960630155, -0.28670391405343737, 0.5848828265096183, 1.132778953038338, 0.9170579142544831, 0.16978220467127897
0.14974232356449776, -0.2865291637642411, 0.584842640304152, 1.1303714883867948, 0.9144012064618224, 0.16946474377271833
0.1497130492895879, -0.2864919222233726, 0.584818016921098, 1.129799981427403, 0.9139105979077053, 0.16952743059129824
0.14972589000576875, -0.2864913293882713, 0.5848076085794377, 1.12979517133779, 0.9140488383320161, 0.16957783287693995
0.1497168164367625, -0.28650874808252685, 0.5848137938885978, 1.1299372574418491, 0.9138737111004831, 0.16939766823969588
0.14973500501295173, -0.2865023031809712, 0.5847946005527326, 1.1298591161788323, 0.9140279242608778, 0.1695415920824548
0.14973697520699147, -0.2865102206883253, 0.5848011964950788, 1.1299279642615188, 0.9139432146077701, 0.1694666355323826
0.14974358144727012, -0.28652371165082313, 0.584790519751832, 1.1299280665696965, 0.9139978729749039, 0.16945755870444337
0.14975797237133537, -0.28650372524103956, 0.5848051504308637, 1.1297675481715264, 0.9140835875378551, 0.1696054047611032
0.14974592142808224, -0.2865110086814309, 0.5847967089606682, 1.1298575636749608, 0.9140099193293143, 0.1695165337357805
0.1497204221356318, -0.2864927754487445, 0.5848300576894231, 1.1297879659602035, 0.9139066923060273, 0.16950273776464442
0.14974300721017594, -0.2865075444293239, 0.5847932406343463, 1.129842242342357, 0.914066628323714, 0.16957379691278332
0.1497236646825296, -0.28650785169710596, 0.5848226569475895, 1.1298747189176914, 0.9138369609554334, 0.16938696112787519
0.14972280998425544, -0.28650011623458227, 0.584835515943549, 1.129789229223453, 0.913866631812932, 0.16946030434298634
0.1497204672265821, -0.2864871559377504, 0.5848467339302931, 1.1296848185407342, 0.9139188034653968, 0.16955974726577888
0.14971604789588117, -0.2864898496607448, 0.5848426025860761, 1.1297241858694025, 0.913852901513576, 0.16954666022605183
0.14974088712784736, -0.2864478520978815, 0.585170543292946, 1.128144752736492, 0.9143712019539159, 0.16887220390993027
0.14978859670602052, -0.2863776747238268, 0.5856610333403192, 1.1259291746288165, 0.9151819491330474, 0.16807143436068542
0.14984974624018546, -0.2862973785166154, 0.5862066601885736, 1.12344414631113, 0.9161004974420145, 0.16700185830924313
0.1498938692823648, -0.2861937389116382, 0.586803803458942, 1.120599647923422, 0.9171923402028676, 0.16554448047143275
0.14995524040752778, -0.2861313664570255, 0.5873426930840215, 1.1180591238370323, 0.9181601394059841, 0.16432102970625628
0.15006243226712862, -0.2860561499426319, 0.5878133038081708, 1.1156157211448356, 0.9192246180273071, 0.16360549133756
0.15009278897976147, -0.28597857994310505, 0.5882453401560903, 1.1135676261350669, 0.9198716838173745, 0.16292365130104078
0.1500998098352122, -0.2860030530446586, 0.5882812142302941, 1.1135591514804637, 0.9198007111496257, 0.1625452277495896
0.1501975181517386, -0.28609972429358554, 0.5881756814704705, 1.1139233668596544, 0.9201284288095853, 0.1624862553758223
0.15022183125975605, -0.2861417450339492, 0.5881325992011739, 1.1141034539709673, 0.9201161047850139, 0.16230546348614136
0.1502128760262494, -0.28609819930410835, 0.5881815601720066, 1.113785585652304, 0.920125224236198, 0.16251086256246622
0.15018779140797955, -0.2860960529357671, 0.5882028043881531, 1.1138094669123417, 0.9199465048929999, 0.16239015235044948
0.1501902292266461, -0.28597159696550123, 0.5887940347285275, 1.111284211245125, 0.9205198292278315, 0.16157485084761955
0.15028010277949014, -0.28580989115970723, 0.58970374001769, 1.1070464670419213, 0.9221940471931966, 0.1597107874197664
0.15043740451130166, -0.28565528124582384, 0.5907235993435459, 1.1020230777373992, 0.9245183759388068, 0.15742535935252025
0.15060697447210772, -0.2854522723995071, 0.5918764692776706, 1.096108347432269, 0.9270202675458061, 0.15495475984412496
0.15080045031130876, -0.28528816210891594, 0.5930064590769556, 1.0908618283831009, 0.9302514006986324, 0.15249585247744954
0.15101264662262412, -0.28514676801631117, 0.5942913407661017, 1.0862528524175719, 0.9339582563217735, 0.15013065661855465
0.1512562140497914, -0.28503908002396694, 0.5955854800868806, 1.0817818308478968, 0.9379472500532132, 0.14798665518061188
0.1514909821974059, -0.2849466810521559, 0.5968088545070128, 1.0780394262941804, 0.9421469909474673, 0.145832656061771
0.15178907662096155, -0.28485525373862475, 0.5979191659525532, 1.0747203319266974, 0.9467866599659248, 0.14410240351723874
0.15206459333680677, -0.2848180540782277, 0.599006643284642, 1.0720378581217, 0.9512951847893978, 0.14221138349922027
0.15238451879417095, -0.2847820357591197, 0.6000795528434086, 1.069297415928856, 0.9566426569790087, 0.14033443383623018
0.15286848498332353, -0.28473382575688205, 0.6005284291138759, 1.066767454026577, 0.9639059176107057, 0.13832805055337147
0.15340198912386466, -0.2846726291012296, 0.6008297119977482, 1.0640854115368634, 0.971953573484718, 0.13608083442693414
0.15393396312718122, -0.28461002251152456, 0.601104730784257, 1.061139886725237, 0.9805836563049862, 0.13343753669166883
0.15451427569968998, -0.28450352346705393, 0.6013265087778531, 1.057528576474548, 0.9901274635652823, 0.13075347647136604
0.1551885941778362, -0.28447171487551526, 0.6013467358490653, 1.0544036063895488, 1.0001711749875535, 0.12789199770917395
0.15587462380363343, -0.2845231238149148, 0.6010795177801045, 1.0524072502784438, 1.0099417270058093, 0.1252639711075285
0.1563216845906045, -0.2845652975983073, 0.6005759145433037, 1.052681631119752, 1.0177647547055535, 0.12371361667884691
0.1566076264522531, -0.28465829828634925, 0.5997125345782739, 1.0552525245907833, 1.0236942660714428, 0.12313342262927224
0.156906410968913, -0.2847585826465395, 0.5987507841367578, 1.0578649198194103, 1.0293590702410031, 0.12281363633448071
0.15721317235540877, -0.28486626261259296, 0.5976531793855632, 1.0607697830618534, 1.035085607100824, 0.1227145860270922
0.15747985270795622, -0.2850532529309948, 0.5961584142161724, 1.0657900938519442, 1.0401807406520636, 0.12297889073859378
0.15778775798710376, -0.28524189227819274, 0.5945054307629888, 1.0711495645478288, 1.0455403920651722, 0.12372075749402998
0.158079025806349, -0.2854851169449165, 0.5927522458464148, 1.0771631308353964, 1.0507641029949117, 0.12437815524651447
0.15834158676938156, -0.28571755219499645, 0.591099502527052, 1.0828925630076007, 1.0558145534097128, 0.12501291209693036
0.1585686226237611, -0.2859490716059619, 0.589464763889997, 1.0887960011128865, 1.0607037212076722, 0.12555761614205455
0.15886389056356912, -0.28624326617484946, 0.5877657130920749, 1.095119259620534, 1.0659882988185294, 0.12623252542186478
0.1591522722110965, -0.2865198629465337, 0.5861314330975635, 1.1011310648190968, 1.0713350371665114, 0.1270097647163451
0.1594308213370817, -0.2868407743134125, 0.5844505063306152, 1.1077843569983197, 1.0764393733049473, 0.1277924109014973
0.15964196713135217, -0.28712366443292436, 0.5828633397794086, 1.1143386866592182, 1.0813819106263893, 0.12827094346356063
0.15992926072649638, -0.2874181579126872, 0.5811647542304892, 1.1210055541540696, 1.087040424502873, 0.12915698031357073
0.16017773975271174, -0.2876785525513111, 0.579577161617452, 1.127492739167658, 1.0921292663490212, 0.1300855693239202
0.16039325093427503, -0.2879616648892426, 0.5780303820953908, 1.1341621675470799, 1.0972167370381882, 0.1307993196497386
0.16064866006666592, -0.2882540290781238, 0.5764224890461788, 1.140745715486657, 1.1025267856213148, 0.13158881014387314
0.16092992176461812, -0.28854036188631804, 0.5748285964594106, 1.1473190852829809, 1.1077370474956767, 0.13257743901409044
0.16114844156293984, -0.2888291117206537, 0.5732806445281095, 1.1536852982527648, 1.1129536500146122, 0.13307324437471854
0.16137384953678732, -0.28915796759523577, 0.5717523093363478, 1.1603423270364779, 1.1178445412067581, 0.13375236832354567
0.1616483848593612, -0.2894522517106319, 0.5701972229587675, 1.1669031898285136, 1.1234532636873809, 0.1345246209664937
0.16195994279688833, -0.28977576172145614, 0.5686057714229511, 1.1734317478894143, 1.128876561179674, 0.13533587036878314
0.16221937999307712, -0.29009863013053416, 0.5670484520820134, 1.180099035930049, 1.1338470418642221, 0.13622366826081606
0.16249095333524216, -0.29039483962724744, 0.5655058219965896, 1.1861474496754083, 1.13905705866041, 0.13707507528722374
0.16277493660297715, -0.29072240886551304, 0.5639526031141331, 1.1924955889452513, 1.1441106753447063, 0.13776653400247174
0.1630159284356428, -0.29103282807049957, 0.5624396013495444, 1.1987358081723456, 1.1488909221927113, 0.13829254712962888
0.1632537762011117, -0.29132851641329205, 0.560859670667784, 1.2050265471959778, 1.1540313155285307, 0.13880531102118365
0.16347780007179885, -0.2916111672091897, 0.5593058516081817, 1.2110111449256962, 1.1587692116538055, 0.13947077677068973
0.1637227978301718, -0.29188281718139025, 0.5578461614690161, 1.2166312179685155, 1.1634751604944216, 0.14029620329126694
0.1639281291992119, -0.29211879562583004, 0.5564091826105592, 1.2222400088516514, 1.1680314469827715, 0.14091481426987992
0.164115104028901, -0.29238174032889747, 0.5550135255785618, 1.227745594890994, 1.1723046643480417, 0.14127375992161703
0.1643027734603035, -0.29262644265642035, 0.5536019443759723, 1.2330611200498651, 1.1767470672491644, 0.14181644294705484
0.16450092059442228, -0.2928627892114332, 0.5522332520159642, 1.2383063151501037, 1.1808834643392967, 0.14235070936187327
0.16467459713433116, -0.29308965099882267, 0.5508212180052292, 1.2437142007628903, 1.1851286357444222, 0.1429866626431209
0.164863536160806, -0.2932850441989073, 0.549517115161592, 1.2484081588958864, 1.189324014615234, 0.1437670701707562
0.16502150601199037, -0.29347260393516167, 0.5482349708044628, 1.2531599022041866, 1.1930431978361506, 0.1444717272069394
0.16516243431296723, -0.2937104145092035, 0.5469422726471472, 1.2581582670711384, 1.1966124599833494, 0.14472144805499973
0.1653299403849921, -0.293893680988847, 0.5456288929484094, 1.2627829298495798, 1.2004453021991728, 0.1453901529059784
0.1655061009695651, -0.29409143392040454, 0.5443375175362257, 1.267374927350037, 1.2040459150200455, 0.14584236498734
0.16566589871636667, -0.29431077382619, 0.5430182521585192, 1.2718583151477707, 1.2076904501823087, 0.14632854832406275
0.16581972101033407, -0.29447466990630805, 0.5417914949927947, 1.276127400286855, 1.2111288327436678, 0.14689560068519658
0.16594513627884702, -0.2946352699870113, 0.5405714376233046, 1.280175435853919, 1.21434629324921, 0.1474977879305551
0.16608703457346174, -0.2948233532110008, 0.5393573624837905, 1.284415840870275, 1.2173439041959315, 0.14790683118261097
0.16621684107049076, -0.29498124559908634, 0.538153675633625, 1.2882386030895678, 1.2205079660964295, 0.14814642647042658
0.16632539129827212, -0.29510592807975305, 0.5369683229753797, 1.2919766970198752, 1.2234631955491113, 0.14882198531637425
0.16640211879257807, -0.29522378289929285, 0.5362307245026906, 1.2945230631784281, 1.2253954744683544, 0.14920122111127543
0.16637738245782197, -0.29522517416475574, 0.5362702602970503, 1.2943757360148433, 1.2254537013233133, 0.1489848455379673
0.16636757933698204, -0.29520508363811054, 0.5362866189766327, 1.2943054640346807, 1.225235712675464, 0.1490834454908207
0.16639186236797254, -0.2952214145787375, 0.5362578737437285, 1.294372809413612, 1.225356734875768, 0.14905938450402648
0.16637824293951833, -0.2952208514902729, 0.5362669084756544, 1.2944010769047454, 1.2253424648150724, 0.14903144430001408
0.16637170217910832, -0.2952242188560186, 0.5362900443977443, 1.2943651000765943, 1.2252761973890283, 0.14903693663407844
0.1663747959423991, -0.2952178628485144, 0.5362927557103208, 1.2943563599291186, 1.2252859915273835, 0.14904396389388533
0.16638878194683276, -0.2952213093365115, 0.5362629263049881, 1.2944169808694224, 1.2253450696278227, 0.149054540141448
0.16638188137959656, -0.29522657090765086, 0.536277983793482, 1.2944018158544761, 1.225308338648974, 0.1490713029724352
0.16639454064340167, -0.29522133866980216, 0.5362720813854864, 1.2943692795332669, 1.2253592265861295, 0.1490382676462098
0.16637469635482255, -0.2952086615447038, 0.5362664922120538, 1.2943651900577962, 1.225329653890737, 0.14909096592786278
0.1663770567662468, -0.29521340604390656, 0.5362731317258131, 1.294384671123068, 1.2253096333754925, 0.14907832297533763
0.16638623380180556, -0.29521649045847154, 0.5362993771625456, 1.2943134160219743, 1.225331198021064, 0.1490455771264138
0.16638808339456188, -0.29522179434038953, 0.5362463856019027, 1.2944316124052766, 1.2253651347887868, 0.14908511626317994
