-0.3401103731060089, -0.11343871827078573, 0.19675163647064992, 2.691033763717298, 1.3967456995590615, 0.05867224859134898
-0.3401210688962826, -0.1134209875709655, 0.19675764760180214, 2.691063239159803, 1.3966809335095125, 0.05863036404674243
-0.3401081708508357, -0.11342205800869895, 0.1967297402462309, 2.691030537496251, 1.3967597288632598, 0.05873736659058838
-0.3401050207333188, -0.11342488236995492, 0.1967448806290502, 2.6910360730114915, 1.3967445680787167, 0.058703794689518515
-0.3401162018977793, -0.11339872215041492, 0.1967487925731407, 2.6910913110428796, 1.3966091334704895, 0.058699864141095945
-0.34011059402195987, -0.1134086777560964, 0.19672752834546026, 2.6910497688791355, 1.3967258319907516, 0.05876933083262803
-0.3401013617969153, -0.11341731872741707, 0.19673081244976665, 2.691057577856665, 1.3967113437974465, 0.058758339595402546
-0.34011828234459507, -0.11342294343050274, 0.19674837228150843, 2.6910770885234627, 1.3966864440009108, 0.05866695514922273
-0.34011628047037856, -0.11341914285421653, 0.1967431445547892, 2.6910911416968597, 1.3967134593912802, 0.05868022959053377
-0.3401228984040769, -0.11342496886530193, 0.19674923355387358, 2.6910533501450744, 1.396756232878517, 0.058660227179820175
-0.34010518304891, -0.11342375999101867, 0.19672587383408846, 2.6910414799876494, 1.3967654457687773, 0.05873661427360691
-0.3401133656009082, -0.11342571071846232, 0.19675589488699177, 2.6910395894141583, 1.3967293717382159, 0.05864860713693815
-0.3401184761971444, -0.11342927217480321, 0.19674029467757614, 2.6910274478219733, 1.3967603061228229, 0.05870184614794773
-0.3401068860321112, -0.1134149665463015, 0.19674207583976444, 2.691078540460994, 1.3966862297076272, 0.058683819200841765
-0.34010556252931445, -0.11343034882835087, 0.19674172829880032, 2.6910194400010234, 1.3967769204263478, 0.058704511699863786
-0.3401205389972802, -0.11342831905931165, 0.19675316448348135, 2.6910779219101157, 1.3967086155054391, 0.05864798007804308
-0.3401168602213401, -0.11341802658943376, 0.19674463116209018, 2.6910494139089103, 1.3967123121826062, 0.058664588114489845
-0.3401131263831455, -0.11341933286313793, 0.19673453337799257, 2.6910732508149606, 1.3967014236483593, 0.05871942299828665
-0.3401055247994306, -0.11341009254031328, 0.19673843285048487, 2.6910168675158914, 1.3967757139540777, 0.05867713893058969
-0.3401137063635742, -0.11343092374191995, 0.19675815119891316, 2.690994510175908, 1.3968097562699346, 0.05860900711966954
-0.34010998687266036, -0.11342331755089437, 0.1967439845358948, 2.69104141657608, 1.3967290185476158, 0.05866686416644533
-0.34010472064589525, -0.11342464516286839, 0.19673792931062795, 2.69106207033587, 1.3966963735626687, 0.0587074650294893
-0.3401091679671949, -0.11342894991909952, 0.196739839060453, 2.691024381146276, 1.3967390697863298, 0.05868853802022128
-0.3401138754267576, -0.11341717968423354, 0.19672419315195772, 2.6910581118939985, 1.3966883369387861, 0.05879395676720834
-0.34011907346881154, -0.11341580718808485, 0.19674749092756094, 2.6910483915909498, 1.3966901309517787, 0.05868396155426671
-0.34006391597084906, -0.11358713734676751, 0.19667426688925754, 2.6909390631650507, 1.3970028108866261, 0.05905271698143564
-0.340063908599382, -0.11400074210611064, 0.1966477211091324, 2.690761718105507, 1.39738130602451, 0.05915859232171024
-0.3400467184630224, -0.11441697018435043, 0.19662958638768493, 2.690679658392321, 1.397606749404229, 0.05926054323952317
-0.34005810546674287, -0.11484717858967405, 0.19661433122437244, 2.6904739116887053, 1.3980931052323808, 0.05938037482731995
-0.34007502343238977, -0.11526931184458844, 0.19659975868273574, 2.6904230468300034, 1.3982458929336026, 0.05958871592585013
-0.3400639675689153, -0.115737845468383, 0.19659744840272092, 2.6901764370460084, 1.3987565492466543, 0.05965779679177636
-0.3400802181044792, -0.11615681765483205, 0.1965844691142598, 2.6901910643376348, 1.3988481558239785, 0.05975628517735758
-0.34009278335033444, -0.11662802976954256, 0.19658607751073076, 2.690149001853055, 1.39897327717909, 0.05984251624977246
-0.3401036781757735, -0.11708598253453426, 0.19658996526430675, 2.6900095788277407, 1.399318871023883, 0.0598360789838278
-0.34011690049279436, -0.11748897084779432, 0.19653964665331985, 2.690010084186965, 1.3994694551924753, 0.06015853847843635
-0.3401236846327642, -0.11794512755399422, 0.19656496023860848, 2.6898941930751206, 1.3996649405294823, 0.06014783022756755
-0.34012673208397937, -0.11840018589446229, 0.1965534075260293, 2.6897377176062363, 1.400020049195551, 0.06016067853819249
-0.34013210261759985, -0.11885262764817504, 0.19658102403263067, 2.6896359622653234, 1.40026441667707, 0.06014282882010798
-0.3401462275107587, -0.11924933085656243, 0.1966004071563643, 2.6894974582657025, 1.400591430503698, 0.06009211050908357
-0.34014311687164644, -0.11969655622100897, 0.19658617192542235, 2.68955410370421, 1.4005606046836347, 0.06021571363624761
-0.3401674221485883, -0.12012333029826457, 0.1966435006667868, 2.6894159157112805, 1.4008223532498942, 0.059909263848130306
-0.3401607022187383, -0.12055994129015825, 0.19662693317920132, 2.6893684922872603, 1.4009611253537537, 0.060039952105882685
-0.3401777442709258, -0.12103899133080695, 0.19660210205653394, 2.6893178749244817, 1.4011390716145917, 0.06019233765311504
-0.3401841154131778, -0.12148224805516751, 0.19657141622987162, 2.68919974628188, 1.4013846069396425, 0.06031514551319874
-0.34017982438924377, -0.12195496797805777, 0.19660553409656883, 2.6889908673541933, 1.4018812729423613, 0.06028626310246946
-0.340166598735249, -0.12242382535623961, 0.196599578787893, 2.6889199202327827, 1.402106356895161, 0.060494449266701375
-0.3401818955282539, -0.12284610160248668, 0.1965784772607817, 2.6889151543123453, 1.402222475275741, 0.06068025843383524
-0.34020448985154716, -0.12333343796885385, 0.19659743162479526, 2.6888210386990377, 1.4024285031418262, 0.06067139394274856
-0.34022957524236197, -0.12375334764192789, 0.1965875426648121, 2.6887090409001324, 1.4027220691948623, 0.0607177976028313
-0.3402261261019507, -0.12417272669958757, 0.19656011988403524, 2.6887374173053935, 1.4028129874338005, 0.06096245256506019
-0.34023327370939316, -0.12461139829933911, 0.19655287960607237, 2.6885970775413925, 1.4030832149782786, 0.06115280251342871
-0.34026363670964627, -0.1250164117740734, 0.196543921465268, 2.6886362131142483, 1.403088792997612, 0.061189720285087644
-0.3402821049778998, -0.12545287798403104, 0.19654892026943185, 2.6884060319518235, 1.4035255158893694, 0.06122058527826532
-0.340280425634207, -0.1258881587297803, 0.1965036089595738, 2.6884050694997637, 1.4036216014133445, 0.06145439818962292
-0.3403085228737369, -0.126329233367242, 0.196498137200238, 2.688280114828964, 1.4039324325369793, 0.0614507887565603
-0.3403177839922511, -0.12679170706124487, 0.19648798484993374, 2.6880614103070983, 1.4043692257479337, 0.061584403048958195
-0.34030495984981846, -0.1272375483489398, 0.19643340625933292, 2.688069881142323, 1.4045310379021396, 0.06183257428283384
-0.34031212411712797, -0.12766989009331142, 0.19637780972555735, 2.688162604127694, 1.4045023085883042, 0.06221101739847681
-0.3403329974526355, -0.12809606323709224, 0.1963779305099526, 2.688026904149597, 1.4047640824557843, 0.062265374685977315
-0.34035183024084675, -0.12855623587066328, 0.19638602311278078, 2.687994524951911, 1.4048557805855566, 0.06228671839107503
-0.34035613051712676, -0.1289972508323199, 0.19636672602165972, 2.687802996536827, 1.4052296045314836, 0.062361612993071844
-0.3403932301827037, -0.12947807655074223, 0.196407259218627, 2.687689469526032, 1.405553258124538, 0.0622568798374
-0.3404106740211746, -0.12988819675198524, 0.19639574178686306, 2.687721391598366, 1.4056116930268545, 0.06236389265096447
-0.3404364901309261, -0.13035095103702005, 0.1964202518269455, 2.6876452563248736, 1.4057533728535612, 0.06221902427143109
-0.3404525098041102, -0.13078056552405448, 0.19642611362348436, 2.6875276998218403, 1.406018804607395, 0.06234402693213959
-0.34047139464215964, -0.13119049955340112, 0.19642680196587006, 2.687407692983245, 1.4062030518604065, 0.062435768082433465
-0.34046658727316875, -0.13161485778288465, 0.1964301425385579, 2.6875154403945065, 1.4061626026664018, 0.06248380542765861
-0.34045982830191523, -0.13208056462002218, 0.19644837360007064, 2.6874762068331743, 1.4062938861687861, 0.06250853799811626
-0.34047674371250536, -0.13254347795413784, 0.1964611553675416, 2.6874023243792884, 1.4065024856163713, 0.06261111662652959
-0.3404761916270711, -0.13298838985003977, 0.19641768018032785, 2.687174785286724, 1.4070148655979915, 0.0627834436237433
-0.340473884893154, -0.13346696736315256, 0.1964209537593108, 2.687112672225323, 1.4071500852314425, 0.06286771507545552
-0.34048963724166414, -0.1339084176552369, 0.19642695665552184, 2.6871330978633376, 1.4071887288744163, 0.06287993862481378
-0.34051994018219206, -0.1343709091765942, 0.19644206771839437, 2.6870509745346873, 1.4074097340512204, 0.06270415230961338
-0.34053402627143653, -0.13482146283473845, 0.1964481318218823, 2.6869358060902315, 1.4076386660956721, 0.06278650666564856
-0.3405579584257916, -0.13524798363932874, 0.19648317857937306, 2.6867853521896228, 1.407883643803587, 0.06263940801202561
-0.3405646760310718, -0.1356902680258476, 0.19647031614436222, 2.686870361168475, 1.4078418129862273, 0.06285588397007512
-0.34059873908919863, -0.13610865165529795, 0.196470903750635, 2.686864052310452, 1.407969308841802, 0.0628270455339402
-0.34061470862329185, -0.1365242912546128, 0.19646296320937073, 2.6867343938104877, 1.4082504800163298, 0.062924789510072
-0.34063567336935746, -0.13696954242157927, 0.19644489436981433, 2.686763692421847, 1.4082503874319563, 0.06295769433115772
-0.340648269142614, -0.13741039430749216, 0.19639898078116613, 2.6866180791311294, 1.408596796635666, 0.06320517612481442
-0.3406698285180808, -0.13787592704033183, 0.19643012423808903, 2.686526126746927, 1.4087461034894324, 0.06311467630444337
-0.34069598490770936, -0.13831309924357205, 0.19645902306254964, 2.6864084886822837, 1.409138344721054, 0.06285255437489
-0.34073761121908963, -0.1386785624562721, 0.19646985552080906, 2.686641493656113, 1.4090866435788452, 0.06278652895563974
-0.34117769000558523, -0.13892721971316785, 0.19684863650589848, 2.687420822122724, 1.4066218361623433, 0.06322671865617185
-0.3422468332242812, -0.13870385103732424, 0.19857832387704538, 2.6890214105263723, 1.3958001621405112, 0.06313496503910239
-0.34389676051198215, -0.13807152422844965, 0.20097979083449893, 2.690898410052145, 1.376026840474375, 0.06370420216119871
-0.34598187520396917, -0.13707735191651343, 0.20397233896502015, 2.6929191934396846, 1.3493000525616448, 0.06528538726961317
-0.34827215369834946, -0.1358177059174421, 0.2076452726499649, 2.695156903174419, 1.3197232720035312, 0.06637846932361059
-0.3508322919735734, -0.13430917111686436, 0.21222027192017567, 2.697058812671827, 1.2864349871038558, 0.06660066226432919
-0.3535329150110622, -0.13274585674693382, 0.21773872281901532, 2.6982658594390414, 1.2513620057656614, 0.06584891319531282
-0.3563928112667789, -0.13096426087572882, 0.22413303252531597, 2.6986796709876812, 1.2135983685903464, 0.06524220004071848
-0.35933496207313487, -0.12904230767319183, 0.231437562704912, 2.6973214639377523, 1.1734340269899581, 0.06467402920796332
-0.36237107300567517, -0.12709077964127724, 0.2395275011532677, 2.694598157146378, 1.131795761887936, 0.06329257645363957
-0.36539172144015636, -0.12515476962867433, 0.24800740535851012, 2.690201505301986, 1.0890595843335613, 0.062409602256880095
-0.3679543846022644, -0.12348202770043847, 0.25578241815257013, 2.6848019630072555, 1.0502977557545539, 0.061717585025629275
-0.3698527214884985, -0.12235444231292036, 0.26154475284503026, 2.6807848640225767, 1.0222366884381109, 0.05996233073780512
-0.3710518259451276, -0.1219889900709221, 0.2654091942197411, 2.678037537605593, 1.0053803524635614, 0.05883881783191486
-0.3715412850918292, -0.12232029846214533, 0.26786755385318317, 2.676294436960824, 1.000196652169969, 0.057059597749122094
-0.3711328940199842, -0.12319854742142797, 0.268971291479307, 2.6762339563783195, 1.0053228712381501, 0.05391314953635091
-0.37001850041198897, -0.12474479806746543, 0.26955646198308936, 2.6784734749346537, 1.0222752298001643, 0.0487816700253194
-0.36811183860299224, -0.1268827165007676, 0.26992127572291796, 2.6818388111551603, 1.050653139305445, 0.04170361497574514
-0.3654983773515243, -0.1294608999822227, 0.2701932577098288, 2.6857979993959846, 1.088436761626022, 0.03239374706296627
-0.3623845144766627, -0.13221481036331348, 0.27069358843548724, 2.689832748311951, 1.131981414195597, 0.019835056901645564
-0.3589228339131012, -0.13514235921032702, 0.2711393115081789, 2.69357043024808, 1.1793135859642734, 0.005260422234581067
-0.3552558027729113, -0.13807127035016925, 0.27152676350889815, 2.6962717305970174, 1.2279505545086091, -0.011022381981681666
-0.35151155906064424, -0.14102928395668388, 0.2719009629391054, 2.6982173183535614, 1.2776632964717234, -0.02948098816937785
-0.34772176789737136, -0.1438910810752232, 0.2719805021332011, 2.6991908459477663, 1.3271711122314735, -0.048568254649015145
-0.3438402428547809, -0.14672670641135768, 0.2716443456763371, 2.6992093506000443, 1.3765976008586778, -0.06718353753741067
-0.3399739546417179, -0.14952541095060456, 0.27101793508441696, 2.6984750081795035, 1.4260782336912738, -0.08615559039339094
-0.3359039899508544, -0.15236876722698733, 0.2699538901171136, 2.696419657605035, 1.4774473568425937, -0.10555707305342699
-0.3320628566358032, -0.15493436670088873, 0.26872477125975247, 2.693962316977618, 1.525634852076293, -0.1239699100623801
-0.3285277445693592, -0.15719954897103447, 0.26821276469121097, 2.6914665580457333, 1.5695445250733144, -0.14247293152626184
-0.3257368650868637, -0.15909897705234288, 0.26730730006390496, 2.6883713407047107, 1.6032331516001181, -0.15702020131686906
-0.32377529507922503, -0.1605499987619956, 0.26619674870637794, -2.681085124108101, -1.6234393542873995, 0.16642199877027855
-0.3223942601717133, -0.16176411211964084, 0.26513756733382704, -2.6670854200282523, -1.6317967559259785, 0.17242400536407657
-0.32146994848364835, -0.16270436241013195, 0.26426669138568987, -2.658079333726976, -1.6370475799922524, 0.1757552582224775
-0.3207628656980458, -0.16336500018964928, 0.26349748517423544, -2.6530221420180453, -1.640108041029834, 0.17840088649704564
-0.32029553836924846, -0.16395547267668636, 0.26306017331978193, -2.6498612405410347, -1.6424240642580437, 0.18046006959022715
-0.3199823353005099, -0.16448270569711682, 0.262819239628928, -2.6476808019673364, -1.6438705961421554, 0.1818492613365045
-0.31973739774410614, -0.1649887913994703, 0.2626885005716809, -2.646091298634164, -1.6449433005952376, 0.18314327865142283
-0.3195653532995927, -0.1655032752674343, 0.2625705755445248, -2.6448844661420243, -1.6461227478497675, 0.18368256440884148
-0.3195249076878514, -0.16587647020701554, 0.2624359940087672, -2.6446417258051276, -1.6462165105077622, 0.183058213144783
-0.3195180576983597, -0.16625921375276495, 0.26234446740478673, -2.6445555311192974, -1.6463266334032658, 0.1825731131182894
-0.3195245118333879, -0.16670850290745945, 0.2623345507353708, -2.644597245443297, -1.646234927817435, 0.18249896011377542
-0.3195281102072576, -0.16712173574028116, 0.26234348637934235, -2.6442930331422856, -1.6464375484161005, 0.182585921296738
-0.31954372905020983, -0.16753876865535916, 0.2623385182028081, -2.6439314718975755, -1.646392147977778, 0.18262369247552523
-0.31955337562110375, -0.16799004958840064, 0.26234476593092027, -2.6437973312724234, -1.6466268407795395, 0.1826823465421168
-0.31959067853167344, -0.1683944704842756, 0.26232402725073406, -2.6437588674109818, -1.6464796643295228, 0.18253526967191344
-0.31958807315747373, -0.1688337378989507, 0.262338144089021, -2.644071924990824, -1.6463035731767717, 0.18257390083287
-0.3196087226031908, -0.1692449626752217, 0.2623150713065935, -2.6436988242959254, -1.6464685729358297, 0.18242215044619953
-0.31963130744372065, -0.1696880403397992, 0.2623209165266309, -2.643548875022182, -1.6465108730096019, 0.18240836832989768
-0.31963536713719454, -0.17014208709860879, 0.26230753334552026, -2.6434632172539656, -1.6465350646966934, 0.1822915255178645
-0.3196204370596406, -0.17061410130519566, 0.2622927228190806, -2.6434473770582367, -1.6470075127125905, 0.1820690731969727
-0.3196361379403429, -0.17106401944300625, 0.26229824949406555, -2.6433090207440957, -1.6471090041393561, 0.18198519416212525
-0.3196522897910088, -0.17154608201065938, 0.2623203463802452, -2.642877534840006, -1.6474272053231014, 0.1820395071233598
-0.3196617128752781, -0.17201367943727494, 0.26231239436086284, -2.6429312494938437, -1.647651528485057, 0.18180452751697918
-0.3196813756947654, -0.17247990546469963, 0.262315619591095, -2.64275225310005, -1.6480466485099636, 0.18169343975585742
-0.31968078801883903, -0.17295846949993743, 0.2623085411459748, -2.6428059432178834, -1.648168580320982, 0.18167064848206652
-0.31969172587215916, -0.1734354270014873, 0.26229564538785755, -2.642760354529797, -1.6482902287836725, 0.18158140382855642
-0.31969958841721846, -0.17390467406522297, 0.26227693097457644, -2.6427155114746994, -1.6485793870755205, 0.18137822126609476
-0.3197343549981336, -0.17434722228268823, 0.2622717012656757, -2.642504162963086, -1.6487217328730719, 0.181245986640922
-0.3197709905319518, -0.17477797280298452, 0.26230266526408075, -2.6422453278412767, -1.6487520145622552, 0.1813015175992409
-0.31978439443447254, -0.17524268544657018, 0.2622795986347317, -2.6423542508355453, -1.6490619356995286, 0.1810860166180235
-0.3198091976904025, -0.17567250893639255, 0.26228871709370416, -2.6422607024107667, -1.6489132464302758, 0.18113290263883552
-0.31981209304230446, -0.1760936953604288, 0.2623002757357252, -2.6421754326787346, -1.6490495815244082, 0.18113852398055819
-0.31981899687292786, -0.17653748226783694, 0.2622870898836853, -2.642234805196093, -1.649131860861438, 0.18105941566325806
-0.31982675614045136, -0.17698305311785476, 0.26226646219949706, -2.642145843398701, -1.648989644097653, 0.18101483459331816
-0.3198133687236342, -0.1774471311426698, 0.2622709070447705, -2.6419914257677046, -1.6496345126365495, 0.1809026681998764
-0.31983663342369234, -0.1778700583643706, 0.2622532932568635, -2.641922248696663, -1.6492989575638313, 0.1808686606730241
-0.3198328087273499, -0.1783247355849482, 0.26224620414107297, -2.6419050524839287, -1.6496043775192861, 0.18076613118235726
-0.3198561551508185, -0.1787960277495398, 0.2622598679840567, -2.6418660780966383, -1.6495853342079347, 0.18083389984514497
-0.31986956717118503, -0.17925380590576315, 0.2622945361554206, -2.6417671107274874, -1.649706698070332, 0.18094516780999126
-0.31986857341413966, -0.17970212380609016, 0.26222040626633725, -2.641587364904152, -1.6496525181792754, 0.18057107181582224
-0.31988576598498747, -0.18016260983388743, 0.2621878924892351, -2.641637763293637, -1.6498761430161941, 0.18029270951918577
-0.31990811299785904, -0.1805919456738879, 0.26216803184098914, -2.641551256001539, -1.6499868732007257, 0.18032020640725194
-0.3199509934293928, -0.1810023404327162, 0.26216774460817605, -2.6414015266167863, -1.6498426947537004, 0.18039857227625597
-0.31996230904170286, -0.18144305079970832, 0.26218337203015324, -2.6412031431275826, -1.6500995440474069, 0.18048998062311528
-0.31998631767437336, -0.18184601801583292, 0.26216051875292523, -2.641327233813835, -1.6500302293567501, 0.1802803577330244
-0.3200353126367291, -0.1822816830335112, 0.26217050688943355, -2.6411160181619135, -1.6501198641463863, 0.18029115937091827
-0.3200794242094844, -0.18273478893485934, 0.2621725263244535, -2.6410358961829568, -1.6500734148536507, 0.18033369612509859
-0.320109662569963, -0.183139851520406, 0.26214798303813114, -2.641093184236187, -1.6498361711091114, 0.1802009954628801
-0.3201089863446305, -0.18358705762435243, 0.26220248218946074, -2.6411983202510303, -1.6498783038199913, 0.1802499258367849
-0.3201164190896696, -0.18404450798592922, 0.2622128915757429, -2.6409010762865663, -1.6500467070251272, 0.18022347287155405
-0.32012022441489335, -0.18447480382662088, 0.26220072576425507, -2.6408820150118584, -1.6501481463946106, 0.18004717370338716
-0.3201426209529626, -0.18490217341496773, 0.2622018952299525, -2.6405568290285677, -1.650109372433003, 0.18005277447814447
-0.32015808177403243, -0.18535755017119618, 0.2622394296103645, -2.640626039220148, -1.650268630302553, 0.18002680967812923
-0.32017291707310425, -0.18581157445925184, 0.2622356072138521, -2.6403291500993515, -1.6505035056562514, 0.18004282937592464
-0.32016640194068685, -0.18627064160283172, 0.2622769872454557, -2.640387228578859, -1.650648029524704, 0.18012255802603283
-0.3202100924306921, -0.1867103346418394, 0.2622959610457458, -2.640294702188403, -1.6504479226391233, 0.18030018934602884
-0.3202607369458601, -0.1871360224740337, 0.2623498274595532, -2.640221451293401, -1.6502615094050952, 0.18050162579626555
-0.3203203303543628, -0.18755243492508253, 0.26253371370665707, -2.6401498143896203, -1.6503150195901584, 0.18102527367254298
-0.3203447277442238, -0.18800238543605524, 0.2625768216905757, -2.6402698924694104, -1.6502277119057494, 0.18113142760924344
-0.32031975389131867, -0.18847075445711914, 0.262272645047823, -2.640028805246489, -1.6503713924451788, 0.18002050965223862
-0.3203636827265957, -0.1888756299731622, 0.2622825075516907, -2.63983525243329, -1.6503058904576016, 0.18019511854139675
-0.3204090065398961, -0.18933271897388362, 0.2624303228698164, -2.6397603130312204, -1.6505358597447823, 0.1808194430815616
-0.32049112889357795, -0.18991533801038663, 0.26563937353864575, -2.6394623741618144, -1.6507800018841516, 0.18716356528878833
-0.3203943432432224, -0.19047722753949559, 0.275667220654436, -2.63817395782351, -1.6511522588220433, 0.20330081378836765
-0.3202284124930892, -0.1908673891405213, 0.292212305649587, -2.636231193761682, -1.6501481764275543, 0.2287318914497155
-0.320105693650527, -0.1910748630498484, 0.31422058173335377, -2.634752445862277, -1.648021733692124, 0.2619332428743179
-0.3199842755128684, -0.1909919341920365, 0.337388901017822, -2.6348487263094578, -1.6440506545512938, 0.29853617508473773
-0.31984813416124364, -0.19089539819055323, 0.3602843883071235, -2.635177755566782, -1.6394707044360304, 0.3346518539666556
-0.31971617425356447, -0.1909517443607708, 0.38042179028262946, -2.634380275923194, -1.6359731548718275, 0.36530816166308155
-0.3196963535598209, -0.19116750357884668, 0.3961997062013082, -2.6337429805015486, -1.6331994851798002, 0.3894759206734031
-0.3195885428442459, -0.1914564517274663, 0.40734256179037304, -2.632950430539791, -1.631727998282522, 0.4078025551894391
-0.3193867780755419, -0.19193282321501173, 0.4144226565639921, -2.631305709508347, -1.6314560530105446, 0.42059053551157144
-0.3193114215194533, -0.19242401870667905, 0.4189441112518656, -2.6303043282647143, -1.6312640039148107, 0.4285568827178355
-0.31929144439584445, -0.1929299411220879, 0.42165332408089706, -2.629792571601018, -1.6314461692276472, 0.43332403196527897
-0.3192969279491517, -0.19321793140094842, 0.4214392038749539, -2.6306894246035353, -1.6310220042490668, 0.43384961731430977
-0.31919310446099114, -0.19340835197171066, 0.4173580103941947, -2.6324358464758926, -1.630031694392363, 0.4310870996409151
-0.3190908264795913, -0.19363165281201716, 0.4097816464471361, -2.6342447901915857, -1.6302845570204294, 0.4245485956644418
-0.318943674171263, -0.19382410986013715, 0.3993232304426702, -2.6370830866266037, -1.630133633440548, 0.413383502629148
-0.318719679816613, -0.19400818076497334, 0.38685547494628925, -2.639566827953292, -1.6307707942038667, 0.39969794280252136
-0.3183893556378113, -0.1941211804089201, 0.37249955632631393, -2.6416236877322676, -1.6320114915892159, 0.38387222647954083
-0.31800398056488755, -0.1942939566936611, 0.356329751799543, -2.6431877841264133, -1.6331884041573628, 0.36569589732486235
-0.3175220605858011, -0.1944972412820895, 0.33925978269914536, -2.643921460854172, -1.6350237491584139, 0.34647806632305517
-0.3169626281437203, -0.1946732473455163, 0.32215756768500414, -2.6437688695232184, -1.6372633111423556, 0.327412003452459
-0.3163231047464341, -0.19492381101596828, 0.3052867916143566, -2.6424191300594972, -1.6397401094701587, 0.30917894893332387
-0.31572594188947845, -0.19523507057604447, 0.29057830038970117, -2.6408409519463296, -1.6420201337342948, 0.2930737235080874
-0.3151726422443407, -0.1955376445445623, 0.277616776501605, -2.638854784495794, -1.6443994126985437, 0.278715893670843
-0.31482077763975025, -0.19604788648188817, 0.26775926404368544, -2.6368638509284543, -1.6465758941865238, 0.26764477387875174
-0.3145280930587582, -0.19659883180748539, 0.2606841046215614, -2.6347778196447464, -1.6489118551692312, 0.25874937831728334
-0.3143667064112246, -0.197130908666748, 0.25548234330608954, -2.633004904328627, -1.650584308516316, 0.252015903909284
-0.3142598203042926, -0.19763726945972018, 0.2517257943709464, -2.63209496294455, -1.6514763781376558, 0.24727556161412392
-0.31434409862601553, -0.19809475092101242, 0.24899186306894042, -2.632189458513979, -1.6515055141028876, 0.24278855290343435
-0.3143982669832538, -0.19854472590725294, 0.24686409595207792, -2.632414238742419, -1.6515250001155768, 0.23936315074965955
-0.31439976051991203, -0.19896082821518526, 0.24605269276488712, -2.6322771302038, -1.651766079278926, 0.23796823015615473
-0.3143698269108443, -0.1993761376176886, 0.24603042739384984, -2.6322611588670926, -1.6518965708958115, 0.23774767381354298
-0.31437632553100914, -0.1997952542469417, 0.2459672811490859, -2.6322962684291245, -1.6518112988096805, 0.23746164563841649
-0.3143829347046299, -0.20021536396518247, 0.245945213956961, -2.6322487991412538, -1.6518506897466112, 0.2371929636550333
-0.3143912861155566, -0.20065330803577847, 0.24590440293760707, -2.6320091947759967, -1.6522072393967964, 0.23698504332773146
-0.31439580786090887, -0.20110742231716144, 0.24590445405793138, -2.631887873970472, -1.6524335701769823, 0.23690596668679875
-0.31438327277558425, -0.20160418884083964, 0.24597807198450444, -2.631856655823274, -1.6528290334458102, 0.23706902477264144
-0.31445129046306375, -0.2021793279584467, 0.2473748722323622, -2.6317250820706537, -1.652816842121057, 0.24037503420173267
-0.3144610462763772, -0.20268496280663206, 0.2510829778747164, -2.6314381717467423, -1.652851472742381, 0.2463925054222509
-0.31445172125080234, -0.2031977687781404, 0.25457918034648785, -2.6309517637086066, -1.6530491893756767, 0.2517002275354005
-0.3144423526041722, -0.20368230219057554, 0.2565223361838798, -2.6309487495424793, -1.6530309213256185, 0.25456810631033144
-0.31443183521512524, -0.20406621200531197, 0.2564992510748433, -2.6309385477072027, -1.652929766647437, 0.2543607763936762
-0.3144478046692466, -0.2044560895541306, 0.2565069201801262, -2.6309176129490366, -1.6528958317054396, 0.2544360337680265
-0.31448631715424924, -0.20491517096455286, 0.25655718789265947, -2.6309178147652306, -1.6530362242294903, 0.2545799769398605
-0.31450728691079005, -0.20537485703926575, 0.25658825897334064, -2.6309971895893547, -1.6530772659537012, 0.254650154539173
-0.3145131057824367, -0.20582580826268276, 0.2566000110571188, -2.630934951378059, -1.6531562053662816, 0.2546300704937901
-0.314538866676393, -0.20623911965372596, 0.25658279166235765, -2.631183189814506, -1.6527845966798782, 0.2544384513102349
-0.314560527583392, -0.20667515808048095, 0.2565978542903965, -2.6309940038219213, -1.653094464848962, 0.25443205421690024
-0.31456875628076403, -0.20710036555359088, 0.2566126438130215, -2.630939456677294, -1.6531831790609395, 0.25438211358805374
-0.31457253647290934, -0.20753284730675192, 0.2566203697864189, -2.630946291726993, -1.6531575922536252, 0.2542873379215579
-0.31458854979638345, -0.20797369553693018, 0.2566423206597228, -2.631089990458663, -1.653133675507771, 0.2543295072877679
-0.31459248459848305, -0.20841893162685887, 0.25668329388784616, -2.6310877483764816, -1.6533036749651495, 0.25435648486334916
-0.3145952310341153, -0.20877627620883368, 0.2566783411717699, -2.6308208783081644, -1.653335916025847, 0.25416001681000855
-0.31465372605227526, -0.20883180239652238, 0.25655221427305686, -2.63323370955134, -1.6510154657502303, 0.2556225031022609
-0.31490431263099783, -0.2082012370911498, 0.25618326080494896, -2.6429858266660333, -1.6426591422529873, 0.2576060794166067
-0.3153555335197315, -0.20677241284783326, 0.25713043776760747, -2.661913344864975, -1.6272949081613066, 0.2640120168823132
-0.31585568469318037, -0.20440775591213356, 0.258076342586876, 2.685486767645354, 1.602203091025741, -0.2743402824296952
-0.31632046991169477, -0.20129126489115962, 0.2584326507142886, 2.691556296020953, 1.5568839478068939, -0.28584136149709816
-0.3167247576886388, -0.1976290329679509, 0.25757400571119526, 2.6973526311989384, 1.5061869425785546, -0.29840753986213064
-0.3170534134929475, -0.19347890437708212, 0.2549997181110625, 2.7028843816642896, 1.4508247829333807, -0.3105537394866957
-0.31721591039836305, -0.18926376811585305, 0.2514587249671668, 2.7076781687595863, 1.396191207425623, -0.3231119352493725
-0.31716154825895165, -0.18490314754856824, 0.24752944730373938, 2.7112041644354954, 1.3413409246233101, -0.3364712773142237
-0.3170483091144256, -0.18064588732030307, 0.24417592226309104, 2.7134838863740676, 1.287661752365564, -0.35160334757361
-0.31696333778310043, -0.17722558478414133, 0.24175132405327285, 2.714572239766455, 1.2429914700517157, -0.3644809614298434
-0.3168166889873409, -0.17486307857066297, 0.2394941761177533, 2.7154504451772516, 1.2116291464933624, -0.37254637313319594
-0.31664964738359985, -0.17330591760687883, 0.2375662917404771, 2.716143908024225, 1.190291365176905, -0.3777187103324978
-0.3165622678289613, -0.17223392111235042, 0.23598480408171119, 2.716970909540397, 1.1748350658187783, -0.3813052921272407
-0.31648227999231704, -0.1714104193838978, 0.23489974736810346, 2.7174846433860056, 1.1615976716733178, -0.3852239895500166
-0.31640342827750656, -0.1710268644498744, 0.23476152636194725, 2.7172852897860076, 1.1508709007095843, -0.3898085381340556
-0.31639687888627116, -0.1712662508062494, 0.23449301084493115, 2.7165525378711552, 1.1468868993609103, -0.39254067315465235
-0.3161848802998944, -0.1722294744052813, 0.23428520130889902, 2.7157452310514065, 1.1516133812817781, -0.39257923867190764
-0.31577017032368965, -0.1743725292281388, 0.23260260614950534, 2.714218095302299, 1.1699250497238174, -0.38883578094861004
-0.3151519332952455, -0.17763214772837124, 0.22996963725794833, 2.7122641215672862, 1.2027157206578818, -0.3822182015831558
-0.31413533961076656, -0.18176595076517435, 0.22828959114096398, 2.708859353523901, 1.2488072185278012, -0.37496053445274713
-0.31287705812718053, -0.18653686193076371, 0.22966933529370856, 2.703025385410203, 1.303965278064529, -0.37143140863837004
-0.31142394259507233, -0.19180745120721798, 0.23376413154314046, 2.6947886415103026, 1.3653105911651533, -0.37058761519465655
-0.3097556908725164, -0.19721695747017545, 0.23793706432621348, 2.68518077685977, 1.4305324024517172, -0.3682089975921125
-0.30797894253607566, -0.2028687454181253, 0.2390813098392941, 2.674588257350093, 1.4994716697284607, -0.3618042057955957
-0.30610787438670856, -0.2087535866669703, 0.2368559748803908, 2.662035712167542, 1.5719570508931402, -0.3515588578275053
-0.3039275743688943, -0.21503803980681696, 0.23212834379804098, 2.6460204027422067, 1.6511523616832888, -0.3379263424105963
-0.3016306408843394, -0.221223860718944, 0.22762633499200205, -2.5930747413234645, -1.7068326395211706, 0.3216732058863916
-0.2991476423666289, -0.22742246887404807, 0.22483957932466175, -2.530232866145588, -1.7569299651008572, 0.3083485144755807
-0.29639685942241534, -0.23362534791933143, 0.2240423549912382, -2.4656783857181397, -1.8059863140802486, 0.2995151198951661
-0.2935152593074829, -0.23956589090912608, 0.22503912666876108, -2.4000888779418084, -1.8521867921048587, 0.2936800273771154
-0.29081218286320937, -0.24487903566985972, 0.22621337154470228, -2.3384705965321606, -1.8926837490002002, 0.2882378881847661
-0.2885154542504271, -0.24930101738064017, 0.22647516693666325, -2.287619029298014, -1.9246532235954714, 0.2826442730490727
-0.28676610069914765, -0.2527170778104559, 0.2260913090969684, -2.2496715862025174, -1.9479265878416143, 0.2786015289308134
-0.28562129583192586, -0.2550786238892274, 0.22509158429622994, -2.225100150501313, -1.9624764316360965, 0.27646396776561766
-0.28486229156749543, -0.25682635287347694, 0.22323138694843697, -2.2084310619448333, -1.9724423959110526, 0.2720318506165749
-0.2843265266338441, -0.2581084122686584, 0.22179216158398035, -2.1976920196662126, -1.9787546956224684, 0.26853072216011753
-0.28407103583335835, -0.2587772366953937, 0.22084549154989247, -2.192841204243465, -1.9811691785360261, 0.2669939719851707
-0.2839814311053888, -0.25872804931599475, 0.21974389905959762, -2.1933876314016536, -1.980234635867806, 0.2658196089285625
-0.28425656469803, -0.2580647670153815, 0.21814397445143213, -2.201414440435648, -1.9746619347636385, 0.2660921967631955
-0.2846085002995949, -0.2566475717997967, 0.21663235442440032, -2.2186815550095207, -1.9636239978353562, 0.269867324319423
-0.2852412803917617, -0.2547271459511178, 0.21560489907378172, -2.2421305428031886, -1.948444345885202, 0.2745806357238654
-0.28595241596988835, -0.2523977567323096, 0.21493690688529576, -2.2701373386676833, -1.930257876402879, 0.2801019088710822
-0.2868221425968832, -0.24967032593967406, 0.21477534807846982, -2.3017604447914732, -1.9088859382485275, 0.2873245785445516
-0.2878011738734989, -0.24659077782291736, 0.21606209545386024, -2.336258257762645, -1.884224468874563, 0.29801525539198764
-0.2888396100921974, -0.24330268911709388, 0.21730949427722923, -2.373434491092585, -1.8570711379102287, 0.30971437861427903
-0.289973253772365, -0.2397975553848653, 0.2182109858906495, -2.4128057063219686, -1.8276472535845787, 0.3211763610876998
-0.2911607408293833, -0.23615495002884745, 0.21872273721275598, -2.4532064072935365, -1.796527434034661, 0.33250270346022465
-0.2923467035050123, -0.23238502632862024, 0.2186947642455298, -2.495548507527686, -1.7628514510518667, 0.3430257893029828
-0.2936317655958679, -0.22840272924081606, 0.217938553722471, -2.540510279752139, -1.725321845300085, 0.35312028449798744
-0.2948688981640843, -0.22444874836415887, 0.2164501183529037, -2.5834789749579024, -1.6879128353370625, 0.361914020781564
-0.2960585860342296, -0.2204583670739358, 0.21463976956920425, -2.626395099812496, -1.649356661949274, 0.37091276079102026
-0.29715785219248636, -0.2164689910830582, 0.21381135347073627, -2.6680644325321654, -1.6097384628186115, 0.3811026806506895
-0.2981908176336773, -0.21254433385651683, 0.21326670652347035, 2.6857064129105654, 1.5562157491031585, -0.3887810647988333
-0.299089892869583, -0.20871969105880286, 0.21305949269859709, 2.6977425213271724, 1.5014075409043672, -0.39646758968909007
-0.299955695685967, -0.20489301756239642, 0.21342901354535582, 2.708321402223152, 1.4466209318639156, -0.40581010556719677
-0.3007541075427203, -0.2009787821542465, 0.21404825828011195, 2.717898112391056, 1.3922302378240525, -0.4155446896783427
-0.3013950607323318, -0.19723500248445006, 0.21460431342536831, 2.725636604703542, 1.3403768241190936, -0.4250695774828358
-0.3018987817982507, -0.19382581780479355, 0.21489839825030432, 2.731625748740432, 1.2934562305715749, -0.43382744903113285
-0.30222260404458023, -0.19126302529417866, 0.2147286599001198, 2.7349549230999326, 1.2557157094916587, -0.44087795118982376
-0.30242165637249185, -0.18962711706692423, 0.2143180899160282, 2.737169083578418, 1.229267010739661, -0.44439292588736723
-0.3025886398353898, -0.18870300336664672, 0.2139942488505922, 2.7388149139947355, 1.2120822864842888, -0.446954885518841
-0.30271108746749625, -0.1882547874757689, 0.21239797338046534, 2.7404084622299028, 1.2010041978079788, -0.4471436663116965
-0.3027504674172556, -0.18813441286538415, 0.21090062847539118, 2.741428527698686, 1.1937450681451351, -0.44707300699184543
-0.3027912968229157, -0.1881750852421588, 0.20976778775296462, 2.7422271008763266, 1.1893552087324482, -0.447401411451212
-0.30277895393883913, -0.1882442696051278, 0.20880431516131165, 2.7426969596337685, 1.187045200504732, -0.4479629831645502
-0.3027406150942208, -0.18849024898766248, 0.208067562071243, 2.7426844809941664, 1.1858407872598982, -0.44836009678517436
-0.3026956232602536, -0.18879102791114546, 0.20738900004871236, 2.7429003640887344, 1.184826344463189, -0.44824482733033805
-0.30265484551738353, -0.18910980929201024, 0.2068582942477048, 2.743026391882594, 1.18432401754319, -0.4480136573520454
-0.3026065595873583, -0.1894541336525087, 0.20675202380166222, 2.743067809190947, 1.184367062841151, -0.44766757090247855
-0.3025860734549707, -0.18981935039380918, 0.20665479473343035, 2.743328599968528, 1.1845321571664207, -0.4472997435919442
-0.3026180220263546, -0.19021039195695208, 0.20662659936946412, 2.7435662798841016, 1.184141053831601, -0.4471268378044952
-0.3026438745533417, -0.19064814163430968, 0.20661577429945557, 2.743643414485145, 1.1844705637865092, -0.44718219419302047
-0.30266663160363183, -0.19105105157729468, 0.20658442706118404, 2.74378302039896, 1.1847462095234018, -0.4470882854215314
-0.3026821636995978, -0.19148371478566795, 0.20659551685104033, 2.7438196479781434, 1.184803244883851, -0.4470472323958639
-0.30268041192739037, -0.19193074435197474, 0.2065856817174443, 2.743691397670137, 1.1850544226128752, -0.4469042420726712
-0.3027013725668311, -0.19237779078511558, 0.20655790628119639, 2.7439904982083605, 1.1849653662366146, -0.4469900658246233
-0.3026834137960478, -0.19285963000418804, 0.20656483649005414, 2.7436803256075986, 1.1853606290841276, -0.44680330234624227
-0.3026863586272453, -0.19326766600112885, 0.20654602502986902, 2.7438626600366147, 1.1853412041693625, -0.44675676406917936
-0.30267304359554587, -0.1937277251751699, 0.206547516031948, 2.74354747375553, 1.185641886164272, -0.44661971083912977
-0.3026898221426147, -0.19417351866208277, 0.20653984862274413, 2.7436416175512486, 1.1856383061593276, -0.4467066512649647
-0.3027172950479753, -0.1946415388746921, 0.20656313240604424, 2.7436537270062695, 1.1855692028986216, -0.446736461879609
-0.3027140412300117, -0.19507431888177476, 0.20650433218458233, 2.743530009876616, 1.1858349076547245, -0.44636927328101184
-0.302749989964221, -0.19553152516008204, 0.2065447430050797, 2.743412606661765, 1.1859870246917652, -0.4465001212352103
-0.30279151229220297, -0.1959459082911157, 0.2065118707453847, 2.743790198211546, 1.186103585952149, -0.4466258871233597
-0.30282036887130126, -0.1963978949710247, 0.20648073141714854, 2.7438966416517956, 1.1862192915289644, -0.44653968928238597
-0.3028348190738107, -0.1968704151953804, 0.20650679203935962, 2.743811509423739, 1.1863732614093816, -0.446661675970362
-0.30286539348560565, -0.1973072558347769, 0.20650913268996046, 2.7436233362496805, 1.1865663171877043, -0.4466677042208379
-0.3028824638051543, -0.19774096080054296, 0.20650948943830558, 2.743526747946887, 1.1866846957596706, -0.44652368665429554
-0.30291676028777736, -0.19819567473951794, 0.20653105129958058, 2.7435215031249056, 1.1869721726032036, -0.44679643639771305
-0.30292626387269156, -0.1986161149827288, 0.206543481560374, 2.7435603191427846, 1.1870647288383416, -0.4469407116100041
-0.30294325081748763, -0.19895619568624423, 0.20655025242486097, 2.743629079189851, 1.1870272244630473, -0.4469588314800734
-0.3029623622722252, -0.19896968177245014, 0.20657543938554981, 2.743721028314799, 1.186893662215838, -0.4471584181489631
-0.30294422683919875, -0.1989690845327018, 0.20653855589124753, 2.7436245203165566, 1.1870167924954704, -0.4468804797606263
-0.302952737797071, -0.19896887367344193, 0.20657094234380632, 2.743666940983168, 1.1869577256308688, -0.4471321590399545
-0.30294786691870307, -0.19897778514195963, 0.20655231516930914, 2.743694376791769, 1.1870592887694469, -0.44708487744226066
