-0.5419591009409063, -0.23738944015810579, 0.085005664188955, -1.6284398490373402, -2.592913245198951, 0.3533985318919613
-0.5419556109883942, -0.23739444880841565, 0.08500297001283981, -1.628380364902859, -2.5929517500586163, 0.353356292329959
-0.5419590592673736, -0.23739554663856072, 0.08500956993444933, -1.6283738316153222, -2.592905842143444, 0.35342896337602303
-0.5419556886306365, -0.23737990442548457, 0.08498717863573059, -1.6284457030030213, -2.5929261451033914, 0.35338872599281546
-0.5419578189736852, -0.2373754308282297, 0.08501136771937452, -1.6284876745253318, -2.5929318057225546, 0.3533902744266074
-0.5419551271992459, -0.2373699586411708, 0.08499560462163291, -1.6284730689689066, -2.592896967838068, 0.3533807907782581
-0.5419465444261556, -0.2373978259701603, 0.08498448407944979, -1.628421571710248, -2.5929515423852902, 0.35335058646409695
-0.5419549047395864, -0.23739392548836658, 0.08500537049719435, -1.6284135646381994, -2.592903622662142, 0.3534228358769733
-0.5419613073899335, -0.23738733492755215, 0.08499994445878317, -1.6284294056728326, -2.5928843741613483, 0.35337250317332414
-0.5419753611757597, -0.23737532690457383, 0.08501546898074291, -1.6284564563969728, -2.5928730435698846, 0.3534442828356748
-0.5419522807547484, -0.2373859811358511, 0.0849858508674871, -1.6284347966756871, -2.5929424724678056, 0.3533732912102132
-0.54203233244665, -0.23738211998555003, 0.08503657286697631, -1.6281699475670444, -2.59224067343415, 0.3528885977956808
-0.5421290541967195, -0.23739972275429563, 0.08516764911500464, -1.6280667213980236, -2.591813448041328, 0.3532765681159431
-0.5421907180666831, -0.23745353680127346, 0.08518349946102194, -1.628071196413051, -2.5918652784849523, 0.3534932733502085
-0.5422314875633627, -0.23747049234846068, 0.08524566011087395, -1.6279940222305744, -2.59171295225807, 0.3536119598651308
-0.5422273752426233, -0.23746173003007848, 0.08530270064058962, -1.6279491273245774, -2.591689064037739, 0.35377347219699107
-0.5422341783689029, -0.2374448260677972, 0.08531376064769873, -1.6279486571491861, -2.5916379819099893, 0.3537369811482016
-0.5422674982192683, -0.23746498430503024, 0.08527982039900943, -1.628083651327548, -2.5917268009331202, 0.3535553462656797
-0.5423528474902586, -0.23754331392949599, 0.08564919873459827, -1.627728722469216, -2.5913603338125006, 0.35508719721522003
-0.5424358812584286, -0.23761236879620196, 0.08663150809792229, -1.6265704857595387, -2.589720357102667, 0.35915360327481743
-0.5424256300152881, -0.2376576613800192, 0.08910559240451835, -1.6226927582489803, -2.584786966557644, 0.3703135522768964
-0.5422593405308225, -0.23782436005020027, 0.09139086248686742, -1.616487026201358, -2.5818576143330385, 0.3808803476490669
-0.542060022827555, -0.23810009312217031, 0.09397630780751237, -1.6076478300911026, -2.5794119846772556, 0.39281374057525714
-0.5418170152271711, -0.23837063188185348, 0.09700660063550756, -1.5964213301180914, -2.5769514664247133, 0.4060929231682621
-0.5414999557637132, -0.23878101040245467, 0.1001550664767926, -1.583048125437918, -2.575201267031647, 0.41995882696590575
-0.5411552745223406, -0.2391032579669414, 0.10329227534022964, -1.5687295472489005, -2.5738869953863164, 0.4337005659249566
-0.5407760355023757, -0.23955808864446151, 0.10632472841405322, -1.5539794692114672, -2.5730367550800057, 0.44733026201247267
-0.540344111568322, -0.23999333064684544, 0.10942499030714868, -1.5390932518473253, -2.5723178197916456, 0.4605730195424463
-0.5401751506894699, -0.24036658590689008, 0.11182910109545405, -1.529648597752037, -2.571277881628692, 0.47058918771308356
-0.5400015767156124, -0.24062102023539392, 0.11360611483838945, -1.5232950489789125, -2.5695707434125867, 0.4784656105806617
-0.5396841921994642, -0.2406064389518533, 0.11630064502173416, -1.514380155909874, -2.5651814975196023, 0.4904798195223468
-0.5393301801986154, -0.24059096994518353, 0.1196926540754241, -1.5051945399031113, -2.5587694115219617, 0.5051314880983052
-0.5390295720276086, -0.24055960161394646, 0.12399891174412161, -1.4953015399768004, -2.5505047809129957, 0.5231534321714223
-0.5387320091607506, -0.24066120368334643, 0.12798111622493935, -1.4861694672907162, -2.542560947948806, 0.539869592202854
-0.5385647799177655, -0.24069217212553565, 0.13141425285106476, -1.4789356363468542, -2.535165749313594, 0.5542824906665373
-0.5383751485347585, -0.24063400055343975, 0.13494530469075267, -1.471395207936376, -2.5273503076387165, 0.5684570353922554
-0.5381390840534193, -0.24061279407932729, 0.1388172885448092, -1.4634031045738554, -2.5187856300379727, 0.5843120640850464
-0.5378970254874585, -0.24063362097019317, 0.14248036075355908, -1.4552691516289307, -2.510468477444163, 0.5989631630312339
-0.5376981122308323, -0.24060199924977843, 0.1463263438191189, -1.4474329357615405, -2.5018521181360085, 0.6139701801474516
-0.5374878434619066, -0.24066405640222943, 0.15048087178995306, -1.4381423653973924, -2.492682630041358, 0.630828760325477
-0.5371869387914802, -0.2406464603578642, 0.15604556697851815, -1.4262882912508712, -2.4801676202977854, 0.6525277701890195
-0.536904309244611, -0.24066348426124753, 0.16227744745662254, -1.412519759331286, -2.465640220196217, 0.6766055012237943
-0.5366359718259852, -0.24070849705288905, 0.16727532892529345, -1.4013702724606087, -2.454067873725975, 0.6955590150774728
-0.5364241556752266, -0.24070229418062913, 0.17097442437813815, -1.3929279943581454, -2.4452297118533646, 0.7095846703523127
-0.5361917096080923, -0.2406850369967028, 0.17577581612306825, -1.3819844542179085, -2.4338327862500115, 0.7276637606223358
-0.5358248585235542, -0.24070477390702832, 0.1819368711784157, -1.3676050741033612, -2.4188854445552503, 0.7508866337942287
-0.5354148107796382, -0.2407079839579653, 0.18802894815302226, -1.352921401525837, -2.4040557049247004, 0.7734648971784732
-0.5351337454861007, -0.2407962926056232, 0.19230135899276618, -1.3424900100358426, -2.3932111613213176, 0.7894952252793416
-0.5348966685589576, -0.24077542890882467, 0.19592782798568195, -1.3337443881331161, -2.384269537855534, 0.8026243492558447
-0.5345709651877244, -0.24074152805313706, 0.20082473408973694, -1.3217353127150735, -2.3717435483695053, 0.82062007352483
-0.534143837595616, -0.24072630767251382, 0.20686279968122073, -1.3069816120280053, -2.356274264703575, 0.8423720825920822
-0.5337372222894738, -0.24074002843986494, 0.21225843205896167, -1.293430883246531, -2.342100960935715, 0.8618346022950428
-0.5333823255912167, -0.24075828763857476, 0.21704877793831942, -1.2810423114769633, -2.3292602404903624, 0.8792581764061744
-0.5331078762035331, -0.24068712769664802, 0.22070492138911735, -1.2723422856200064, -2.3191999491642763, 0.8920284377849996
-0.5328207735421614, -0.24062148707112702, 0.22459173095395357, -1.2629298551005461, -2.3082182671996594, 0.9058501083063731
-0.5325364501162447, -0.2404927511027085, 0.22879014749984006, -1.2532931005894912, -2.2958052131474056, 0.9210583429512977
-0.532178914172017, -0.24042524703590237, 0.23347180496250405, -1.2423236828270996, -2.2823221940768756, 0.9375041117584032
-0.5318378823943261, -0.24028963540090026, 0.23824236808095112, -1.230871290244958, -2.268022978414527, 0.9542469522696966
-0.5314392239766778, -0.24016363035866406, 0.24292486941864389, -1.2194751081512007, -2.2539763310224954, 0.9707511447689499
-0.5310521994521207, -0.24007741915805692, 0.24726240790073734, -1.2088472668440466, -2.2409423658940444, 0.9858657645155304
-0.5306684835798988, -0.23996332544296828, 0.2513370299610693, -1.1984804889878475, -2.2282696102592174, 1.0001410624970266
-0.5303167357427263, -0.23984296867704005, 0.2549080832739043, -1.1895357741341792, -2.2168083045060287, 1.0126973144412197
-0.5299330970976169, -0.23972670122438766, 0.25845361499128, -1.1806288941138239, -2.2055062523743194, 1.0252888454054792
-0.5295482908577805, -0.23958891864981702, 0.26175787845739085, -1.1721128032817452, -2.1946606898978978, 1.0370771572417286
-0.5291971299984622, -0.2394152685705597, 0.2649264732489411, -1.1641218197693166, -2.184120325240604, 1.0482419663011198
-0.5288591907623267, -0.2392671217590589, 0.26780963985282624, -1.1564417406198497, -2.174311525652584, 1.0586927966689808
-0.5285306783566622, -0.2392226929092559, 0.27050666732280015, -1.1491855820987276, -2.1653763725090416, 1.0683933818969094
-0.5281682720542213, -0.23913712705195583, 0.2732036745400711, -1.1416424496990691, -2.1562950116838064, 1.0781071329569865
-0.5278296443602176, -0.23898065607148528, 0.275879850063905, -1.1344647141923228, -2.146870444600848, 1.0875989557680041
-0.5274772470895639, -0.2388539295075256, 0.27875326436703574, -1.127584051597074, -2.1365290615169648, 1.0977401735450527
-0.5271150682789792, -0.23866500593166118, 0.28191614484339056, -1.1200573183054774, -2.1248402874994583, 1.1087744467932683
-0.5267376827764618, -0.23853093765834807, 0.2849885863860829, -1.112661434283895, -2.1136010136394594, 1.119461767375707
-0.5263883665142779, -0.23829608366761668, 0.28808569436260895, -1.1055743937866205, -2.101617378775052, 1.1304432760926992
-0.5259547439994491, -0.2381353396126203, 0.2912724140364727, -1.0973427004782832, -2.090009321035193, 1.1417625984941555
-0.5255812651738891, -0.23795738495397278, 0.293551884483584, -1.0906334632928736, -2.0812852323389515, 1.1500890817480824
-0.525246166807615, -0.23784524490902334, 0.2953654531677377, -1.0852928460613216, -2.0740206602972835, 1.1569871371452578
-0.5248614875820959, -0.23762966387128973, 0.2972669566783423, -1.0795240245242224, -2.0653355123333506, 1.164774751302985
-0.5244018469547778, -0.2373245700035873, 0.29895010361248586, -1.0747557039646025, -2.0566732041575686, 1.1724562843165232
-0.524093691154365, -0.2371132986522751, 0.29986415235392966, -1.0723985522073487, -2.050563737642345, 1.1776206405834775
-0.5237996126750087, -0.236953817880997, 0.3004030279360931, -1.0702836068506811, -2.045985883638291, 1.1815945329615403
-0.5234201315716882, -0.23661024777352385, 0.3001149643145965, -1.0705380971622294, -2.043012010647517, 1.1831954655132153
-0.5231159402108922, -0.23626727002673117, 0.2995061262431558, -1.072494964912498, -2.041566973684659, 1.183205353400458
-0.5228050518828963, -0.23594602841399748, 0.29823501104564887, -1.0767328203822806, -2.041710237621225, 1.1816234190732338
-0.5226138734041383, -0.23572204976433453, 0.2968082265262101, -1.08109128194472, -2.0431647628415415, 1.179290364450401
-0.522430065679055, -0.23550946940731235, 0.2948524849898091, -1.087232030195317, -2.046092585887223, 1.1751584873808942
-0.5222821474532487, -0.23531973854166227, 0.29323209667374406, -1.0925246554243135, -2.0483581263279356, 1.1718362249644338
-0.5222059690833641, -0.23512949728796073, 0.29166129872736735, -1.0969045424713542, -2.0507319506081463, 1.1685830129434611
-0.5221012143509205, -0.23485357887517952, 0.28946137579457054, -1.1036610586647502, -2.0539112348686777, 1.1637248641047209
-0.5219553395915371, -0.2346421963559309, 0.2878074395658492, -1.1086402249780802, -2.056288604922033, 1.1603222026754954
-0.5219124417132844, -0.23444472868746544, 0.2862278114361083, -1.113156673370765, -2.0586138643855847, 1.1570947189500895
-0.5217757759165421, -0.23413027712510726, 0.2841418937428221, -1.1195721718997438, -2.061484807626112, 1.152382705045868
-0.5216282473476903, -0.23380714944202166, 0.28243659570203195, -1.1251093403894707, -2.063716444697825, 1.1485406439823624
-0.5215489316425966, -0.2336593604018866, 0.28115553607576205, -1.1287561473945391, -2.0656695328258188, 1.145889636160699
-0.521429444149952, -0.2333414352871385, 0.27937473444144423, -1.1343006249070424, -2.0679349687373105, 1.141910306930776
-0.5212275023912524, -0.2330485971391857, 0.27747056745930726, -1.1400350655084126, -2.070706055381378, 1.137985903751003
-0.5211806810997883, -0.2328367217177612, 0.276299309275656, -1.1436360443616613, -2.0722486354184566, 1.1353526337991415
-0.5210576506699945, -0.23255248136974746, 0.2744821739235326, -1.149007501644516, -2.0744577923183907, 1.1316650925446607
-0.5208621175438897, -0.2322389696042913, 0.27247685318131, -1.154863834820615, -2.0772035884175355, 1.127077213568773
-0.5207634096955497, -0.23204854557920346, 0.27123577526095627, -1.15886344426635, -2.078789166089832, 1.124457395854664
-0.5206612631023395, -0.23178105990244355, 0.2696452222377593, -1.1634141805880212, -2.0809279637371367, 1.1209879150216486
-0.5204769981470571, -0.23149141941618928, 0.2678096322297554, -1.1689291349384536, -2.083310464517942, 1.1168401237884775
-0.5203645433904496, -0.23124288719499825, 0.2658057239260106, -1.1749298330843803, -2.0869206149353063, 1.1118101556176883
-0.5203416628897009, -0.23108181929904506, 0.26444372088796364, -1.1790627192583354, -2.0894553782242262, 1.1081863755144776
-0.5203226773946161, -0.23082882341269934, 0.2623560373591682, -1.1849222124433887, -2.0934388529159844, 1.1025761291340999
-0.5202658734601915, -0.2305940706868932, 0.26055293283814096, -1.1903642429074832, -2.0970095206959107, 1.097462172115554
-0.520309972807004, -0.23042621882306497, 0.25914188912168135, -1.1945099348690125, -2.0994981787568134, 1.093563370655488
-0.5202283683427982, -0.23010774814984195, 0.2576816724807228, -1.198945475877014, -2.101408374832242, 1.0899403925319184
-0.5200532186361393, -0.22985545936819657, 0.2566187631172683, -1.202480902194382, -2.1025198892633092, 1.0876339473614458
-0.5199795421867197, -0.22962534930216233, 0.25531275689002914, -1.2060083024122161, -2.1039791576289195, 1.084853019255638
-0.5198141999663406, -0.22938759728541472, 0.25404422718826797, -1.2096272848042005, -2.1056686167702847, 1.0819016266164383
-0.5197157070398966, -0.22916412971728956, 0.2533109740594534, -1.211815425408793, -2.106391535416424, 1.0802550515167975
-0.5194571842657273, -0.22873773460569058, 0.2528055625887248, -1.2134535365082586, -2.105070293000809, 1.0804375602756753
-0.5192557562485867, -0.22826159530364226, 0.25260131583425816, -1.2146190044467575, -2.10235896569672, 1.0813137005781446
-0.5190448033408047, -0.2280642415601601, 0.2526215469371916, -1.21418630368288, -2.100318739658635, 1.0828677216111746
-0.5188457325090716, -0.22780752768744433, 0.25273893817359805, -1.2141323557595498, -2.097158446082381, 1.0852597141859572
-0.5186373846904457, -0.22757890301687242, 0.2529207041913013, -1.213790710083483, -2.093809949179078, 1.0878769059417541
-0.5184288641402102, -0.227369843297109, 0.2530830881875355, -1.2132147095964216, -2.091127778100398, 1.090001884790124
-0.5181827963978513, -0.22707884871249676, 0.2531594050882618, -1.2127545142056106, -2.087980648563785, 1.0922491166224713
-0.5179648883757515, -0.2268259956912836, 0.25319642509325996, -1.2132259257377094, -2.085043384737724, 1.0942555138090595
-0.5177925919763898, -0.2266465453485106, 0.2530690850838063, -1.2135559772145346, -2.0835789348708142, 1.0951208194260358
-0.5176256458378785, -0.22651367595350358, 0.252726938067974, -1.2141734417814727, -2.0835693797191857, 1.0948920755799119
-0.5175586647773006, -0.22646647787247826, 0.25220711079320945, -1.2156037124564874, -2.084372436551747, 1.0937206016684193
-0.5174551242095001, -0.22639268186447245, 0.2515924042526006, -1.2174063904619536, -2.085210584419789, 1.0924840395849487
-0.5174103964952993, -0.22636084332567347, 0.2503532345993625, -1.2203061494845568, -2.0871618682307673, 1.0898970041112581
-0.5172886775680859, -0.22621781223030613, 0.24920678250322387, -1.2228489560109612, -2.088670427103741, 1.0870304597722371
-0.5171091857003285, -0.22606023999096053, 0.24786695874320125, -1.2266938991015603, -2.0903694551607424, 1.0840635411504795
-0.5169188353232832, -0.22588670200165206, 0.24656079795455674, -1.2304633473411948, -2.0919671244994933, 1.081186252628545
-0.5167331338107302, -0.22572802208195733, 0.2452839281403897, -1.2340707466636913, -2.0937575450891184, 1.0785001817010829
-0.5165518646562148, -0.22548649527420944, 0.2440733942524295, -1.2381698248589796, -2.09484438955255, 1.0760254514251049
-0.516234503342427, -0.22515175037206744, 0.24266662046949522, -1.2417079231271715, -2.095350056728234, 1.0732665647126676
-0.5161026021008637, -0.22487422366391535, 0.24196099226029733, -1.2436315036803827, -2.0954557942519387, 1.071791408134799
-0.5160041552291178, -0.22467618111838186, 0.24102011185630962, -1.2462908026012531, -2.096563357138696, 1.0696863047704963
-0.5158983808054941, -0.2244331515330264, 0.2399218989781587, -1.2486994194418137, -2.0978478012989, 1.0671625689452826
-0.5158309174849375, -0.2243448571938654, 0.2393891063105884, -1.2503545846950608, -2.098469049578041, 1.066026464319789
-0.515753028260862, -0.22419379609603896, 0.23859117590703427, -1.252708557751783, -2.0991601738141394, 1.0638868950687075
-0.5156888699840305, -0.22396325186264648, 0.23771941448927997, -1.2547691419321307, -2.100333158335019, 1.0613281622258859
-0.515655868433309, -0.223844641304884, 0.237229982433488, -1.2558615567131595, -2.1009701060235453, 1.0602386601230542
-0.515665533990747, -0.22369563109159865, 0.23657502053032906, -1.2581270402859543, -2.101498478254634, 1.0587288629319556
-0.5155587738353391, -0.22357883610041868, 0.23577099323059794, -1.2605004270587952, -2.1026546908190578, 1.0566711291243291
-0.515449386665628, -0.2234584497567433, 0.23512813039556182, -1.2615085139442967, -2.1037186395527376, 1.0550795785499099
-0.5153847583814375, -0.2234004280248555, 0.2344660598012301, -1.2629553023261004, -2.104448659418615, 1.0535223382447303
-0.5153660474156347, -0.22333850853775913, 0.23394983896166668, -1.2644684384445712, -2.104914436859388, 1.0522785250341302
-0.5153000753429617, -0.2232709209600461, 0.23339126838210542, -1.2659725429502802, -2.105584828254855, 1.0510130695420394
-0.5153094962930169, -0.22318509159949215, 0.23268259275102693, -1.2679652400191987, -2.1064362515497663, 1.0491893396438312
-0.515232069312499, -0.2229751563551065, 0.23196719967995444, -1.2696652300318685, -2.1073469119566877, 1.0473517407072728
-0.5152588413184905, -0.22268005935341734, 0.23150459678577875, -1.271704302775166, -2.107160892092313, 1.045962935919554
-0.5151983790540647, -0.22254691675859756, 0.23090985007085083, -1.273261721922278, -2.107676318562921, 1.0446508001097106
-0.5151158304696771, -0.22247290706113831, 0.2301086256834456, -1.2752507203575105, -2.109014645898963, 1.042650108615289
