-0.3520159036235787, -0.2484012960202188, -0.06550133922834597, 1.8673826409332854, 2.498807544339717, -0.005557827597293559
-0.35199371074362196, -0.24838802526861775, -0.06552456568835296, 1.8674264386468256, 2.498738803101586, -0.00542882898787113
-0.3520149413956822, -0.24837976202030546, -0.06551208741555128, 1.8674786658505074, 2.4987161539876053, -0.005465370004726086
-0.35200746961781026, -0.24837615533794258, -0.06553591431140723, 1.867508399895509, 2.498660772749741, -0.005392284422471624
-0.35198970197047036, -0.24838835941450219, -0.06553075151352472, 1.867418163688339, 2.498757977741285, -0.005389503829790983
-0.35199880237535347, -0.24837842099300675, -0.0655208004486476, 1.867418197084365, 2.4987907285090265, -0.005444777571729197
-0.3520042251437652, -0.2483951725984019, -0.06551994797907769, 1.867456330917879, 2.498747956330833, -0.005462836463856841
-0.352009854315305, -0.24839405823462454, -0.0655115301473706, 1.8674425707591193, 2.4987631327999087, -0.0055565894713264065
-0.35200489007900193, -0.24840101856209185, -0.06551368589199758, 1.8674789776255185, 2.4987476303641274, -0.005498813116276029
-0.3520028377271057, -0.24839876355327092, -0.06550379304998448, 1.8674435013833495, 2.4987333639433076, -0.005577811842491915
-0.35200034359994686, -0.24837515184134087, -0.06552479439722873, 1.8674559152327819, 2.498747761972328, -0.00544508006739471
-0.35200489641271276, -0.24837530660422255, -0.06552073385439004, 1.8674699373704866, 2.498765930115275, -0.0054243811293348924
-0.35200431120008785, -0.24838232945002445, -0.06551079804863782, 1.8674554809427095, 2.4987783734797326, -0.005461301208421478
-0.3520034710141565, -0.2483969223807112, -0.0655099251547999, 1.8674049129890233, 2.4987742236210653, -0.005520771412791279
-0.35199681184485554, -0.24838138068836413, -0.06552578366591817, 1.8674182880703496, 2.498758818897685, -0.005408891363783281
-0.35200603554746546, -0.248379483394959, -0.06551713115017156, 1.867471930492023, 2.498707671723147, -0.005485855660075879
-0.3519990397777, -0.2483582894216742, -0.06552658019103808, 1.8674846046591587, 2.498722501162669, -0.005371283353647705
-0.35198986085893846, -0.2483758076982251, -0.06552040079380578, 1.8674260381142533, 2.498738144311623, -0.0054103197158607615
-0.35202063668074146, -0.24840928749383914, -0.06549791094514641, 1.8674274797719768, 2.4988055832156033, -0.005591579599275697
-0.35200031780913255, -0.2483907828033608, -0.06552111605394481, 1.8674646423247148, 2.4986970000496482, -0.0054662667120415455
-0.35201218749345314, -0.24841226532602778, -0.06549907105541944, 1.8673982361779715, 2.4987976824519773, -0.005593901265966091
-0.3520114479991435, -0.2483806372989343, -0.06551223223955419, 1.8675012404542446, 2.4987153055913613, -0.00548238762337973
-0.35200098764731, -0.24838388486965068, -0.06552721794788453, 1.8674341120349558, 2.4987181251619264, -0.005429980181343515
-0.35200228321847693, -0.24839550907808566, -0.0655148931797321, 1.8674346003444546, 2.4987511534247204, -0.00550179539228715
-0.3519946808064647, -0.2483968970649295, -0.0655183017545953, 1.8673818232175612, 2.498772846450188, -0.005446867168091476
-0.35201112449029365, -0.24839830083935954, -0.06551237049916456, 1.8674195806574376, 2.4987622362142674, -0.005502805578468203
-0.3520095769648661, -0.24839115618428498, -0.0655188526715243, 1.8674486587182844, 2.4987695794416283, -0.005480745961002099
-0.3520132922748674, -0.2483957563679423, -0.06550633327021865, 1.8674131684641322, 2.4987551055585864, -0.0055601377437540815
-0.35201696608344574, -0.24839483666370582, -0.06552017292813865, 1.8674564542065453, 2.4987488234216357, -0.005482223648272536
-0.35201136340399075, -0.24838051235369182, -0.0655160662489823, 1.867456345126857, 2.4987490670354333, -0.005482998180058725
-0.35200522916748245, -0.24839395960703978, -0.06550605243535823, 1.8674575769835409, 2.4987198331650364, -0.005521628536137761
-0.35199681184485554, -0.24838138068836413, -0.06552578366591817, 1.8674182880703496, 2.498758818897685, -0.005408891363783281
-0.3520152497778624, -0.2483877499224324, -0.0655124741348102, 1.8674795842788545, 2.4987184724853377, -0.0055213458289938904
-0.35200656370477096, -0.24839793084497977, -0.06551364722488333, 1.8674717904671374, 2.4987382038353694, -0.005500487262864275
-0.3519930882842885, -0.2483949796808621, -0.06551826512589892, 1.8674120364686022, 2.498751368807395, -0.005466480244956261
-0.35199861741450456, -0.24837847462734675, -0.06552171228794235, 1.8674409757863206, 2.498726916646343, -0.005410906228466311
-0.3520094442213712, -0.2483912964997279, -0.06551577907492773, 1.8674714684866318, 2.498705630062448, -0.0054472540685369854
-0.3520069279989508, -0.24840102726240743, -0.06551753733497445, 1.8674193970359503, 2.4987614565255014, -0.005483088084329946
-0.35200745451016424, -0.2484042738499503, -0.06550249920387541, 1.8673982654687236, 2.498766034358833, -0.0055595296866210306
-0.35200857289756293, -0.2484029154876858, -0.06551020604269271, 1.8673606276176693, 2.4988093502587643, -0.00555886675529338
-0.35199857247804406, -0.248393734326214, -0.06552498917511976, 1.8674270055797266, 2.4987402827745187, -0.0054651902744079
-0.35200702150846086, -0.24839608768465826, -0.06550973537816024, 1.8674573483419143, 2.4987190709334226, -0.005503447165299264
-0.35202362163220463, -0.24838504360434713, -0.06551949846559996, 1.867515375278926, 2.498669722407859, -0.005391121344659488
-0.3520971600078117, -0.24840829759928548, -0.0654135224969047, 1.8676152700942659, 2.498640910408199, -0.005221743940321475
-0.3522550384833114, -0.24851153329203696, -0.06510843107609507, 1.8675421716400236, 2.498699387550976, -0.005527764207039333
-0.3524395479532092, -0.24862343892381772, -0.0647800864695208, 1.8674374996129548, 2.4988930065376356, -0.005431907171032651
-0.3526723582958632, -0.24874411345849795, -0.064356391783884, 1.8672052895251179, 2.4990985623103037, -0.005254890581333798
-0.3530094918728213, -0.24895957254095796, -0.0637589844842943, 1.8672341705927051, 2.499163941894156, -0.005671100603715792
-0.35333830079146855, -0.2491269761664148, -0.06311910554304068, 1.8671045289632102, 2.499534022572627, -0.0053999075334145935
-0.3537506802052684, -0.24940425354974322, -0.062353756084719554, 1.8666041693917144, 2.4999100198611006, -0.005495876211521533
-0.35419202420075424, -0.24962406110654328, -0.06155326012993826, 1.8665438802818421, 2.5001502218192355, -0.0053098141032321515
-0.3547299312314905, -0.2499452464777031, -0.06055315809170096, 1.8661580599992904, 2.5006800221895156, -0.005575115613204437
-0.3553342571003632, -0.2502976490604607, -0.05945591826416099, 1.8659858144149948, 2.501084819997544, -0.005724514591571528
-0.355929701367773, -0.2506610180325173, -0.05832763833729283, 1.86547086882515, 2.5015534294860817, -0.005426229521638475
-0.3565947675569102, -0.25100563347187393, -0.0571270867097746, 1.8651468490451815, 2.5020883621688053, -0.0051676412305967645
-0.3573623367413713, -0.2514784994514898, -0.05569494768251613, 1.8647553500065333, 2.50272199314506, -0.005147073476267211
-0.3581547633943026, -0.2519299468550612, -0.05418862574429646, 1.8642810012518565, 2.5032201435891626, -0.005374787036522569
-0.35900121322422396, -0.25242498027099264, -0.0526507829127728, 1.8636691425345242, 2.5041151165498534, -0.005068455908803604
-0.359911551037547, -0.2529460379951718, -0.051024585312414446, 1.863175222214175, 2.5047971049780533, -0.004983454876027571
-0.36083760414446325, -0.25348856782300305, -0.04921944323853088, 1.8625714371403457, 2.5054657092245507, -0.005393958447340309
-0.3617327305879834, -0.253982618083546, -0.047587864820543224, 1.8619915381965382, 2.5063116638014162, -0.004997151262230262
-0.36264761491325587, -0.2545338846823821, -0.04593345045341168, 1.8615847782910142, 2.506926309331853, -0.004906178036587674
-0.36357504163447235, -0.25506840872615644, -0.0441918328852166, 1.8610804311722113, 2.507694473822128, -0.004957873366046183
-0.36450459225784465, -0.2555951429910607, -0.04250263469865514, 1.860476391588301, 2.508580227684052, -0.004949807239798699
-0.3653975644012496, -0.2561246300878499, -0.040847221542119186, 1.8599877361109245, 2.50905604499774, -0.004783735200780416
-0.3664115088358427, -0.25671027719264033, -0.03898171116586271, 1.8594532014929963, 2.509886504101684, -0.005282708598577117
-0.3673230916639224, -0.2572386760748818, -0.03731051341273459, 1.8587511911365386, 2.5107978461617173, -0.005031670414847219
-0.36823562857202974, -0.2577548990322175, -0.03563771312679461, 1.8584538394308125, 2.511347551154982, -0.004969657962172473
-0.36914311797801774, -0.25824515432157436, -0.03399463091902161, 1.8578988462112216, 2.512175248900736, -0.004639210529005745
-0.37009096614171216, -0.2588079176748829, -0.03221722766684347, 1.8573295756422734, 2.51293074876575, -0.004916561862714851
-0.37098832941476545, -0.2593310186025931, -0.03054707395099656, 1.8565979085954993, 2.513619657424351, -0.004821018107618181
-0.3718628113559535, -0.25983525464551543, -0.028932196639608117, 1.8561131112958074, 2.514325417907591, -0.004360101128757677
-0.37279152983940905, -0.26033024764702245, -0.027174082298990314, 1.8558371219044463, 2.515039496039522, -0.00455634766220142
-0.3737383916785411, -0.26091947055983233, -0.025445010400540875, 1.8549760744240906, 2.51584332724314, -0.004776725208006878
-0.37463998205231674, -0.26142969870633664, -0.023803694660228754, 1.8543126317119665, 2.516753511238478, -0.004514130104280249
-0.37555398340732415, -0.26195891057602666, -0.022138141375454556, 1.8540906845146061, 2.5171600513744044, -0.0042845127269176084
-0.37650001985710074, -0.26251015676137984, -0.02029558796642844, 1.853460600336284, 2.5179657851299337, -0.004463015937297321
-0.377459902570369, -0.2630431824870314, -0.018612661199995766, 1.8529207001538224, 2.518924331137646, -0.004498678376012236
-0.378355157534666, -0.26360777873322394, -0.0169443180191729, 1.8523308209300047, 2.519436003162067, -0.004459322709732531
-0.3792887162729307, -0.2641005470086556, -0.015262734870689784, 1.8518862711009394, 2.520209452493932, -0.004355860743350534
-0.38020386810979745, -0.26466938959775177, -0.013503406784603392, 1.8511509845631873, 2.5210674558361483, -0.0045516458370727314
-0.3811255164432231, -0.26520484780922354, -0.01183804389476642, 1.850710904445063, 2.521625360151003, -0.0044171789680317415
-0.38204379951719086, -0.2657469657555676, -0.010157989869960103, 1.85018390548993, 2.5224183747105187, -0.00437059468251194
-0.3829553113498043, -0.2662222127454025, -0.008511765448848047, 1.8495680567373238, 2.52330921505429, -0.004153260561279486
-0.38390196475051613, -0.26681688567713974, -0.006681807943205782, 1.8488990315331237, 2.524009864954562, -0.004697751460318259
-0.3848169251841294, -0.26733790223576065, -0.005029008833201169, 1.8483934327003988, 2.5247363252382096, -0.004391941356171844
-0.38573746996180197, -0.2678354568082544, -0.003339262814889943, 1.8480624994312183, 2.525326167636059, -0.004351366592516603
-0.3866071565533856, -0.268344144714129, -0.0017423800409383863, 1.8470856391515484, 2.526328296592375, -0.003903791910056253
-0.38757716493955396, -0.2688660549373399, 7.131868669130181e-06, 1.846985581910011, 2.5268226843481334, -0.004058414320276801
-0.38852681692965335, -0.2694376433951737, 0.0017993831057977125, 1.846520835067618, 2.5275822833797537, -0.004210757668408131
-0.3894254646926613, -0.2699224248155336, 0.0034722752852069105, 1.8458708602524367, 2.5282761253654837, -0.004054915443155475
-0.3903554530050567, -0.2704777179811896, 0.005161033951971386, 1.845351922728582, 2.5289905991553807, -0.0038772921033021802
-0.3912667284909553, -0.2710103059564521, 0.006814956991394186, 1.8449556697249092, 2.5296232619689856, -0.0037735323273391796
-0.3921688781550766, -0.2715409656785863, 0.00853891376365995, 1.8441261704588314, 2.5305209048307375, -0.0037922347104580776
-0.3931371701257641, -0.2721141211505062, 0.010309775569940761, 1.843743340276033, 2.531239624364353, -0.00414539288379964
-0.39404126766830605, -0.27263793757767774, 0.011955245262772175, 1.8432503169107834, 2.5318981231175393, -0.0038770360143562366
-0.39492883376113624, -0.2731954406787003, 0.013667566476061627, 1.8422819588820867, 2.5327995738846956, -0.0038132236298192923
-0.3958236863377792, -0.2736737818496207, 0.015264375975955861, 1.8419565162103912, 2.5334684108128385, -0.003504130867044538
-0.3967793116388875, -0.274219935027895, 0.017048203808967127, 1.8413391562974246, 2.5343757425301425, -0.0037202941963774775
-0.397698245902764, -0.27475694992208644, 0.018772396364013545, 1.840826587761585, 2.535017440680495, -0.003963152240267133
-0.39860535100332506, -0.27523649429947517, 0.020409502936373794, 1.8404680940273304, 2.5356427977269753, -0.0035855675629468567
-0.3995455370574815, -0.2757994709675191, 0.022111348851508165, 1.8397911376347433, 2.536437368641301, -0.0035383716624141355
-0.40042681216500564, -0.2763141040530288, 0.02376584563346118, 1.8392167775892936, 2.5370881617164236, -0.0033684354295898922
-0.4013793584816415, -0.2768416244165795, 0.0255274022868967, 1.8386555891828043, 2.5379176770678327, -0.003340843439212493
-0.4023810376282161, -0.2774102023561914, 0.027323761888931576, 1.8382031483752237, 2.538773357181238, -0.0038053001566159326
-0.4032771934245041, -0.2779401240384439, 0.028996375452424658, 1.8375325974007248, 2.539422746030599, -0.0036821586536702196
-0.404155338549382, -0.2784650810508162, 0.030653516214447597, 1.837156304524717, 2.5399971485095874, -0.0034412022101954353
-0.40511015443520565, -0.2789983736875797, 0.03237594836126078, 1.836622049964261, 2.5407086686464795, -0.0036127519710393266
-0.40602160922050284, -0.2795318153566003, 0.034035319409300456, 1.8359164538345634, 2.5415666016238436, -0.0033836639969052015
-0.40695498082551107, -0.28005410891374516, 0.035738146324616936, 1.8353028774799778, 2.542425493836553, -0.003406626628907851
-0.40785277256909114, -0.28060900672364475, 0.03746875702938053, 1.8347876767711426, 2.5430384618769053, -0.003475133309578205
-0.4087808382313275, -0.28109909149485995, 0.03915596607893565, 1.8341938419717738, 2.5437651896988696, -0.003498443484729507
-0.4097015262679072, -0.2816613731221874, 0.04085444286642126, 1.833580754863743, 2.5445645327646997, -0.0033769689957322433
-0.41064074521278976, -0.2822253183619012, 0.04263303665323593, 1.833050204423302, 2.5452220645860146, -0.0034966319118802523
-0.41154724098978357, -0.2827174756794026, 0.04426569929342661, 1.832420641624283, 2.5461585169904386, -0.003124831714463286
-0.4124148708278511, -0.2832088743077062, 0.04582676052630938, 1.8320659875328253, 2.5467061554783292, -0.002897934931953033
-0.4132450706368383, -0.2836979104662407, 0.04738494340743952, 1.8314780152623724, 2.547316842825585, -0.002952364818426336
-0.41403282940350883, -0.2841862188193328, 0.04885663467481055, 1.8309497281146037, 2.5480744074318875, -0.0030868872742478856
-0.4147328580839649, -0.28455769724090424, 0.050130726037744204, 1.830529018557599, 2.548498652428864, -0.002979749605863164
-0.4153847027982883, -0.28493375047097624, 0.051348969998193404, 1.8302177563493034, 2.549039765826069, -0.003160512521777716
-0.4160604278727014, -0.285355373709937, 0.05254459522689283, 1.8300723024126124, 2.5495252238467843, -0.003651837189357702
-0.41660292130827137, -0.28565636101492675, 0.05355207280393909, 1.829626885017436, 2.5499766525877114, -0.0035421758016942785
-0.4170834653221792, -0.28591098481649296, 0.05442217639825965, 1.829117624772318, 2.550466719428691, -0.0036011693155622434
-0.41750084946603266, -0.286148068639896, 0.05520299328012342, 1.8291384531580903, 2.550698056208393, -0.0032395662248355427
-0.417871467250857, -0.2863436635426748, 0.05589403220592078, 1.8287011920285117, 2.5511265791433266, -0.00314831031314021
-0.4182355799573919, -0.28659071688070875, 0.056579400809287084, 1.8285502333198165, 2.5513735350716917, -0.003696166207098037
-0.41845102699098263, -0.28670764562044676, 0.05698033942873963, 1.8284938443915528, 2.5514618416868022, -0.0030268582202319576
-0.41869304157777, -0.2868417372212493, 0.057412685371956616, 1.8284601763544135, 2.5515788115331874, -0.003201700319802048
-0.4188426842070173, -0.2869074862003188, 0.0576937715947015, 1.828322995541264, 2.5517142958959735, -0.0030841233362338427
-0.4189552575043589, -0.28696243330693544, 0.05789133807222795, 1.8282958530426043, 2.5518065823541956, -0.0029962047966810893
-0.41897909278413575, -0.2869973694199999, 0.057960604652988204, 1.8279053947893074, 2.5520699821482618, -0.0028659213550368333
-0.4190161528004857, -0.2869998854530018, 0.05800512929367212, 1.8280706169267587, 2.5519788778317394, -0.00299478969197224
-0.4190172265008667, -0.2869675698523565, 0.0579900715387098, 1.8281477910680086, 2.551957937642753, -0.002894405508543307
-0.4190373605118186, -0.28694258558025715, 0.05798388918266474, 1.8282188588958483, 2.552022154241229, -0.0028547183481923625
-0.41905389330807336, -0.2869366837814069, 0.057998722543558166, 1.8283058948945994, 2.5519507721732273, -0.002914464112773495
-0.4190811195876055, -0.2869086226803877, 0.05799119905555812, 1.828413423133767, 2.5519071238053206, -0.002945773282603752
-0.4190919105022425, -0.28691905566174314, 0.05801603657936083, 1.828366840098564, 2.551906055633537, -0.003047080210751991
-0.4190904781530454, -0.2868864638569637, 0.05800049400990543, 1.8284191633459699, 2.5518822355005826, -0.002892166756062754
-0.4191206836910234, -0.2868664270716958, 0.058010634311512745, 1.8285315667050426, 2.5518135522422107, -0.0030050300719405643
-0.4191118907689509, -0.2868596934592737, 0.0579926081206449, 1.8285457848225333, 2.5517690400454707, -0.002820637533255374
-0.4191377876339818, -0.28682150045052746, 0.05800351091779895, 1.8286675261400922, 2.5517128741780235, -0.002834994176024546
-0.41913273335322954, -0.2867965299172691, 0.05798571690200002, 1.828676356744369, 2.5516936365397815, -0.002571419234060907
-0.41914178774630345, -0.2867726658771823, 0.05797440639064168, 1.8287554578840444, 2.5516746344390397, -0.0025081962407667554
-0.41916184662660894, -0.2867557115073562, 0.05796999067638752, 1.8287717239716057, 2.5516319087094974, -0.002494950912778617
-0.41917389967458374, -0.2867399056922409, 0.05798093508905345, 1.8288889410757825, 2.5515702846185566, -0.002566540917117031
-0.41918307358157636, -0.28672366997934146, 0.05798066229586005, 1.8289166957124794, 2.5515444190975964, -0.002511023696773949
-0.4191912870968542, -0.2867001531477258, 0.057958695280719626, 1.8289674897722756, 2.5514860282708316, -0.0024394368657381085
-0.41921511872605544, -0.28667093505544766, 0.05797839687693785, 1.8290831262069012, 2.551421288663626, -0.0024741344090691937
-0.4192367396393374, -0.2866452920868127, 0.05796970306711546, 1.8291115458786398, 2.551426428385742, -0.0024320897665797594
-0.41924987204198094, -0.28662573994077445, 0.05796409084421043, 1.829101374895438, 2.5513800303556393, -0.0024795130616921688
-0.41926453362995314, -0.2865956096677487, 0.057982313758602536, 1.8292771823275922, 2.551271611083772, -0.0025141613940813257
-0.4192747609959719, -0.2865718242876546, 0.05797891566047259, 1.82935076468653, 2.5512129807136015, -0.0024586040266105108
-0.4193063235794599, -0.2865880968150817, 0.05800786429301537, 1.829374336201044, 2.5512130826499044, -0.002625659849853941
-0.4193052471692369, -0.2865348645913554, 0.05797136461844203, 1.8294722577465021, 2.5511241172913506, -0.0024402133302376334
-0.4193158080183153, -0.2865224977764638, 0.057979266973757035, 1.8294807794768295, 2.551103712415202, -0.002442843659947147
-0.4193386182276268, -0.286520721774448, 0.058010265178140806, 1.829534839692922, 2.5510821405450046, -0.0026106214219370084
-0.41935965007863907, -0.2864909192805893, 0.057993447192769554, 1.8296403753984491, 2.551002888342126, -0.0025728409112062375
-0.41936653564562554, -0.286469928234747, 0.05798822151111963, 1.829706176670741, 2.5509660727272694, -0.0025340441695509298
-0.41937016794154675, -0.2864476857071139, 0.05799158014609264, 1.8297367642394495, 2.5509441697772672, -0.0025341319371541674
-0.4194014059205943, -0.2864413777522927, 0.05800445581201067, 1.8298133915911021, 2.550921843655218, -0.0025654969490338723
-0.4193920415100195, -0.2864227338620515, 0.057989585364913866, 1.8298240938985522, 2.5509047691093167, -0.002473496232329618
-0.4193921100958091, -0.2864141156972428, 0.05799297302734155, 1.8298203126267298, 2.550899284270228, -0.00239867947924708
-0.4193912782187297, -0.28637236504232966, 0.05796835498071612, 1.8298513549362714, 2.5508451487499073, -0.002232960373955427
-0.4194206143996541, -0.2863564579954661, 0.057965588932174544, 1.8299439608307109, 2.550747980627772, -0.0022203604830433018
-0.4194315452599961, -0.2863210022973933, 0.05796654706537822, 1.8300675804924027, 2.550727800546419, -0.00216980459362155
-0.41944390991351665, -0.28630835900945734, 0.05796462920102828, 1.830125585484057, 2.550680157255239, -0.002114247621421882
-0.41945639482842717, -0.2863091603277479, 0.05797325623436113, 1.830131832801166, 2.550656169557332, -0.002211438577863505
-0.4194510148941921, -0.28629733534701707, 0.05797645300039339, 1.8301219064446352, 2.5506427891336223, -0.0021591899292048486
-0.41951547203148704, -0.2862530831508892, 0.05798112767196369, 1.8303265846433807, 2.550603923712701, -0.0021970862289806686
-0.41951187563797937, -0.2862107932297119, 0.05797220080191223, 1.8303965130142874, 2.5505087781181097, -0.0020532463274096804
-0.41958012577601683, -0.2862153532002075, 0.05800055173464495, 1.8305575790913589, 2.5504419133139304, -0.0021021750575842264
-0.4196127915314534, -0.2862206389327624, 0.05805554063606902, 1.8306114993120908, 2.550388415679662, -0.002256729488599006
-0.41963864132150963, -0.28621202702613274, 0.05806662099074339, 1.8306464386392547, 2.550435637395238, -0.002377083627851553
-0.419636748976133, -0.28621368208351805, 0.05807157543344663, 1.8306449849307795, 2.550465753968382, -0.0023719306732246535
-0.419650693828583, -0.28621249171257157, 0.058074799601308125, 1.8306646550047998, 2.550493264121681, -0.002344982515101067
-0.41967751966927286, -0.28617257231412113, 0.05804770190036812, 1.8308828181762977, 2.5505717614113106, -0.0021712455135877314
-0.41966352808205243, -0.28612439278357477, 0.05801336505972017, 1.8308720096601045, 2.550491922548272, -0.0019020067362604956
-0.4196473542676662, -0.2861035665116098, 0.05798272185399681, 1.8308640545991917, 2.550448937998391, -0.0017202167472890311
-0.41973576206412744, -0.2859397498664972, 0.05658195784767469, 1.8307211400471544, 2.55011500531796, 0.0054007447254985136
-0.4198254683895195, -0.2860153891476812, 0.05330398806319816, 1.829798143306748, 2.5487759573087203, 0.02081590237572565
-0.41985686549558027, -0.2862126422976299, 0.049320195006539155, 1.8281944822374345, 2.5464360658195906, 0.03738029289659924
-0.419938366086249, -0.2861230972489437, 0.04453283256265359, 1.8260290028925317, 2.542855504459753, 0.05517648881565552
-0.4199087200540802, -0.28628622583325103, 0.039385862743373384, 1.8201922591113664, 2.539780308270206, 0.07102250143089588
-0.41950955097899856, -0.2866189462346276, 0.03415521390491444, 1.809111976067513, 2.539762447341684, 0.08517053457379441
-0.41896427822128013, -0.28690306471905014, 0.028816081481288815, 1.7970949065093087, 2.5403357548182126, 0.09822630985137584
-0.41852867007719974, -0.28731536758545945, 0.023677930246587132, 1.7860230211479406, 2.541056120265298, 0.1082044526739376
-0.41819351520304193, -0.2877271924176318, 0.018600022927999164, 1.776006623455234, 2.5419537194630566, 0.11543472490974181
-0.4179141795218633, -0.28824275216994766, 0.01381731210543255, 1.7659772478624596, 2.543469137775107, 0.11993061229260474
-0.4175403691151922, -0.2886871702205763, 0.009255115765071292, 1.7564441177554675, 2.545582402489774, 0.12242417086780946
-0.4171119476457304, -0.289131864306931, 0.004909864610263576, 1.746782918373059, 2.5488275869398214, 0.12342487623587477
-0.41666923934925043, -0.28957124803687395, 0.000895801625924203, 1.7380835016499447, 2.552509529282794, 0.12280645651644109
-0.41622598201969, -0.2900384860490302, -0.002718326468685632, 1.7300896432913266, 2.5562433089020717, 0.12081718602909612
-0.41584135299258307, -0.29048881871649374, -0.005770800806214678, 1.722975826555325, 2.5605199393317877, 0.1182564143174405
-0.41546937587329064, -0.2908560925040653, -0.008595888391458063, 1.7158048006059698, 2.56537146044851, 0.11568031255153888
-0.4151546936173133, -0.2911793391690872, -0.011114464547110167, 1.709030200210356, 2.569983822193835, 0.11195465123726121
-0.414972946727063, -0.2911958196824071, -0.012628430009309938, 1.7075247013973962, 2.5719373244202375, 0.10625963481114516
-0.41498601799204027, -0.2911275679130157, -0.012741253012975413, 1.7087278311339515, 2.573965034845833, 0.0962557686555857
-0.41496304119837146, -0.2910756383398613, -0.01282292799475522, 1.709691847857187, 2.575420219903083, 0.08822679843911219
-0.4149159112428645, -0.2910373170911611, -0.012925519944867056, 1.710302834685184, 2.576753539475422, 0.08142816315392691
-0.41495462941044153, -0.2909867346887861, -0.012962693102010397, 1.711192176519788, 2.5780937757131404, 0.07554756503467296
-0.41488447304983167, -0.29096975303985073, -0.013037300597103153, 1.7115875547538564, 2.5788683462323485, 0.07065923468461148
-0.4148533659347923, -0.2909021896409226, -0.013107559602496342, 1.712103381923581, 2.5796070467075585, 0.06659120240679538
-0.4148774256042696, -0.2908843936743912, -0.013110432278081383, 1.7126105982129785, 2.5805083668141875, 0.062483151650328646
-0.4148763958554334, -0.2908787866503793, -0.013133778056393833, 1.713012336339442, 2.581102820489002, 0.05932823393488551
-0.41482261121858316, -0.29083804555341575, -0.01320406291389925, 1.7132713156196775, 2.5816273671145185, 0.05673518431027069
-0.4148770200123983, -0.29082497574477556, -0.01318657573925721, 1.713763090638007, 2.582328840753554, 0.053654479672999675
-0.4148917355174879, -0.2908450916442145, -0.013167362757286, 1.7140229576687187, 2.582674922044178, 0.05099987178284072
-0.4148663940147007, -0.2907551949139278, -0.013221566506265034, 1.714289238854117, 2.583083401134136, 0.04913235192714636
-0.4148744215923201, -0.29075856710049314, -0.01322673169813296, 1.7144458999471732, 2.5835014701770644, 0.04679622152110435
-0.41487957918783663, -0.29064574648104197, -0.013275327127328082, 1.714851794737226, 2.5839514602382834, 0.045168401583224084
-0.41488815989060285, -0.29062396106230876, -0.013287965587372282, 1.715067552916919, 2.58427940106606, 0.04314196324943676
-0.41488094998967906, -0.29057922604727837, -0.013314985701553407, 1.71515558275488, 2.584812898041667, 0.041558598433746013
-0.414902631400216, -0.29054711173507847, -0.013317340052361328, 1.7154572045410115, 2.584991448485241, 0.03973612555618703
-0.414856887932602, -0.29050990955487804, -0.01335126945066712, 1.715575028187227, 2.58525211847491, 0.03828554685396797
-0.41485982794942033, -0.2904662505782878, -0.01337385379762647, 1.715737516401058, 2.5855866977470283, 0.03670378322067532
-0.4148559944519581, -0.29042229627299426, -0.01340336337422706, 1.7158455805894592, 2.58582779713917, 0.03539453689699396
-0.4148339366687912, -0.29038109486042984, -0.013427124008350708, 1.716008857517794, 2.586082152204486, 0.034251488397986286
-0.4148233661425509, -0.2903171871835404, -0.013449600950372967, 1.7161749843433085, 2.5864482743056483, 0.033018145273312455
-0.41479457527265273, -0.29029211788472264, -0.013494247481466465, 1.716178736809408, 2.586612451908451, 0.0322999144056929
-0.4148227438690119, -0.29029521246722256, -0.013448602789122563, 1.7163600535774077, 2.5867117075610433, 0.03150110832022688
-0.4148149283466445, -0.29027045041609895, -0.013478145647833409, 1.716386191693646, 2.5867133723695206, 0.03167621356697573
-0.4148025231710613, -0.29025119530976395, -0.013486343185109023, 1.7163989989608033, 2.5866587962680727, 0.03189222766898436
-0.41482035133447986, -0.290273865342172, -0.01345877625650875, 1.7164097505057685, 2.5867169030325816, 0.03164182432746135
-0.4147954847696734, -0.2902580952283743, -0.01348736750381676, 1.7163601374311386, 2.586744884897584, 0.0315838562621848
-0.4148227067245524, -0.2902431148664571, -0.013481922904316164, 1.7165578533875712, 2.587015250289295, 0.03054346664154304
-0.41481769741943014, -0.29018500193144386, -0.01350678425392196, 1.7168275396419832, 2.5872340834942484, 0.029142276527781872
-0.4148035787103655, -0.2901030883395706, -0.013533377434695855, 1.7170421046948618, 2.587712141674004, 0.027809448704761177
-0.4148460950419763, -0.29006678257273255, -0.013541825815963422, 1.7173181387421734, 2.58812959339469, 0.02579058946843697
-0.4148129971282261, -0.2900377079866781, -0.013583411553368466, 1.7174146759824767, 2.5884640774927092, 0.02406695330950797
-0.4148563994285782, -0.28998614888088187, -0.013565840336333554, 1.717770151404102, 2.5888653567094475, 0.022076272048779183
-0.4148279089677645, -0.28993873993588326, -0.013585143840029831, 1.717897027309545, 2.5891386978386715, 0.02051224473398831
-0.41480777362393284, -0.2898879651945774, -0.013626632093577826, 1.718037310764956, 2.58936151103633, 0.01903364117265415
-0.4148255569624185, -0.2898967332509685, -0.013620652382728374, 1.7180797772683352, 2.589655795136732, 0.01820001891307452
-0.4148040363832166, -0.2898649945641292, -0.01363324016896253, 1.7181178357697353, 2.589607985238969, 0.01836536326977592
-0.4148164327671237, -0.28990335973475817, -0.013612005102806059, 1.718090440171023, 2.5896037459799537, 0.018209727500442058
-0.41480929565462654, -0.2898757113641388, -0.01363644708532527, 1.718119709345346, 2.5895758882326385, 0.01837741169910903
-0.41482119277496954, -0.2898859226551866, -0.013621533612189894, 1.7181326180687337, 2.589599191257165, 0.01825216142118786
-0.4148129451315477, -0.28987708236406595, -0.01363425573821142, 1.718143592155263, 2.5895795279536062, 0.018343764408025893
-0.41482224671125284, -0.2898958567316781, -0.01360197339708493, 1.7180858241817691, 2.5896296161187693, 0.018250974168158976
-0.4148141792098729, -0.289875915243157, -0.013634309702166558, 1.718087741157921, 2.589630326084631, 0.018345731795471384
-0.41480596469098746, -0.28988707109044354, -0.01363425573821142, 1.7181124896500193, 2.5896003297781145, 0.01834439794762678
-0.41482871219756634, -0.28987790180719336, -0.01362147337308467, 1.7181807602198917, 2.5896044059303964, 0.018298344697091455
-0.4148111511053657, -0.28988383491659764, -0.013622468675479803, 1.7180988133758317, 2.5896139808306975, 0.018306898041047757
-0.414831788363576, -0.28989238770005893, -0.013614367964404468, 1.7181141533071453, 2.5896392047336985, 0.018257938593485536
-0.4148225299074298, -0.289887522181728, -0.013610260839734975, 1.7180984853972778, 2.5896136403182872, 0.018305429607763015
-0.4148192372558584, -0.28989762074463654, -0.013612786517434257, 1.7181188318785074, 2.5895771556608054, 0.01826443444146971
-0.41482825457058414, -0.289888638132952, -0.013617670993471817, 1.7180957819709137, 2.589643681610091, 0.018312363595829537
-0.41483011663619446, -0.2898845255989528, -0.013612823749391122, 1.7181824364801748, 2.5895721747302565, 0.018310336740468912
-0.4148232691670885, -0.28987821461681, -0.013629667429303903, 1.7181378976714134, 2.589639374066794, 0.01835678688865545
-0.4148294601607879, -0.28991346829675774, -0.013595684634409577, 1.7181319403542004, 2.5895682854309743, 0.01805606372151504
-0.41481634981651017, -0.2898570514804082, -0.013654049596857114, 1.7182144835889746, 2.5896833013235465, 0.018624494047038476
-0.4148372761044529, -0.2899069563099675, -0.0136062151157864, 1.7181325894609674, 2.589634606294779, 0.01820408775461102
-0.41483020495663603, -0.2898981926221416, -0.013603942096989792, 1.7181715270284117, 2.5896603903254376, 0.018255230612803708
-0.41483652679380606, -0.2898825040766313, -0.013612102101834327, 1.7181660411925306, 2.58968450850971, 0.018314182730926713
-0.4148415302362516, -0.2898731360042649, -0.013602226490781223, 1.718174744842308, 2.58966410974452, 0.018309194836991134
-0.41483635502439115, -0.289887299700996, -0.013609835899907406, 1.71817066940241, 2.5896582167463666, 0.018272245018923515
-0.41481874597503454, -0.2898708273604643, -0.013629777895733788, 1.7181131534987548, 2.5896698091879053, 0.0183594109668071
-0.41483800484608985, -0.28988405012654356, -0.013615837891924963, 1.7182136771748564, 2.5896557216855145, 0.018297636629044836
-0.41483521033061405, -0.2898784829198677, -0.013626649286321346, 1.7181532164664977, 2.5898014557068336, 0.018376716892584015
-0.4148521369242731, -0.28987422510130223, -0.013614868828232284, 1.7182299440964242, 2.5897836558591814, 0.01834589541076441
-0.4148414118982723, -0.28987888662892103, -0.013607687688546838, 1.718179723837428, 2.5897743769942103, 0.01833687828055432
-0.4148367615542718, -0.2898626634971977, -0.013616160750561192, 1.7181850728904722, 2.5897824519253967, 0.018358539034206547
-0.41483767268889576, -0.28986981016935737, -0.013628861299631645, 1.7181734910080257, 2.5897971488466696, 0.018415424694828007
-0.41484551488718674, -0.28987458373138936, -0.013617317237504693, 1.7182418993892756, 2.589733449436978, 0.018338293390931088
-0.4148417591687728, -0.28987923286037437, -0.013612480440136528, 1.7181953557134182, 2.589764218520782, 0.018337220105758164
-0.4148340916413502, -0.28986601037005694, -0.01363220799487292, 1.718232834039238, 2.5897503758961022, 0.01847215088803309
-0.41483698745376507, -0.2898779117567186, -0.013615973025797173, 1.7182071045081722, 2.58978255164412, 0.018361883287011074
-0.4148518892410528, -0.28988009526278125, -0.013607972158459374, 1.7181760707813087, 2.5898383015208113, 0.018312734204626067
-0.41484626928782997, -0.28987908772586085, -0.013615916198453537, 1.7182072526963283, 2.5897821761716058, 0.01836122664744545
-0.41484216197317897, -0.28986961797279215, -0.013621974459126072, 1.718250266727911, 2.589779787938653, 0.01838664288111939
-0.4148418153417103, -0.2898768158670728, -0.013613635088581981, 1.7182318681843132, 2.5897516892801495, 0.018359322600164544
-0.41483708982647727, -0.28986051050564643, -0.013632527878362298, 1.718187954797524, 2.58978494951926, 0.018434118184826175
-0.41484164296349246, -0.28987406747875827, -0.01361491607639332, 1.7182392663692618, 2.589763653632029, 0.018344360809242993
-0.4148606980502004, -0.28985855869266935, -0.013611746733890186, 1.7182963051566629, 2.589784382002065, 0.018338546387146538
-0.4148527241949636, -0.289874806723539, -0.013631744346403407, 1.7182243900928742, 2.589876498058613, 0.018442719786582813
-0.41487405489043605, -0.28987383610400097, -0.01361225190301129, 1.7183003403317423, 2.5899283901346783, 0.0183343587492008
-0.4148614005316427, -0.28985661623468945, -0.013614334560703573, 1.718330277225977, 2.589870255268953, 0.018401202634292003
-0.4148725032322404, -0.28981341436971364, -0.013645790767799676, 1.718477154549622, 2.5900592735849997, 0.018656295088546354
-0.4148770893174084, -0.28984565723060884, -0.013630120422855843, 1.7184026162137134, 2.590087736858499, 0.018387059096995746
-0.4149550563333895, -0.2898681054324459, -0.013594335747681013, 1.7186199693487303, 2.5905711368416817, 0.016731611101491364
-0.4149402821107474, -0.2896626933611708, -0.013724814411249245, 1.7193969735971213, 2.591551375724777, 0.01643786183494636
-0.41479133239228094, -0.28955631998998926, -0.014790411555758505, 1.7199571722635802, 2.5925359603005176, 0.020675408181973883
-0.414817687442517, -0.28963920226701223, -0.017512141966334334, 1.719488155600577, 2.5918986039896668, 0.031233871763625125
-0.4148122596939067, -0.28984615490865306, -0.020957742059714166, 1.7180518472649204, 2.5898255395630523, 0.043141398886099865
-0.41478949644342034, -0.28996287372305085, -0.02480758471964291, 1.7163193308918776, 2.5873665675943203, 0.05409273855379713
-0.4147512501952452, -0.2899631718876771, -0.028394822955383384, 1.714579873063562, 2.5839037063405637, 0.06299458739930791
-0.4146029000455149, -0.2898375560477643, -0.03160943312972469, 1.7126087493633322, 2.5806255076849984, 0.07035675116814273
-0.41446089939157504, -0.2896916058948706, -0.03382434023637621, 1.7115372484100995, 2.5783992816244945, 0.07435205497743552
-0.4145495184157404, -0.28981679637654995, -0.03371180001702872, 1.7117658525822241, 2.578322820358085, 0.06815353509564512
-0.41463461800241247, -0.2898881832364804, -0.033614110222548954, 1.7119729688620118, 2.578977076705605, 0.0630600917493704
-0.41457090586451134, -0.28981155580287604, -0.033696106702383315, 1.7122082001164078, 2.5793412457976497, 0.05995070429652777
-0.41460818026487917, -0.2897756228418743, -0.033678518804439304, 1.7127229061481948, 2.579893464523218, 0.05628978768449899
-0.41466643277072407, -0.2897514011606335, -0.0336685851554212, 1.713241976113406, 2.5806874095063375, 0.053086984803061565
-0.4146888986053284, -0.28972261760648615, -0.03366333326645122, 1.7134373348023164, 2.5810082445311218, 0.050390521429689285
-0.41470843523456774, -0.2896913735740357, -0.03369841821881515, 1.7134925022010556, 2.581667677777892, 0.04769511688568085
-0.41472725465062416, -0.28969008309546485, -0.03372442887213712, 1.713944995409748, 2.5819345776433176, 0.04539669165936618
-0.41472013043399586, -0.2896734910545771, -0.03373533953703356, 1.7139772531015847, 2.5824053181050286, 0.04305194501006264
-0.41471069554163115, -0.28959655372299076, -0.033766488560303544, 1.7141518958023236, 2.5827702442156517, 0.04134803626132626
-0.4147039215362748, -0.289569788959266, -0.033834399850498874, 1.7145387820768538, 2.5829108142989994, 0.03974683925208134
-0.41471024310843285, -0.28948493421093024, -0.03388598063735129, 1.7148692261386256, 2.5833761470577525, 0.038339156419586386
-0.41469662687354514, -0.2894621946841765, -0.03393967870247453, 1.714735698631605, 2.5838370942449056, 0.03673926013239657
-0.4146838659396356, -0.28942189725342754, -0.033974539773995185, 1.714827319264506, 2.5842037026793134, 0.035173356292041116
-0.4146959833207301, -0.2893806693126849, -0.034034419428321666, 1.715018091588349, 2.5845493272558326, 0.0336965393376366
-0.41464744962161676, -0.2892912312420586, -0.03410750083378158, 1.7153281786759653, 2.5847903414851503, 0.032804136851973156
-0.4146092510505719, -0.28922284367471346, -0.034183035621664165, 1.7154704108369396, 2.584908179791713, 0.03169954601272588
-0.4146091810316275, -0.2891580394330315, -0.034253386914571464, 1.7156153329228205, 2.585239722309841, 0.030605924448960865
-0.41463188465666945, -0.2891617455844714, -0.03426313961895196, 1.7157956263148078, 2.5853479344488384, 0.02947085542111114
-0.4146328718511345, -0.2891504349990335, -0.034298064254740225, 1.715800109145116, 2.5855455080460326, 0.02891067691369678
-0.4146188866903941, -0.2891380034421071, -0.034309010246665474, 1.7158036279440858, 2.5855133928717335, 0.029017732282233047
-0.4146076446106309, -0.28915811652716883, -0.03431278245323466, 1.7157803868583656, 2.585546566539216, 0.029005030081180758
-0.4146140780337674, -0.2891389167517898, -0.034316087885044394, 1.7157791871491581, 2.585544057728059, 0.02902111473408028
-0.4146205760464537, -0.2891384155845775, -0.034314049491744575, 1.715813615539664, 2.5855635299868465, 0.02903136242141813
-0.41461879050227235, -0.2891403674212907, -0.03432317592676152, 1.715795658733667, 2.5854997150706978, 0.029050181824928103
-0.414705298614267, -0.28920068716132424, -0.034239498718352274, 1.716018368042344, 2.5857429148646367, 0.027972005014633525
-0.4147458135939691, -0.28927500518107063, -0.03415688502547539, 1.7160215202055973, 2.5856859232696277, 0.025232308492586227
-0.4147080280126248, -0.2892685052083744, -0.032521852480653916, 1.7162778811441144, 2.586337669998037, 0.01477058305860909
-0.4145565049871372, -0.2890970962283204, -0.028721518381713274, 1.7172605039790791, 2.5880994036670244, -0.003236174485731422
-0.41446554940810665, -0.28867480319356, -0.023666702352290264, 1.719509577531267, 2.5909239685960292, -0.023267344102626847
-0.41471555869005566, -0.28813260767850796, -0.017640624430510003, 1.7262698821928197, 2.5936175303395386, -0.04226550701706745
-0.41520515663770213, -0.28751862390979527, -0.01142257598188886, 1.7379275604007152, 2.5956366817912015, -0.05825673418738706
-0.4156851991127527, -0.2869082737956964, -0.00554445885754206, 1.7495145229247475, 2.5975358911157085, -0.07200453248785814
-0.4161214733921363, -0.28631176468877684, -0.0003225712389610877, 1.7605186392101833, 2.5985861650100666, -0.08279423718698692
-0.4165110254603667, -0.28583789763944223, 0.004380095136874221, -1.7655579779539037, -2.5917473191717124, 0.09108261679268122
-0.41680024481046113, -0.28534971833975614, 0.008444111913013794, -1.7689842692808244, -2.5840262123315885, 0.09562223563912207
-0.41685936855170425, -0.2847693443057617, 0.011979523745825789, -1.7732333999862453, -2.577446978269063, 0.09489281423887021
-0.4169771729740418, -0.2844512801892685, 0.015410183551507271, -1.7783828875396388, -2.572383987591431, 0.08951420344378293
-0.4172745776363695, -0.28411552070423, 0.01841502369840596, -1.7836536195440034, -2.5699438486237174, 0.0795287977133561
-0.41744013692180926, -0.2839984980677639, 0.0209331501391287, -1.787482407020869, -2.5710069697915943, 0.0673902812580538
-0.417598860657608, -0.2840271311168531, 0.022162039322411106, -1.7894684472229734, -2.5768271768796844, 0.05139551468820111
-0.4178272173403035, -0.2840024031898085, 0.022467306810005624, 1.7885979156300362, 2.577647409675283, -0.03471476822074319
-0.41801459907733685, -0.283895672433462, 0.02334622142106388, 1.7849642560934604, 2.571406491284777, -0.02569673350266973
-0.41800184350785435, -0.2836539460300652, 0.025560260273483522, 1.7829045822555474, 2.5672526548265795, -0.02781126256273646
-0.4178523701515737, -0.28358175069918445, 0.027671386242013762, 1.781570876154375, 2.5648145687421406, -0.033386443172890065
-0.4179452063450172, -0.28366747707697504, 0.03015097006745241, 1.7816214252496283, 2.565071079490646, -0.040275288051311114
-0.41797551053565224, -0.2834986930671878, 0.03249349284187267, 1.7823849177664965, 2.5662860875431366, -0.04360498016943046
-0.4179488554652493, -0.2830851732111862, 0.0344760242836346, 1.7841907793535936, 2.568546394466671, -0.04263298964987874
-0.41812478040785817, -0.28273915861620186, 0.03662861645418413, 1.7894610709252918, 2.5698713691497135, -0.03843012513242472
-0.4183793731899806, -0.28241997456269796, 0.03777361948646926, 1.796166860711974, 2.568502920092156, -0.026664813183156097
-0.41857034416651157, -0.28246162392307933, 0.03802397965937774, 1.797920265674685, 2.5659426015482336, -0.009671674490322555
-0.41875086985318577, -0.28278875920477803, 0.03847839559686705, 1.7944153360669586, 2.5637907195252754, 0.00489179984664652
-0.4188927568275835, -0.28274150577076096, 0.03858615020420788, 1.7907347966865554, 2.558007609351296, 0.01673025326855972
-0.4188565026088092, -0.2826127761863612, 0.040095350460253296, 1.7876143719113298, 2.551825204300865, 0.018516503494904246
-0.4187805004709398, -0.2824321758230943, 0.04207813578001268, 1.784845718753945, 2.546130872228393, 0.017355479848224074
-0.4186943154929344, -0.2824917467504541, 0.04440887657621741, 1.7817988946823706, 2.5421703808726748, 0.016947398842085164
-0.41880456880681044, -0.2823455309192635, 0.046728153983422276, 1.7793927188945773, 2.5404399153908392, 0.019236735399448892
-0.418840616138637, -0.28246240254874283, 0.04934708676055416, 1.7774763464988448, 2.540704189075253, 0.02148534267396325
-0.41897215922941133, -0.28245465262965525, 0.052037676877780346, 1.7762880351707626, 2.541684978738136, 0.023830719436186962
-0.4189920407912567, -0.28233304418916294, 0.054302939462074366, 1.775654867429889, 2.542508399539081, 0.025506721573286963
-0.41903501779392094, -0.2823516189566496, 0.05528083752668233, 1.7749356313705336, 2.542586887904933, 0.03098623991521775
-0.4190761703951857, -0.2825116981133182, 0.0555461782706745, 1.7730739911646813, 2.5419925902048144, 0.03805138785699166
-0.4190554653626439, -0.2825456203788304, 0.055623236202328535, 1.7719646624914211, 2.5402351264498835, 0.044847034990335884
-0.4191396318995907, -0.2824039373754674, 0.05555813982498869, 1.770557958887952, 2.537165725530383, 0.04941528774761346
-0.41920022206000546, -0.28230503451107647, 0.05555504977314529, 1.7694303523547732, 2.5340065818630784, 0.05113431423517511
-0.41923112761821957, -0.2822333300369955, 0.055520373175736076, 1.7685557058839507, 2.531818592041957, 0.051443445047298676
-0.41923755623822134, -0.28222691920392967, 0.05549201886451917, 1.767783383018101, 2.5304711081352456, 0.05063589659941964
-0.4192536752357984, -0.28221130593802657, 0.05547709822299612, 1.7677171277762571, 2.5296004557755105, 0.05009252404160419
-0.4192576612717534, -0.28220074224976566, 0.0554567986556693, 1.7677058186040258, 2.52968018374411, 0.05020149377266018
-0.4192576590310125, -0.2822031762602534, 0.055435955230806175, 1.7678174045662254, 2.529578678100819, 0.0502769664049814
-0.41934342314355616, -0.282277100245836, 0.0554963150935704, 1.7677108328033089, 2.529977056232709, 0.04862960393865487
-0.41940470616170306, -0.28229847493758586, 0.05551612496550243, 1.7680600538471427, 2.5302318648147946, 0.04695892370423236
-0.4193876178443921, -0.2822397820833119, 0.05540128085487796, 1.7682174060046245, 2.530516846327308, 0.045580368330139495
-0.4193599910689382, -0.2821992869105105, 0.0552947499780217, 1.7685655360719772, 2.5307281566582334, 0.04403506588990723
-0.41939687365729084, -0.2821134722761063, 0.05522610357180807, 1.768881257187754, 2.5313479572838262, 0.04194396800453025
-0.4193295116525141, -0.2820296590635461, 0.05507594349200814, 1.7689501935030718, 2.5316305783969577, 0.04058853049053475
-0.4193395872139602, -0.2819618562000269, 0.05499592104448508, 1.7694694614038864, 2.5320408755600745, 0.038869077290153105
-0.4193418474285494, -0.28193354609738563, 0.05492921810720277, 1.7695579428324195, 2.5324410724671456, 0.03690033074570627
-0.4192713210692422, -0.2818307994014702, 0.05479337546658685, 1.7700231731194622, 2.5324828641912935, 0.03561692085878344
-0.4193027477786254, -0.28180548290188745, 0.05474763028621159, 1.7702544153306183, 2.5329708161400375, 0.03346571630620199
-0.4192720978044927, -0.2817524103045862, 0.05467748742297527, 1.7702584749366854, 2.5332605337072076, 0.0319083299509185
-0.4192969029491648, -0.2817370947228347, 0.05466956663527744, 1.7706879888401514, 2.5338134317203815, 0.029791394152526244
-0.41932819331198773, -0.28167712897480085, 0.0546593139754653, 1.7710183936955144, 2.534138061778131, 0.027937944449062075
-0.4193091448762782, -0.28160228271498217, 0.054569537271529335, 1.7710767389407003, 2.5345268537822028, 0.02684395514244338
-0.41931695146576853, -0.28156205642278176, 0.05453399800768992, 1.7711748836832615, 2.534930354727811, 0.025139473488378795
-0.41928011294474565, -0.2815210469341888, 0.054439576422765285, 1.7715865012174945, 2.5349594211317283, 0.023731992088410755
-0.41928798005102536, -0.28144598560137113, 0.0543931866060486, 1.771710645989842, 2.5353577305105524, 0.022328630823821843
-0.4192676507128017, -0.28144617624400764, 0.05437460769311508, 1.7719444214902047, 2.535592518563341, 0.02072961895773731
-0.41925283286955606, -0.2813656652800108, 0.054314213832718485, 1.7722757919429986, 2.5358025987990116, 0.019229802045226382
-0.41927228700335306, -0.28132527388820505, 0.05426651418450164, 1.7723092508281784, 2.5363028644998122, 0.017645227776980764
-0.4192354137323, -0.28128363548261287, 0.054200359778662874, 1.7725315925781764, 2.536369939041796, 0.01653199340194481
-0.41924226287028066, -0.28123048199753853, 0.05412936997015444, 1.7726435102922726, 2.5368768640196553, 0.015247061739663446
-0.41925204006978406, -0.2812181229843893, 0.05411321537477495, 1.772859239579851, 2.5369261520053623, 0.014370666671798898
-0.41926200750066395, -0.28121123722760255, 0.054092048780102014, 1.7727959351001188, 2.537121917188702, 0.013609872548869991
-0.419304880955269, -0.2812259607963026, 0.05413502648407915, 1.7731221206355512, 2.537235520671327, 0.01276833910573972
-0.41927641636188706, -0.28119082097234477, 0.054085014977531105, 1.7728473662809578, 2.537287218105898, 0.012917946809837462
-0.41925385450570823, -0.28120621143234426, 0.05407511369476138, 1.773076573074244, 2.537193240526006, 0.01299916865105403
-0.4192756254931378, -0.2812307075705791, 0.054096244299638996, 1.7730410572215227, 2.537251433360921, 0.012647731280290599
-0.41928569033468605, -0.2812167855288269, 0.05411194474678801, 1.773109772823177, 2.537256596433129, 0.01258259584253169
-0.4192644824594493, -0.28119292722790445, 0.05408076900614758, 1.773142190524836, 2.537192813706685, 0.012990028737243755
-0.41928543983679123, -0.28121289177178815, 0.0541118467944983, 1.7730634667072602, 2.5372521754823048, 0.012629785172495706
-0.4192548373274899, -0.28116628938039745, 0.05407809304085382, 1.7732361278081363, 2.537091499751778, 0.01324727014243126
-0.4192430354052643, -0.2811590769234185, 0.05403923956529549, 1.7730607557498, 2.5372533174160234, 0.013496579362251513
-0.4192293362942281, -0.28115592596382266, 0.054040416683133884, 1.773098027971155, 2.5372079622106694, 0.01353262237284073
-0.4192497978399637, -0.2811692886670128, 0.05405464908282223, 1.773147458308865, 2.5372572747243525, 0.013250942454491205
-0.4192364997988393, -0.2811401371376976, 0.0540414669912456, 1.7731529222960556, 2.537255919479665, 0.013552017033654927
-0.4192623780207045, -0.2811615734366538, 0.054069543766993085, 1.7731820914195835, 2.537309826767695, 0.013228079058843522
-0.41926909273822294, -0.28113802901467594, 0.05405608429573194, 1.7732355839808498, 2.5373836234423206, 0.01338447340281018
-0.4192389514515121, -0.2811241766628531, 0.05402548321221621, 1.773179570246645, 2.537393094744119, 0.013603986541879722
-0.4192543211782696, -0.2811229251580696, 0.054035169174038986, 1.773303533438092, 2.5373141238099075, 0.013550340530132494
-0.41926581834105947, -0.2811310697970762, 0.0540620708966091, 1.7732844071048328, 2.5373260692228046, 0.013341135741049415
-0.4192500117366316, -0.28112592738725617, 0.054034460395635725, 1.7732488839976497, 2.537394441138407, 0.013671700482210896
-0.41923230640135345, -0.2811224744180116, 0.05401321683097774, 1.7731717388908386, 2.537341888493488, 0.013798796245709387
-0.4192649381004995, -0.281120559140107, 0.05404122761927436, 1.7732560709491252, 2.5373754613283714, 0.013554098451881965
-0.41926631652882007, -0.2811135181152553, 0.05404995509372774, 1.7733180293393231, 2.537337192296781, 0.013518543623223016
-0.4192484598609785, -0.28112069070334106, 0.05403056302203721, 1.7732373612447683, 2.5373787785122244, 0.013628902902466484
-0.4192565800729727, -0.28114959324793554, 0.054060223368889326, 1.7732147166339534, 2.5373527998454644, 0.013394101939684506
-0.41923617909079197, -0.2811118807690958, 0.054037956307412524, 1.7732271228080057, 2.5373914638726776, 0.013799974691091007
-0.41924117964146, -0.2811267935656333, 0.054049091279161104, 1.773173615066086, 2.537381217854643, 0.013712161547146856
-0.4192429871724314, -0.28112022091099026, 0.05404206213635571, 1.7732174614984042, 2.537345620235933, 0.01374971420210057
-0.41922951722225293, -0.2811207651334172, 0.05402140282596456, 1.7731906708284244, 2.5373691440289976, 0.013828058231085356
-0.41925329000544503, -0.2811391265034779, 0.054061061519897535, 1.7732263650119684, 2.5373646968583596, 0.013567206798998062
-0.41923296413777494, -0.28109407714972334, 0.05402438846716417, 1.773259206067948, 2.5373344965586155, 0.013942616431766565
-0.41924528012942647, -0.28109000746430546, 0.05402167015656642, 1.773284884033988, 2.537303566136068, 0.01403264093658494
-0.4192257408905761, -0.2811086143193056, 0.05401581317825793, 1.7731985882273966, 2.5373432292250366, 0.013973086725779403
-0.41922064357760497, -0.28108540811101357, 0.05400424399056331, 1.7732133139142465, 2.537357312201008, 0.014222056496721484
-0.41923755459898915, -0.2810878738033481, 0.054001651395546954, 1.7732786200257868, 2.537328024136125, 0.01400074231606405
-0.4192339373762116, -0.28109991724599254, 0.05400940233338606, 1.773228961582679, 2.537420195670855, 0.014013106268125849
-0.4192659074127855, -0.28106321696612213, 0.05400804595134558, 1.7734244400248829, 2.537542671121179, 0.014069934790493418
-0.4192530789586383, -0.281021750317084, 0.053963474935846065, 1.7735267164482227, 2.537809499402519, 0.013580448253189836
-0.4192621917828289, -0.2807660763581709, 0.05374798098351705, 1.7748386490827517, 2.5393400163345716, 0.014215607622156408
-0.4192887146726618, -0.28064896644303833, 0.05361523288317819, 1.7766363406291215, 2.54193965384331, 0.014262171009708587
-0.4191733037492252, -0.2805938107086014, 0.052527179441848246, 1.777666672300334, 2.5442364392539423, 0.018900748513666642
-0.41909878070274753, -0.28068819018483276, 0.04986158682081977, 1.777354312684585, 2.5441937802783987, 0.02878923713707405
-0.4191917118112072, -0.28087228004884884, 0.046713057844311554, 1.7762170798158197, 2.5429115515221707, 0.039838404195394944
-0.41914504115143714, -0.2809587915752413, 0.04321157687780717, 1.7746187679992351, 2.5409911943326207, 0.0516067646789801
-0.4191106682087484, -0.280963187990422, 0.0398000059895116, 1.7736928821107485, 2.5392471369553222, 0.061480841081550684
-0.41899545722299864, -0.28085106980509056, 0.03668109697190226, 1.7723033673717423, 2.5373958385231856, 0.0693765655566206
-0.41897525313230577, -0.28081915537560953, 0.03395919995553463, 1.7720118148604151, 2.5362417239605013, 0.07515860223370636
-0.41894484168976454, -0.28077099328995336, 0.032226833602760616, 1.772027865433975, 2.535812771278804, 0.07710969463883645
-0.41898779558511945, -0.28073420019451606, 0.03214780766560957, 1.772443315481559, 2.5368988009506177, 0.07135691202733284
-0.41904819404155935, -0.2806781778773447, 0.032057978577675145, 1.7731046358883447, 2.537911094538139, 0.06604756293799995
-0.41910849939944644, -0.2805215071521463, 0.03193635126702305, 1.774408651651965, 2.539083346886546, 0.06139762253845244
-0.4191685126518705, -0.2803538957389786, 0.03180697833019887, 1.7759829747322393, 2.5415289169072075, 0.056315032567050484
-0.4192841669296233, -0.2804439174103976, 0.030305670462917794, 1.7774624072727112, 2.543178505127174, 0.05619955148186446
-0.41925478962378526, -0.2805671608352114, 0.0277013139638579, 1.7777697256856135, 2.5441751223121165, 0.05918428085574496
-0.4192166645322903, -0.28058126776615955, 0.02460173546626844, 1.7776469977369347, 2.5440424348724577, 0.0629025408845168
-0.4191945461038388, -0.28062690221720593, 0.021394832800390735, 1.7770580417570947, 2.5432498487704973, 0.06664918491350816
-0.4192122647901067, -0.28073016297211256, 0.018359835639228807, 1.7766938832932586, 2.5425475944305167, 0.06947077575942819
-0.4191411407299331, -0.28067092763384194, 0.015420741111387602, 1.7763343053923524, 2.5421934697506736, 0.07273044828094218
-0.41909629491080336, -0.2806382673333478, 0.012960578807995199, 1.776112910335847, 2.5418473698020083, 0.07432480266591121
-0.41903173998205345, -0.28053137372271947, 0.011990929943575195, 1.7765068853207278, 2.5425180854313116, 0.07034272694367247
-0.41897020319100636, -0.280352985440188, 0.011803404399566765, 1.7775989783387622, 2.543359175838495, 0.06433566736833041
-0.41895869939104885, -0.28030455253929404, 0.011737538468542676, 1.778186446033718, 2.5439891961544747, 0.0588183856057933
-0.41902989626579473, -0.2802476860351109, 0.01167140484250697, 1.7787984294493162, 2.5450771513245813, 0.05454329147137641
-0.419098191546306, -0.280237291976592, 0.011679715397876593, 1.7795107711194285, 2.545804395186033, 0.05018707983714708
-0.41910604602100177, -0.2801460571697938, 0.011604291821780646, 1.7797436058366003, 2.546630132925334, 0.0467121019533527
-0.41910547867630965, -0.28007603247466895, 0.011534325913884452, 1.7801158674168056, 2.5472795943681716, 0.04396531564481047
-0.4191429525064885, -0.2799574312584056, 0.011471395688314269, 1.7809112698195153, 2.5481085650849358, 0.040509535040208385
-0.41912804937505277, -0.27988650333986936, 0.011367656271667095, 1.7815259932062593, 2.5490961000758263, 0.03529921938305651
-0.4191267848200348, -0.28000347111245194, 0.010167405013133957, 1.7814134498621823, 2.549079401611521, 0.03337365675602197
-0.4191832845120012, -0.2801081737072465, 0.008077175313250168, 1.7809613556719304, 2.548808727231506, 0.0351386310864414
-0.4190386715149845, -0.2801427384401979, 0.0057455100157489045, 1.7802108216989423, 2.547573504413963, 0.03897436100827416
-0.41897642974640187, -0.280055483543566, 0.0033460915058780155, 1.7799032950792681, 2.5469258613635644, 0.043426845645380976
-0.41892024933500266, -0.28003506128846245, 0.001304566112438385, 1.7796290227160607, 2.5465792579812447, 0.04552643954697389
-0.41890278074643333, -0.2798745990804595, 0.0011480538576142327, 1.7804354355171146, 2.5478934191868827, 0.039000197663022616
-0.4189036840292115, -0.2797510177534579, 0.0010636059571903014, 1.781402093655866, 2.54886962146709, 0.03248170083667515
-0.4189303074083244, -0.27978957951973304, 0.0010616239642465691, 1.7819448280421917, 2.549543468078717, 0.02573339273667806
-0.4189777203675438, -0.27982054814274615, 0.0010764648762510223, 1.782175725222765, 2.5505022230503993, 0.020035176637433545
-0.41906543630642623, -0.2797922004456572, 0.0011219216803407608, 1.782908512683684, 2.551233208677555, 0.01603235203644729
-0.419103176246271, -0.2798004320995232, 0.001121081114184734, 1.7832762756359704, 2.5517020769900767, 0.013051917824856585
-0.4190793640940602, -0.2798081916409843, 0.001105247402710105, 1.7830695089194997, 2.552032137860641, 0.011271994459531299
-0.419074881337145, -0.2797750575895564, 0.0010953662338379008, 1.7832702956258042, 2.552237901638962, 0.010706249953010798
-0.4190815802250335, -0.27979171537075137, 0.0010992545022887254, 1.783383107972562, 2.552205062461732, 0.010699906180246112
-0.4190939240599728, -0.2798079768796102, 0.0011357389532723819, 1.7833729358219157, 2.552358137644034, 0.010599229040225004
-0.4190663343421659, -0.27980158269876426, 0.001080870460703022, 1.783302236437563, 2.5521512611600574, 0.010751310325772954
-0.4190595404444476, -0.2798103920722081, 0.0011019139259745986, 1.7831322185317142, 2.5522358050301275, 0.0106665254216527
-0.41908119522503934, -0.27978302248161324, 0.0010926010351895443, 1.7832578387924458, 2.552186391282907, 0.010711767865318517
-0.4190657451094635, -0.2797823007922798, 0.0010806548704251281, 1.7835294803309287, 2.552154233763422, 0.010770561337389283
-0.41906954195362817, -0.27979500242828675, 0.0010894235566317467, 1.7833786671175325, 2.552165418616405, 0.010691383276280438
-0.4190708350708679, -0.2798002029503688, 0.0010934689175849041, 1.7832694892188818, 2.55217171208044, 0.01065485549684845
-0.4190928443509338, -0.2797652313814426, 0.001092332541970685, 1.7834931244736902, 2.5522986974700994, 0.010756475902467455
-0.4191001052065742, -0.27978629711120406, 0.0011047298196765407, 1.7834221372198216, 2.5523290485586125, 0.01067495831390208
-0.4190696779589967, -0.2797279113943109, 0.0010476819569281842, 1.7832577903409121, 2.552543393682372, 0.011148133073778472
-0.41902515915517685, -0.27970263862698447, 0.0009212811794320486, 1.7830402734002888, 2.552541235972857, 0.0117561066326352
-0.41905540934354163, -0.27965062748844527, 0.0004846395754390595, 1.7834092470244598, 2.5524473864870205, 0.013575794878177514
-0.41892888082918245, -0.27978083047899777, -0.0022696722035586495, 1.7817217476626357, 2.5499176608146845, 0.02541085256182525
-0.41898793531658857, -0.2797914485791146, -0.005803366765827649, 1.7795259979555267, 2.5460542286837056, 0.04087859641352079
-0.4190459692272947, -0.27967868827902725, -0.00937327021764743, 1.7769499447872072, 2.540845154585274, 0.053192620673782186
-0.4191159251944473, -0.27969246132350906, -0.012729503815545586, 1.774208126062147, 2.53578908835196, 0.06179789531339596
-0.41903079199575544, -0.2795770362257276, -0.015738015857011622, 1.7720783820442434, 2.5316807638458254, 0.06839967753274867
-0.4188185089162947, -0.27939001413308434, -0.018519210302807947, 1.7703785650472423, 2.5294325172970473, 0.07366688609082507
-0.4187303867052873, -0.2793020621856164, -0.02108449186733273, 1.7697517754689236, 2.529172795613432, 0.07714334606353009
-0.41875377925665147, -0.27935184484668546, -0.02372162375268417, 1.7696592405246387, 2.528631097452578, 0.07889809337897785
-0.4187761541037397, -0.27940986802096485, -0.02636216079999866, 1.7695159564113991, 2.528405540974926, 0.08013387061317445
-0.4188267040797848, -0.2794906635587436, -0.028856963682490813, 1.7695198381519532, 2.528191434762579, 0.07961910065215617
-0.41890989919168964, -0.2795586079569658, -0.03106800363724342, 1.7695398917107068, 2.528641861828823, 0.07757919982508014
-0.41894886738455966, -0.2794051458353437, -0.03146004012404887, 1.7711157333402163, 2.530168134430647, 0.06843981599233748
-0.41900686302927626, -0.27935556087442626, -0.031434662566399964, 1.7726023344022717, 2.5321750418999804, 0.05667319114773225
-0.41909526979024125, -0.2794603120900043, -0.03128467474715243, 1.7738349958896762, 2.5339930598408924, 0.04436669474581391
-0.41906431472883154, -0.27953015234672635, -0.031261428809644394, 1.7741704270812104, 2.534546148171505, 0.033888025209231565
-0.41897033282491647, -0.27961651869579107, -0.03127180408839759, 1.7737265564370446, 2.5345286274215546, 0.025716906540157316
-0.4189517030459662, -0.2798123492458849, -0.031185835476931788, 1.7729522421428658, 2.5332187044371612, 0.018819577121086895
-0.4189263609775883, -0.27978586029180935, -0.030117168957994267, 1.7720581837539313, 2.5320852801278733, 0.01050885451232947
-0.4190209224789558, -0.27964798423089976, -0.027155186504061964, 1.7724366152452098, 2.5316798628220183, -0.004530478740975046
-0.41902391715755205, -0.2795016617998795, -0.02375252237531026, 1.7730567439527227, 2.531702541468105, -0.018801987692170664
-0.41903311073649907, -0.27940242705377727, -0.020207018122059245, 1.77377085966177, 2.532907638087236, -0.032914314534104656
-0.4190789150861434, -0.2792860024062449, -0.016888715736432462, 1.7752425538232446, 2.5344179962801654, -0.045886212030978084
-0.41918587581462985, -0.279144961012265, -0.014011252276807232, 1.7770309821083383, 2.5361760005090335, -0.0580706242845296
-0.41926156563914063, -0.2789997280987638, -0.011654898382634025, 1.7784660117575966, 2.538188947169174, -0.0686153482781208
-0.4192308573716145, -0.27899188883678433, -0.011593425705212379, 1.7785400213441216, 2.5379506028142034, -0.06870616184660452
-0.41921268621783414, -0.27898900123197057, -0.011629979198998615, 1.7783067261065855, 2.538245266805315, -0.06838450140435473
-0.41903303144654885, -0.279025185371873, -0.011710504942272652, 1.777711193356158, 2.5381356555487677, -0.06580342893265578
-0.4190658795665333, -0.27892563068969023, -0.01185399857151042, 1.7774308526057232, 2.5380059394307084, -0.05741216625925747
-0.4192327057071421, -0.2788138432801326, -0.011938706783470879, 1.7779849571826065, 2.537860995185255, -0.048136606451759906
-0.41928475096437917, -0.2786255823322977, -0.012019817170400349, 1.7798428052424082, 2.5396717132934192, -0.041473612336237586
-0.4192802153724213, -0.2787200217155853, -0.011971380642741614, 1.7813171809596917, 2.543585970367634, -0.03955189523184357
-0.4191789098969409, -0.27892195261146185, -0.011897872096745518, 1.7818077382042512, 2.5452711332632583, -0.03870965873376423
-0.4191727860245108, -0.27893527647678845, -0.01191758093324196, 1.7809420566174037, 2.5440239445942763, -0.03416579243737837
-0.41925076851244353, -0.27908144658996303, -0.01181255856277369, 1.7789358792851386, 2.5408694402805376, -0.029060731330454805
-0.4194267302832686, -0.27923732927799405, -0.011604423438660035, 1.7768293416413756, 2.5370676808271293, -0.025120948692749112
-0.4194709511654686, -0.27910983098681846, -0.011574856746124476, 1.7751379774024387, 2.5328345918185664, -0.022874137331953266
-0.4194456806918096, -0.27916107459798684, -0.011509860289780176, 1.7736255906046492, 2.5297196296708058, -0.024881683328949532
-0.41956569815008754, -0.27892504065861906, -0.01156735941122173, 1.7728250446800131, 2.527409810952469, -0.026352661065001698
-0.41959735887966176, -0.2788545522023206, -0.011596886547440642, 1.7728487324492483, 2.5272223756368746, -0.030379469121366288
-0.419560265593065, -0.2787054484871997, -0.011723651269282709, 1.7734188861033002, 2.528195657485563, -0.034893923131800654
-0.41963006881421155, -0.27849868427488916, -0.011826496121721285, 1.7756361555698916, 2.5310655311540957, -0.03728695407881768
-0.41953690094457724, -0.2788166877663668, -0.01180745277484202, 1.7772185794364892, 2.535432668930132, -0.040499368832160064
-0.4194702970725892, -0.27876451932831076, -0.011926302792524615, 1.7779710889574591, 2.537288182783806, -0.041206347406921764
-0.4195827552940413, -0.27856012426645654, -0.012308304910604535, 1.7786901011361653, 2.5381039353309833, -0.0389247409696893
-0.41963251942469404, -0.27839273710773005, -0.014945170317523598, 1.7786897443956162, 2.538010755486617, -0.029024403560517456
-0.41986401826324465, -0.2785138406453572, -0.018134190055770744, 1.7795884361059073, 2.5386855926079397, -0.019715389061437882
-0.41990503098751425, -0.27861850253939685, -0.02163972482612085, 1.780412522835411, 2.539257371643619, -0.011468077430212383
-0.42000267051527235, -0.2786373271652781, -0.024897299052961203, 1.7818914073592067, 2.5391942312283495, -0.009705061094669216
-0.41974948072468904, -0.27875193006417415, -0.027800879234830093, 1.7802256376120138, 2.54149787794792, -0.014112848593161734
-0.4193662634929184, -0.27908464486645107, -0.03060975626661344, 1.7779733776038473, 2.545315405968071, -0.021658507780925665
-0.4191445286057856, -0.27892661293566967, -0.03363279675272786, 1.782297587860577, 2.548566228958867, -0.026705374806876573
-0.41898226324614707, -0.2789735570498286, -0.03665102347650044, 1.788612823895239, 2.5538686310963308, -0.028863246150440728
-0.41895271636093095, -0.2793794227402253, -0.0396416871160697, 1.7946292483279762, 2.5598058358261158, -0.027797509036479165
-0.4188222786784086, -0.2795649450078678, -0.043095298332013296, 1.798413493406985, 2.5635223709747224, -0.02114297420604613
-0.4189152425620605, -0.2796224730178532, -0.04655420853191626, 1.798629774862065, 2.564000207471485, -0.012063643977675105
-0.4189470553780201, -0.27977866750645225, -0.049961313366066795, 1.7967283507288803, 2.5613959946986995, -0.0026558096710130458
-0.4191795956429368, -0.2798345371788975, -0.05283565685595611, 1.7941100255676212, 2.5560198714917126, 0.0031194554246424784
-0.41935703418615744, -0.27959319160083534, -0.05362140043698742, 1.7938631085928594, 2.5510083113016915, -0.0023147629705135902
-0.41934047402512903, -0.279380095393807, -0.05367565984885778, 1.7947151412706155, 2.5487678485981813, -0.013519760758458527
-0.41928626506478056, -0.2792032345523864, -0.053827748817039014, 1.797365714260482, 2.5493370277424203, -0.026352434349108115
-0.4191091626518219, -0.27908880477171394, -0.05402325798206892, 1.800950022216791, 2.552284666807644, -0.03612756611642161
-0.41889499179806616, -0.27922269318359777, -0.05404670957087216, 1.8037118557465648, 2.5571404203875896, -0.04251925479148725
-0.41897445091278623, -0.2793758393801171, -0.05394029554748565, 1.8053256424871988, 2.560280953398099, -0.045308761414884005
-0.4190162209058085, -0.279305823395592, -0.05395772340574106, 1.8057987147856835, 2.560406676810218, -0.04463384797355356
-0.41890349382604813, -0.27942233844848496, -0.05399576181794003, 1.8044382308337732, 2.559246524327191, -0.04252794696978684
-0.4189638681066942, -0.27944472601794806, -0.05400431419139998, 1.8030831108846972, 2.5566061175044252, -0.03975823047343235
-0.4190463731088194, -0.2793985635411383, -0.05401887406415261, 1.8014918186430366, 2.5532678813872267, -0.03670271067798782
-0.4191204442942249, -0.27929398183319304, -0.05406629860943095, 1.800548253809839, 2.5509801841799984, -0.034094263335383346
-0.41911080962552083, -0.27914761065128907, -0.054201953648742474, 1.8006178884457906, 2.5502234254416534, -0.031763299289942495
-0.41912169390325826, -0.27921793648382903, -0.05415428076566253, 1.8004083143399447, 2.5501662859567973, -0.0321820741972385
-0.419132622142818, -0.27924402533056275, -0.054129636636538705, 1.8004030901293133, 2.5500986172763116, -0.03234616983543778
-0.4191286077150235, -0.27923503697588037, -0.05414648694528347, 1.8004259401043354, 2.5500948619702366, -0.03219309373845916
-0.419141643843668, -0.27924364654751327, -0.05413340913459719, 1.8004429664273478, 2.5501198167801875, -0.03226098477146662
-0.4191526357605326, -0.2792449156075797, -0.0541360210877562, 1.8003656404570165, 2.5501406944692864, -0.03234535299936792
-0.419156823685225, -0.2792469137152312, -0.0541200486909356, 1.800235468861565, 2.550247853708097, -0.03234427272484233
-0.41916227058296246, -0.2792723678524146, -0.054119044500097364, 1.800276351117462, 2.550211728781083, -0.03241939600595961
-0.4191539666352195, -0.2792687537145044, -0.05412476402214544, 1.8001063098668586, 2.5502938262574673, -0.032335055950169875
-0.4191679322790405, -0.27928670453210086, -0.05412259673352083, 1.8002003341105284, 2.5502658250938075, -0.03242071178529886
-0.4192149550211966, -0.27930598748053864, -0.05409708032654195, 1.800166814736508, 2.5503810918216168, -0.032573745862422954
-0.41924359029632485, -0.27930502077224345, -0.05409205620133695, 1.8002769704780248, 2.550437327265238, -0.03258537251695908
-0.4192394297867485, -0.2793055671051607, -0.05408332406673795, 1.8004768960460873, 2.550267422232543, -0.032606860418773954
-0.4192489365900381, -0.2793081001937987, -0.054089026021884756, 1.8003608227703614, 2.55039392648062, -0.03259997766781764
-0.4192342727561305, -0.2793088707319352, -0.054095458507667914, 1.8002908742669568, 2.5503920764158434, -0.03253511563669557
-0.41925421453616335, -0.2793051880923125, -0.054083451460594886, 1.8004208537849795, 2.5503489907535113, -0.032582001745960425
-0.41926980632148675, -0.27932491708803237, -0.05407124978048745, 1.8004834480307552, 2.550340908923169, -0.03264899792251576
-0.4192669928278128, -0.2793146565005338, -0.054076758539164806, 1.8002890251260877, 2.5505176145638444, -0.03258777811009483
-0.4192696658430293, -0.27932966028326256, -0.05406889674551254, 1.8002885561172628, 2.550455351225824, -0.03269299992337914
-0.41928628813905794, -0.27934203779045297, -0.05405896795699038, 1.8003192348690258, 2.5504663290451304, -0.03272468431500685
-0.41928100478743496, -0.2793438855662423, -0.05406417880562926, 1.8001166821205619, 2.5505699173799354, -0.032754606338219784
-0.419278672306702, -0.2793477648955684, -0.05405861273969262, 1.8001350264281222, 2.55046761755308, -0.03275230618252271
-0.41928272345970297, -0.27936159755484646, -0.05406801660315459, 1.8001868994856758, 2.550475858988343, -0.032760189233571824
-0.4192955208575203, -0.2793480420582435, -0.054062076311076304, 1.800246201504192, 2.550493944311527, -0.032768312016994844
-0.41929780859779786, -0.2793689245420627, -0.054066056938711166, 1.8001899469766232, 2.55057686701352, -0.03275953685263656
-0.41930436188306863, -0.27936211929557303, -0.05404919739593577, 1.8001730868946308, 2.5505213132605817, -0.03281232218237225
-0.4193101867094524, -0.27939137232346545, -0.05404137842778926, 1.8000283434861961, 2.5505451244201347, -0.03290410697557406
-0.4193296911221929, -0.27940943631441045, -0.05402928623651528, 1.8001615749204765, 2.5505732910604855, -0.03295394710080189
-0.41935193835334666, -0.27939680535667155, -0.05402927670626871, 1.800328298776293, 2.5505151818430236, -0.032960331482756525
-0.41937268693452145, -0.279431679441128, -0.05400309803224716, 1.8002612842128802, 2.5505538781270922, -0.03315123853938936
-0.4193850319188976, -0.2794703211396382, -0.053995479198923356, 1.7998956369495487, 2.550719274155686, -0.033230045116100455
-0.41941620183070555, -0.2794660231311482, -0.053995644497335786, 1.8002401746660168, 2.5505891507727716, -0.03320447089764178
-0.4194110911572351, -0.2794813718061179, -0.05399695702400953, 1.7999938640081616, 2.5506949397237677, -0.03324005634144524
-0.41946064541628125, -0.27949155920608215, -0.053957845855659166, 1.8001900794333379, 2.5506186276068448, -0.03341588265365198
-0.4194473365043209, -0.2795228025855382, -0.05396925692095884, 1.800165859592742, 2.5506179783893206, -0.033398666083587214
-0.41944111389354427, -0.27949923768265067, -0.05399416018005065, 1.8001769620483266, 2.550598795954011, -0.03328874571604488
-0.41945502631271314, -0.2795283306909056, -0.05403139799083708, 1.8000273493442562, 2.5507073735741694, -0.03317511910107575
-0.4195079780649614, -0.27956603681419573, -0.05401925985156249, 1.8000999884154425, 2.5506848856085442, -0.03343492024137997
-0.41954367057622394, -0.27956024632870513, -0.054020306397491995, 1.8003021246536193, 2.550740086217214, -0.03335635891029582
-0.41954394954183943, -0.2795640578289941, -0.05401922380071101, 1.8004385003584067, 2.550673385530946, -0.03336719135940046
-0.41955143254158367, -0.27958656500292334, -0.0540120749864471, 1.8002032801483705, 2.5507643343221615, -0.03347881471317168
-0.41953125246589595, -0.27957291433132175, -0.05402733412325484, 1.8004521805063836, 2.550627685839287, -0.03331663071851187
-0.419524726345777, -0.2795686002961504, -0.05403623446970879, 1.8004284540114432, 2.5506261074659475, -0.03328286170232615
-0.4195455930270608, -0.27956222530754576, -0.05402884380684629, 1.8003927344079205, 2.550673355810343, -0.03333758152355658
-0.419528022845794, -0.2795682541175216, -0.05403853976894308, 1.8002644347315948, 2.5507189880626364, -0.03332755449366976
-0.4195604077851618, -0.27959331705203616, -0.05402932273512533, 1.8005890667837998, 2.550594021712176, -0.033359860132797445
-0.4195613752881572, -0.27957606086871845, -0.05407824417653374, 1.8005635012529944, 2.550555789409473, -0.0332391414764694
-0.41954985899085634, -0.2795833147234572, -0.054119571722309245, 1.8005240903900577, 2.5505636315717317, -0.03318551476721486
-0.41956826657485097, -0.27958169189733484, -0.05414412849821332, 1.8005552809216234, 2.5506043124626587, -0.03308027994728645
-0.4195628049191831, -0.2796016579990326, -0.054164208570265424, 1.8003681273501655, 2.5506320541066065, -0.03306405532999281
-0.4195873231820363, -0.27963459102742977, -0.05417376890512461, 1.8003687309304124, 2.5506996294913766, -0.033143437896307096
-0.4196000941763192, -0.2796304819573647, -0.05416523889544881, 1.8004000803748164, 2.550677441162155, -0.03314388330072359
-0.41959608604756743, -0.2796631689245668, -0.05417271228878281, 1.8004368540546276, 2.550633128398108, -0.03312711611483629
-0.41961687092018113, -0.2796334614104489, -0.054182536657614154, 1.8003301526115334, 2.5507073528337396, -0.03309377276826988
-0.41961432980691354, -0.2796452959306143, -0.05418071085392083, 1.800336967769791, 2.550716312671926, -0.033089447696235626
-0.41960390237547024, -0.2796383208552861, -0.054196483383557745, 1.8001170027811308, 2.5507931376068713, -0.03303272623775691
-0.4196201849836666, -0.2796283857988274, -0.054191951219399896, 1.800209103453061, 2.5507945804359005, -0.03309553893480191
-0.4196079395206928, -0.2796448899026339, -0.0542065213457975, 1.8001117628604633, 2.5507866953079534, -0.03307234364231532
-0.4195935656720791, -0.2796310613646874, -0.05421817644464645, 1.8002347657805982, 2.5507320941011353, -0.03297004221769938
-0.4196144043716417, -0.2796477661084643, -0.054214508224958165, 1.8004336680821342, 2.550624873069098, -0.03301808963253693
-0.4196319036884867, -0.27965496016694497, -0.05419905300152668, 1.8002933235219303, 2.5507524409450486, -0.03312781984910479
-0.4196327009025501, -0.2796544064133591, -0.054189507458165004, 1.80055081036324, 2.5506300640883692, -0.03314932211035607
-0.4196439896690233, -0.2796453263840038, -0.054202997818258235, 1.8006307074539847, 2.5506442021903335, -0.03311636068989978
-0.4196504743291817, -0.27963629569165077, -0.05419993162867421, 1.8004971627918527, 2.550777518474505, -0.03305551027649147
-0.41964802716678223, -0.2796433402253095, -0.054200504747173785, 1.8004859083524898, 2.5508244095972854, -0.03300902278974649
-0.419655701800011, -0.2796512320210999, -0.054198611463188995, 1.8003674822359723, 2.550917625400082, -0.03308477658286849
-0.4196552680988971, -0.27964089841631345, -0.05421241516093315, 1.8005764701894575, 2.550822563385985, -0.033034265324780585
-0.4196387865316389, -0.2796373446717743, -0.05422574538135053, 1.8003313112752888, 2.5509605402477487, -0.03296795882617068
-0.4196631103020372, -0.2796713276706073, -0.05422410924979487, 1.8004263456327183, 2.5509044811609285, -0.03307767745196731
-0.41964471410093496, -0.2796423055664509, -0.05430770000480876, 1.8006695620525646, 2.5507548762429746, -0.03274822559258721
-0.41965246439721654, -0.2796390139315522, -0.05432453642029408, 1.8006166039713272, 2.5508081083539134, -0.03274711392571764
-0.4196765553149019, -0.27962511005097607, -0.05431376364002544, 1.8006477849048301, 2.5508199669388985, -0.032779490632317575
-0.4196797796232913, -0.27964187454669626, -0.054312538950052475, 1.800466448476261, 2.5509201575986524, -0.03278763695886328
-0.4196688009222352, -0.27964486522743753, -0.05433129141987257, 1.800411034705459, 2.550970059810342, -0.03274639028884404
-0.4196735986234509, -0.27966096721039574, -0.05431924154748115, 1.8003303555451167, 2.551018728506944, -0.03280506354867157
-0.4197021855611941, -0.27967465534759767, -0.05430887322691669, 1.8004904923015121, 2.5509540649392006, -0.032851951184282996
-0.41967586665117745, -0.27966209636828787, -0.05432807876653425, 1.8000032151381775, 2.551203315457165, -0.032763190875004594
-0.4197001354587248, -0.2796749210354364, -0.054313302021379815, 1.800105247048558, 2.5512193986870364, -0.03289459144198762
-0.41969653371582116, -0.27967619150073275, -0.054325782715909016, 1.8001321803956807, 2.5511584607547575, -0.03278943503395237
-0.4197038485382768, -0.2796874746787124, -0.05432437934726281, 1.8000713121879395, 2.5512350204326806, -0.03282176660814958
-0.41970383106687664, -0.27966882203492166, -0.0544011404525556, 1.8000151491760856, 2.551310377673734, -0.032588979271455494
-0.4197031666762885, -0.279681679375482, -0.0544236115103021, 1.8001231212339106, 2.5513011982329803, -0.03253503236001916
-0.4197274854014522, -0.2796884333620699, -0.05442608464074438, 1.7999821046287525, 2.5513590184885153, -0.03254622290938658
-0.41973502203274854, -0.2796828800704394, -0.05443012068302635, 1.8000257654829794, 2.551355162264542, -0.032522071137366264
-0.4197223802384709, -0.2797005810069318, -0.05443004359732521, 1.8000558947781573, 2.551303530402545, -0.03252621030234864
-0.41975091463610215, -0.27972025845918447, -0.05443654610158776, 1.800103212913764, 2.5513384769339584, -0.0326072453368793
-0.4197667061342026, -0.27971676980274224, -0.05442037866626268, 1.8000082670092035, 2.5514295850090067, -0.032680739848210516
-0.419773690086612, -0.27971811316586753, -0.05440818368234439, 1.79996994513967, 2.5514401912702214, -0.0326660212417548
-0.4197763853153316, -0.27972330596673395, -0.05441951412133415, 1.7998573924104466, 2.5515083591322427, -0.032687767771991914
-0.4197661256774508, -0.2797273244075012, -0.054428950253679484, 1.799602054497695, 2.5516967124431074, -0.03261286014365527
-0.41979295397314476, -0.2797453544429558, -0.054407755126855015, 1.7998172156861798, 2.5516130229781955, -0.03271044526279507
-0.41978117260878217, -0.27973311590022515, -0.05442679849668744, 1.7998742523008122, 2.551562275422358, -0.03261766266666144
-0.4198057050483352, -0.2797575508893502, -0.05440444180168724, 1.7999069413168027, 2.551610868818885, -0.03273542953441988
-0.4197913507431417, -0.2797704759147043, -0.05441114724491165, 1.799580678096129, 2.5518288500381443, -0.032740201247657696
-0.4198329724941741, -0.27973913444537324, -0.054418901362636135, 1.7999728051210617, 2.55163602710656, -0.0327036700531364
-0.41981958855719936, -0.2797680524123417, -0.05443545753036286, 1.7995564325034639, 2.5518246337801544, -0.03267107944720374
-0.4198388464091286, -0.2797401762223708, -0.05450209563276787, 1.79994743985554, 2.551659620675141, -0.032475761452072725
-0.41984088983430173, -0.27976409822153325, -0.05450809933166828, 1.799843812319644, 2.551708214273343, -0.03251866011542762
-0.4198550967844263, -0.2797461722248063, -0.054524782208394434, 1.7999505814676446, 2.551661707158254, -0.03238052695607096
-0.41985831840789206, -0.2797629375689876, -0.054523562433857864, 1.7998605203920433, 2.5516965202646444, -0.03238760148654143
-0.4198845497446639, -0.27979614385694734, -0.054522631835558666, 1.7999011671703067, 2.5516897467243846, -0.03245766294808255
-0.4198694728630589, -0.27980243425312623, -0.054582508158931245, 1.7997727776690775, 2.5517320284612466, -0.03227903766163484
-0.4198901495926696, -0.27978609182502867, -0.05462858626560185, 1.7995723750176629, 2.5518335885107515, -0.03215833828589356
-0.4199067035202628, -0.2798263098859354, -0.05463876317470613, 1.7996127467478584, 2.551826754965805, -0.032228369611398765
-0.41989358508519964, -0.2798337405893712, -0.05465941976004163, 1.7997108755650626, 2.55177035782183, -0.0320909227203467
-0.419896342788804, -0.27982767949174775, -0.054694209388175014, 1.7994512048866897, 2.55195076726055, -0.03203822418922338
-0.41988398073602695, -0.2798187402948998, -0.054744270486358146, 1.799698235051929, 2.551778615185174, -0.03180687857189259
-0.4198767892048892, -0.27979505557807766, -0.054802659151391, 1.7993768713734715, 2.551935530355913, -0.03167470129741801
-0.4198707342035037, -0.27979604438055494, -0.05482694248557852, 1.7994452688704081, 2.551932069949407, -0.03155073479008386
-0.41988200702748746, -0.2798101241418351, -0.054831715308891624, 1.7992739751291607, 2.552046417638844, -0.031611467571430275
-0.4198736365437396, -0.2798039022703796, -0.05485771657853814, 1.7991709727792744, 2.5520932215355576, -0.031504239324028134
-0.41988050543264666, -0.2797815876450946, -0.05488278731615548, 1.7994150440877286, 2.551982262716888, -0.03139521132988871
-0.41989771765373696, -0.2797799686502033, -0.05491539935179747, 1.7995273972067882, 2.551913436963542, -0.03135490581942435
-0.41984028612302066, -0.27977155412474747, -0.05497722956693556, 1.7994360928768585, 2.551845543753527, -0.031096344038748235
-0.4198519692479989, -0.27976772098051234, -0.05500046320998492, 1.7993612433031414, 2.5519304353746577, -0.030977997370308735
-0.41983910332844987, -0.27975557838904513, -0.05505130185882817, 1.79940370414251, 2.5519213236054514, -0.030764604045352497
-0.4198336653968287, -0.2797292850772355, -0.05509718849380254, 1.7991385536106477, 2.552060121155159, -0.03057107099988121
-0.41982834268248614, -0.2797506319560874, -0.055127870503408706, 1.7992339682150595, 2.552032961156053, -0.03054082402624638
-0.4198410516661259, -0.2797672512673999, -0.055156373248173914, 1.7989092893048264, 2.552188513685902, -0.030522175926401624
