-0.340005719954421, -0.11397585440254289, 0.44699642807444295, 2.687079501952463, 1.394943867146916, 0.061106113531813125
-0.3400065213890764, -0.11399648625421524, 0.44700133302132955, 2.687025356617659, 1.3950413879202166, 0.061054389916196904
-0.34001073984506985, -0.11399445100209658, 0.44700659615899474, 2.6870177375454243, 1.3950570575005758, 0.061069240339555034
-0.3400102273408285, -0.11399031678978032, 0.4469894557931483, 2.6870371552006436, 1.395002162507465, 0.06112610883782412
-0.34001207141523965, -0.11398404853441128, 0.4470129521456802, 2.6870485837566416, 1.3950150209990013, 0.06101164259541164
-0.3400105733141736, -0.11399553306494595, 0.447002066309002, 2.6870073136096844, 1.3950512343676862, 0.061071310564177674
-0.33999609049855173, -0.11397272271764482, 0.447004032463778, 2.687012051673201, 1.3949912557802673, 0.06108960048333112
-0.33999989995653795, -0.11398069202071867, 0.44700057316675035, 2.6870376746614455, 1.3950464793791384, 0.061083358775243436
-0.34001150067674174, -0.11399243353415058, 0.44698326386691556, 2.687031242642858, 1.39499558219314, 0.06118195036238994
-0.3400036298081167, -0.1139969572671151, 0.4469851508613794, 2.687033465451668, 1.394995701696483, 0.06120402345775354
-0.3400091258815442, -0.11398836946745883, 0.4469871277861552, 2.6870506206858917, 1.3950073731905612, 0.06115988373071828
-0.34000804715014976, -0.11398226240039104, 0.4469891897960733, 2.687037805236349, 1.3949208437253633, 0.061114386021839315
-0.34000718509897193, -0.1139907754915164, 0.44699458894505534, 2.6870554776185873, 1.3950142701995478, 0.06108746223361972
-0.3400057657540137, -0.1139872037867915, 0.4469926119005475, 2.687054085764469, 1.3949703214759628, 0.061127476582656354
-0.34001085540350673, -0.11398068447192634, 0.4469812625287666, 2.687041023095783, 1.3950007078176092, 0.06117645435824281
-0.3400473114697383, -0.11401691664851676, 0.44408504425483014, 2.6871229458027357, 1.3950084977004968, 0.06166071469037096
-0.3401683774601674, -0.1140941134871119, 0.4391998924679029, 2.6872173073707963, 1.3949681959299418, 0.06163418087477438
-0.3402314877079589, -0.1141237935982898, 0.43425592508216837, 2.6872224718108626, 1.3949935544844891, 0.06140623832577588
-0.34024120376909706, -0.11412157440459035, 0.4291461445259115, 2.687409436670265, 1.3948866567215614, 0.061903008668257244
-0.340256800365214, -0.11413672778089189, 0.424151365932996, 2.6874225179205014, 1.3949791510335718, 0.062018834700532176
-0.340274293747264, -0.11413253266507305, 0.4189739415074927, 2.6874834518807, 1.3950020683004332, 0.06225452649739201
-0.34031652887373987, -0.11416335250937645, 0.41402062475227164, 2.6876099255114982, 1.3949323543829402, 0.06234140355832668
-0.3403235581319708, -0.1141529134429352, 0.4089567577941891, 2.687750450346547, 1.3948809952201469, 0.06254475925767655
-0.3403081019460042, -0.1141382727658082, 0.40409440053043494, 2.6876562004826563, 1.3949444013635446, 0.06225311002756916
-0.34029421714802055, -0.11411749534781745, 0.4022453453026634, 2.687536770110399, 1.3949903412928095, 0.05759598181252982
-0.3403153651727413, -0.11404852620357674, 0.4039076371205006, 2.687708199136218, 1.394898386594665, 0.04911100765800832
-0.3404115454502766, -0.11398771538302033, 0.40799037985144304, 2.687963670676623, 1.3949540532889284, 0.03769547130616891
-0.34055593463266626, -0.11398657454024122, 0.41266207886766315, 2.6880801827500322, 1.3949534024132955, 0.024539903148955246
-0.34069723648344075, -0.11398934266128569, 0.4162862733561105, 2.6882623627593234, 1.394552154098121, 0.01367018304777147
-0.34077626012622836, -0.11398308849207625, 0.41834642196686456, 2.6883018363662874, 1.3946625486911641, 0.004924787570120737
-0.3408462834060406, -0.11395926556977148, 0.4186941346082944, 2.6882942679438475, 1.3946342687403703, -0.0015182192534259344
-0.3408810054668312, -0.11394953774517455, 0.41782611651474505, 2.6880943143865417, 1.3944348840531144, -0.0068307375367527194
-0.3408941976826052, -0.11394547837848293, 0.41604980023714927, 2.68787090190796, 1.3943653220675518, -0.011057859259248437
-0.34091652544651363, -0.11393308309395975, 0.4135467321175115, 2.6878643764950887, 1.3944397738871552, -0.01407997558934991
-0.3409622821247897, -0.11393365414067286, 0.410514084333656, 2.6881477342617077, 1.3940133213300767, -0.017075169936572408
-0.3409703427792685, -0.11393110918689572, 0.4056753198110238, 2.6881610321149116, 1.3942092253288083, -0.017232102680232668
-0.3409290517433959, -0.11387585585625631, 0.400710842431072, 2.688201774806929, 1.3942816178408721, -0.017511903125581017
-0.3408735391710045, -0.11382386411280651, 0.39581833552607587, 2.6882289271089066, 1.3942591821237276, -0.017992186514206917
-0.34084998733280586, -0.11382052837572612, 0.3909373516011806, 2.6881963414915226, 1.3943607807759317, -0.01830500901681557
-0.34085873521598614, -0.11381136644260716, 0.38583721838594776, 2.6881938930922287, 1.3944383315900604, -0.018775341141397468
-0.3408428625494034, -0.11377280772976923, 0.38090871195103804, 2.688365670784562, 1.3942874607835425, -0.018934235131294344
-0.340807584250495, -0.11371839675515608, 0.377162318324676, 2.6883295766530573, 1.3944729024190856, -0.020712380949839987
-0.3408040726709791, -0.11366836678055495, 0.37432910559045857, 2.6883650307358558, 1.3944343982555694, -0.023661094347281787
-0.34080402039437224, -0.11365043530563697, 0.3721062933948656, 2.688434459300378, 1.3942491821480996, -0.027477872417841973
-0.34081128331377536, -0.11362921742791886, 0.3701616621879767, 2.688398698583256, 1.3941898309593925, -0.03146440278284426
-0.34084296245333195, -0.11358798807044669, 0.3684819689961166, 2.68845174438075, 1.394185614855065, -0.03605129007099294
-0.34088250496733596, -0.11354993742960827, 0.3666345850972226, 2.688679762901974, 1.3940277858673094, -0.0404411014439259
-0.3408785346499892, -0.11351900228361896, 0.36440342523943525, 2.688658641107935, 1.3939917807232456, -0.04420143433212693
-0.34084743878922186, -0.11346137692265375, 0.3621085723787232, 2.6886605717206518, 1.3938785328665781, -0.047829589338058524
-0.3408306256368877, -0.11341097703038738, 0.35960707668929937, 2.6887168905327434, 1.393770805557417, -0.05119416469739925
-0.3408221674300088, -0.11337836139800239, 0.35687388159494093, 2.6887893221509507, 1.3935639503340282, -0.054142958418861305
-0.34082548825367015, -0.11333893763106503, 0.35395593306509116, 2.688864736989765, 1.39358872102478, -0.05701881296035781
-0.3408246608102891, -0.11330301871511961, 0.3509081334377911, 2.6888717211605497, 1.3934454103448985, -0.06004519295426145
-0.3408454082126949, -0.11330272796895481, 0.34656495021309336, 2.6889506634948015, 1.3933583298228671, -0.060815730245239924
-0.34083462797544034, -0.11328811191147932, 0.3414132989390331, 2.689158513074381, 1.393305027282234, -0.06014445022928322
-0.3408881398603331, -0.11330145994225974, 0.3364064097810974, 2.6891765727482544, 1.3934304138952422, -0.06000650022950516
-0.3409183075818667, -0.11331732659245841, 0.33146539813522863, 2.6893147524814793, 1.3933691846239737, -0.060181118381301704
-0.34093336356734405, -0.11331911303319096, 0.3263542981216477, 2.6894761819542428, 1.3931989197165418, -0.06043933364943992
-0.3409290665921119, -0.11329651720248735, 0.3214207901854864, 2.6896657778887088, 1.393039533372124, -0.060521836824751
-0.3409293657324664, -0.11328176124841602, 0.3163582117586268, 2.6897598468513615, 1.3931407804986333, -0.060350617435287766
-0.3409212294014703, -0.11326336144337457, 0.3113079266377156, 2.689806767936229, 1.3933159557291488, -0.060053004004668994
-0.3409568185088393, -0.11327614945318285, 0.30646041228790355, 2.689759756779794, 1.3934337482561185, -0.060665048397120024
-0.34097979168689607, -0.11327756989385893, 0.3015090171353468, 2.6898381082205645, 1.3934671556519391, -0.06082967371913129
-0.3409598733782476, -0.11324135286189024, 0.2963850206117322, 2.6900275185827143, 1.3934993199152141, -0.06033609712977507
-0.34094793481959806, -0.1132142359040323, 0.2914440200784295, 2.6901600484507355, 1.3935029196545683, -0.06054026406111517
-0.34099428455412595, -0.1132161745784624, 0.28649264914562483, 2.6902251007335964, 1.3935908073730585, -0.06065930885519224
-0.3409840545918337, -0.11321188159971261, 0.2815848265413766, 2.6900982362986428, 1.3939227891897115, -0.06100889455677296
-0.3409894912918583, -0.11318967248393193, 0.27664718509174396, 2.69021138635626, 1.3939001982640458, -0.06120955894599683
-0.3409295349356436, -0.1131416852704239, 0.2715348746983123, 2.690234805168188, 1.394239408193165, -0.06066980265605764
-0.340909668243508, -0.11309438264479937, 0.2663229576664426, 2.690438864253101, 1.3941436170861994, -0.06062029269918687
-0.3409523564004886, -0.11312271325102098, 0.26145033374334137, 2.690383728347926, 1.3944820174029273, -0.0607429537529443
-0.3409832472113471, -0.11312466641180992, 0.25659971694674216, 2.6904801326384233, 1.3943902530765617, -0.06120197174788861
-0.3409584792227902, -0.11308152467991435, 0.25156050773246097, 2.690728181667109, 1.3943128721390363, -0.06093595474189815
-0.34091583636928713, -0.11302409390570115, 0.24654857459802493, 2.6907486441773334, 1.3945790945341985, -0.06083239132886751
-0.3409242867073629, -0.11302488181099313, 0.24162323296386773, 2.6908821224228454, 1.3945274412151956, -0.060857203142449245
-0.3409440719332502, -0.11302333799304831, 0.2367282279528171, 2.6909594186623336, 1.3946430760652848, -0.06113654843320661
-0.34092177966396425, -0.11299954348469532, 0.23351501640849606, 2.6907891609003873, 1.394940506022641, -0.0635070534861259
-0.3409331421682597, -0.11296220278148338, 0.23103021592701303, 2.6908152585571568, 1.3947027014748914, -0.06711026915879201
-0.3409723271116763, -0.112929462451409, 0.2289199820345495, 2.6907945031079445, 1.3947702700285236, -0.0711939532471763
-0.3409688243026744, -0.1128788673683225, 0.22701032561635087, 2.6908066709926013, 1.3947503025784729, -0.07557778191036543
-0.34098209634455906, -0.11280554434838269, 0.22538418367903093, 2.6910625939217714, 1.3946992387937325, -0.08029918669387359
-0.340966788895421, -0.11271994026832123, 0.22388068389499396, 2.691220072693024, 1.3947127295068626, -0.08523453354726555
-0.340931997760893, -0.11262926242954259, 0.22249368569735867, 2.691291255554218, 1.3945859299242829, -0.09013855205721248
-0.34091678024379696, -0.11254063287249287, 0.2211452616425451, 2.691443851885193, 1.394585634282487, -0.09489500091104933
-0.34092316335738715, -0.11251743449092363, 0.2198768858319048, 2.6915051340725804, 1.3941642309981193, -0.10003989963216768
-0.3409559215090955, -0.11246069062856338, 0.2186770620080996, 2.6915408008659596, 1.3940968695134226, -0.10547183347673127
-0.3409632519299383, -0.11238178475742835, 0.21757360025977351, 2.691673885693637, 1.3939415203543142, -0.11118631204779703
-0.3409862885393329, -0.11231399364443401, 0.21651774397109824, 2.69179822821843, 1.3937612923096243, -0.11695277313005456
-0.3410221605277576, -0.11226604892772377, 0.2152906003901795, 2.691903877401838, 1.3936700026903588, -0.12237965539348673
-0.34102896921009324, -0.11220645772556868, 0.2136910435563355, 2.6919898797574136, 1.3935769681568635, -0.12719517621859022
-0.34103317135283745, -0.11215802620005999, 0.21177406499421256, 2.691965202598322, 1.3932262796976493, -0.1317885135683748
-0.34103553505992773, -0.11208277357667702, 0.20979528166451197, 2.692128838968303, 1.392967097104763, -0.13632542328435468
-0.3410097289205479, -0.112019554958197, 0.20759399103941373, 2.69229012371118, 1.392637392108073, -0.14014247454269174
-0.34102037213721725, -0.11195196502378572, 0.20530526002603555, 2.6925840422885847, 1.3922969812663324, -0.14384574591152788
-0.34102182422690375, -0.11191452694553643, 0.20315025301986445, 2.6924149479675545, 1.3922350340747547, -0.14806993516176864
-0.34101362192461093, -0.11186342952523262, 0.20098467141164142, 2.6924429055577086, 1.3920067487749388, -0.1519935656846371
-0.34101460435917935, -0.11179263281670425, 0.19888596420329918, 2.692734830736284, 1.3918440281328825, -0.15587287711438438
-0.341007077312618, -0.11173469775257314, 0.19689750965157865, 2.6925479409015622, 1.3919006226696737, -0.16041471567503324
-0.34099637460344717, -0.11167525314680364, 0.19466044464119742, 2.6925369800079224, 1.3916876578613124, -0.16421164470649394
-0.340984736950326, -0.1116134716344527, 0.19202284799288466, 2.6924291097239115, 1.3916302645384209, -0.1675534239173739
-0.3409895129780036, -0.11160198124863902, 0.18874013902209646, 2.69245076235788, 1.3917771404960722, -0.1698257590002865
-0.341069899867813, -0.11161889986807334, 0.18376512060946312, 2.692479120595084, 1.3917781669202403, -0.17040072500437245
-0.34104789850946854, -0.11159987940359009, 0.1788334327016636, 2.692483609304396, 1.3919731162231803, -0.17047043290595074
-0.3410005203887553, -0.11155386788648594, 0.1738164626835645, 2.692564371643665, 1.3919610529362496, -0.17030437820583344
-0.3409202878707763, -0.11147906593496577, 0.16943103198937162, 2.692598713087064, 1.391773383534243, -0.17101466238430477
-0.34094233888403275, -0.11144722267661432, 0.16672785061011386, 2.6925871837409567, 1.3917491894780474, -0.17455975134065474
-0.34095383641509436, -0.11137513495188453, 0.1655399744016887, 2.692670912804912, 1.391618643093344, -0.18006408638229138
-0.34098523823000615, -0.1112658259495097, 0.1659815358693012, 2.692921668150594, 1.3911888832731953, -0.18748652386706374
-0.34093932146711015, -0.11116721524178622, 0.1654630629647651, 2.6930558092078236, 1.3906553144062486, -0.19339286954118964
-0.3408958769310299, -0.11110719553817423, 0.16331562696737795, 2.6927492525431984, 1.3907213350953462, -0.19743591555641224
-0.340923195496161, -0.11106769553884527, 0.15975435059867044, 2.6929293919499853, 1.3905256657356517, -0.19961248825764794
-0.3409014556433878, -0.11098486471860503, 0.1559368234647075, 2.693244931007735, 1.390463380807344, -0.20122593929551819
-0.3409040734522968, -0.11092857153420037, 0.15308826468138426, 2.6933288108592737, 1.3905471606377946, -0.20413534665546298
-0.3408829591513054, -0.1108866014601107, 0.15053376038995106, 2.6932137917077275, 1.39022462239641, -0.2075645643856177
-0.34086112107441435, -0.11079741457176207, 0.14813479990711328, 2.693444019175169, 1.3899588336251452, -0.21121908545114296
-0.3408669597718933, -0.11077394604865246, 0.1464803021951831, 2.693070677837455, 1.3894283112810473, -0.21631493850441147
-0.3409572011156864, -0.11069790681541662, 0.14815737523397615, 2.693231801656011, 1.3887319969307954, -0.2266139668098693
-0.3409104221446696, -0.11049748889132419, 0.1546715134176792, 2.692792359781782, 1.3880025689639113, -0.24400653562688632
-0.34080380155653833, -0.1102333426069653, 0.1664952614782737, 2.692645218982232, 1.3873266099235464, -0.2686216828641523
-0.34048804155893636, -0.10989670334774954, 0.18330062937982122, 2.6923936615042785, 1.3881777562383717, -0.2992531821879264
-0.3402438876795172, -0.10968018634908176, 0.20378039901167347, 2.6914649203786327, 1.3893542860737125, -0.33614757696530645
-0.33981526963844033, -0.10941174591416038, 0.22380542857404498, 2.6901308613010615, 1.3908410526271997, -0.3719577342428673
-0.33944437076229833, -0.10923220096402764, 0.24424117651260258, 2.6880816838452124, 1.3923038917220507, -0.4097177460217638
-0.3389332849554434, -0.10885140016355074, 0.26499640834940286, 2.6856254146839578, 1.3928601234068914, -0.44890502924950904
-0.3386480485119672, -0.1083100095959354, 0.28718127264143345, 2.6830226438642164, 1.3904281777695964, -0.4901187429584325
-0.33833435675434703, -0.10768544902654578, 0.3101095213523912, 2.6789887907697065, 1.3864752981877133, -0.5313295043178278
-0.33789143880925115, -0.10701743949691972, 0.33341756730839056, 2.6737296082980313, 1.3822049725518117, -0.5743973315677205
-0.33731000172009246, -0.10624093628360651, 0.356907318472008, 2.6681187073742936, 1.3771351114670625, -0.6188021540655295
-0.3367246691703808, -0.10541627234811474, 0.3811518473401764, 2.6619839565501944, 1.370776525408783, -0.6659909664056831
-0.3360410171029153, -0.1044978327863759, 0.40544866719703276, 2.6550265990186404, 1.3635409437170576, -0.7140054778441056
-0.3352684693623563, -0.10352199457658488, 0.4313071247699363, 2.6462732216462648, 1.355084974482505, -0.7668156004153514
-0.3344422681283033, -0.10260844867113951, 0.45579336865517867, 2.636799446106025, 1.3463278716591058, -0.8186501003826254
-0.3336012128754975, -0.10184868621573874, 0.47915315240168466, 2.6266215962633637, 1.3382217909732501, -0.8701532328362727
-0.3330067010306301, -0.1014556431217837, 0.4980017745429497, 2.618280142974395, 1.3332924505845831, -0.914233078283112
-0.3324647289236893, -0.1011040120083121, 0.5093498788568112, 2.611257295441003, 1.3291432312181586, -0.9478956352500943
-0.3318163083451401, -0.10069244330360608, 0.5144369990384374, 2.605237068112604, 1.3257733655845914, -0.9727317585102556
-0.3313724437311547, -0.10037046645001435, 0.5165461795473234, 2.600540929978342, 1.322647865653963, -0.9916273320461355
-0.33092314023824565, -0.10006143606438192, 0.5184796964380056, 2.595387755813439, 1.3192736765064017, -1.0103768213727615
-0.3305244298132947, -0.09981003935847203, 0.520241395736586, 2.5904372709678523, 1.3163986894317892, -1.02823056261285
-0.3302194320080735, -0.09957724366553784, 0.5205092593048258, 2.586510551134352, 1.3136722336606947, -1.0427518903958175
-0.32987143627405785, -0.09930233721635671, 0.5194480784759257, 2.5831682224507104, 1.3113755922856436, -1.0537970251338344
-0.3295672623623705, -0.09908039006052666, 0.519782976763596, 2.5793583183302333, 1.3089969821031768, -1.0670507291077322
-0.3293073375967444, -0.09893009882976267, 0.525448230689531, 2.5738722326545376, 1.3070162127751035, -1.086378885499169
-0.32893174269172815, -0.09881827088523079, 0.5351030240439626, 2.566733332250581, 1.305159029019869, -1.1115916363537668
-0.32859319120508385, -0.09876552574320785, 0.5473627471169613, 2.5593130588714987, 1.3041694585642825, -1.140499778610599
-0.32821078903640893, -0.0987300229040447, 0.5614256684591888, 2.5507563465410104, 1.3036279503942083, -1.1727286233934782
-0.3276338611540092, -0.0984813320193459, 0.5771249609509937, 2.540983548944883, 1.3021394710759786, -1.2086529556933556
-0.3270944513361925, -0.09826453482682787, 0.5937180664336366, 2.53033954894048, 1.3005176139537842, -1.2464550638005796
-0.326506420495809, -0.09802384428133179, 0.6111349787766259, 2.5185713951655675, 1.2987708650198613, -1.2856080741836189
-0.325918359207504, -0.09785678650030809, 0.6292446348013876, 2.5056015812029844, 1.2966106839181262, -1.3263455773494575
-0.3252858117724721, -0.09766349916901229, 0.6477890779792181, 2.491730020124442, 1.294275748374873, -1.3685347625316266
-0.32461061884337067, -0.09745115168446397, 0.6672094114773446, 2.4763205950228078, 1.2913076212319752, -1.4128989141532597
-0.3239322809621346, -0.09726039173028608, 0.6883688380050896, 2.4583925208364765, 1.2880661514974932, -1.46062922640001
-0.3235912485124382, -0.09737441789853152, 0.708432163625338, -2.439594729534337, -1.283897654356147, 1.5048244547424026
-0.3231498246142955, -0.09727316294617, 0.7234840576121017, -2.4160811173806254, -1.2748819689787638, 1.5394269262521527
-0.3228067459886409, -0.09707389545074498, 0.7316273234253108, -2.3993391925889065, -1.268035532638942, 1.5649591842317858
-0.32245410522834367, -0.09678534025873475, 0.7350670478096702, -2.3884199129221675, -1.2620668178041656, 1.5834085970895504
-0.3221849812650056, -0.09653339003298651, 0.7348654765631358, -2.38235068256243, -1.2571578784234763, 1.596293852443605
-0.3219893022302977, -0.09643716496488139, 0.7316691681611126, -2.377627199234266, -1.2544729091241202, 1.6051329827887635
-0.3218284521204072, -0.096360818971968, 0.7277638610145089, -2.374747676894096, -1.2523546363760005, 1.6112333189566885
-0.3218678497113443, -0.09638764252014018, 0.7230008919516215, -2.373991615385994, -1.2518054451890677, 1.6123659506667403
-0.32186014501018867, -0.09641519186580319, 0.7180292990800791, -2.3740532725939483, -1.2521751120346138, 1.612183041852505
-0.32184344727430103, -0.09639658898069065, 0.712858370310143, -2.37390832108366, -1.2520622668536143, 1.6121082104141324
-0.321893166870289, -0.0964095452504512, 0.7070239365179987, -2.375224291260726, -1.2514184871365217, 1.6119206644411226
-0.32189956473508907, -0.09631277152305501, 0.7008819242973872, -2.377019214987328, -1.250010399086881, 1.6124059665518322
-0.32192005386030625, -0.09616240223644502, 0.6946694950635651, -2.378984448604068, -1.2482021317924135, 1.6127137691579865
-0.32189690587920905, -0.0959670103934532, 0.6884865172082193, -2.381062252797002, -1.2457480821752585, 1.6132333125452452
-0.3219367964246972, -0.09587798992321284, 0.6821209655648623, -2.3831981033628766, -1.244442892665163, 1.613503245783024
-0.321901917582641, -0.095705466315994, 0.675904280962662, -2.385362753005937, -1.2423507288299942, 1.6141839166080025
-0.3219635240909227, -0.09559326200989883, 0.6694641982082287, -2.38741596368963, -1.240504559801357, 1.6141681707759672
-0.3219123382638203, -0.09539777182933237, 0.6631608537782404, -2.3894624252026615, -1.2387697057537228, 1.614608056482406
-0.32196256881746316, -0.09526911590174438, 0.6566065895943, -2.391848221648296, -1.236500262211762, 1.615104584784011
-0.32194273394439427, -0.09511979717199588, 0.6501571200550508, -2.3943074168809177, -1.234818251152463, 1.6153061594708737
-0.3219515655997288, -0.09493637199536317, 0.6438470780600253, 2.3956224983083585, 1.232279048888924, -1.6152130588694293
-0.3219836330292387, -0.09480211973828351, 0.637375496479956, 2.396451750908271, 1.2297339013552029, -1.6139640630379326
-0.32197824350909077, -0.09464629533014766, 0.6309670473905832, 2.397106361267389, 1.2271695050772515, -1.6131784303403625
-0.32200929865126204, -0.09451128401773924, 0.6244143992268123, 2.397661830567687, 1.2243271401968818, -1.6125127166379618
-0.32208970028548534, -0.09449087700692886, 0.6204979597391526, 2.3983943711512206, 1.2227587655588081, -1.6115473954340993
-0.32199464516733023, -0.09440270548649314, 0.6213663902466426, 2.397964020498427, 1.2224396259348067, -1.6123107659335882
-0.3220296583703449, -0.09444084754755529, 0.6212458619266719, 2.397998403211301, 1.2225114969677078, -1.6119834829452298
-0.3220270072878829, -0.09443763814597769, 0.6212253007921033, 2.3980447197234893, 1.2226083704680213, -1.6119279701976892
-0.3220176094856322, -0.09443583876149053, 0.621244082020075, 2.398019837041901, 1.2225157951820007, -1.612003465314527
-0.322029998958823, -0.09445191166342914, 0.62123404127947, 2.3980087101992456, 1.2225749369123495, -1.61189570958244
