0.24308805263229444, -0.2838489036319086, 0.6827569658763859, 0.5223078469113138, 2.4597448057658924, -0.16590781438905278
0.2430844705976794, -0.283839961685401, 0.682789253635864, 0.5223134415705509, 2.4596562902847596, -0.16596687359455958
0.24308537310713577, -0.28384954896011866, 0.6827656165153383, 0.5223385153119968, 2.459707705015369, -0.1659422076608129
0.24309998708267147, -0.2838476661845657, 0.6827432477965291, 0.5223017359351834, 2.4597590894598054, -0.16590277856654287
0.24311786982944014, -0.2838668850836474, 0.6827409299366867, 0.5223369058318742, 2.459794009158013, -0.16592097696334196
0.24310049038680442, -0.2838476910137003, 0.6827653841486836, 0.5222609039507481, 2.4597108393965765, -0.16599512185236565
0.2430935650146962, -0.2838692991489537, 0.6827526963625222, 0.5223583475697727, 2.459738247877614, -0.16593713658028847
0.2430978506840296, -0.28386162600268916, 0.6827444799175145, 0.5223344019898727, 2.459765748229706, -0.165917187923199
0.24308885670335195, -0.28384673434143426, 0.6827671067840184, 0.5223207177959855, 2.4596993189261926, -0.16594240288379095
0.24310521828794895, -0.28385851093915554, 0.6827340591696103, 0.5223428832419807, 2.4598161238114766, -0.1659108842704826
0.24308976590919473, -0.28384773048798695, 0.6827710726525577, 0.5222876378373233, 2.459707631876525, -0.16589419591736435
0.2431134526225742, -0.28385922303869293, 0.682731439441715, 0.5222774169838953, 2.459819177432926, -0.16586808758751387
0.24306762807858118, -0.28384697966289324, 0.6827851032191967, 0.5223384830045406, 2.459671305823413, -0.165957100985184
0.24310192975874662, -0.28385014949265774, 0.68275005154671, 0.5222748037159246, 2.4597572724350862, -0.1659319268932632
0.24308131748026643, -0.28384056467246643, 0.6827724973815804, 0.522259587070081, 2.4597231513714286, -0.16594215923489905
0.2431023741102464, -0.2838555527460954, 0.6827497302876232, 0.5223220295931151, 2.45975891741721, -0.16592176788538957
0.24308129221052965, -0.2838531243466169, 0.6827624919618465, 0.5223063399443624, 2.459743949635433, -0.16597053309505405
0.24310653390211948, -0.28385827733468727, 0.6827495709642727, 0.5222811189903305, 2.4597807302224126, -0.16593137586249704
0.2431025299354849, -0.2838572778424323, 0.6827491800256222, 0.52231423080977, 2.4597271600085495, -0.16589412912289822
0.2431007078091222, -0.28385728108550035, 0.6827638966244565, 0.5223457314731595, 2.4597114702481955, -0.1659034467050857
0.24310505747150093, -0.2838652399207457, 0.6827540604802518, 0.5223228605166386, 2.459741635061842, -0.1659129732700547
0.24309659607046635, -0.2838517444858454, 0.6827523470234347, 0.5223220028893995, 2.4597593845569894, -0.1659215141666549
0.24309512372401285, -0.2838433608779013, 0.6827614962797309, 0.5222983644687142, 2.4597093746334173, -0.16590369936549237
0.2430959759464862, -0.28384784697686677, 0.6827519559911119, 0.5223109358334899, 2.459715681641047, -0.1658892188072335
0.2430969944066708, -0.2838508053678061, 0.6827509420284035, 0.5223195744670152, 2.4597683831472565, -0.16590206451953143
0.24309233815030196, -0.2838454861097939, 0.6827630718282184, 0.5223338878448741, 2.459686455583484, -0.16588944734902195
0.24309620498729337, -0.28385725178789134, 0.6827454437094491, 0.5223635103728043, 2.45958260217754, -0.16591635012773986
0.24305379377455533, -0.2837974053083398, 0.6827507460477646, 0.5227021966392374, 2.458877251242042, -0.1656675721836435
0.24301531385598527, -0.2838274279406233, 0.6826245751260135, 0.5233737416523426, 2.4580551034748948, -0.16536068495142428
0.24292540938733492, -0.2838681965348968, 0.6824692031328977, 0.5243348960777012, 2.4567217715885303, -0.16503055091983562
0.24274170079937157, -0.28386724918702905, 0.6823946005856888, 0.5258613923856001, 2.454468381693981, -0.16446769811087028
0.24260599232531524, -0.2838672077802463, 0.6822171605832674, 0.5273070976728662, 2.452287016246124, -0.1637927684282061
0.2424331113688717, -0.28391102075288177, 0.6819998689777423, 0.5295199235514532, 2.4494795964731266, -0.16321319445569593
0.2422009088040018, -0.283885756320899, 0.6818120134791003, 0.5314884041038559, 2.4459239663503904, -0.16214409637522148
0.24196283279714795, -0.283899158955703, 0.6815376059507409, 0.5343085874306823, 2.442198650855624, -0.1608642875253872
0.24169071533949216, -0.28392343662740394, 0.6812451682097315, 0.5372444024528015, 2.438025878372024, -0.1597688782213792
0.24140601745495352, -0.2839288014183205, 0.6809419144724058, 0.5403118545350114, 2.4333535282374084, -0.15841903305419683
0.2410801477558037, -0.2839360590019957, 0.6805852890012617, 0.5438071406392687, 2.428399731637743, -0.15693214086637308
0.24073084451078075, -0.2839701351622169, 0.6801891735404164, 0.5477792660549552, 2.4229698800712445, -0.15547421709045645
0.24034996754729196, -0.28396412847051583, 0.67978709869886, 0.5516027378441948, 2.4170107640471103, -0.153624356813484
0.23996838258315534, -0.28398915060430924, 0.6793212961878127, 0.5557846666714197, 2.4107415886544636, -0.1516382395455821
0.2394762216785421, -0.28400846471330776, 0.6788863352599447, 0.5603874164181883, 2.4037992041286045, -0.1499332901494944
0.23899176744147502, -0.284012504702032, 0.6783850199045196, 0.5653661904070927, 2.3965507660213095, -0.1479607262109535
0.23852363957214495, -0.28404332559230594, 0.6778328522955136, 0.570305504675017, 2.388873152987889, -0.1454975016508384
0.23803804334995043, -0.2840638657274922, 0.6773640060843655, 0.5752262360719227, 2.3815283097404585, -0.1435803809527839
0.23760113198261096, -0.28412026289129017, 0.6767904283594232, 0.5801322178030414, 2.374231714511221, -0.1416682081282619
0.23712912162218092, -0.28411062711790236, 0.6763471522150288, 0.5848542258218004, 2.3666915368326165, -0.13926518037128036
0.23665279333096673, -0.28413258662584084, 0.6758390385152141, 0.5897024672841313, 2.3592935641772184, -0.1372370980795911
0.23622917022308293, -0.2841656138823826, 0.6752904997455588, 0.594596187509566, 2.3519443745162922, -0.13516871359308943
0.23570170162569679, -0.28415553801621307, 0.6748116816112556, 0.5991706119558348, 2.3445240131162253, -0.1332572924847904
0.23525378756281246, -0.2842023418502281, 0.6742791183483104, 0.6039693766217494, 2.337058065740468, -0.13113248514057554
0.2347939155102559, -0.28421189606126324, 0.6737375917517354, 0.6086135327636961, 2.32974344034565, -0.12885012120450678
0.23430933418786581, -0.2842701573279359, 0.6732152196594848, 0.6135997071128173, 2.3219438711306295, -0.12699450703734827
0.23384200633514718, -0.2843151927274117, 0.6726867564683028, 0.6184446856227802, 2.3145661929250743, -0.12508662972121135
0.23332838370904843, -0.2843022788617719, 0.6722295465507344, 0.6229374338245545, 2.3068996807385203, -0.1228277789211651
0.2328677634273709, -0.28431120352150163, 0.6717256821228968, 0.6275276127909872, 2.299482746466032, -0.12071961450694142
0.23240492218871867, -0.2843263049999025, 0.6711962558454316, 0.6320202361036925, 2.292019867907386, -0.11868899705901702
0.23191942731089682, -0.28435053127588134, 0.6706999314772966, 0.6368413942448574, 2.284557179787011, -0.11669713943655487
0.23145323211681773, -0.28435000226092183, 0.6702024284672228, 0.6412010787965293, 2.2770038111974937, -0.11467999249753237
0.2310025198191229, -0.28441680840682654, 0.6696090060261363, 0.6462374639579599, 2.2693107665660293, -0.1125743814780776
0.23052823024502073, -0.28444514557644435, 0.6691468443984472, 0.6506591750627816, 2.2616770134162385, -0.11072039553937603
0.23004527624931043, -0.2844542266224757, 0.6685924399607783, 0.6552026187968193, 2.2543024888798997, -0.10848051933154035
0.2295623370364736, -0.2844897024755047, 0.668099515691283, 0.6596909464642912, 2.2467159686581253, -0.10676968402810115
0.22908443667151585, -0.28449260609097005, 0.6675965210405382, 0.6640950671972722, 2.239165971655851, -0.10442774225868341
0.22860637672093048, -0.2845362627632374, 0.6670781945928641, 0.6687519020153984, 2.2316081514706214, -0.1026907053099719
0.22815129592409672, -0.28453442752382346, 0.6665850969824605, 0.6729984193264889, 2.224068651850718, -0.10043246445758684
0.22767736577831324, -0.2845806913427519, 0.666041119562429, 0.6776124454391583, 2.2161549454836615, -0.09857852078513196
0.22720270621723426, -0.2845862303170741, 0.6655491782742496, 0.6819388359446529, 2.2085793860774507, -0.09645821500591481
0.22674361093046086, -0.28461054546548586, 0.6650476826539956, 0.6862913905823852, 2.201010461739286, -0.0943958914044335
0.22627478676094748, -0.2846185661214693, 0.6645171220478171, 0.6906542015127269, 2.193523684785736, -0.09233277597575788
0.22580446058531967, -0.2846446833391709, 0.6639850981055812, 0.6950107882389163, 2.185876548257132, -0.09028634103550107
0.22531791012683733, -0.28464156488925996, 0.6635210365076951, 0.6993067363481786, 2.178229874460414, -0.08829411059265904
0.22486244979900344, -0.2846882828903821, 0.662977012109768, 0.7036557924470712, 2.1706786098625823, -0.08631048784539701
0.2243860519594848, -0.284715701699197, 0.6624187160647631, 0.7079281134448074, 2.163176907376405, -0.0843899836494016
0.2239120521801124, -0.2847573733544392, 0.6619624166712536, 0.7121610752717585, 2.1554095888948104, -0.08253824540947045
0.22346035177727935, -0.28479718406324345, 0.6613817197899717, 0.7167950924256735, 2.147602359159767, -0.0804270831088914
0.22297072370759638, -0.28479720719300033, 0.6609104282235739, 0.7208214931097567, 2.139830085326339, -0.07848985877178584
0.22248129728433766, -0.2847827156014854, 0.6604210024240396, 0.7248998491194885, 2.1322110055272803, -0.07645151439830913
0.22203271218896592, -0.2848413875391785, 0.659901389582353, 0.7292686894930172, 2.124446060732224, -0.0746507229508017
0.221545136584133, -0.2848382469395486, 0.6593922558762831, 0.7332612661552037, 2.1169280580859215, -0.07259496949633662
0.22106852483010425, -0.28486466953945766, 0.658886430243249, 0.7374154857421698, 2.1092469677494696, -0.07066928694987762
0.22058488267968002, -0.28485011541775196, 0.658377782790862, 0.7417076355577097, 2.1012100441105743, -0.06839606084195532
0.22014692504453803, -0.28491468415389243, 0.6578367572125717, 0.7458438259756055, 2.0936189245420462, -0.06664859298340862
0.2196520611927767, -0.28493143969627094, 0.6573298541221708, 0.749867037237482, 2.085924482183002, -0.06467756548790438
0.21920517031658884, -0.284979612414064, 0.6567494712023542, 0.7539958698550245, 2.0783609903271176, -0.06266317400828286
0.21873090768562928, -0.2850030826531706, 0.6562793749209048, 0.7581552707447291, 2.0705003416035668, -0.0608386136688578
0.21825166692920728, -0.2850044216535573, 0.6557754674685629, 0.762069246821074, 2.062878779350488, -0.05884915718743347
0.2178054287235507, -0.2850551341262664, 0.6552197244550462, 0.7662224637131897, 2.0552603407291743, -0.05702914735418312
0.21729037039012242, -0.28503731805473825, 0.6547326761950826, 0.7703718152380231, 2.0470764282334564, -0.054845418747975806
0.21678217847912903, -0.285043743929164, 0.6542956933132648, 0.7741829969011231, 2.0391485751481104, -0.05318126779847088
0.21633327755884815, -0.28507022510739743, 0.6537428461034189, 0.7781611320661705, 2.0315757949670856, -0.05108898507268598
0.21585684907199762, -0.2850891969565723, 0.6532525510647956, 0.782092893094985, 2.0237559685313604, -0.049346228085413266
0.21539669175231868, -0.2851051077984435, 0.6527338957361939, 0.7861243384273912, 2.0160463340762282, -0.047178590563296194
0.21493828848132723, -0.2851547997582534, 0.6521888046417554, 0.7899326500749149, 2.0083411377672893, -0.04554788243418339
0.21447973621518948, -0.2851695770559081, 0.6516677247615615, 0.7937188119395682, 2.0006686101936872, -0.04358238618833324
0.2139938565744272, -0.28519881256481716, 0.6511791040047933, 0.7976386681822655, 1.9928142122129007, -0.04169519661956007
0.21352003041390732, -0.2852459649895018, 0.6506187696349222, 0.801872968829602, 1.9846852588889314, -0.03975954185917046
0.21303325156623962, -0.28525693032658167, 0.6501193945505577, 0.8055418762537248, 1.9769729726783192, -0.037816118217196985
0.21255764286734236, -0.2852642388981502, 0.6496207443892467, 0.8092701486469028, 1.9691748990125768, -0.03597196573207816
0.21209221332593564, -0.2852949055392966, 0.6491087469366988, 0.8130989295495855, 1.961381182771997, -0.03418125131396993
0.21163152119147022, -0.28529551768964345, 0.6485741266247695, 0.8168933047663207, 1.953616505389147, -0.032080413474219215
0.21113109755385379, -0.28529542190548407, 0.6481385958884182, 0.8205283611579506, 1.9456719453755575, -0.03026244136337906
0.2106805946591663, -0.2853277097613233, 0.6475977631088211, 0.8243713042840883, 1.9379064395025243, -0.02843370447939054
0.21019911793728602, -0.2853524821346478, 0.6470728330903144, 0.8280774811712395, 1.9300973110925141, -0.02664003541285384
0.2097310057907183, -0.28538088187623384, 0.6465511806698505, 0.8319230876790692, 1.9219761809221148, -0.02466378103281128
0.2092532674999436, -0.28540712747261054, 0.6460455886527265, 0.8355427471308505, 1.9140993198407465, -0.022812224607139615
0.20880320629778915, -0.28541597353745163, 0.6455002219722128, 0.8391913304251809, 1.9063905863264232, -0.020887019587044017
0.20829841431416313, -0.28544958900329986, 0.6450242617892313, 0.8428818770373173, 1.898448070297568, -0.0191265071555568
0.20783492970916134, -0.2854924230681266, 0.6444895540237543, 0.8465308323117385, 1.890632509962772, -0.01732492450464518
0.20737675507768888, -0.28550771099643996, 0.6439590234488047, 0.85018329192916, 1.882819147548286, -0.015380392589291761
0.20692498616013444, -0.2855524372772451, 0.6434270574659023, 0.8537567101210413, 1.8749505466087477, -0.013659043220866609
0.2064318795584974, -0.2855387414569333, 0.6429718625828305, 0.8571639498505624, 1.8670254395123735, -0.011747032915967834
0.20595749862303836, -0.28557210304713615, 0.642422620079075, 0.8609696939217749, 1.8587888454655135, -0.009785910160513918
0.20547255681047283, -0.28559473192803697, 0.641938755395759, 0.8644617721463304, 1.8509141464071408, -0.007980809025027374
0.20502014752139305, -0.2856057524180715, 0.6414073065221431, 0.8679830131123327, 1.8430426862892646, -0.006105969828518631
0.20453591071104515, -0.2856226211253493, 0.6409233536178311, 0.8714696519616846, 1.8351830514069338, -0.004358019681275133
0.20403801355044907, -0.2856276089135267, 0.6404252285285872, 0.874944356049587, 1.8271509632952396, -0.0026487445216497197
0.2035857787255118, -0.28565960516695005, 0.6398853901279588, 0.8784579504079901, 1.8193423353904965, -0.0007178078921088954
0.20310715327646592, -0.285687488708686, 0.6394167907222064, 0.8817995341680429, 1.8114320745434855, 0.0009356768867394329
0.20265052747398649, -0.28570014415366113, 0.6388763277096762, 0.8852843447215675, 1.8035718256499027, 0.0029389412542130382
0.20220588315438448, -0.285739192691197, 0.6383298198879921, 0.8886926015470654, 1.7957382841231446, 0.004758561510419517
0.20171842988623878, -0.28576791956063397, 0.6378136557444705, 0.8922804361649729, 1.7874268735947458, 0.006603792756158602
0.2012170561747354, -0.2857722586649795, 0.6373527079659426, 0.895563074943416, 1.7793889157622076, 0.008267114259150417
0.20074486187410367, -0.2857914114313179, 0.6367893369250768, 0.8989989748212227, 1.7715723958865748, 0.010093291101856654
0.2002865353344385, -0.28583066548049946, 0.6362677570010696, 0.9022652632824193, 1.7636828703448926, 0.011861957495424267
0.19980525041627423, -0.28584510315184575, 0.6357799690173946, 0.9056452658631713, 1.7556816510419107, 0.01369051334831857
0.1993482126185665, -0.28587666699565867, 0.6352326575523669, 0.9090637238419199, 1.747760420881372, 0.015494984849846292
0.19885813405196792, -0.28585769161118735, 0.6347764444174323, 0.9122081002230614, 1.7397894934691516, 0.0173387656665299
0.19839830508555895, -0.2859316628891838, 0.6342429238768591, 0.9156496623395659, 1.7317449646253773, 0.018888191100782534
0.19791842852118363, -0.28592063677095575, 0.6337530386230272, 0.9187329542626119, 1.7237771784459692, 0.020678168303789834
0.19747596977900717, -0.2859637856299364, 0.6332034964194415, 0.9221002756083304, 1.7159389346134626, 0.022563687633347252
0.19699594013567934, -0.28596513175757393, 0.6327339853918375, 0.9253351793004779, 1.707773056961646, 0.024366087333436315
0.1964983624169996, -0.28598422231990345, 0.6322096980386251, 0.9285691597027302, 1.6994761760479573, 0.026247020462885556
0.19602932840919615, -0.28601970866741383, 0.6317007366701431, 0.931701070343086, 1.6914944854822884, 0.02779787191524692
0.19556777917460574, -0.2860237847685656, 0.6311733117046204, 0.9347796580684574, 1.683616496665562, 0.02968192329563909
0.19511229275763237, -0.2860639692408325, 0.6306336241917978, 0.9380129991607374, 1.6756563994551879, 0.031417498467651864
0.19461405247205735, -0.2860578735525173, 0.6301621267031794, 0.9412127504232632, 1.6675586676100078, 0.03315067587750578
0.19415401480090558, -0.28608691990643553, 0.6296373377786475, 0.9443481502874728, 1.6595713062589175, 0.03507786210111414
0.19369496492718646, -0.286137230021236, 0.6290938092476879, 0.9475063044515692, 1.6516400130067743, 0.036554803867228355
0.19323078270040295, -0.28615462921574586, 0.6285776758375353, 0.950609920094667, 1.6436432318634684, 0.03834297192661767
0.19271401189450535, -0.2861721678415012, 0.6280791354585026, 0.9536421594101551, 1.6351861743172116, 0.040053339556711594
0.1922495503232001, -0.28619167749168156, 0.6275773798936948, 0.9567516832501863, 1.6272053913226088, 0.04174292911813763
0.19177099609980397, -0.2862017545052217, 0.6270765944192369, 0.959838184796999, 1.6190247773869597, 0.0436030414080945
0.19131553348238556, -0.2862392764132009, 0.6265351829401082, 0.9629145194866476, 1.611113136094729, 0.04525367054889931
0.1908464590399932, -0.2862380266477977, 0.626063925122026, 0.9656649503940922, 1.6030566512946414, 0.04699402842146511
0.19036807778112919, -0.2863000773919994, 0.6255410803298134, 0.9688453972586536, 1.594951557100867, 0.0484886204080109
0.1898875850666248, -0.2863108796015255, 0.6250250737383669, 0.9718161755307091, 1.586915672034655, 0.05021850378271765
0.18940254142672716, -0.2863087246923739, 0.6245386458472064, 0.9747446049530817, 1.5787479828060593, 0.05208772046016494
0.18896103655011653, -0.2863382481745522, 0.6240061993178327, 0.9776891428731723, 1.5708084070208677, 0.05383712616833629
0.1884720771563756, -0.2863638889450288, 0.6234687272881515, 0.9806288156417956, 1.5624987340042558, 0.05548965726902105
0.18800231743988569, -0.2863622092211383, 0.6229630466572557, 0.9834853653564122, 1.554424200174088, 0.057319075361035914
0.1875283672693564, -0.28638634308002114, 0.6224707862991886, 0.9863225717708193, 1.5463076440475982, 0.0589620543983382
0.1870758201191566, -0.2864136688534069, 0.6219586006042769, 0.9892324611986371, 1.538254026057828, 0.06066466159994931
0.1866026974717376, -0.2864422487867822, 0.6214491478783684, 0.9921282993799085, 1.5300642049134525, 0.062361185319725794
0.1861153669127045, -0.28646492543526975, 0.6209232294604949, 0.9949304524978418, 1.522125483166911, 0.0639163566630822
0.18565512005928303, -0.28648315514068995, 0.6203888400479265, 0.9978189716041019, 1.5140010799210233, 0.06570337008004823
0.18519682756055295, -0.2865154762849277, 0.619878793723682, 1.0005609628684913, 1.5059270584254987, 0.06725016957119397
0.18473725910010436, -0.28653681281089394, 0.6193739414518888, 1.0034454638305537, 1.497835594303174, 0.06907895448886696
0.18424803784477323, -0.2865624482772627, 0.6188728167757316, 1.0063187134479692, 1.4895972791818632, 0.07060843518209349
0.18377616496442267, -0.2865794960604027, 0.6183449148622919, 1.0089236256050116, 1.4815089449813055, 0.07220945359463278
0.18330016910849947, -0.2866193679859992, 0.6178013011274099, 1.0118277603357015, 1.473246093485565, 0.07393145610458922
0.1828297527530432, -0.28662896591390585, 0.6173222831658228, 1.014506155761699, 1.4650556030973907, 0.07562826031929398
0.1823290984033023, -0.2866215302022681, 0.6168645313680696, 1.0171416413453345, 1.4568149938626516, 0.0773559389173684
0.18187717447589116, -0.28666813757586684, 0.6163126820574658, 1.0198234298570357, 1.448694529696654, 0.07898660063927866
0.18139513009723557, -0.2867075699872368, 0.6157718285797286, 1.0226849492862806, 1.4406484387027436, 0.08044159105389392
0.18092816405229384, -0.28671104296634253, 0.6152983186820838, 1.0251788269621478, 1.4324696585307441, 0.08221967073247634
0.18046448471255816, -0.28672610812471677, 0.6148101234800354, 1.0277907103473916, 1.4242651600547105, 0.08375145657775379
0.17996263430492887, -0.28674781139441713, 0.6142940745196003, 1.030565689589718, 1.4159776666982598, 0.08541655630292157
0.17948632852202812, -0.2867714064191075, 0.6137646458644199, 1.0331145695226145, 1.4080277007276991, 0.08708453692677545
0.17902298334017896, -0.2868005661839239, 0.6132300407142475, 1.035824780610312, 1.3994955415967074, 0.08869491125264965
0.17855428042619415, -0.2868073136397035, 0.6127216189480997, 1.0382511636429903, 1.3914444171098206, 0.09032362228682318
0.17808584998862495, -0.28684887844597823, 0.6121864905192008, 1.0409961852445566, 1.3831988509053472, 0.09204848852765873
0.177612435912894, -0.2868727815708726, 0.6116665347947793, 1.0436126811059765, 1.375098594179602, 0.09357578152352374
0.17715639000500394, -0.286886420535066, 0.6111460125499517, 1.0460608053936595, 1.3669354225345463, 0.09531875105409292
0.17668567769192578, -0.2869178595228177, 0.6106565121936282, 1.0485942730217637, 1.3587736510525996, 0.09668738044303467
0.1762010455468282, -0.28690235033672395, 0.6101981697520272, 1.0507751173158528, 1.3504499744374792, 0.09849240900360148
0.17573351588113753, -0.2869499695660858, 0.6096559134547929, 1.0534547236617433, 1.3423962723787164, 0.09996675887079577
0.17525606164789526, -0.2869610116558749, 0.6091617110659376, 1.0559309681238451, 1.3341753946488606, 0.10156908867124698
0.1747665282642749, -0.2869820291563484, 0.6086174469878939, 1.0584411473805238, 1.3257048167589085, 0.10320082337991632
0.1743098853499886, -0.2870271539817118, 0.6080873796947293, 1.0611111199900811, 1.3174158604631234, 0.10484037437555956
0.1738283861712692, -0.2870405946470182, 0.6076158866174913, 1.0633326302674293, 1.309237030787737, 0.10630701578448437
0.1733691699485855, -0.28705768563518064, 0.6070960317955649, 1.0656534008081926, 1.3011551297110011, 0.10794128451048592
0.1728774947460094, -0.28707121885564046, 0.6065915379163954, 1.068180632047599, 1.2928360433627886, 0.10955967110010816
0.17240868149511263, -0.28710924592779485, 0.6060508231955584, 1.0706256449945661, 1.2846605837102874, 0.11106767961903087
0.17193352335226006, -0.2871076252500958, 0.6055696482893501, 1.0728724937303393, 1.2763767066326535, 0.11266405793630363
0.17145540372998297, -0.2871374485395795, 0.6050568698633275, 1.0752325690412023, 1.2682319252746677, 0.11408408905290437
0.1709810086446883, -0.28714978143774805, 0.6045640880708828, 1.077505647184264, 1.259934369986521, 0.11582307145760125
0.17052103137900698, -0.28718201565485835, 0.6040187195942195, 1.0798681770037963, 1.2514708107239423, 0.11740663588720425
0.17003928977331376, -0.28720347104713295, 0.6034946125628675, 1.0821438040594658, 1.243236469547191, 0.11887674971245218
0.16956566465355194, -0.2872121364670642, 0.6030039905892898, 1.0844362104725476, 1.2350118212336028, 0.12073154620821651
0.16908711842959825, -0.2872245672817304, 0.6024943260809269, 1.0866094537414077, 1.2267772219533999, 0.12207971476855291
0.16863784282647093, -0.2872727432745301, 0.6019626758328367, 1.0889746655194676, 1.2185880307166643, 0.12363188791982373
0.16816583538918783, -0.2873000825233674, 0.6014518687438688, 1.0912649799527825, 1.2102749358039198, 0.12527786734803661
0.16769509542934763, -0.2873238956396878, 0.6009186939947639, 1.093536032345365, 1.2020761400403364, 0.12668082491222757
0.1672093908837341, -0.2873309449035801, 0.6004215826157095, 1.0957529483829374, 1.1938156614349698, 0.12818973664012748
0.16674002225562845, -0.28736724065611485, 0.5999239707743025, 1.0979687721088334, 1.1855100948935222, 0.12966320485266958
0.16624512453543278, -0.28738507007311054, 0.5994020027762782, 1.100057950867758, 1.1769347789912525, 0.131278500331224
0.1657732326419602, -0.28740668154610893, 0.5988941156866489, 1.1023225231651055, 1.1686865718438473, 0.1328029984608722
0.16532656633249398, -0.2874463924210827, 0.5983513668845283, 1.1045248599928426, 1.1604501597093277, 0.13437554567314008
0.16484538076390026, -0.2874571893783641, 0.5978607908469542, 1.10651034554327, 1.1521712022641155, 0.13586043274220447
0.16437926664747307, -0.2874728318300455, 0.5973747159538573, 1.1086065700697338, 1.1438913539677789, 0.13737284532383048
0.1638959690789518, -0.28747915262584417, 0.5968688985792439, 1.1106570442319095, 1.1356115047434339, 0.13902883555097265
0.1634227984201509, -0.287499753066348, 0.5963654766333222, 1.1127030641644804, 1.127432641485345, 0.14046801623132105
0.16295824692118693, -0.28753593774223335, 0.5958382351641682, 1.11486469493853, 1.119161966248112, 0.14192471845458068
0.1624918142611198, -0.2875407608781604, 0.5953174067938151, 1.1168875331555088, 1.110829501482074, 0.1434895557928684
0.162020302792459, -0.28760027017135725, 0.5947638546347466, 1.1190696135735465, 1.1022519255567966, 0.14495345403909368
0.16151456246754642, -0.2876015351581416, 0.5943146409800137, 1.1210620506735887, 1.093762306371243, 0.14642422016030218
0.16106488211909004, -0.287628223010637, 0.5937852466844655, 1.1230252593038477, 1.0856295552680029, 0.14787608382957879
0.160597599648593, -0.2876444357083636, 0.5932493113113612, 1.1249658375882745, 1.0774044392115238, 0.14940549326150046
0.1601357060762394, -0.28767744150638547, 0.5927286998146678, 1.1270097025754522, 1.0690233838369125, 0.15093884903908594
0.15965776291401484, -0.28769886028673153, 0.5922238366661454, 1.1288741127691544, 1.060723691667479, 0.15235172063833916
0.15918181100487427, -0.2877072588664309, 0.5917135344884552, 1.1309031402156262, 1.052381416539424, 0.1539508079530818
0.15871472672647538, -0.2877278004940404, 0.5912046252973303, 1.132811176089146, 1.0442525734496755, 0.1554380474575984
0.15825203375469077, -0.28777162407658924, 0.5906725437281104, 1.134744556411425, 1.035956356123289, 0.15682714713976315
0.15771264359361228, -0.2877775482863667, 0.5901903118215864, 1.136662837693275, 1.027111696956891, 0.15826755497457493
0.15725948608181609, -0.2878061780872594, 0.5896628422105733, 1.1384979294932185, 1.018983337010342, 0.15982855078143912
0.1567752885434315, -0.28784674158040346, 0.5891411063683073, 1.1405588865158003, 1.0105476144178414, 0.1611001285110079
0.15635660953723446, -0.28783860272340756, 0.5886773169255068, 1.1420544745306747, 1.0027199572665797, 0.16267399406680388
0.1559563935817918, -0.28786970450422106, 0.5882005290115512, 1.1438674195743783, 0.9953142073214779, 0.16401367940307854
0.15557418438675255, -0.2879008156545041, 0.5877744421001302, 1.1454018525366094, 0.9882891936002022, 0.16527231504922085
0.15519497632142393, -0.2879078352520601, 0.5873886419340544, 1.1466896177384565, 0.9818118238524084, 0.16622941719994158
0.1548481952328034, -0.2879149389412069, 0.5869983106447978, 1.1479689657351257, 0.9758127445450137, 0.1672688980753554
0.15452247477623957, -0.2879006958699634, 0.586694670920453, 1.1489853050179104, 0.9704569593720883, 0.16825421162347243
0.15425740215011377, -0.2879597974406509, 0.5863602069631307, 1.1502650321694157, 0.9655212701567918, 0.16897654644788046
0.15401025961726791, -0.2879480006987171, 0.5860835899541977, 1.1511783312397963, 0.9609537478822595, 0.17012697591738365
0.15378706649837642, -0.287978116958442, 0.5858385508415843, 1.152138632530074, 0.9568692124260783, 0.1705428817079567
0.15358106167971017, -0.287977648234775, 0.58564203403965, 1.152731184282531, 0.9535639150417632, 0.1710505703501045
0.15341895534578942, -0.28799059122614196, 0.5854660673875082, 1.1535101113755832, 0.9504607192316514, 0.171670259088586
0.15329793570149597, -0.2879882342169368, 0.58532411341144, 1.1538583081992961, 0.9480839781649189, 0.1721459276194159
0.15319053677187916, -0.28800692972901754, 0.5851815439394678, 1.154429159392057, 0.9461596221243633, 0.17240283983322513
0.15306858136976836, -0.287981798254403, 0.5851143532377372, 1.1546442448434266, 0.9445283095291905, 0.17279912307280154
0.15303035255193914, -0.28800088145844394, 0.5850508992412469, 1.1548492672437238, 0.9435732522121347, 0.17282115154468194
0.15298873202592328, -0.2880035966164684, 0.5850374315323671, 1.1550057989657365, 0.9429752474686811, 0.1729142250603671
0.15295853447672536, -0.2879985981197553, 0.5849006070428063, 1.154938772981741, 0.9425531609292379, 0.17301648197721978
0.1526993344960631, -0.2878794039185085, 0.5843131577459991, 1.1539665385285869, 0.9389405570840381, 0.1735320788368185
0.15239049947653371, -0.28771604305069315, 0.5837305423137215, 1.1524711978056077, 0.9347581270585166, 0.17422366826997826
0.15205117408125435, -0.2875571355960068, 0.5831442351182914, 1.1509775091451584, 0.9306313842247531, 0.17446869909327098
0.15169345292393802, -0.28735780027929647, 0.5825394750868017, 1.1494515218914416, 0.926192757205692, 0.1749731362972392
0.15139408324280212, -0.2872179080682436, 0.5819039696579767, 1.1479892293496292, 0.922135495144817, 0.17527269481010943
0.15103167059991407, -0.28706692212485124, 0.5812602478291693, 1.1465587507707558, 0.9174685418864306, 0.17559226685347762
0.15068346272059072, -0.2869016634048744, 0.580675437657374, 1.1450524204068215, 0.9129680139581013, 0.17602175927170954
0.15034924971410557, -0.28674202690058276, 0.5800593417007256, 1.1437203618795406, 0.9086080850377162, 0.17639401663662757
0.14998997601458652, -0.2865613311335707, 0.5794407521077672, 1.142193991123263, 0.9041427551552563, 0.17683826803735983
0.14967379502005887, -0.28640950935842324, 0.5787633258445342, 1.1406976037186165, 0.900083133350531, 0.17696683499593185
0.14934703540764593, -0.28624776186313283, 0.5780777463240616, 1.1393833819877555, 0.8956914776270964, 0.1774871933703522
0.14898120003300808, -0.28608344039424627, 0.5773796359939802, 1.1379363646002278, 0.8911099809473136, 0.17794260617337682
0.14862630424389622, -0.285907683724966, 0.5767169120552703, 1.1364912583098263, 0.8868459149167016, 0.17828252837013578
0.14829416361109032, -0.2857400934314352, 0.5759961254292318, 1.1350592589463278, 0.8826377456541014, 0.17860620699424531
0.1479728347493005, -0.28557017378119703, 0.5752677909689324, 1.1335612859189408, 0.8785847809679769, 0.1789304660682406
0.14763217662339218, -0.28539428585150467, 0.574511548080699, 1.1321139329173484, 0.8745767815417061, 0.17919634530017642
0.1472878080578153, -0.28522209035029816, 0.5738191008316776, 1.1306535132762474, 0.8702609227711978, 0.17964793675424093
0.14696682778243628, -0.28504991612619607, 0.5730950584721398, 1.1291843820858456, 0.8661625968877724, 0.1801015300638938
0.14660141908127433, -0.2848842692760049, 0.5723335393900633, 1.1276625221238774, 0.8617725238675727, 0.18021711421443326
0.14649912097210466, -0.28481549581825993, 0.572157049709152, 1.1271185516704803, 0.8604994448319235, 0.18040349600304545
0.1465176394117993, -0.28482899479556023, 0.5721642142597224, 1.1272020669339748, 0.8606035968855805, 0.18024338152595432
0.14651175716523857, -0.28483423455654766, 0.5721574508724967, 1.1272117457904811, 0.8605720491126099, 0.18027954192940343
0.14652764138467794, -0.2848466189478638, 0.5721450397962307, 1.1273016767371706, 0.8606897915474823, 0.18025151474377005
0.14652411443430974, -0.2848307108432685, 0.5721750851768685, 1.1272678214863479, 0.8606001006187911, 0.18035266408581016
0.14652092554540133, -0.28483017528545046, 0.5721566232881221, 1.1272875962168487, 0.8606329239456237, 0.18035490972862164
