-0.33999798924690594, -0.11399420362723628, 0.4470103859659462, 2.6870555371714246, 1.3949859672674465, 0.06087780232198691
-0.3399950526272063, -0.11398715216226729, 0.44702396371243364, 2.6870874711216257, 1.3949225286144173, 0.06086198958630594
-0.33999975769145324, -0.11399167749664171, 0.44700304415343395, 2.6870934832385602, 1.394899027277932, 0.06095540031136379
-0.33999495715926514, -0.11396574100388394, 0.4470331907049083, 2.6871003451697484, 1.394912416425069, 0.060798191736008984
-0.339996460637226, -0.11399196395437727, 0.44701266066523615, 2.6870774678954015, 1.3949753481048819, 0.06091333747213269
-0.3399948339163868, -0.1139718966867359, 0.44702695554058464, 2.6870862712441195, 1.3949218920832334, 0.06085580139707454
-0.33999767751091753, -0.11397502054690294, 0.4470419380566935, 2.687076733636996, 1.3949017963529606, 0.060768561468294596
-0.33999821334750746, -0.11398313492383799, 0.4470201187275244, 2.6870791526846025, 1.3949602019209788, 0.06083782778253768
-0.3400058193382687, -0.11398727083954562, 0.4470327934849732, 2.6870807773575165, 1.39498206630737, 0.06083475526172603
-0.3399932124121807, -0.11398707951388953, 0.4470169916245842, 2.6870545406635378, 1.3949641391168703, 0.060897521226624694
-0.3399882685490995, -0.11397621682296467, 0.4470191998934066, 2.687082033936517, 1.3949598451229248, 0.060874421918412
-0.3399929202768307, -0.11398065122927642, 0.44702806104535997, 2.6870769080373833, 1.3949387909997177, 0.060840978237382694
-0.34000407941655747, -0.11398964700848575, 0.447012157467714, 2.6870955605589817, 1.394884046847753, 0.060881948906873075
-0.33999493485571974, -0.11399205332995065, 0.44702023609999564, 2.687052380589085, 1.394986709545989, 0.0608419739447619
-0.339962251819773, -0.11400538704577459, 0.44693371882620103, 2.6873594379925034, 1.3941232446753102, 0.06192393064115135
-0.3399699386221791, -0.11451235090492685, 0.4468233029338448, 2.6872382391412017, 1.3941815378373494, 0.060220275651360816
-0.3397756629515546, -0.1157260182923834, 0.4468313470076938, 2.6862562360698674, 1.3972793895534956, 0.06264598268778339
-0.33989538590433277, -0.11785522220912306, 0.4468540318485377, 2.688034344413924, 1.3947386448697754, 0.06435095257138294
-0.34051646524436924, -0.12087250541890722, 0.4471812498623282, 2.687416524762484, 1.3941198421080778, 0.057947906915713464
-0.34124866187585623, -0.12235263990446912, 0.44715299930285207, 2.685914456426677, 1.3974265177265714, 0.0574468347384866
-0.341599364710119, -0.12136208501309141, 0.4469925802661618, 2.686004905069733, 1.3989725629254943, 0.0625362500474596
-0.3415864878025522, -0.11768455318412063, 0.44748373732077906, 2.687593425411321, 1.394446945747293, 0.06280468752188408
-0.34024257466682134, -0.11355078281180293, 0.44691997162006747, 2.6856209963843587, 1.3957168433687832, 0.05837899696834845
-0.33787187530671475, -0.11065869539150647, 0.44691060709239383, 2.684760668378512, 1.3985896164362601, 0.0630532173871619
-0.33709588903964727, -0.10998724136239768, 0.4464093919318606, 2.6865049513573265, 1.395692806903285, 0.0679471115294901
-0.3348430019881905, -0.11254417932250803, 0.44297300996119066, 2.6905549819728884, 1.3898354072442864, 0.07469098689368747
-0.3316179053083158, -0.11661518366262352, 0.43896605886166357, 2.69456452868053, 1.3849760814654875, 0.08249355590768176
-0.3346754082187714, -0.12062677776640252, 0.43501998880125714, 2.6988891057954127, 1.3797009416079202, 0.09005191101930429
-0.3386748770814976, -0.12458421240422055, 0.43102843959094683, 2.7032054217788257, 1.3743214384074098, 0.09793755884423717
-0.3426790297827224, -0.12858468549833324, 0.4270197467576372, 2.707373683535305, 1.3690947140811571, 0.10568692969787861
-0.3466361424543992, -0.13263825901532686, 0.4229623761344939, 2.7114026257488315, 1.3641149118834104, 0.1138707626393401
-0.35062083017158296, -0.13661152895638823, 0.41893909569775645, 2.715380965963006, 1.358830695801737, 0.12178928218292909
-0.3548536157495824, -0.14077156118003675, 0.414764574082195, 2.7197578037545305, 1.3534343507861086, 0.13017039622473536
-0.3588326312222948, -0.14477459375370014, 0.41083650375554004, 2.7212778257723795, 1.3536121030832953, 0.138208707755812
-0.3621888657226906, -0.1488051229766357, 0.40683508977140154, 2.720263662812472, 1.3588618235130188, 0.1466993516894157
-0.3649457449730203, -0.15281517106440587, 0.4028490988926775, 2.7197363295101353, 1.3633987337619924, 0.15506211624154892
-0.3682455086008465, -0.15679413930060873, 0.3986928894421926, 2.72026328931462, 1.3656258762642994, 0.16402775157391464
-0.3710541042373064, -0.16080130273801654, 0.39477562519129605, 2.719425713309673, 1.37043373175017, 0.17229810978785468
-0.36826837074266583, -0.1647187407918467, 0.3908122176761672, 2.718880145977102, 1.375306236742302, 0.1804872448139108
-0.36421901572359694, -0.1686995045941644, 0.3868834525510381, 2.7176649485438173, 1.3808863392588602, 0.1889076134199688
-0.3602277527094826, -0.1727520806791833, 0.3829113736349846, 2.716400189788498, 1.386536977959686, 0.1972492947434803
-0.3562214915337691, -0.17674639243451867, 0.37884046136648986, 2.7150635235426934, 1.3921737143369977, 0.20626080783414033
-0.35222120885165403, -0.1808045117536575, 0.3748167971945814, 2.713894807671674, 1.3979286495283736, 0.21519481532114287
-0.34804198454731267, -0.18488301359458545, 0.3706075675472014, 2.712583174001524, 1.4036936054860205, 0.22398765371980814
-0.3440509031613985, -0.1889266280381566, 0.36666200099704, 2.7109958849146887, 1.4093991070702179, 0.232327791098827
-0.3401046622129011, -0.19287264146244346, 0.36276186412331823, 2.7098740562866412, 1.4146850368855228, 0.2407727336871236
-0.33604908547971624, -0.19682270396049367, 0.3587972023475544, 2.70851903430086, 1.4202433677825983, 0.24944238780088196
-0.33207061028001, -0.2008747851538678, 0.354689043795992, 2.7078970924647234, 1.423793588754359, 0.25808789633585655
-0.32808925655068055, -0.20497563198765537, 0.35421582523409734, 2.7110913851606115, 1.4189070358655198, 0.265971563497813
-0.3240890415389166, -0.20890036469337805, 0.3582365433204722, 2.714781471224743, 1.4130109219398186, 0.27438415293825597
-0.3207437910765041, -0.21263633672198948, 0.36216691194440387, 2.7185469808609173, 1.4075297993405467, 0.28265252078571756
-0.3201452072007427, -0.21110105959255412, 0.36615762545520314, 2.722164191251045, 1.4019744316863707, 0.2907277330590336
-0.3238864736263662, -0.20714481062999715, 0.37020284760603994, 2.7247708312585464, 1.3961701678126457, 0.29791697103062675
-0.32789965153070194, -0.2031536766904395, 0.3741922664131561, 2.7256659089698854, 1.3899407484038029, 0.30166909180352375
-0.3320728305268096, -0.19892771737186363, 0.3783654264543972, 2.725788441524869, 1.3831434976790786, 0.29805714407326
-0.33514370002180865, -0.19492585698806075, 0.3823633506435578, 2.7269085710476553, 1.3773650150174683, 0.2895203364039186
-0.33681037288354454, -0.19099106406066102, 0.3862769744226403, 2.7280827076974785, 1.3720154713953354, 0.2811786460179814
-0.34032175367320694, -0.18691094908459832, 0.3903352764202341, 2.729634150079212, 1.366319869027176, 0.27246141068676466
-0.3437594527169239, -0.18296326216716013, 0.39438258765045425, 2.7308396314165506, 1.3609105325149304, 0.263646649953382
-0.34739473912984375, -0.17893705057996076, 0.39833815975493725, 2.7318555809054987, 1.3552559456167663, 0.25516554710566913
-0.34933893477351485, -0.1749120554701259, 0.40233701513005493, 2.733219278246388, 1.3496906209304431, 0.24658833243073586
-0.3460951987209577, -0.17099687250006207, 0.40639294814249804, 2.734303142823002, 1.3445082470788028, 0.2377053112694222
-0.3423906347287733, -0.16695037078181837, 0.4103655946185706, 2.7353537233926253, 1.3388525213687437, 0.22924166330731646
-0.3387406110168257, -0.16299370628170778, 0.41431457040077696, 2.736438746325066, 1.3335795427553296, 0.22094765970754185
-0.33542665547801837, -0.158928195477942, 0.41835752753160205, 2.7375891168374262, 1.3275120877985367, 0.21214170315586245
-0.33156166559067457, -0.1547594351467056, 0.42256382840572926, 2.738589639967898, 1.321678647060017, 0.2031723391247137
-0.32773105394648405, -0.1507431328128777, 0.4265015627988577, 2.7395285013106028, 1.3163456935344733, 0.1946979873032814
-0.3288343777879687, -0.14678656199197182, 0.43040550026035074, 2.7407140014202653, 1.3100136394674542, 0.18659391238854964
-0.3328610620315157, -0.14280931267652178, 0.43453044996139045, 2.7413123763322633, 1.3042645491619473, 0.17756715060458267
-0.3367526728625425, -0.13881416598590948, 0.43853311466630607, 2.7421230529456277, 1.2987307283852825, 0.169089589876923
-0.34004959122448475, -0.13478879303261437, 0.44250388921159134, 2.7431383084393293, 1.2932035395233261, 0.1607618465994505
-0.3432768633093054, -0.1308387907726715, 0.44612180957165254, 2.7438164008549077, 1.2873991697842655, 0.15249220152986998
-0.3464255687478443, -0.12679197476512832, 0.4471752001820756, 2.7448791352907107, 1.2817683046311712, 0.14432954022593109
-0.3493199587775332, -0.12270311736371467, 0.4464669833875859, 2.745728581813921, 1.2760062512541768, 0.13508988068014607
-0.35129944696447885, -0.11871959621468518, 0.4470796586196732, 2.7464034162172246, 1.270166202146424, 0.1274131222630756
-0.34791936264474316, -0.11462829467104382, 0.44744835656541926, 2.746944187590877, 1.2648001021645106, 0.11791453452600559
-0.34408450305377764, -0.11136558850330795, 0.4473421035676869, 2.7472802670384944, 1.2593678685930798, 0.10991456756081833
-0.3402147129382686, -0.10779262655507164, 0.4468979956285596, 2.747904927163249, 1.2540376595621507, 0.10173016945367679
-0.33730250036182086, -0.10828789536733928, 0.44719637741580065, 2.748712223339879, 1.2483350267601527, 0.09272966809643965
-0.3353866645009699, -0.11188472359577897, 0.44755026461962766, 2.748781898954801, 1.2433560075395522, 0.08447444114082643
-0.33404678141775546, -0.11548950836088974, 0.44660668356549915, 2.747620570404518, 1.2412447386700416, 0.07663923571601713
-0.33479572935535973, -0.11900230018145941, 0.4473857481024309, 2.7438175633958686, 1.2454148174204587, 0.06873593018964021
-0.338804147391228, -0.1222492973705685, 0.4469443092466344, 2.7397993433419705, 1.25013570859936, 0.061312094897266675
-0.34225284271395323, -0.1215799357467854, 0.446857737187796, 2.734962496075886, 1.2560123740433338, 0.05339936875372537
-0.3460564909263129, -0.11740672168778503, 0.44706656817643886, 2.73101536398445, 1.2610484114133136, 0.045825700996334096
-0.34911568693524186, -0.11367106430110388, 0.4467785887481593, 2.7263127245299232, 1.2662925141061085, 0.03852684856639173
-0.3529439809388723, -0.10961663978187355, 0.4468151621526353, 2.722082482510771, 1.2716104142958073, 0.030409574225228764
-0.35452151945345917, -0.10600246242881166, 0.4470715414275024, 2.7175367186548476, 1.2770151279532034, 0.022712161432828937
-0.35095980876540844, -0.10319166375771066, 0.4469052388142912, 2.7133914176352234, 1.282132774533044, 0.015997350741364234
-0.34694485103831874, -0.10479886646521713, 0.44724621414416754, 2.7092155644287064, 1.2879775238430602, 0.008678743929722626
-0.34298437842526724, -0.10872178389267238, 0.44721986670151526, 2.705394133501444, 1.2932201029873134, 0.000683008183463172
-0.3394782471912629, -0.11263324306962165, 0.44671551514028246, 2.7011639517200092, 1.2982821406148701, -0.0060830852055004546
-0.33773468641835563, -0.11538980858299272, 0.446948327482774, 2.6977950268190396, 1.3039713146954943, -0.012860523945499018
-0.33688300117698416, -0.11841540321231955, 0.4470940497739744, 2.6944515344858444, 1.309467245184929, -0.018921512017077056
-0.33690486268327885, -0.12025836804622211, 0.44709142899449017, 2.692520522015184, 1.3157018743903108, -0.024769185945238255
-0.3387463413399172, -0.12057652945433442, 0.4470539473674521, 2.6907866394133713, 1.3220300337163282, -0.029754851340522845
-0.34247947038915644, -0.11753739326761753, 0.4473066314853071, 2.69011555825798, 1.3289304619477342, -0.03455945501967034
-0.3461912646010805, -0.11374365033586224, 0.44725412610018644, 2.6887208605498523, 1.3355564558059365, -0.03928039499740042
-0.3495473956941166, -0.11009920853042504, 0.4468874911322486, 2.688315514996303, 1.3425607059896396, -0.04351378422402683
-0.34970434091755853, -0.10756953926046706, 0.4468348115928732, 2.687649051658541, 1.3492525741985961, -0.048123142641698397
-0.34616885578201023, -0.10917422484689811, 0.4471872180393306, 2.687192029571309, 1.3564647379843024, -0.05257061635236434
-0.34235374347254716, -0.11297248436085411, 0.44692641519155785, 2.686656018476516, 1.3631818570277288, -0.05669800096136653
-0.3385401905911126, -0.11653794185496653, 0.44676835918412144, 2.686611318187996, 1.37027786309696, -0.059394511910355025
-0.33502672730788735, -0.12012280045055923, 0.44744516794664335, 2.6863733858506422, 1.3773451191702377, -0.06211220469694318
-0.33251686153408533, -0.12239747195680108, 0.44709240881321854, 2.6852563750430902, 1.3835498797851016, -0.06128257882256005
-0.33271878638487434, -0.12213760631413179, 0.4467833857110056, 2.685237960615543, 1.3897224521267912, -0.059071645591145985
-0.3363718697806385, -0.11841940215787262, 0.4470688643897981, 2.683830312856806, 1.3960318460086487, -0.05167506565040624
-0.34048652269141316, -0.11424238597664334, 0.4466858846867227, 2.682880930189197, 1.401935926178764, -0.0429443669513467
-0.3443515565233794, -0.11030802046212522, 0.4476657467764273, 2.6817467719230375, 1.4073921648060386, -0.03402584785367956
-0.3477204072920117, -0.1070745382536782, 0.44706813178618654, 2.6802558046887186, 1.4134766681057804, -0.025832503965055743
-0.3508078905722802, -0.10369980999615433, 0.44713382999909485, 2.6787785310499403, 1.4188475425125546, -0.017911276461622307
-0.35423276346030313, -0.09987903569080957, 0.4471134629190857, 2.677591757859804, 1.4246177732397851, -0.009529422952689055
-0.3546949880119162, -0.0973643255578658, 0.44754096559512496, 2.6760709226155313, 1.4300369667769817, -0.0012228287775644048
-0.35107757862912753, -0.10077247214345987, 0.4470809367891474, 2.6744372824626055, 1.4361451955481743, 0.007366278179930636
-0.3472683828523832, -0.10475786117092399, 0.446688433282886, 2.6732791812645855, 1.44164102839286, 0.015786784517970418
-0.34600635535328556, -0.10858263742426673, 0.44283307260682925, 2.6721981082636197, 1.4469621107520103, 0.02460046286675625
-0.3420082251155357, -0.11269297817449515, 0.43888927190840943, 2.6707037807125413, 1.4533045624715257, 0.03284071699303548
-0.33800234401394297, -0.11663700583830108, 0.43481863310452884, 2.6694358762822707, 1.4587146685963406, 0.041553925867845995
-0.33384648939494765, -0.12080860371077598, 0.43072481364879356, 2.668012450386982, 1.464709905028258, 0.050474767343252236
-0.32984290092497137, -0.12479843144183862, 0.42672370989650255, 2.6665541285186274, 1.4703100968523086, 0.059034773305689126
-0.32586023619790266, -0.1288324330283236, 0.422652983988393, 2.6651893266866704, 1.4760101222073978, 0.06795903091291895
-0.3218153800362866, -0.1327369014923143, 0.4186902166896076, 2.663820691222749, 1.4816721359511325, 0.07654211351203012
-0.3178557400032508, -0.13674312069354091, 0.41465668079644924, 2.662583842073288, 1.4871348029907612, 0.08510234657695642
-0.3138960844430612, -0.1407746112050002, 0.41372435339756053, 2.6608083042041986, 1.4928999027467118, 0.09263766642579588
-0.31087103094515733, -0.14485879703737906, 0.4177064506131065, 2.6591592841425875, 1.4984779950939213, 0.10152947334785356
-0.3142180809129951, -0.14886462229638758, 0.42165481413113487, 2.657604857230909, 1.503682580608264, 0.11068213074949527
-0.3181992391215225, -0.15284632516636343, 0.4255823138296119, 2.655973122047481, 1.5093186497973743, 0.1195621519063605
-0.3222533306415627, -0.15685573814686296, 0.42969466601454365, 2.654510218785103, 1.514763357396691, 0.1279275603924527
-0.3261972478265777, -0.16082204582295404, 0.43093247462169926, 2.652644250712249, 1.5205124289103933, 0.1365971525166995
-0.33034504462209197, -0.16496618071933677, 0.42675511995887505, 2.6508142985108187, 1.5262053128624486, 0.14600221547706935
-0.33433040558309174, -0.16894249220329968, 0.4228874440870929, 2.649262140078842, 1.5315725537908778, 0.15401979198377483
-0.3383904866165013, -0.17296890908580803, 0.41981434938849926, 2.6474643980846744, 1.5372050254436829, 0.16345060375499595
-0.3423782641495403, -0.1769736154272476, 0.4210101178634241, 2.6454908949143627, 1.5426280178697909, 0.1715978342979672
-0.34638461416291344, -0.18098363908041504, 0.4233844011867199, 2.643601983613812, 1.5482022417161416, 0.18027069005209734
-0.35031583907458724, -0.18491744771804533, 0.42449946065217137, 2.641811880397457, 1.5538326966832972, 0.18915441611564057
-0.3543655295814103, -0.18897090488842244, 0.425076637261264, 2.639688278566717, 1.559407262262326, 0.1976839789272237
-0.35834766594192996, -0.1929710957223226, 0.4245397497032939, 2.6376837453725788, 1.5648518465789434, 0.20649227946535406
-0.36235847185298203, -0.19699732966341268, 0.42428501696034765, 2.6356476814142287, 1.5705305116125636, 0.2152519062382744
-0.36634021939330524, -0.2009765220631362, 0.4252226149383186, 2.6336628343716835, 1.5758757553363558, 0.22413868832908326
-0.37052993986101496, -0.20515023721796016, 0.4280768930557344, 2.6314864558071545, 1.5814652436602816, 0.2330381771790571
-0.3744835573683668, -0.20911987028714296, 0.43181513317426906, 2.6293868058943106, 1.5869424770714202, 0.24194668769152877
-0.37853779261455417, -0.21314956635544688, 0.4321599616971975, 2.6271792814201524, 1.5920920354175863, 0.25049047465665397
-0.3825159815374863, -0.2171571184771822, 0.4295285548656074, 2.6251298214835295, 1.597582800642956, 0.25969460615840295
-0.38653610111446557, -0.22117884740296312, 0.42792233263572915, 2.6229236945133065, 1.6026548494886421, 0.2682763788243348
-0.39054541111538027, -0.22514837703197293, 0.4285397438695342, 2.6207397681766307, 1.608294360765795, 0.27688033831631775
-0.3944682955374185, -0.2290854068697167, 0.42565950630190025, 2.6183760063040897, 1.6134553523948638, 0.2858089428633255
-0.3985156222814093, -0.23314553383996564, 0.42422585768775295, 2.6159248568879123, 1.6190046579355042, 0.29418436414959714
-0.40248958322702466, -0.2371154519340041, 0.4230187633674408, 2.613748501877459, 1.6243054684710772, 0.30275856143286534
-0.4065319671007666, -0.24120050627350248, 0.4222386733382734, 2.6118608967880026, 1.6283972434502276, 0.31245003876887134
-0.4106730004098179, -0.2452712608666594, 0.42244346295399926, 2.610508591902082, 1.6323951603033344, 0.3208215874463147
-0.4146935550304173, -0.24928868263581147, 0.4241702382304383, 2.6114600215282593, 1.631444463991743, 0.32936588478915585
-0.41864335095632355, -0.25324133217735384, 0.42813214018357304, 2.6149855803327493, 1.6255712435794498, 0.338048566899046
-0.42269962604095646, -0.25729047316898607, 0.4313331872809504, 2.618572102284955, 1.6197964251737593, 0.34610304887237614
-0.42666480473529034, -0.2612741145876319, 0.4282550155570418, 2.6218229877026924, 1.6142175286212768, 0.35541169584612514
-0.43068388772022337, -0.2652896450585313, 0.4296560748166748, 2.6251728081963277, 1.6087969745453674, 0.36346629844523304
-0.43466483060151895, -0.26926588593085843, 0.4286837752030687, 2.6284773653906255, 1.602980823265111, 0.3718478644070502
-0.4383825949416911, -0.2732339830567084, 0.4285071859844514, 2.6317361601341607, 1.5972594815200718, 0.379843647732801
-0.4422090594639369, -0.27721548600134616, 0.4279921000328375, 2.635134559934346, 1.5912272206713607, 0.3889223879481897
-0.4444639905435943, -0.28125238275540465, 0.4257621605324035, 2.6382127374921547, 1.5859814200530347, 0.39709409125222667
-0.44119302508404934, -0.28533125138729976, 0.4256234014062737, 2.6413644033714165, 1.580046470064617, 0.4056878048935178
-0.4371407459754164, -0.2889450987966627, 0.4297387339717181, 2.644375441591661, 1.5744018664559487, 0.41376681186610187
-0.43317355753004727, -0.2869348299736587, 0.4336941091932717, 2.647501841287507, 1.5685519756800597, 0.4222532095056283
-0.4290185714125706, -0.2828335231011413, 0.4378500539378948, 2.6507008528376, 1.5625543848826013, 0.4310922677226545
-0.42503416424946394, -0.2788078003806978, 0.4415678518808869, 2.6538872126791104, 1.5565173903315808, 0.43938487027993167
-0.4210334441482145, -0.27483375770064206, 0.4435887798079212, 2.656830398148421, 1.5503725570619555, 0.4486360125379723
-0.4170349654874359, -0.27081829268820734, 0.44421743283802917, 2.6600628836358293, 1.5445806967880682, 0.4565028596142179
-0.41304718403994084, -0.26681126616078454, 0.4451683752767387, 2.6628951524626743, 1.538503254031464, 0.4647195105441301
-0.40906332842293397, -0.26283274893515035, 0.4445935255734548, 2.665880923028418, 1.5326449249448288, 0.47354296664090184
-0.4050397218331832, -0.25882260578582617, 0.44663895526926284, 2.668567115389932, 1.526714073515069, 0.48150078632000576
-0.40102342181922546, -0.2548043930164357, 0.44748898885370153, 2.6711787579517576, 1.52077283888927, 0.48968298016905776
-0.39702051186134546, -0.25079644729962125, 0.44686176105807296, 2.6737318872151112, 1.5147327575932352, 0.49757240062196106
-0.3930423874079819, -0.24679336487043002, 0.44501452896453625, 2.6764286779558315, 1.5088349957336438, 0.5055777169348799
-0.3888502210875964, -0.24261791510676042, 0.44472432395124434, 2.679282866650739, 1.5025202701588396, 0.5143867529789722
-0.38484443695201803, -0.23863420687760997, 0.4435789207129449, 2.681965687053759, 1.4964914876476658, 0.5230142697224984
-0.380850106730923, -0.23460393994288115, 0.44543413478391153, 2.684897895028024, 1.4901929094059891, 0.5314406997589376
-0.3768449505675877, -0.23061920728466595, 0.4439661677758724, 2.6874442274272776, 1.4840827530665968, 0.5395588437944578
-0.3728332185378903, -0.22659406947298488, 0.4457824419914978, 2.689960390861143, 1.477754474186235, 0.5478767022298555
-0.36884610982337296, -0.22262573108178235, 0.44976087142710286, 2.692583247359306, 1.471542547277004, 0.5564783904451689
-0.36487264933288205, -0.2186390333633274, 0.45240733230242697, 2.695168114105067, 1.465448622620178, 0.5645836394814535
-0.3611122283018625, -0.21464750131195592, 0.4536344882073167, 2.6977493500799494, 1.4592054018193745, 0.5733701170527763
-0.35798135217364757, -0.21068139941360872, 0.4555154318675565, 2.70015925072635, 1.453095801859777, 0.5817451582539346
-0.35686067040974234, -0.2066581780175812, 0.4560315630162418, 2.7031221351293175, 1.446230134611455, 0.5902718488554872
-0.36055511154671155, -0.20457257600475398, 0.45860371215895485, 2.7051446493827993, 1.4401904793334979, 0.5985966651890604
-0.3647528975623073, -0.20734362329893802, 0.4587725392352673, 2.7078532006995175, 1.4339485082258803, 0.6076231572003239
-0.3687267349517239, -0.21126671952733841, 0.45990538483925436, 2.7103949666667, 1.427582713661295, 0.6156671267224453
-0.3726822243626579, -0.2151756626463434, 0.45649471665605657, 2.7128315498574964, 1.421133092360385, 0.6242564859435398
-0.3765399914647158, -0.2160167544205614, 0.45420324158980335, 2.715193704402592, 1.4144516855956368, 0.6322348400381146
-0.3776481227100784, -0.2121744973644974, 0.45540201386145, 2.7170073216049717, 1.4081974909113522, 0.6402416581526641
-0.3752024309127515, -0.20815922431769723, 0.45685523321746635, 2.718301900487308, 1.4025434778288461, 0.6427057237684665
-0.37138458796614093, -0.20420647300405628, 0.45847437717982426, 2.7181357099770698, 1.397053242741885, 0.6398289404025811
-0.3677317515279808, -0.20011229090041022, 0.4594467205347098, 2.720970037826678, 1.391137117426728, 0.6350488079698156
-0.3641288196449812, -0.19800257848650132, 0.46238644072597523, 2.726402627608569, 1.3854554666688266, 0.6322260980451342
-0.36509763306127807, -0.20125137654175074, 0.4664436978878656, 2.734063132101901, 1.380668791368135, 0.6298502850579318
-0.3690940646835755, -0.20530033998686661, 0.4678948891941455, 2.7419164788195958, 1.376125567682197, 0.6283001158476537
-0.37308374694206103, -0.20931122826531798, 0.46573714381550346, 2.7499238976283964, 1.3714362465143612, 0.6265063048227679
-0.37710853404327566, -0.21333105665639152, 0.46225817710856654, 2.7568987537511185, 1.366131532135896, 0.6237060258503765
-0.3811284534387671, -0.21729678750759848, 0.45833098343147016, 2.7596213382692385, 1.3614806068494811, 0.6155313487381191
-0.3845887593182496, -0.2182504952702173, 0.4543802329843533, 2.761214607003281, 1.356108495591731, 0.6067620071485799
-0.38744241416970826, -0.21420416084467148, 0.4509359655545484, 2.7625796927605193, 1.3502155747636704, 0.5981633859026291
-0.3840690115934631, -0.2101893888146316, 0.44697709174404265, 2.7642350139075162, 1.3454628848190686, 0.5893117527537262
-0.3801068953274104, -0.20619701996071163, 0.4431986875121389, 2.7660036729258684, 1.339869713105277, 0.5806916575139109
-0.3760962274126669, -0.20218142011449336, 0.4427030621504242, 2.7674951092529403, 1.3347761569911858, 0.5723310549524977
-0.3719235170019828, -0.198009679816092, 0.4432197322609839, 2.7690782678868167, 1.3286693682263462, 0.5626826247065198
-0.3678985336042072, -0.19397788617791406, 0.4419715110709533, 2.7705301858026137, 1.3233183179154568, 0.5542020417773045
-0.36392226771179426, -0.1899906753534923, 0.4420447473570257, 2.771853636278953, 1.3179900608778767, 0.5455587965218723
-0.35996421223654684, -0.186020236099326, 0.44139054841758046, 2.7732579038772687, 1.312714136817993, 0.5368617204721431
-0.35711204858652124, -0.18200660442076455, 0.44170834623667365, 2.7747355395186624, 1.3067834539587868, 0.5285878403478063
-0.35340693734030576, -0.17877644022504433, 0.445727061567502, 2.7760449755264593, 1.3014878818475104, 0.5192212135057884
-0.3501868372161956, -0.17920346575644372, 0.4496641293410311, 2.777454483582714, 1.2959706251891259, 0.5108040190467226
-0.34922433856695506, -0.18331644045583279, 0.4539033979610405, 2.778605203369716, 1.2899349291084488, 0.5013697645570323
-0.35313176872674057, -0.18726839722079203, 0.4579126002669261, 2.7800391225482537, 1.2847496236356102, 0.4926167768790574
-0.35705447361906656, -0.18875573420630212, 0.4569496340160678, 2.781273476834634, 1.2791530716813335, 0.48473027084243375
-0.361106372900797, -0.18527543660892218, 0.45512789776950796, 2.7821693436394797, 1.2733369129165377, 0.4762857796827849
-0.364864741678379, -0.18131188182646513, 0.45458922611725816, 2.7832852099390166, 1.2680146219449009, 0.4675508048313548
-0.3654960116656115, -0.17786055964713848, 0.4572676261072007, 2.7843091218592644, 1.2624568471269044, 0.4586230230967147
-0.36161476143443283, -0.17401620241213772, 0.4570554839061415, 2.785519905489871, 1.2577565700542515, 0.4498835868104426
-0.35762053536067034, -0.17524362048227293, 0.45742157653080534, 2.7866753581965056, 1.2516793394838583, 0.44156477505825315
-0.35361595968741055, -0.17923588893168363, 0.4562711269448186, 2.7876182590429526, 1.2461646320392221, 0.4325547218540935
-0.34945941470352393, -0.1833502244779926, 0.45273854680010966, 2.788513043127898, 1.240454429786296, 0.42358250838089617
-0.34789787881014556, -0.18400210278907095, 0.4509839527258924, 2.789372177643677, 1.2350370158506623, 0.4154704596207527
-0.35111713313201515, -0.18048470461100485, 0.4536297388765722, 2.7902249877488976, 1.228943193693799, 0.40662388985705383
-0.355152735686117, -0.17649684401552918, 0.455850832034155, 2.7909955332551157, 1.223689288344131, 0.39845067533699197
-0.3587300519486119, -0.1728417765596333, 0.4587243625959288, 2.7918420153029433, 1.218233958776905, 0.38968098396761375
-0.36110746178044245, -0.1702229265660511, 0.4595084383814117, 2.792553374333731, 1.2125408352357776, 0.3813667065079595
-0.3584300271236927, -0.17268730889319034, 0.45920176899647486, 2.7938155733336067, 1.2069774041751768, 0.37250409055063544
-0.3544729310008985, -0.17668967134854632, 0.4562148962277245, 2.7944087287745263, 1.201390596930241, 0.36383917119798564
-0.3503252880849457, -0.17958156024390548, 0.45240321229996044, 2.79517745773626, 1.1957695881820785, 0.35531565287181716
-0.3508217840939454, -0.17640478291229877, 0.44856332564417734, 2.7956562811691343, 1.1902190165777011, 0.34688703979806684
-0.3546241875102891, -0.17240585394375224, 0.45079414725012107, 2.7957986179138787, 1.1847736007533451, 0.33814424092544976
-0.3578301617352642, -0.16856544766789108, 0.45479073508477197, 2.796450691814514, 1.1790264497631657, 0.33007970558986777
-0.3557718867284697, -0.16805179378589882, 0.45878099938362243, 2.797534155158578, 1.173925572929746, 0.32112755330531495
-0.3516665521663482, -0.17201426960859903, 0.46106958734721226, 2.7981095764660897, 1.1678790496025067, 0.3127560439004911
-0.34771327052593004, -0.17607164675889087, 0.45740026380584553, 2.798511286582527, 1.1624359670198248, 0.3041895665891306
-0.3436949251169695, -0.17991561005237505, 0.4533514519748753, 2.7990084198075507, 1.1565617827215522, 0.2958181784261082
-0.3421602239786127, -0.18029638088123948, 0.4492718713290196, 2.7994785669966187, 1.1510995145004108, 0.287696569271526
-0.3460937929454977, -0.17624750824036475, 0.44551818673581245, 2.799411554821539, 1.1449937700508643, 0.27893885720952943
-0.3500740466173521, -0.17222278236717517, 0.44781726797910193, 2.7996516639027114, 1.1395199126569444, 0.27010137832714043
-0.35287110659315996, -0.1682307956635546, 0.4518098310931774, 2.8001508622366464, 1.1337805291817808, 0.26190372554457975
-0.35074212021930584, -0.16531872393982217, 0.4556543214839515, 2.800428644574709, 1.128810628253721, 0.2539601893716775
-0.34671187372119594, -0.16362102793628988, 0.457402322479437, 2.8010701918319736, 1.1227710898333247, 0.24517832210149326
-0.34269122490653287, -0.16697534572086545, 0.45376639445285893, 2.801411870116176, 1.1171499428505465, 0.23650546783187867
-0.3386056594770422, -0.1707458100418741, 0.44969016086384295, 2.80161418271487, 1.1112304303830003, 0.22762856788235636
-0.33626795754255173, -0.17281715137248266, 0.4462682319711125, 2.8015238887497147, 1.1056548725914015, 0.21980224083246944
-0.3392708064716156, -0.16969926524237267, 0.4457137656934693, 2.801570815149166, 1.0999947573957634, 0.21141152322796236
-0.34325465150557005, -0.16566624826570972, 0.44607812335179925, 2.8014926704104144, 1.0942368902253947, 0.20319319120599127
-0.34725135677400865, -0.1617000968177405, 0.44896674451611646, 2.801588641932649, 1.0888138205732854, 0.19443606553325898
-0.35124351502071766, -0.15768799913798906, 0.4471616974579615, 2.8016231502098146, 1.0831797662783746, 0.1860918587838761
-0.3549388542672279, -0.15364732085978713, 0.4464430156812728, 2.801707734791153, 1.0772770329051349, 0.17822385407445773
-0.3574027210835876, -0.1495241939278031, 0.44821576735020185, 2.801659241618685, 1.0715129570244784, 0.169545761989226
-0.3549096437146032, -0.1455508355408354, 0.4448184073287598, 2.801680489015563, 1.0660357760785493, 0.16154831591362967
-0.35090047173345884, -0.14150681497311773, 0.44105948375689485, 2.801760627319678, 1.0605535751290815, 0.1523650328392418
-0.34688126988078405, -0.13750570535392562, 0.43696039605566916, 2.8014412237986965, 1.0548583736206911, 0.1446163292838246
-0.342888895114048, -0.13346860399419777, 0.43326972701970545, 2.8014883562766366, 1.0490441215503858, 0.13624218400163812
-0.3390188993979496, -0.12954018570691356, 0.43171884769762425, 2.8009388761902936, 1.0437293168158563, 0.1276365800842218
-0.33513278858069806, -0.1255267944345647, 0.4307488166621065, 2.800968007311508, 1.0379409501557828, 0.12020350062832454
-0.33152483500214325, -0.12154604761820353, 0.43054863375418706, 2.800697977489773, 1.0318826912865102, 0.11180201398688605
-0.3293197314835473, -0.11770892271268557, 0.4305367404689807, 2.800504163748008, 1.0264075160887327, 0.1036792625647333
-0.32949748682498853, -0.11435712190589727, 0.4307061034190637, 2.7998111216894803, 1.0217296944327268, 0.09521781210346295
-0.33336312605884433, -0.11063942545306264, 0.4306292181120425, 2.7993642674084653, 1.0163653063150615, 0.08722177323847231
-0.33704921390212794, -0.11015026868381624, 0.4304595886263947, 2.7987030816282483, 1.011601684253131, 0.07915480661509301
-0.3406563379942885, -0.11332550131040596, 0.43098820909317015, 2.7958415059059423, 1.0127608152850116, 0.07135288958145974
-0.3422320377600137, -0.11717251623328633, 0.4306432282954704, 2.7918218710995033, 1.0173809864695071, 0.06378280115663
-0.33897326877330364, -0.12080688706514121, 0.43084866075147854, 2.787517310699559, 1.0226602194849828, 0.05654089195829709
-0.3354791428033421, -0.1240871440994398, 0.4305516161920457, 2.7832361786372912, 1.028260943857177, 0.049650913095044866
-0.33182700640699564, -0.12702349373776195, 0.4312817584945589, 2.778695657885624, 1.0338846553419343, 0.042381460568983294
-0.3302479027889766, -0.12604376986836663, 0.43097612747440744, 2.774737847647266, 1.038675044905841, 0.03582277623619804
-0.33021297299426394, -0.12214943269925847, 0.43092085855219703, 2.769994028263787, 1.0448051301291614, 0.028364547814512985
-0.3339148990851816, -0.11834154048674758, 0.43025537506970796, 2.765588555442612, 1.050178888016764, 0.02146215316219841
-0.3378640292095043, -0.11437595057413039, 0.43086013458743805, 2.761074175018494, 1.0555618405533047, 0.014060496249285239
-0.3409343081736223, -0.11245872644240726, 0.43122141369214056, 2.7567321361482366, 1.0608996216014415, 0.007541233296022777
-0.34141272454120075, -0.11482698257388789, 0.4313427225399467, 2.7519826507701595, 1.0666784577122774, -0.00023335559290061478
-0.33820105947157236, -0.1184760612495647, 0.43123498998728144, 2.7472823626264034, 1.0721304877056024, -0.007490705737802111
-0.3353592165499741, -0.12183548202856673, 0.43097851539487236, 2.742853964972325, 1.0771154226788007, -0.014811029920970902
-0.33193500205276305, -0.12540764632161455, 0.4316998850364912, 2.7380455013757383, 1.0826707529277686, -0.021536528301244844
-0.33100100253716014, -0.12699697270543642, 0.4315311474780123, 2.7335417258917296, 1.0878507867657299, -0.028783100265111154
-0.3338337695182484, -0.12589162810989526, 0.43136924532558324, 2.7288628667274226, 1.09307128924084, -0.035075199931415744
-0.337687477920007, -0.12180691138879104, 0.43136966738303917, 2.7244291689721107, 1.098221521354288, -0.042551770379128113
-0.3414883318837672, -0.11808036477579706, 0.43225977592201903, 2.719813639376903, 1.1033242283652887, -0.04923640017881379
-0.3428541421081668, -0.11633199962178459, 0.4320407799259311, 2.7151775436795633, 1.108764240143872, -0.05646171481033726
-0.34247968778281423, -0.11547296084246868, 0.43208142170075126, 2.7112455161821036, 1.1142333230164572, -0.06275260390133705
-0.33880689868634645, -0.11709089489417504, 0.43192109611812224, 2.7067935672216885, 1.1199197682722075, -0.06966659327034332
-0.33477251088803883, -0.1211209738667838, 0.43239371713456265, 2.7031873085586606, 1.1255293226935297, -0.07601614869379206
-0.33097448412056124, -0.12504974285229994, 0.43233846893856154, 2.702555872920305, 1.132341227104111, -0.08017856773508836
-0.3295402628795536, -0.127647812899388, 0.432453550783682, 2.7005876011015215, 1.1387925102328182, -0.08562395763460172
-0.3319151027806005, -0.12766234547418154, 0.4320559910910316, 2.699984666967528, 1.1450740262300914, -0.08988045063742699
-0.3358043031693107, -0.12431556260936644, 0.43262202813619266, 2.6996714869655016, 1.152179068001229, -0.0939865687336104
-0.33964689450319085, -0.12037958858435349, 0.43225593477622987, 2.6991039939078045, 1.1589514656546678, -0.0983766244192277
-0.3433076880396668, -0.11675027177637343, 0.4328433075028098, 2.698676531936294, 1.1658695363385978, -0.10281424865127711
-0.34722235365239384, -0.11283383714645895, 0.43230189777995776, 2.6977760589390094, 1.1728046953557754, -0.10664590787350739
-0.34765816861398113, -0.11208862518990421, 0.4329498417501889, 2.6979481081634358, 1.1796150684540303, -0.11123842527894261
-0.3445152320359248, -0.11535599594946602, 0.43275408072900445, 2.6976963980789193, 1.186690566400576, -0.11534130782201239
-0.34094521129601785, -0.11889363742957049, 0.4327012751991738, 2.6973838448075664, 1.194089849177038, -0.11925651484475087
-0.33733806147246537, -0.1224626880424559, 0.4328459936584071, 2.6971166499897965, 1.2010459798513171, -0.12346193032502752
-0.3336891746487173, -0.1261548499610916, 0.43249349778366225, 2.6978764113340303, 1.2085257063358092, -0.12684554000277823
-0.33254060802989543, -0.12811963097693194, 0.4328150345937304, 2.697591446301463, 1.2156181632110796, -0.1306112734229711
-0.33471701330095244, -0.1263262469133248, 0.4328999978593031, 2.696814054419729, 1.2219736607290037, -0.13523851626110242
-0.33867359931476043, -0.12238024890639257, 0.4324005434197279, 2.6965207103023183, 1.2293169034051445, -0.13899774821532054
-0.3418318463364261, -0.11908519161017875, 0.4327329704964464, 2.6961428660667885, 1.2360435583412879, -0.14346860934982633
-0.3442471035368647, -0.1162891229892136, 0.4328010253633479, 2.695165557299111, 1.2429949422441455, -0.14796971282147137
-0.34556566485534895, -0.11452598465917833, 0.43297010490573806, 2.695305669319531, 1.250468061019067, -0.15166174178711447
-0.3446512193455933, -0.11379498091329164, 0.43240873354965914, 2.695010671444259, 1.2572745325259662, -0.15530108697877187
-0.3410018445036399, -0.1145045484509806, 0.4331397456102862, 2.69464077913889, 1.2652215650166914, -0.1602114863776969
-0.33777359876855534, -0.11813637891598813, 0.43291955409124006, 2.6960504710327626, 1.2724979024104799, -0.1622172119742874
-0.33535943123164913, -0.12156041445546557, 0.43332056672740354, 2.6955014045464516, 1.2797335494001523, -0.16713442586141194
-0.3328368555731016, -0.1250300989493297, 0.43340332963137246, 2.6950010232823636, 1.2869136182126477, -0.17125755830323472
-0.3326825718088151, -0.12808060335103053, 0.43291130004811235, 2.6953250121959123, 1.294436338194003, -0.17488509805770847
-0.3348488480233833, -0.12866073179449028, 0.43301603261620264, 2.6960399886188644, 1.3017898612552943, -0.17768508265452826
-0.3369646896777005, -0.12923723458499276, 0.43324134796891134, 2.6964132582681466, 1.3094653369377864, -0.1814200476762527
-0.3391619477916901, -0.12986155921918338, 0.4333805243164888, 2.6969752553615933, 1.3171606383947274, -0.18451098142416228
-0.34129170808428533, -0.13043588788235452, 0.43362183305716645, 2.6975588372817763, 1.3247301004994512, -0.18847368219892688
-0.34343899084161, -0.1310627716503816, 0.4337438854168552, 2.6979275261511733, 1.3327269307768665, -0.19147598155185783
-0.34567937266386467, -0.13166904931062856, 0.4339460668690155, 2.6983984933432446, 1.3403103230124882, -0.19505760662788435
-0.34779871797282813, -0.13225370414938128, 0.4340873264424939, 2.698859718505293, 1.3481038576767672, -0.19818227469523042
-0.35000135567708385, -0.13287507528162948, 0.43425320275153156, 2.6991585806917784, 1.3555922005712362, -0.20171954016343777
-0.3521218998164721, -0.13344228897366311, 0.43444177048026156, 2.69951767376398, 1.3634205445280254, -0.20529785496863628
-0.35428255948348525, -0.13405924369134675, 0.43459478964562814, 2.6998805664081886, 1.3710062542762322, -0.20845509088610872
-0.3564286678775047, -0.1346171492812894, 0.4348002853971323, 2.7003311667465377, 1.3786237953628087, -0.21210500230415416
-0.3585959823489405, -0.1352498535062785, 0.43495963353552247, 2.700689682743818, 1.3863277675890842, -0.21552477050407035
-0.36073475551345846, -0.13585430153093742, 0.43515383299565114, 2.700720976951398, 1.3941210328334748, -0.219164233353812
-0.36284501238223876, -0.13645654380483602, 0.43535098911899955, 2.7009062364921985, 1.4020557749690934, -0.22258514386695624
-0.365037327630468, -0.13706728166678653, 0.4354736587084921, 2.7012750828526997, 1.4095830389098112, -0.22578961774232476
-0.3672335933047541, -0.13761740434091657, 0.4357363846977615, 2.701528351301642, 1.4173755131755505, -0.22962816037979916
-0.3694320905488223, -0.138271400319889, 0.4358324183965181, 2.7017217258497035, 1.4252258205153843, -0.2329150123197183
-0.37157314629578725, -0.1388317057314325, 0.4360718329741071, 2.701843276725466, 1.4329477471910088, -0.2365750302273778
-0.3737159640605785, -0.13941215536431034, 0.4362256516197605, 2.7020147867571263, 1.440675033932688, -0.2400017143328817
-0.3758884582487795, -0.1400273179736969, 0.4363367830773905, 2.7022733895756796, 1.4481901943053936, -0.2432678225389544
-0.3779887050759716, -0.14062038556531994, 0.436583545856075, 2.702086445799548, 1.456092873560805, -0.24698068450247632
-0.3801773617107642, -0.14124654800148523, 0.43670815864229373, 2.7022165958409436, 1.463731942731817, -0.25043625594027175
-0.38229599334363723, -0.14184358724533264, 0.4369253472163527, 2.7020308379629823, 1.4716696700160925, -0.2540926294343718
-0.3845666011514929, -0.14247367307786404, 0.43703013113872535, 2.7024001175079557, 1.47955905955022, -0.25736925139497685
-0.3867043556277322, -0.14307262851279168, 0.4372615485247983, 2.7021213536158717, 1.487553589361155, -0.26121613960506773
-0.3888572859081739, -0.14366222684059146, 0.43742003266265483, 2.702217055028001, 1.495254760142629, -0.26461702687780286
-0.39103827814693826, -0.14425938782582692, 0.4375481691094594, 2.7022651707806395, 1.5029234015692414, -0.26797393668367303
-0.3931345863452651, -0.14481485823802284, 0.4378275667129691, 2.7020897200705702, 1.510740505439749, -0.2720111223247585
-0.395354434378692, -0.14544833225607048, 0.43795028801753677, 2.70203681949249, 1.518621316565154, -0.2753662495089357
-0.3974400473087872, -0.14602782303764528, 0.43815134453275423, 2.7017432866214013, 1.5263541405161336, -0.2789244109991164
-0.3996957871550904, -0.14667901016907858, 0.43830358181375645, 2.7017293853088047, 1.5343386762713236, -0.28248342711634417
-0.4018652038546356, -0.1472730435070462, 0.43846843075485664, 2.701443040509879, 1.5423136769156376, -0.285821688850303
-0.40398254644650794, -0.14782765670613707, 0.43866758599281874, 2.7012912377603384, 1.5499679816290621, -0.2897853055988444
-0.4061613813120804, -0.14848059309828718, 0.4388375890849243, 2.7009287279691017, 1.5578519779591684, -0.29335864862027894
-0.4082839378517142, -0.14903485528950272, 0.43901419714239975, 2.700632925904159, 1.5657565310402213, -0.2968612402970384
-0.41043838787147174, -0.14968193425485152, 0.43914131169708703, 2.7002850924245596, 1.5735222240779987, -0.3003075968267686
-0.4125994618416056, -0.15027030893263782, 0.43932133616881486, -2.6962145235977606, -1.5790889579441514, 0.30341317542269225
-0.41472813431192496, -0.15085410035061625, 0.43949750870686455, -2.6890672657701655, -1.582728532649213, 0.30621438753159824
-0.41702457090069833, -0.15146035884253387, 0.4396313292394737, -2.6812819123151197, -1.5867501002342872, 0.30908536959991606
-0.4191263504102878, -0.15203529518086525, 0.43992341558447645, -2.674276250479315, -1.590507788487824, 0.3123643526136592
-0.4213005072431096, -0.1526694287780255, 0.4400150634217771, -2.6672312423831084, -1.5941844903666582, 0.3147192137597878
-0.423448234909717, -0.15325181470445381, 0.44019840090907575, -2.6599571152265007, -1.5980206691946166, 0.3176173542540414
-0.4255732693745985, -0.15384766365190655, 0.44041735455575187, -2.6526702677921237, -1.6015692617345743, 0.3204154379899607
-0.4277683251156075, -0.15444919971849103, 0.4405065853270389, -2.645368162996029, -1.6051261725137567, 0.32280522576969384
-0.4298929409959566, -0.15507234312670024, 0.44071690234510746, -2.638083244680869, -1.6088636813830421, 0.32593559911344394
-0.4321473258406837, -0.15574448157198312, 0.440869148897054, -2.630327895682357, -1.6127525132344502, 0.3286585000270704
-0.43426239215519064, -0.15626239608890535, 0.44107533871962257, -2.623246466761917, -1.6161028961844408, 0.331370655632005
-0.4364035826089233, -0.15684528396531047, 0.4412432172509133, -2.6161157119222924, -1.619514263940068, 0.33413511613498664
-0.43857111563288964, -0.15743651176435514, 0.4414437292202281, -2.6087354477751714, -1.6231394964553532, 0.3368554488005563
-0.4406703577701808, -0.15799945419188335, 0.4416619334476779, -2.6014372191463853, -1.626679433105056, 0.33951772390275087
-0.44288089014820486, -0.1586304647689358, 0.441729311009167, -2.5941540119631323, -1.6301557029373803, 0.34181971827687174
-0.44501217502659457, -0.159224050289231, 0.4420031156153748, -2.5869179120353536, -1.6335133325857838, 0.34507843201734195
-0.4471637745547462, -0.15983398877189045, 0.442180295872605, -2.5795362569954174, -1.6369831733481657, 0.34791121129295666
-0.4493594458810291, -0.16044569383638316, 0.44228998685102316, -2.57238962788595, -1.6404009740704215, 0.35036128601034644
-0.45146739010909787, -0.16103394553302453, 0.4425392042698062, -2.5649944998006124, -1.6436696559294992, 0.35299010620777077
-0.4536474273349203, -0.16165161784107152, 0.442643623459705, -2.557478950411175, -1.647363195669904, 0.3554709024520778
-0.4558539701149754, -0.16224715299328657, 0.4428509168774899, -2.5499316560885785, -1.650603366129466, 0.35832582701337307
-0.45798885628732794, -0.16285004962483887, 0.4430238178681352, -2.542759641373059, -1.6539174396669243, 0.36093281809177186
-0.46016098867866295, -0.16346757229274442, 0.44317633713153426, -2.53544976253117, -1.6572677691533635, 0.36347719400279493
-0.4622976191787233, -0.16404867589434832, 0.44334179790568207, -2.5280952571105297, -1.6605872000974808, 0.36606261180062416
-0.4644698249849435, -0.16466235707252147, 0.4435373295026299, -2.5207228816403915, -1.663839812332627, 0.36885649866690823
-0.4666089023411303, -0.16525963475745817, 0.44373055066009337, -2.513406409784163, -1.6669368051197624, 0.3715386371508392
-0.468761650367135, -0.16583868595335977, 0.4438996649635251, -2.505911201050823, -1.6702120108962473, 0.3739305195348484
-0.4709360662381037, -0.16647158074143883, 0.44406748845840743, -2.498635358116724, -1.6733014582645953, 0.376479243658009
-0.47304389365607175, -0.1670282384965813, 0.4443080848981958, -2.491372481812221, -1.6763597886610626, 0.37926930741461834
-0.4752183199859961, -0.16764188239938213, 0.4444035550238557, -2.4839613042305926, -1.679733631921361, 0.38151466291260056
