0.12922967727101414, -0.2652017343198556, 0.5510144488412946, 0.8811580863637207, 0.65976813497253, 0.16146845999453935
0.12922726577340085, -0.2651971983333615, 0.5510129381601898, 0.8811353012428782, 0.6597945632049582, 0.16145990752450848
0.1292329107731592, -0.26519323654581095, 0.5510180577081747, 0.8811323510040386, 0.6597642850412946, 0.16148571610075865
0.12922017729429092, -0.26519429582503923, 0.5510431490934977, 0.8810645725269225, 0.6597492070845822, 0.16144369450828436
0.12925345395398763, -0.26520762622887273, 0.5510123519143078, 0.8811272379993618, 0.6598079928336058, 0.16147411955702004
0.12922404872106338, -0.26519676131796976, 0.5510182762203979, 0.8811497115658187, 0.6597237264144078, 0.16146332016465006
0.12923157110371902, -0.26518131642625914, 0.5510295492058167, 0.8810769265146985, 0.6597767188399214, 0.161502627163968
0.12922243643740608, -0.2651957708359047, 0.5510234378724572, 0.8811196743508731, 0.6597396735541466, 0.16146291349496814
0.12923668263879845, -0.2651941459465715, 0.5510173302760849, 0.8811222927632283, 0.659830028324041, 0.16149328763957038
0.12921732448986104, -0.2651919010139179, 0.5510267022728782, 0.8810777182396148, 0.6597714252267246, 0.1614301095609353
0.12922916351990943, -0.2651943046905426, 0.5510230239938205, 0.881131835390592, 0.6597453233179539, 0.1614873042977986
0.12922523733724753, -0.26519142384519473, 0.551038665300585, 0.8810513428262728, 0.6597670540268082, 0.1614261789965811
0.12922543077485968, -0.26519569529396686, 0.5510259125813981, 0.8810763786861331, 0.6597550246779115, 0.16144609699748952
0.12921695020064325, -0.26518426352244584, 0.5510372344325137, 0.8810817218198163, 0.6597514712297937, 0.16142677922674115
0.1292325191378877, -0.26519899408759906, 0.5510147088284172, 0.8811051527227979, 0.6598318057951809, 0.1614300476962191
0.1292326087599297, -0.2651974432422618, 0.5510103097297385, 0.8811151202654656, 0.6598023000499368, 0.16145010022326228
0.12921635081166316, -0.26518949126003644, 0.551024582935388, 0.8811002525846302, 0.6597634186184983, 0.1614371027450933
0.12922268546714738, -0.2651934557573416, 0.5510335004054372, 0.8810680897832578, 0.6597651373897543, 0.1614249639684968
0.12924181229066242, -0.26520375802203977, 0.551003978807432, 0.8811250543899958, 0.6598270575757714, 0.1614538871535874
0.12922713500978233, -0.26519709412691506, 0.5510205978170869, 0.8811015629940634, 0.659761331268957, 0.16146504975805184
0.1292327707870588, -0.26520587543991136, 0.5510064147226549, 0.8811522262648057, 0.659811456430279, 0.16143548001737662
0.129234459761058, -0.2651907055123311, 0.551023219344036, 0.8810698225968908, 0.6598218022579008, 0.16142073183275882
0.12922159832548874, -0.2651925294045046, 0.5510242718924644, 0.8810842586778264, 0.6597443195135477, 0.16146776332643054
0.1292339107368552, -0.26518899065572693, 0.5510206903194736, 0.881112959251161, 0.6598054647207343, 0.16151088515880088
0.12921721723558477, -0.2651914674377571, 0.5510268630547894, 0.8810864089370832, 0.6597439423747242, 0.16142234712105488
0.12922543077485968, -0.26519569529396686, 0.5510259125813981, 0.8810723019170293, 0.6597601682313529, 0.16143540523893501
0.12921939111039232, -0.26518910496859627, 0.5510195519705104, 0.8811119480976214, 0.6597690491479531, 0.16143985869223454
0.1292288081686461, -0.26519849301640247, 0.551024860030878, 0.8811102448283512, 0.6597698268612218, 0.16146385723411008
0.1292344913671149, -0.2651949207966355, 0.5510394103378269, 0.881081610817594, 0.6597690701831113, 0.16147718665774893
0.12921958637912961, -0.265186771177398, 0.551039198560636, 0.8810724733272349, 0.6597602205648762, 0.16145727312613106
0.12922181433588595, -0.26519686759006666, 0.551023219344036, 0.8811013658882872, 0.6597796859502705, 0.1614209456663423
0.12922355477564812, -0.26519669723049605, 0.5510230893315874, 0.8811076144538678, 0.6597739401646067, 0.1614077567124063
0.12923041716069592, -0.26518577797709364, 0.5510314738300068, 0.8810796047387981, 0.6597552479068148, 0.16148657569033703
0.12924321588197507, -0.26521179745481327, 0.5510355318610696, 0.881291993356338, 0.6599425779546321, 0.16142013025091825
0.12928321542479038, -0.26524116682134735, 0.5510295131817186, 0.8816130745502045, 0.6603402267600849, 0.16134362878282552
0.12925966601033584, -0.26523047132692634, 0.5511408740399439, 0.8817737624224765, 0.6603868074841854, 0.16141683553520927
0.12933335456675177, -0.26528082024864874, 0.5511913612703628, 0.882229843568342, 0.6609501178085129, 0.16147418117516377
0.12938803298219992, -0.2653462646387469, 0.5512515466566184, 0.8828984253518304, 0.6616427651446861, 0.16147648332134582
0.12944673952119462, -0.2654135626771127, 0.5513327914765762, 0.8836998740755988, 0.6623983470497266, 0.16151583295469815
0.1294870297898002, -0.26546689226020476, 0.5514525108461023, 0.8844681706582808, 0.663106275325507, 0.16150311767503653
0.1295911442204557, -0.2655504174307377, 0.5515798997660017, 0.8853803400527506, 0.6640835904189083, 0.1616198073414233
0.12964950833499653, -0.2656219139466401, 0.5517078278116444, 0.8864288821441255, 0.664950462958123, 0.16176179343502342
0.12979532510637568, -0.2657495122165847, 0.5518288070476737, 0.8877478588816223, 0.6664245717045726, 0.1617541621924915
0.12990065801870082, -0.2658459241060076, 0.5520191852631589, 0.8890080977045294, 0.6677650669240336, 0.16175151766110468
0.12998372811670372, -0.26594358733556406, 0.5521820860687799, 0.8902808073068078, 0.6690590986313529, 0.1619082888599554
0.13012561782111073, -0.26607195310193904, 0.5523433886394463, 0.8917797798109831, 0.6706154180978153, 0.16191644143613468
0.13027807503802727, -0.26621892580818196, 0.5525329202398754, 0.8935673266164584, 0.6724295856594819, 0.16201948897297763
0.1304270154808164, -0.2663573161849998, 0.5527592453535035, 0.8951884471549467, 0.6741041364934021, 0.16193882140236268
0.13059283150054912, -0.26651532530572974, 0.5529972356675101, 0.8970476541483132, 0.6760513913139776, 0.1620755925798641
0.13078063524424138, -0.2666767159038769, 0.5532139070169144, 0.8989599899032611, 0.6780763168964689, 0.16215975248396294
0.1309237635778727, -0.26683273554934805, 0.5534960878374137, 0.9009579419821468, 0.6800627401558389, 0.16225434707518294
0.1311466734173648, -0.26703392815535815, 0.5537406519831984, 0.90340197721705, 0.6825369024869471, 0.16249616831683977
0.13132714815172936, -0.2672213341908979, 0.5540370466101268, 0.9055706875748695, 0.6848060754948556, 0.1624207735521915
0.13152475980248987, -0.2674082737431382, 0.5543520334374483, 0.9079107279108702, 0.6872741637318306, 0.16261350866794225
0.13175324794391471, -0.267633029871476, 0.5546635976241995, 0.9105274721816119, 0.6897880880247239, 0.16269429665091234
0.1319871074937098, -0.267855696755688, 0.554993772497499, 0.9131227513872825, 0.6924169897752682, 0.16285129862059408
0.13223746348095206, -0.2680815913424852, 0.5553024369142694, 0.9158478061810313, 0.695377173692176, 0.16288348022742008
0.13246084679793435, -0.26831054081293815, 0.5556506889770498, 0.9186679223662838, 0.6981987658833269, 0.16299463363147357
0.1326876749518315, -0.26853882184022837, 0.556010570396996, 0.9215052413433897, 0.7010178486051223, 0.1631903344502843
0.13294152386613567, -0.2687769673137066, 0.5563227502528713, 0.9243083200698395, 0.7038891242507547, 0.16323127240270485
0.13320037231372225, -0.26902771421761024, 0.5566939229541563, 0.9272361012269754, 0.7068473935052827, 0.1633179290582444
0.1334182919949859, -0.2692706162487278, 0.5570387283569047, 0.9301197786580003, 0.7096283266006536, 0.16348372403938444
0.13366304961018213, -0.26948371753575506, 0.5573923946375108, 0.9327946377605733, 0.7125421680538825, 0.16361435782413847
0.13392113885081205, -0.2697229226231568, 0.5577341078093954, 0.9356656104282524, 0.7154609334664341, 0.1637683090865446
0.13417867985624315, -0.2699335323236571, 0.5580780395897037, 0.9382435509937065, 0.7185267941550962, 0.16392377372924063
0.13440668977254933, -0.27017193304557086, 0.5584360373999814, 0.9411738645301103, 0.7212222992025311, 0.16418203190794148
0.13465381501893808, -0.27041896717572433, 0.5587585767138078, 0.9439189108291345, 0.7241819230304031, 0.16414405154575798
0.13489563194452203, -0.2706495242886299, 0.5591189396453006, 0.9467409079255875, 0.7269197358315639, 0.16437240596077313
0.13511831588283718, -0.2708672886819539, 0.5594759109137053, 0.949533459234613, 0.7297655735968319, 0.1646127719013898
0.13537467651280932, -0.27110524413471393, 0.5598236247561298, 0.9523214064549962, 0.7326780883321214, 0.16469451916886127
0.1356353301778034, -0.2713647944524241, 0.5601398404540228, 0.9553765012249129, 0.735806758922487, 0.1647423976118891
0.13585047501474015, -0.27157494073930233, 0.5605254466248794, 0.957994075365326, 0.7385745090128444, 0.16471097338220048
0.13610596770441266, -0.27180521095653154, 0.5608615651706933, 0.9607664220216398, 0.7414490130810775, 0.16499266764937823
0.13634493547762708, -0.27203016517048284, 0.561205369448265, 0.963578521717391, 0.7443335416467449, 0.16520857026672867
0.1365717673645364, -0.27227791390468276, 0.5615564219909043, 0.9664627446048859, 0.7470232315096079, 0.1651884667823872
0.13683777748132603, -0.27251000273545245, 0.5618963493049259, 0.9691297261646434, 0.7502126672421995, 0.16526396103520294
0.13705591292276004, -0.27273751683556874, 0.5622413282155062, 0.9719948243625984, 0.7529252690329916, 0.16537149319838787
0.1373032236379194, -0.2729723772593403, 0.562588613433426, 0.9748079673975042, 0.7557384353163022, 0.1655608620913304
0.13756148582004013, -0.27320087907708906, 0.5629198013267391, 0.9776269964888354, 0.7586419051456346, 0.1657603511300378
0.1377767534642567, -0.2734363518208408, 0.5633267581842583, 0.9804525188307225, 0.7615105865172768, 0.16581541092584684
0.13803024580941436, -0.27365456074315375, 0.5636584082974179, 0.9831303584201612, 0.7646559385803452, 0.16595668896866042
0.1382772712085344, -0.2739117351519551, 0.5639791210280078, 0.9861596944746295, 0.7672878781923085, 0.16614441762985327
0.13852523804357125, -0.27413956557190067, 0.5643350572204074, 0.9889295581593834, 0.7700681061659552, 0.16624260264314006
0.13876678623839997, -0.2743614981853374, 0.5646809173682269, 0.9915550402850382, 0.7731089443300814, 0.16638060366367455
0.1390093833691123, -0.2746102657777752, 0.5649952500462708, 0.9944536429283479, 0.7760500397574274, 0.16631233176589916
0.13927524543196818, -0.27481908925250986, 0.5653577104177266, 0.9971720796565001, 0.7790236047173773, 0.16663063693562968
0.13950892980966417, -0.2750586608495336, 0.5657037886762805, 0.9999846468838541, 0.7819144438188083, 0.1668446694244665
0.1397287091143003, -0.2753031409890499, 0.5660453151530861, 1.002816298617795, 0.7846011758771483, 0.1667404465184881
0.14000623284785285, -0.27553752931970715, 0.5664125085651162, 1.0056685236680125, 0.7876951712524399, 0.16699900768340917
0.1402415552233153, -0.2757729194773077, 0.5667430383143137, 1.0084314037096007, 0.7905598656775349, 0.16696731950305158
0.14048473507684867, -0.2760003554674364, 0.5670993335420211, 1.0111466468445658, 0.7935177705455564, 0.1672082235859363
0.14073113209582738, -0.2762227304977213, 0.5674445921389164, 1.0140190819846802, 0.7963850136038636, 0.16742856808819903
0.14095544271509386, -0.2764719046346295, 0.5677917976024043, 1.0169214816909673, 0.7989904375091359, 0.1674544607749376
0.14119469610512825, -0.27669478101473066, 0.5681610619398004, 1.0196605527078244, 0.8019438732039093, 0.1674727469793701
0.14145256142907442, -0.2769431744288148, 0.5684610141276505, 1.0225285061474088, 0.8048340099791897, 0.167767608945038
0.14169421801769866, -0.2771797735428508, 0.568796095767771, 1.025292845042036, 0.8077748740377212, 0.16773174450467174
0.14194613191249544, -0.27740634287243665, 0.5691474753477708, 1.0280119495500764, 0.810716759292942, 0.16797193303154012
0.1421622669366072, -0.27764082332511375, 0.5695158097519601, 1.0308458699960752, 0.8134632635128032, 0.16793210729986313
0.1424017666172482, -0.2778719659994737, 0.5698754098956709, 1.0336112994074873, 0.8164249517855169, 0.16789003048239293
0.14267108744338497, -0.2781015966218108, 0.5702237583973622, 1.0363598673784618, 0.8195202595221702, 0.1683535065762012
0.1429017502240766, -0.27831716516945404, 0.5705621866346017, 1.0390590564376765, 0.822321650371148, 0.1684976734065085
0.14313945931839125, -0.27856494467588416, 0.5709109371899308, 1.0420507402881252, 0.8251253766842428, 0.16855779806127827
0.14340969850733176, -0.278805533355377, 0.5712507549570475, 1.0447290993383391, 0.8282695765552462, 0.16859213801337403
0.14363275594209765, -0.2790503421359982, 0.5715978340042794, 1.0477057258812577, 0.8308856966728625, 0.16878012728513225
0.14386942529174745, -0.27925492882018715, 0.5719440915004207, 1.0503441868531755, 0.8338944911156551, 0.1688280366392458
0.14412828583497295, -0.27952069609061825, 0.5722666459499967, 1.0532823853088287, 0.8366531463362102, 0.1689421149977102
0.14436093396792943, -0.2797412512308709, 0.5726131819935025, 1.0560339630051874, 0.8395808151838696, 0.1691162732407062
0.14459173587553764, -0.2799485834550618, 0.5729829319140536, 1.0586295905880798, 0.8425294374729483, 0.1692296506021266
0.14482340065396654, -0.280184071485299, 0.5733289833985945, 1.0614757412760885, 0.8453437382790312, 0.16912613442322533
0.14506716137954098, -0.2804237716419432, 0.5736950144685808, 1.0642761256350306, 0.8481588924542875, 0.1694010918780111
0.1453168716331925, -0.28065452707474964, 0.5740430222765528, 1.0670730162060802, 0.8512777362266826, 0.16949949164079084
0.14557199186973419, -0.2808891372430651, 0.5743795805836889, 1.0698505084663934, 0.8541794034204377, 0.16964464729963646
0.14581875503020902, -0.28111068971080094, 0.5747145375430491, 1.0726681276314483, 0.8569987857012088, 0.16983503751592427
0.1460469205633621, -0.2813538415903068, 0.5750918415045293, 1.0754930202666309, 0.8598598293273136, 0.16993148641080397
0.146320644738653, -0.2815878510084668, 0.575418390521491, 1.0782439829268708, 0.862964271493482, 0.1700207010097214
0.14655239343736695, -0.2818172791972605, 0.575767437624711, 1.080989606411184, 0.8657733290910152, 0.1701620617617459
0.14677248217784783, -0.282042615053432, 0.5761146389838274, 1.0837501983975542, 0.8685113483714317, 0.17034085719648476
0.14702533139179907, -0.28227698267111623, 0.5764543748003915, 1.0865717233526149, 0.8714189614909127, 0.17044014455929685
0.14724802065568593, -0.28250051263329196, 0.5768152718140342, 1.0893085941111584, 0.8742964377410425, 0.17048574619964035
0.14750787201945093, -0.2827438622740039, 0.577160058204664, 1.0921261721573403, 0.877192242339004, 0.17065244758968393
0.14775995681312146, -0.28298136275345, 0.5775204917349342, 1.09493506705332, 0.8802840851431654, 0.1707289962030984
0.14800071097362735, -0.28321759341940783, 0.577845577923593, 1.0977136403383196, 0.8832433607719425, 0.17072320725155346
0.14825100724848306, -0.28344583156522973, 0.5781995992233449, 1.1005084142708037, 0.8860566763994814, 0.17080119120780882
0.14847589673989492, -0.28366316173781064, 0.5785463244685317, 1.1032072721037678, 0.8889296088094707, 0.17105886368683407
0.14871387152688367, -0.283915381687401, 0.5788941083040151, 1.106070333044759, 0.891750440737159, 0.17101645463355786
0.14897004827318738, -0.2841508534089548, 0.5792239140478846, 1.1089282722931055, 0.8947716577146432, 0.1712860135515197
0.1492091607265168, -0.2843626933624691, 0.5795981352967496, 1.1115364869567277, 0.8976220898806276, 0.17125217815353935
0.14945551523242404, -0.28462027267035783, 0.579891156963778, 1.1144301962907368, 0.9005580594013526, 0.17126197580315375
0.14970653239442938, -0.2848434882947276, 0.5802756039537353, 1.1171931294231356, 0.9033227652326605, 0.17161256462731092
0.1499454831430961, -0.28508789395478246, 0.5806057218767858, 1.1199312809560964, 0.9063326186917907, 0.17150393114513018
0.15016866178252983, -0.28529813566797213, 0.5809664236813925, 1.122702764129371, 0.9091068260292298, 0.1717889640646048
0.15039754734439417, -0.2855247750983533, 0.5812578985626145, 1.1253235452478556, 0.9119415815754549, 0.17179237178020318
0.15061509207432405, -0.2857287941018531, 0.5815912363610315, 1.127896600760195, 0.9143923889476795, 0.17198713340438587
0.15084099022359074, -0.2859198432303988, 0.5819180614068716, 1.1302295312388573, 0.9171496016287817, 0.17215603653127454
0.15104792759706642, -0.2861349357910661, 0.5821603606472471, 1.132730126837599, 0.9195147611683285, 0.17217417408363364
0.15122266744962035, -0.2863194428414275, 0.5824401537425344, 1.1348433161902016, 0.9217083094204516, 0.17217746973055498
0.15142144139419766, -0.28648029092473865, 0.5826749538005244, 1.1368056058455207, 0.9240875501293725, 0.17226740130637963
0.15158565569924098, -0.28664152296218176, 0.5829577906009944, 1.1388629946908253, 0.9259960824472642, 0.17238490736304188
0.15174193285787826, -0.286803920171852, 0.5831853910949835, 1.140659910194448, 0.9279327753583286, 0.17233742154128123
0.15188976772905344, -0.28695103065920224, 0.5833952614486911, 1.1423930694488402, 0.9297097006155266, 0.172505304056316
0.15204554324979563, -0.28707350896457734, 0.5836184498235508, 1.143932451431638, 0.9314201692465105, 0.17265763330236505
0.15215134029970578, -0.2872117912532666, 0.583794791650572, 1.1454266974072902, 0.9329500247210695, 0.17246839081986923
0.15225986421909352, -0.2873207440167009, 0.5839937156927276, 1.1467060148754575, 0.9342406075429149, 0.1725580727095976
0.1524176820206479, -0.287451515803917, 0.5841214520625639, 1.1482660958103548, 0.9358520915304945, 0.17270925236383933
0.1525131573927485, -0.28754090849260494, 0.5842897505033565, 1.1493067775352697, 0.9371259800683691, 0.172672982069389
0.1525781622496741, -0.28759609250379636, 0.5844565420252809, 1.150305684079227, 0.938066462057937, 0.17285880788969862
0.15267084598870378, -0.2876934875882001, 0.5845483971343275, 1.1513664075633316, 0.9390944186190989, 0.1728905140795462
0.15276438615379992, -0.2877717041869646, 0.5846531785791401, 1.1522095226735942, 0.940101649150581, 0.17283355730641692
0.15280644132367685, -0.28783031387508573, 0.5847342193358114, 1.1528913764693527, 0.9407225405268319, 0.17278932806922048
0.15282984836097294, -0.2878643941012532, 0.5848501629670662, 1.1533580920928324, 0.9412295426011373, 0.17287831401428344
0.152898697633516, -0.2879153077251029, 0.5848945029523174, 1.153960989428442, 0.9418559101654828, 0.1729712669514825
0.1529248000394264, -0.28794309073847996, 0.5849311582973986, 1.1544463150416224, 0.9422832461942273, 0.17300292448110335
0.1529702698593755, -0.28798797054700964, 0.5849682308746863, 1.1548156540372445, 0.9426637055629313, 0.1729967455956796
0.1529785033244647, -0.28799689815765744, 0.5850172485382731, 1.15490206016715, 0.9429307275134898, 0.17290324122006925
0.15296109681152414, -0.2880081809394631, 0.5850333396898341, 1.1550284959210364, 0.9428913891146028, 0.1729436630283957
0.1529701394155429, -0.2880125203079144, 0.5850232584113156, 1.1550556080111505, 0.9429149070676955, 0.17294066023353447
0.1529542515207647, -0.28802883405466756, 0.5850047292623562, 1.1551059091837605, 0.9428876271498436, 0.17286159419083744
0.15293717553022648, -0.2880225184808359, 0.5850184367426672, 1.1550756081798608, 0.942848773928406, 0.17285585097798659
0.15291309745857978, -0.2880317811447618, 0.5850304271834522, 1.1550935355763376, 0.9427679867824658, 0.17280243388068878
0.15290394750609926, -0.2880310075758752, 0.5850331886389099, 1.1550924281876511, 0.942768900525872, 0.1728008293976889
0.15289934368892263, -0.2880357381210652, 0.5850322600676783, 1.155124906036302, 0.9427471755491311, 0.17276326456825802
0.15290635257650387, -0.28805229322212467, 0.5850196468718778, 1.1551377786937231, 0.9428225898119218, 0.17270677867415848
0.15289114108342666, -0.2880390917071551, 0.5850276329984232, 1.1550994637897143, 0.9427757103094695, 0.17272238225860212
0.15289082159874984, -0.28804760055051515, 0.5850472306287544, 1.155117225678233, 0.9427164459073988, 0.17270781866307933
0.1528862516724881, -0.288055604413107, 0.5850343009833197, 1.1551186098082584, 0.9427314437404077, 0.17267566841934032
0.15286268140378947, -0.28807656486649225, 0.5850296069846128, 1.1551983874909852, 0.9426690566805892, 0.1725872210059026
0.15285796214625946, -0.2880711359265755, 0.5850241287408392, 1.1552272278240876, 0.9426721586464367, 0.17262292736190768
0.15285402980500745, -0.2880856141930718, 0.5850120840566626, 1.155243087316003, 0.94268804995337, 0.17256164705284147
0.15282166550140874, -0.28807953222759813, 0.585025810657505, 1.1552445411613348, 0.9426269548528884, 0.17249925059247534
0.15282485882933872, -0.2880880125526891, 0.5850334906267017, 1.1552402001580444, 0.9426503570141883, 0.17249611273129065
0.15279567239069847, -0.28810606344485196, 0.585017717305905, 1.1553476505854061, 0.942555238752627, 0.17247425424120955
0.15277214452266077, -0.28811468302079335, 0.5850343844010569, 1.1553363441031852, 0.94250886352905, 0.17239081714409307
0.15277413554502883, -0.2881211721005591, 0.5850065372463986, 1.1553592132355481, 0.9425176129952919, 0.17237825396976655
0.15275750341652009, -0.28814338700138925, 0.5850084431742506, 1.1554218839516155, 0.9424757535600614, 0.17228000693732257
0.15272834424591458, -0.28813730589030506, 0.5850352400912164, 1.1553757857136433, 0.9424342898172523, 0.17220925949999505
0.15272530465864476, -0.28814398550895964, 0.5850168525525066, 1.1554237326745995, 0.9424697758755107, 0.17222914341118775
0.15268283529439297, -0.28813640289670944, 0.5850546367766416, 1.1554188204208455, 0.9423046932915973, 0.172195217038857
0.15270395104909076, -0.2881486202339718, 0.58503147768763, 1.1554164741059996, 0.9423638057521108, 0.17218057137880932
0.15271228037957998, -0.28815366883214194, 0.5850307146000077, 1.1554673097790698, 0.9423596057540122, 0.17219798257945976
0.1526994823744447, -0.2881532099849218, 0.5850250517324872, 1.1554390119426967, 0.9423730593193357, 0.17216750255978377
0.15269077588702457, -0.288155262240278, 0.5850268303879586, 1.155414560349681, 0.9423630999585233, 0.17212148103722186
0.15269080716041825, -0.2881483358116814, 0.5850455377008338, 1.1554156401156528, 0.9423254967950331, 0.17215465129531438
0.15269158255932513, -0.28815115832039023, 0.5850333396898341, 1.1554356871831284, 0.9423581013895217, 0.1721592387042326
0.15268848702683163, -0.2881628735002251, 0.5850270499743553, 1.155504820175576, 0.9423488143398084, 0.17215473245016227
0.1527005600070591, -0.28816247249419974, 0.585024109464855, 1.1554559413424335, 0.9423531613193895, 0.17217639043287705
0.15270194755633903, -0.2881697543892973, 0.5850140967734571, 1.155491041904093, 0.9424207878435852, 0.1721023982287618
0.15269537312320774, -0.2881763087741141, 0.5850224377526572, 1.1554848466895695, 0.9423888573186086, 0.17204836293521397
0.15266977766769965, -0.2881699605936644, 0.5850250080474066, 1.1554891346125482, 0.942307068845133, 0.17204407319264745
0.15266406590491272, -0.2881706897936803, 0.5850306074019287, 1.155472893967047, 0.9423076526923796, 0.17205287228189647
0.15265742025499993, -0.2881758355474924, 0.5850296990332748, 1.155504534684071, 0.9422873391597755, 0.17203313284279773
0.15263609041118803, -0.28819260363594096, 0.5850167942748111, 1.1555842528742253, 0.9422619705673988, 0.171951227502192
0.15262070708462389, -0.28820476282486085, 0.5850149324341467, 1.155620341837595, 0.94219730558487, 0.17191412901003195
0.15258998150002062, -0.28821409980208096, 0.5850325910794846, 1.1556313089955228, 0.9421612633363029, 0.17183691365582546
0.15258349489355374, -0.2882106326523617, 0.5850269135580393, 1.1556214826916817, 0.9421545020981977, 0.1718557971198289
0.1525740724305759, -0.2882303928629599, 0.5850140619313565, 1.1556874231599914, 0.9421272395244051, 0.17176748019464824
0.15256710368968746, -0.288249463048721, 0.585014193169439, 1.1556993030920422, 0.9421291862431321, 0.1717153761862637
0.1525496884167438, -0.2882333958866365, 0.5850148646529818, 1.1557263815666257, 0.9420783718912955, 0.17173833660834859
0.15253233662291185, -0.288242325031643, 0.585028857786239, 1.1556967899307817, 0.942055065006825, 0.1716999735793823
0.1525193938389431, -0.2882675340593692, 0.5850186900250882, 1.155765048303514, 0.9420065488961046, 0.17161169251804842
0.15250010816082113, -0.28824100168720507, 0.5850553420562118, 1.1556212794412037, 0.9419364871267062, 0.17161797284702873
0.15245750292099644, -0.2882523604493175, 0.5850477055003243, 1.1556844516740004, 0.9418369935806802, 0.17155107376427814
0.15226420091059056, -0.28813355850919725, 0.585102365287474, 1.1541371505134124, 0.940020366883697, 0.17147634260620723
0.15188220237801076, -0.2879295793396527, 0.5846456130859236, 1.152584334343376, 0.9357566267464353, 0.17216135560541812
0.15155173426677904, -0.28777355183910647, 0.5839217130496727, 1.1508572494063445, 0.9309177804977823, 0.17307762578291838
0.15121372159273108, -0.28761766284496343, 0.5833040568885218, 1.1495797603466458, 0.9269110338327787, 0.17379841283415237
0.15105234128237593, -0.2874946533291035, 0.5833413000772157, 1.1478877583695104, 0.9255121942411245, 0.1736426061131241
0.1510465617608301, -0.2875105424572123, 0.5833442033539197, 1.1479546361543347, 0.9254476027947557, 0.17358778535080482
0.15105810824770863, -0.287497500470662, 0.5833424549093355, 1.14798770415898, 0.9254691092028007, 0.17372739877645393
0.15104994597980353, -0.2874903794868804, 0.583352513412769, 1.1479065317591854, 0.9254567870026109, 0.17384148371539476
0.1510666807084268, -0.2874936111666458, 0.5833445051137577, 1.1479490800340093, 0.9254656330424023, 0.17397902928898729
0.15105462187983587, -0.2874926517382681, 0.5833389114397541, 1.1479140958473835, 0.9255416028133956, 0.17385031407928794
0.15105557484843252, -0.28748305841791816, 0.583357603126926, 1.1478037331025956, 0.9255821524703408, 0.17389806963361643
0.15106571426777327, -0.28747971043752824, 0.5833652299058872, 1.1477584586731642, 0.9256746097939004, 0.17386479988010142
0.15106844626300078, -0.28748339002548867, 0.5833514514209969, 1.1476874031793645, 0.9257413600148852, 0.173895211993101
0.15105341150552265, -0.2874951595179367, 0.5833668831680521, 1.1477736366496465, 0.9255945024980403, 0.17371078034479678
0.15106189832901828, -0.28748350799365036, 0.5833524954005295, 1.1476745059405449, 0.9257932780069719, 0.17386044730374406
0.1510687987254764, -0.2874832348055306, 0.5833474538708449, 1.1476450078063214, 0.9258262805116517, 0.1736946673665269
0.15105330586545906, -0.28748715759663857, 0.5833462953441217, 1.1476948731180023, 0.9257450840300199, 0.17364311893663104
0.15104426002175908, -0.28749642438289935, 0.5833389906313114, 1.1477208809611412, 0.9257663020776079, 0.1735436672727192
0.15101599714295755, -0.28750936213152556, 0.5833548772309566, 1.1477788359895382, 0.9255379794074302, 0.17327447508688595
0.15101499402715934, -0.2875090375871934, 0.5833516877794621, 1.1477255609854609, 0.9256789556669869, 0.1733696905261939
0.1510010465876771, -0.28752315009316093, 0.5833425771842972, 1.1477573428862997, 0.9256746069576081, 0.1733167267442427
0.15100379619889623, -0.28752552676133225, 0.5833478337471124, 1.1477294813314163, 0.9257464495612862, 0.17339215446908454
0.15095329174913222, -0.28754114173130896, 0.583352513412769, 1.1478547710939548, 0.9254943065193046, 0.1732277451185249
0.15094127961218098, -0.2875565281010697, 0.5833511507060313, 1.1478698790974708, 0.9254916508888864, 0.1732209673490112
0.15093586416627333, -0.28756413723535557, 0.5833335503623709, 1.147926474948234, 0.9255522858575959, 0.17312655181316045
0.15092563488510546, -0.2875625848049157, 0.5833316334840257, 1.1478778680334996, 0.9255551622798257, 0.17319021754632727
0.15090153859330158, -0.28756179862350106, 0.5833418705269835, 1.1477627815575897, 0.9256351260017577, 0.1731611603751413
0.15088905300952854, -0.2875876938445168, 0.5833364887793159, 1.14792973745029, 0.925468892477964, 0.1731836707263223
0.15087417351013627, -0.28759125562959664, 0.5833430521191684, 1.147867116139475, 0.9255584589840025, 0.17302519557065352
0.15082488930060642, -0.28761375989788335, 0.5833573924309639, 1.1479639963583204, 0.9253203177711161, 0.17284927741641573
0.15081455275030486, -0.2876212205672489, 0.5833362882596478, 1.1480837121063896, 0.9252883476027408, 0.17291843809272586
0.15078081438509328, -0.2876448911249906, 0.5833476384843891, 1.1480869739047341, 0.9252197586648112, 0.17276627983833384
0.15075436410177231, -0.28764527658451977, 0.583344620992995, 1.1480778421177922, 0.9252653692297966, 0.17268239174021963
0.15073422809876436, -0.2876653836376525, 0.5833369942751067, 1.1482248681993663, 0.9250829665519861, 0.17258811943049562
0.15072479994591434, -0.28765820011965765, 0.5833559129110504, 1.148171954933016, 0.9251116171789654, 0.17272389192181448
0.15071115192322587, -0.28768389732784416, 0.583335621026576, 1.1482465227034562, 0.9251280275797344, 0.17256359688050277
0.15067490937421896, -0.28768653843489994, 0.5833675710345848, 1.1482220539803223, 0.9249805739252653, 0.1723251882013876
0.1506956964557172, -0.2877247761430325, 0.5833072253487616, 1.1483012725799235, 0.9251649612756646, 0.1723322685798139
0.15066003907131778, -0.28774208033202026, 0.5833206608630945, 1.1483744761941308, 0.9249751436639956, 0.172138226415668
0.150632974504173, -0.2877425819993724, 0.5833281522328905, 1.1484500681022907, 0.9249007335428995, 0.17215680455942758
0.15060223136312437, -0.2877399251308901, 0.5833537108096652, 1.1483919729665997, 0.924836222931879, 0.17207784457386738
0.15061334468708407, -0.2877522018867409, 0.5833243230804489, 1.1484685298911628, 0.9248555581423293, 0.1720719064777101
0.1506154976909706, -0.28775994306124375, 0.5833282262182082, 1.1484554072740485, 0.9248707980980396, 0.17206897513355054
0.150605207735481, -0.28775356854630363, 0.5833307475883556, 1.1484382554157873, 0.9248530087150088, 0.17203424963626954
0.15061004652493992, -0.28775386871979836, 0.5833241103938621, 1.1484230556641022, 0.9248545230970078, 0.17208110433846072
0.15058994967762404, -0.2877437704060488, 0.5833554484983352, 1.1483960978908276, 0.9247921366743422, 0.17206043727560044
0.15057376196247768, -0.2877550675896784, 0.5833492543724603, 1.1484461908506687, 0.9247649118247179, 0.1720005043842201
0.15057537683478706, -0.2877756365647462, 0.5833365499135511, 1.1485177417885672, 0.924770533229114, 0.17196524513785913
0.15061104073276158, -0.28783915381844344, 0.583268281579009, 1.1487559461536663, 0.9248919855307755, 0.17189799150116983
0.15061500348855972, -0.28787417669700965, 0.5832553452242579, 1.1488979230340126, 0.9249588090807447, 0.17177729721090426
0.15063245520160723, -0.28793446836257786, 0.5831881480636648, 1.149242832569072, 0.9248937500402705, 0.17165134625697098
0.1507055159232768, -0.2882612297074586, 0.5827184335382183, 1.153309685590859, 0.9255252440687745, 0.171896314079083
0.15075736032383918, -0.2886345948250844, 0.582149372891732, 1.1586273380938925, 0.9262627269631358, 0.17277980564494966
0.15085025695420534, -0.28905484438437756, 0.5814022835034872, 1.1651732569445963, 0.927292732742173, 0.17396544919009507
0.15091554523018566, -0.2894474835700179, 0.5806210353353327, 1.172234654592485, 0.9282760808040371, 0.17548728335791694
0.15101784232203408, -0.28985013348818184, 0.5797760453370464, 1.1796871629242909, 0.929521079004785, 0.17758430002049086
0.15109730953635084, -0.29030108184574893, 0.5788610871824416, 1.187648682234968, 0.9302667870282589, 0.17964332034479796
0.15114987321391005, -0.29076628769700946, 0.5779000331424243, 1.196298333629336, 0.9309911764166233, 0.18164447550320467
0.15122619666345744, -0.2912270830393613, 0.576849238184396, 1.2048533210420702, 0.931724829897027, 0.183835816145707
0.1513369264551833, -0.2916894593317783, 0.5757635028156993, 1.2135734585575277, 0.9326196406199709, 0.1862461707876531
0.15141845635542386, -0.2921579316415841, 0.574652449753418, 1.2225533115276104, 0.9334511973707864, 0.1886017144089638
0.15150712126865648, -0.2925749202875067, 0.5735649214432773, 1.2309994102854407, 0.9343104226078854, 0.19108379069898496
0.1515739666480297, -0.29300549307397905, 0.5724208628066331, 1.2395455320057196, 0.9348418193560033, 0.19352727426058006
0.1516261142888956, -0.29340833042947206, 0.5713572588299021, 1.2476633693094512, 0.9352501098093831, 0.19567474669104412
0.15161334849998787, -0.29374444475571104, 0.5705045494072986, 1.2549141764790692, 0.935479558405814, 0.19752808947326292
0.15165985556578382, -0.294022009253958, 0.5698756848223644, 1.2605227627951636, 0.9361698315044708, 0.1990834211667272
0.1517676221469244, -0.2942809752569759, 0.5694128420973121, 1.264614084747861, 0.9373102275854635, 0.19963254204066944
0.15184002567961946, -0.2944023280328545, 0.569333860982827, 1.2659784267683587, 0.938587719957638, 0.1992726673716731
0.15184663413205599, -0.2943960617716848, 0.569341478179019, 1.2659458509023325, 0.9385723513539624, 0.19928642243280453
0.151836774649435, -0.29439449824750213, 0.5693451842137524, 1.2659187156289444, 0.9385869704735188, 0.19925974475169525
0.1518378605153359, -0.2943981169457101, 0.5693387822670496, 1.2659323846243136, 0.9385487603263568, 0.1992612342992301
0.15183114866442893, -0.2943984162859947, 0.5693463988805224, 1.2659038688089808, 0.9385251657852542, 0.19922790641581103
0.1518319366106109, -0.29439910848534456, 0.569340746768558, 1.2659012518579937, 0.9385475370583033, 0.1992076378640475
0.1518382467480863, -0.2944123247596772, 0.5693302498579865, 1.2659222014781515, 0.9386148871793978, 0.1991060298115919
0.15180648482742623, -0.294407530769975, 0.5693469967302632, 1.2659456921839578, 0.9385610183207524, 0.19908922379362906
0.15180993017546163, -0.29440603101850626, 0.5693443862757135, 1.265911356134673, 0.9385072223469504, 0.1990773726750047
0.15171373794612464, -0.29445854874886906, 0.5696218245783459, 1.2660165963905614, 0.937523657351891, 0.19904118829206913
0.15145708120355142, -0.2946174432454757, 0.5698414551047798, 1.2679552205345006, 0.9341487316595066, 0.20000948096373103
0.15121057008390493, -0.2948145550719958, 0.5700739280976902, 1.2706936908089819, 0.929685404657635, 0.2019133378515963
0.15093127646157045, -0.2950586615708166, 0.5703673970241365, 1.273784916798461, 0.9244635953271791, 0.20408517121730102
0.15061718075440558, -0.2953455158053934, 0.5706813680218867, 1.2773140271861179, 0.9186921346677844, 0.20643233303616654
0.1503227616225785, -0.2956392132525712, 0.5709300599823831, 1.280837073674535, 0.913005944262673, 0.20885622921376287
0.15002844863532167, -0.2959367886745666, 0.5711611662843857, 1.2844957976765534, 0.9071556939878288, 0.21143787191987548
0.14978157741128856, -0.29618760352650164, 0.571327160608635, 1.287954232528927, 0.9018274694056353, 0.21395890823702357
0.14955947119143576, -0.2963982893527638, 0.5714119900509705, 1.290977203473617, 0.8975083034541355, 0.21600951140185715
0.14950917563471716, -0.29644627693198866, 0.5718005400358346, 1.2910965229469207, 0.8958946120656586, 0.2166738884309681
0.14950719067723459, -0.2964484976790338, 0.5718015661392486, 1.2910127789250345, 0.8959243387008256, 0.21654815917168307
0.14950209439023515, -0.29644889772240235, 0.5718175270041345, 1.2909937244374974, 0.8959089905880919, 0.21653311727200894
0.14950338598930257, -0.2964486871362123, 0.5718061655156322, 1.29098921467774, 0.8960145235619371, 0.21645888855290188
0.1494833315375988, -0.29645069795195944, 0.5718304782820163, 1.2909649795042986, 0.8959829412310175, 0.2163983755019665
0.14950266363016898, -0.29645456655027025, 0.5718126223163713, 1.291022801588516, 0.8959686220725223, 0.21647736528941325
0.14950967282333893, -0.29645574856346246, 0.5718193941247781, 1.2909378029182506, 0.8960821900094874, 0.21635532306272942
0.14950245019860398, -0.2964606679112728, 0.5718044081179183, 1.2909397856124145, 0.8960957257861905, 0.21628729035443256
0.14951163803788245, -0.29647131440271796, 0.5717951656077932, 1.2909609051163693, 0.8960887372121207, 0.2163226895684291
0.14951709447422734, -0.29645845957438854, 0.5718099394388483, 1.2909636874526238, 0.8960910237030704, 0.21641749266318588
0.1495428238229187, -0.2964815603068305, 0.5717761514612982, 1.2909882035690186, 0.8962800441437208, 0.2163224930937111
0.14959344913343775, -0.29648499488915153, 0.5716181530813926, 1.2909067282734714, 0.8970504349321852, 0.21610511977212496
0.1498270416394334, -0.29657859442618256, 0.5709889108489472, 1.2923983496205231, 0.9007760685325871, 0.21531299915687122
0.15012468672038948, -0.296657714784635, 0.5701039077897819, 1.2945185361222127, 0.9058070822809303, 0.21448983147859157
0.1504353085936943, -0.2967052218321212, 0.5690222283747685, 1.2967758167370993, 0.9118740249034811, 0.21320953240654922
0.15076183764055465, -0.29674066069397576, 0.5678631792495079, 1.2992503143828336, 0.9185468744473073, 0.2118146864442501
0.15102061276602585, -0.2966737458965426, 0.5666680143723295, 1.3008457978218968, 0.9248548492858238, 0.21015113546513997
0.15121432329064916, -0.2965296825993737, 0.5655233824555672, 1.3005191747231704, 0.9292979652490847, 0.20877773086206006
0.15141007850542515, -0.2963844515162828, 0.5644344382102549, 1.3001961994905802, 0.9334680265373634, 0.20758810145676093
0.1516505144855972, -0.296212981461027, 0.5633274412853815, 1.2995194590691461, 0.9383283848313475, 0.20627319342649658
0.15201747918083935, -0.29594188231875873, 0.5626836655934532, 1.2966289141139162, 0.9455186126462043, 0.20343335118031325
0.15252370918518082, -0.2957063621268215, 0.5620738413547235, 1.2941793507433894, 0.955029167558168, 0.20014272844659114
0.15312003034389954, -0.2954563239750049, 0.5614720535340335, 1.2911407368773191, 0.9658010216010638, 0.19653418323482882
0.15372700914821597, -0.29515184402637906, 0.5609429409194392, 1.2876290186736723, 0.9771512656788285, 0.1926417869427581
0.15444950084478967, -0.2948755763776777, 0.5603117371499429, 1.283863895490059, 0.9892156026086577, 0.1883631577797109
0.15514169881577025, -0.29455464448548163, 0.5596974054327095, 1.2795402640974307, 1.001441003312138, 0.1839124994684566
0.155744303303759, -0.29424488623477313, 0.5591281260705245, 1.275203678319609, 1.0127612519610305, 0.17967128670943525
0.15629999061275002, -0.29392933947065747, 0.5585296082208815, 1.270410455015959, 1.0232563676706403, 0.1752618373470981
0.15672640231253165, -0.29349473434122364, 0.5579591237030174, 1.2643304629331977, 1.032080797699553, 0.1707625799568037
0.15718700737328545, -0.2931100341607964, 0.5573705713017026, 1.258497702042263, 1.0407144125101782, 0.16633326159183784
0.1576594271221251, -0.2926449649944905, 0.5568518265950921, 1.2523191317809477, 1.0495511902728092, 0.1623818484272593
0.15810975476780276, -0.2922667170340673, 0.5562682070445742, 1.2467756112344541, 1.0578257887289233, 0.15819072159279482
0.15843230907829786, -0.29194391525353663, 0.5557317289100898, 1.242229664168041, 1.0645907509991885, 0.15469713418065903
0.15862971604537773, -0.2917203972415853, 0.5553689450084045, 1.2391001131650494, 1.0690351864862389, 0.1523710870829071
0.15866926293613182, -0.2916711368613622, 0.5547136873379158, 1.2392186180908338, 1.071149805225546, 0.15144689870524752
0.15867417312221985, -0.2916258561965482, 0.5545365575566429, 1.2390165381143337, 1.0718647073486811, 0.15112937208700075
0.15865888176221501, -0.2916254073436144, 0.5545582683930457, 1.2389545634294852, 1.071678334466012, 0.1511032776278611
0.15868152675483593, -0.29162726699995395, 0.5545329724439244, 1.2390513121432707, 1.072057959843882, 0.15102488053769883
0.1586687311457611, -0.291625021210148, 0.5545424836251743, 1.2389762080273614, 1.0719777326793094, 0.15096761617789645
0.15862580918646912, -0.29161278211412744, 0.5545518269977878, 1.2388048119591946, 1.0718218435805578, 0.15083721046907086
0.15865632911944555, -0.2916129983499714, 0.5545562994488055, 1.2387218727072855, 1.071901350384752, 0.15089640452376807
0.15863502598967655, -0.29162046743857484, 0.554545392092971, 1.2387979489979837, 1.071973331713892, 0.1507763547028728
0.15866489979923132, -0.2916253245186151, 0.5545278540540456, 1.238765052794232, 1.0720491321678538, 0.1507928774144716
0.1586187915047833, -0.2916152193320443, 0.554589909358065, 1.2387225597542477, 1.071946552888946, 0.15068070949004211
0.1586491697191221, -0.29161292013640105, 0.5545502887122429, 1.2386200677467585, 1.0721706319531799, 0.1506020173882154
0.15863338104918392, -0.2915993013557229, 0.5545823943774691, 1.2384360196023432, 1.0719458824491699, 0.15066288960663174
0.15863421965771712, -0.29162868535621506, 0.5545541628798235, 1.2385682207088717, 1.0720979104697228, 0.15047848220723878
0.15864475165738717, -0.29160915775128937, 0.5545596730336732, 1.238444636073423, 1.0721146135867234, 0.15054240809279437
0.15863557227398842, -0.2916060965395962, 0.554574974179933, 1.2384043756579919, 1.07210424577546, 0.1505090997762852
0.15861995443905583, -0.29159893112732055, 0.5545959367452427, 1.238344218479462, 1.0720626909752893, 0.1504685638636507
0.1586268623446035, -0.29159847958093615, 0.5545681601838515, 1.2384005367927517, 1.0720737947508652, 0.1505293847371128
0.15865558288386075, -0.2916160124878458, 0.5545572145040883, 1.2384179955883534, 1.07212809093667, 0.15055357964170774
0.15863355845444202, -0.2915993748708317, 0.5545639439818181, 1.2384292524725986, 1.0721138079847488, 0.15053452142256327
0.15864996828427774, -0.29161469712455407, 0.5545494873120959, 1.2384335879884973, 1.0721285607649158, 0.15056231702786493
0.1586250076210336, -0.29160691197277144, 0.5545727326064723, 1.2383973295574762, 1.0721111194737851, 0.15046269528519063
0.1586360501299241, -0.2916116225471276, 0.5545617811854501, 1.2384332358164427, 1.072090194056818, 0.15051665732708977
0.15862428040847387, -0.2916102463818845, 0.5545874506010111, 1.2384018285963978, 1.0720505488696463, 0.1504552400895044
0.1586284581962092, -0.2916062924170353, 0.5545672326519567, 1.2384253791090012, 1.072097475931949, 0.1504887573911633
0.1586273500090525, -0.2916079602568202, 0.5545765540103405, 1.2384170987064336, 1.0721052846070824, 0.15044164999415227
0.1586276178676343, -0.2916115312129429, 0.5545800146874426, 1.238379064900468, 1.0720786142649632, 0.150494755336354
0.15864898521932308, -0.291608880956006, 0.5545469675928005, 1.238446946229712, 1.0721677302962722, 0.15055944862658713
0.1586397265073257, -0.2916121835999964, 0.5545537364575014, 1.238428142303601, 1.0721507867740472, 0.15050553192198401
0.158619267181365, -0.2916022492058136, 0.5545844720472294, 1.2384126527187507, 1.072021129679233, 0.1504830977053709
0.15862060451286603, -0.29159842211288517, 0.5546073084340756, 1.2382662737929777, 1.0718987341330406, 0.1505085733314057
0.15862127873823273, -0.29159369567547355, 0.5546094950759766, 1.238343488081325, 1.071994225508801, 0.1505564562906772
0.15862443135587836, -0.2915902459541511, 0.5546351776670713, 1.2383069690934454, 1.0719996203200626, 0.15056890310634907
0.15864061984355077, -0.29160905506290813, 0.5545589481388642, 1.2385833729423374, 1.0722298361692433, 0.1505377535359328
0.15861470463973942, -0.2915846699560852, 0.5546143595840082, 1.2383053832960869, 1.0719628865982431, 0.15050256792627975
0.15863245505850743, -0.2916218656944506, 0.5545518999033529, 1.2385506323255768, 1.0721720824440264, 0.15048727353338656
0.15865138406984933, -0.2916250441126443, 0.55453950711113, 1.2385797907582292, 1.0721767494246617, 0.15048181872564315
0.15863734150369313, -0.2916065913441081, 0.5545580634020885, 1.2384668185638685, 1.072124465234642, 0.15049290981145275
0.15864419183261097, -0.29162096888118794, 0.5545401949447893, 1.2384933220379692, 1.0721846674706037, 0.1504993211766943
0.15862327585383332, -0.2916053836592571, 0.5545732373028717, 1.2384550097036462, 1.072083998605984, 0.15051608878720849
0.15863545102525953, -0.2916049190222515, 0.5545539423932444, 1.23847753845142, 1.072148077261109, 0.150481610247072
0.1586446583944007, -0.29161392482075305, 0.5545387149357337, 1.238523140658029, 1.0721876368580736, 0.15051491504585102
0.15864616563778786, -0.29161657363890137, 0.5545473482997043, 1.238505307802527, 1.0721718956366313, 0.15049810115348855
0.15864803213962897, -0.29161328941473214, 0.5545494566302741, 1.23848165559893, 1.0721632136664225, 0.15050922318623478
0.1586326870472458, -0.2916098947495168, 0.5545404043823955, 1.238520071833551, 1.0721719013193456, 0.15048767260659657
0.15864368619069313, -0.29160949795358854, 0.5545533142353029, 1.2384592510593806, 1.072169383458124, 0.15049194800295673
0.15864701274118342, -0.2916048711176417, 0.5545603332245688, 1.2384499660864607, 1.0721455447004842, 0.15055950559324083
0.15863998140244634, -0.29160631279645166, 0.55457285902616, 1.2384347804053475, 1.0721064154461428, 0.15052492312796556
0.15862714394842808, -0.2915973439851349, 0.5545603345694261, 1.2384713462172183, 1.0721390023533781, 0.1505404576926153
0.1586312985820612, -0.2915960333381535, 0.5545546126943941, 1.2384474133377232, 1.0721836519577308, 0.15051178417868563
0.15863457625953148, -0.2916102727213811, 0.5545502544133181, 1.238501226014611, 1.0721401597746953, 0.15051877219762122
0.15863271520475852, -0.29161225518360967, 0.5545538750875452, 1.2384970721643294, 1.0721622797464758, 0.15050035077451424
0.158641332132621, -0.291616172703991, 0.5545401703583777, 1.238494699696348, 1.0721472826887033, 0.15050929057803916
0.15863950329856377, -0.2916084483922829, 0.5545455655341328, 1.238506183261865, 1.0721343546239073, 0.1505079434664792
0.1586401844158788, -0.291605138056167, 0.5545570304299332, 1.2384512377599775, 1.0721611310530894, 0.1505119363150204
0.158630525382348, -0.2916080377231989, 0.5545529023674584, 1.2384938757577038, 1.072147584389461, 0.15049089175047997
0.1586414909412984, -0.2916163169138642, 0.5545447959229746, 1.2384751570145842, 1.0721694087886315, 0.15048180115185497
0.15865133689136407, -0.29162358336586386, 0.5545363301641506, 1.2385285444637895, 1.0721645786073934, 0.1505342303705047
0.15864085414844742, -0.29162064495861467, 0.5545265760233383, 1.2385096987970095, 1.0722014905407322, 0.15045921877266327
0.1586388753901419, -0.2916075846102019, 0.5545502615098605, 1.238468993029801, 1.0721769085553516, 0.1505105443095648
0.1586278944296572, -0.29161166221502893, 0.5545420293816126, 1.2384796373162528, 1.0721451677437936, 0.15050266481872585
0.1586400833948779, -0.2916112728402709, 0.5545486465004783, 1.2384654537561026, 1.0721618182225159, 0.15048270810912465
0.15862393185284973, -0.29160230232230555, 0.5545597738005339, 1.2384655229071422, 1.0721079440157206, 0.15050412753247122
0.15863550154996214, -0.2916046354381252, 0.554552916489613, 1.2384623826936327, 1.0721841594383832, 0.15050153611364878
0.15864516950775956, -0.29161077469357577, 0.5545465381963001, 1.238476712665951, 1.0721856003035424, 0.15048983964042942
0.15863910020261557, -0.29160545670942284, 0.5545461263010317, 1.238525167409334, 1.0721502025152285, 0.1505440907105889
0.15864492053562035, -0.29160794606793816, 0.554548660623319, 1.2384540941508373, 1.0721763053253184, 0.15052055001275427
0.15863529985556268, -0.291600888772863, 0.5545666902553775, 1.2384598708542152, 1.0721156285188402, 0.15055089757548992
0.1586305943715931, -0.2916140122879663, 0.554548160204706, 1.2385127431593783, 1.0721626563251667, 0.15050898588055991
0.15862898035407808, -0.2916152152629716, 0.5545388106151538, 1.238537671771064, 1.0721340458761948, 0.15050742402927264
0.1586385968300758, -0.2916011010718133, 0.5545446421916976, 1.2384615119900577, 1.0721688173080934, 0.1505487422664583
0.15864513989721696, -0.29161685450514757, 0.5545369797966283, 1.2384961841209468, 1.0722006781974085, 0.1505074111694632
0.15865180344797764, -0.29161653918249836, 0.5545348502453438, 1.2385185903594378, 1.0722111213846564, 0.1504946993030214
0.15862881172934654, -0.2916101903698802, 0.5545580845507397, 1.2384680630746367, 1.072122705610637, 0.15049449766733922
0.1586311698830636, -0.2916061135559725, 0.5545549965254148, 1.238481723251562, 1.0721250530746502, 0.15048279056855193
0.15862738696639833, -0.2915988970786447, 0.5545608770868866, 1.2384375727695252, 1.0721216095087795, 0.15051527532158782
0.1586197732000281, -0.29160620914019764, 0.554554037832239, 1.2384856163398639, 1.0721015569247396, 0.15046517496775355
0.1586500713593303, -0.2916124339923654, 0.5545437488595722, 1.2384786420654015, 1.072185465329997, 0.1505277010284415
0.15863693838017306, -0.2916035996378817, 0.5545586242521222, 1.2384657846603566, 1.0721622438468235, 0.1505013117852579
0.15864643393226793, -0.2916206296188757, 0.5545448485540568, 1.2384922819622033, 1.0721852959462264, 0.15047984549246576
0.15863360563127948, -0.29160426469226636, 0.5545430663287022, 1.2385010408743364, 1.0721941891847606, 0.15049771940619347
0.15863406640704847, -0.29161471725691507, 0.5545367022339658, 1.2385158762564776, 1.0721940428505046, 0.1504687401243758
0.15864035867318635, -0.29160886135137065, 0.5545434854435852, 1.2384864549608243, 1.0721931250827001, 0.15050843621599436
0.15865795539825753, -0.29160946417650657, 0.5545473624198816, 1.2384815554230897, 1.0722014828858915, 0.1505541964589388
0.15862958499687216, -0.29159818587864006, 0.5545597949552271, 1.2384480710787822, 1.0721297741800406, 0.150552079589609
0.15863457625953148, -0.2916102727213811, 0.5545502544133181, 1.238474755791358, 1.0721691598060723, 0.1504820828209419
0.15862772621450827, -0.2916092145181298, 0.5545529093930207, 1.238487511411018, 1.0721544330490365, 0.15048220133529505
0.15864961350983303, -0.29161336474651645, 0.5545533061072125, 1.2384841833745077, 1.072178061417815, 0.1505181286693152
0.15862467949999148, -0.2916088571332226, 0.5545493099267127, 1.2384865392981628, 1.072138330965404, 0.15051198333390664
0.15863180777045852, -0.29161639898243863, 0.5545522742116423, 1.2384945661039746, 1.0721465768419243, 0.1504921029782986
0.158626117745475, -0.2916091159479717, 0.5545492887763294, 1.2384846341755245, 1.0721392613303335, 0.15047334017343286
0.15864813469201672, -0.29161203360833443, 0.5545387149357337, 1.238510359097381, 1.0722024011282583, 0.1505149150458511
0.15862775147832536, -0.29161546552104095, 0.5545491932293725, 1.2384951367033739, 1.0721623495840198, 0.1504439597309338
0.15864003906313923, -0.29159876366524073, 0.5545560788914307, 1.2384436920264759, 1.0721531257050025, 0.15055034507994533
0.15862825703674532, -0.29161361697362365, 0.5545512874136905, 1.2384964009946657, 1.0721250883433715, 0.1504537463938896
0.15863381757681866, -0.2916118886561465, 0.5545388247367204, 1.238493257735357, 1.0721847479076192, 0.15049945044304955
0.15863605952670856, -0.2916115494808983, 0.554543478347995, 1.2385055188734149, 1.0721708040807085, 0.15049841054414673
0.1586481315346358, -0.29161338247725516, 0.5545543532405433, 1.2384813000761101, 1.0721629050551513, 0.15050938075904471
0.15863254607027819, -0.291624561261167, 0.5545322909234466, 1.2385192026309089, 1.0721712495925828, 0.1504323303728809
0.15862463439498195, -0.2916078390844814, 0.5545560647666238, 1.2384738882558597, 1.0721156867681378, 0.15048475771144257
0.158641210588877, -0.2916060627589956, 0.5545624764926598, 1.2384376759382207, 1.0721215411433234, 0.15053344433246577
0.15863228935388654, -0.2916095938701365, 0.5545523556666051, 1.238483029930737, 1.072124101568273, 0.15050189523975335
0.15862198775716588, -0.29159415763370006, 0.5545595170251731, 1.2384615671608052, 1.0721306878973975, 0.1505225356765883
