-0.3553958446890431, -0.2229817363757428, 0.10677114459514961, 2.3347918340620213, 1.7717882075321887, -1.0263450538332046
-0.3553838481939786, -0.22298413647128024, 0.10675735026934086, 2.334806406584101, 1.7717902935691099, -1.0262479617561089
-0.355398647847182, -0.22299087879141882, 0.10678334217045488, 2.3347652163701054, 1.7717089100283885, -1.0263455895710876
-0.35539383534194446, -0.222998438894069, 0.10679619246636855, 2.3347334376480195, 1.7716947126251177, -1.0264137694837316
-0.35539621996939674, -0.22298663951464898, 0.10678545718772221, 2.334784026789321, 1.771693526959894, -1.026351060367493
-0.3553914008570642, -0.2229782286786829, 0.10680010629592968, 2.33477696094505, 1.7716676829619453, -1.0264464186585684
-0.3553881904916326, -0.22297604902298618, 0.10676687464484327, 2.334817665711611, 1.7717389403265345, -1.0262760481127697
-0.3553886204439026, -0.22298378264852428, 0.10677136408759415, 2.334761648997131, 1.7718036819815806, -1.0263140383417326
-0.35540710051092667, -0.22299596878575476, 0.10678137295192254, 2.33480101129316, 1.7716899082439301, -1.0263799969835743
-0.3553962312924732, -0.22300263834500933, 0.10679132348737214, 2.3347186211652895, 1.7717365976148525, -1.0263777594457368
-0.35539426409674935, -0.22298292500518904, 0.10677430008283544, 2.3347998370713947, 1.7717220879199111, -1.0263256663994484
-0.355392344717261, -0.2229865192986541, 0.1067758740988968, 2.334791714610966, 1.7717291750207884, -1.0263470533320707
-0.355405193136946, -0.22298954227484807, 0.10678160741233399, 2.3348054044439035, 1.7716656036131224, -1.0263507297835628
-0.3553838511344368, -0.22296397087873845, 0.106935144102855, 2.334919424496983, 1.7716418659487476, -1.0261641168884328
-0.3553934501635662, -0.2229009656167277, 0.10717898735180467, 2.335269626097786, 1.771427979284899, -1.0254550562017335
-0.3553706424851366, -0.2227680161918312, 0.10753544813928848, 2.335825927982835, 1.7711846607865536, -1.024514514682136
-0.35534303886411384, -0.2226228256985528, 0.10802634469787961, 2.336444964060902, 1.7708553079845486, -1.0231387108352334
-0.3552993030214183, -0.22241860688709336, 0.10854659169291209, 2.337606588647742, 1.770524931992031, -1.0208526898651287
-0.35528780363879653, -0.2222020001389385, 0.10925392771400799, 2.3388349342689163, 1.7698812798018257, -1.0186551045078882
-0.3552389740737259, -0.2219406383679203, 0.11011592258936174, 2.3399849134973643, 1.7692803795684828, -1.0163630592734472
-0.355181695707175, -0.22166610292463537, 0.11100019509898408, 2.3415207635463124, 1.7685603655162985, -1.0132155613629248
-0.35515129524666594, -0.22130631962022657, 0.1120177438771412, 2.343126798369076, 1.7681878716383732, -1.0099033962233745
-0.355083634634606, -0.22093755502774526, 0.11321915514107175, 2.3450068248236104, 1.766964195567054, -1.0064896165546067
-0.3550358219045712, -0.22056164219864843, 0.11441631131811335, 2.3470003909358903, 1.7661969820932617, -1.0022727006035195
-0.35497860003071696, -0.22009614318859907, 0.11586465012246315, 2.349309154678514, 1.7649762339558048, -0.9981190701519621
-0.35490659813809255, -0.2196160419884539, 0.11730252888292095, 2.3515853285971784, 1.7639036028014172, -0.9933498179270938
-0.3548363260184445, -0.21909395817865576, 0.11896631266669926, 2.3542430816974114, 1.7626213987466697, -0.9884925725343863
-0.3547661408831021, -0.21852533753132447, 0.12067472808177082, 2.356951544208782, 1.761208552933783, -0.9830469539693288
-0.3546592780784248, -0.2179634191793337, 0.12247356073442348, 2.3598707459310626, 1.7597924081752836, -0.9770993877707609
-0.35456367605220307, -0.21732945123049346, 0.1243861789168765, 2.362905408345509, 1.7584097819788935, -0.9710650559766243
-0.35447106878384504, -0.21669294249362656, 0.12638480637264185, 2.365929576780692, 1.7567848867141145, -0.9650076942934352
-0.3544045184191585, -0.2160762469852564, 0.12822384829228087, 2.3689946202319376, 1.7553797940465465, -0.9588597408446241
-0.35429325046205756, -0.21550781501827407, 0.130202454995088, 2.371735802655757, 1.75369858205465, -0.9530292467823693
-0.354230896581825, -0.21485902899046194, 0.13211634887857493, 2.374844631229624, 1.752053349353636, -0.9472598109405794
-0.3541480148243875, -0.21425255934067747, 0.13395950615205726, 2.377898096778554, 1.7506171174823562, -0.9408384882664634
-0.3540562300047059, -0.21365888177976688, 0.1358935920575516, 2.3804271842943843, 1.7493745552196216, -0.9351193727150734
-0.35399828067018635, -0.2130443035211897, 0.13782905735139525, 2.383619011772954, 1.7473342221673256, -0.9293232819146213
-0.35387727481920045, -0.21245388571663318, 0.13969063283402056, 2.3863183752460415, 1.745962942137596, -0.9230245083338653
-0.35380381515701675, -0.2118479120048178, 0.1415869339167109, 2.3892512449743495, 1.7444494389069287, -0.9171393897108402
-0.35372151517201883, -0.21122275821462397, 0.14352749503044887, 2.39219068805281, 1.7426481475663513, -0.9110563157677511
-0.3536179294604068, -0.21060425960213539, 0.14548675595553207, 2.39493673971262, 1.7411483047484353, -0.904856263485285
-0.3535621435804814, -0.20999187607547684, 0.14736267345355816, 2.3980275615694953, 1.7395175943546952, -0.8987723881185311
-0.3534442172529979, -0.20937761693102094, 0.14930268381381212, 2.4006669019456757, 1.7379768612360018, -0.8928190908693691
-0.35337565086173267, -0.20878573350797255, 0.15119637266008934, 2.4035214949851844, 1.7362772377085893, -0.886970419100611
-0.3533001763164018, -0.20816595223016587, 0.15309583555500336, 2.406509107195499, 1.7344578133833561, -0.8808525192717932
-0.3532016327592386, -0.20755460624888336, 0.15504004108531877, 2.408938992530054, 1.7330782082731682, -0.8750748124528305
-0.3531386201191115, -0.20690792550953285, 0.1568513211575261, 2.412222838149777, 1.731378183922853, -0.8685391116208548
-0.35303938207470226, -0.2063226745995832, 0.15879140856397936, 2.414817910090867, 1.7295647585749887, -0.8626343580755111
-0.35296024710817675, -0.2057046749035355, 0.16075174561153943, 2.417397020368803, 1.7279892015713192, -0.8569265543592981
-0.352869167626493, -0.20510070030159258, 0.16257525250439597, 2.420411849710916, 1.7263563110466045, -0.8506696402101593
-0.35278044711492035, -0.2045139259202518, 0.16455649730631783, 2.4227877379485294, 1.7246116002429712, -0.8449252988824753
-0.352684337022969, -0.20388259776986628, 0.1665276044916893, 2.425668851169788, 1.7229028699627047, -0.8384375853643569
-0.3526216902683278, -0.20325305441456057, 0.1683903660623219, 2.428703539618425, 1.721087602030312, -0.8324797451011262
-0.35250082977727626, -0.20264152145043351, 0.17032929590613594, 2.4309622004400477, 1.7194667082886796, -0.8264027348049483
-0.3524315150972725, -0.20205126475561408, 0.17221664157397198, 2.433811345782762, 1.7176556965563405, -0.8203519411398736
-0.35235967799928514, -0.2014011227819117, 0.17411138734056003, 2.436701931582839, 1.7160690926828408, -0.8144748646027691
-0.352258034055866, -0.2008126427580167, 0.17604432150414623, 2.4390836913021294, 1.7142947441558123, -0.8083470937803817
-0.35219046908125795, -0.20020791390460743, 0.17792709054916583, 2.441784534431018, 1.7126132512061474, -0.8023253430146048
-0.35207937257295724, -0.19957442770700856, 0.17981509739558743, 2.4445485937701426, 1.710870230306173, -0.7961117008612947
-0.3520119026831903, -0.19896428331576055, 0.1817266643463245, 2.4469706031008953, 1.7091213542930617, -0.7900899155695892
-0.3519146215899127, -0.198364721573382, 0.1836399234215763, 2.4496014419436007, 1.7073142013943563, -0.784078770472002
-0.35181983171158127, -0.19774746832297146, 0.1856288362933936, 2.4523188167549974, 1.705473206136105, -0.7778125930780704
-0.3517351536856081, -0.19712088192307806, 0.1874758780469487, 2.4548466438189935, 1.7039032473992763, -0.771605970528823
-0.351635572594524, -0.1965240118137288, 0.18941123932531018, 2.457496097294884, 1.7019268117393545, -0.765615215752502
-0.35157449408699704, -0.1959214208849661, 0.1912846414055015, 2.4601384900267003, 1.7001125077861998, -0.7595474283244623
-0.3514682608351697, -0.19531199759419537, 0.1932196471406303, 2.4624248755180247, 1.6984400778358741, -0.7535096878988669
-0.35139157986023467, -0.1946922031324524, 0.19510878193268638, 2.4652489556191344, 1.6964293578299148, -0.7473981708412255
-0.3513093805338457, -0.19407802726116483, 0.19705662943446417, 2.467577812999522, 1.6946465437642244, -0.741672054551044
-0.3512188712186467, -0.19345276109679233, 0.19891774371325607, 2.470192242776398, 1.6929415085280433, -0.7352181381347206
-0.351147659537955, -0.19283311959278124, 0.20085038276253747, 2.4727496319366384, 1.69100555649759, -0.7295191334565045
-0.35104666164265336, -0.19222031373513357, 0.20283049099380757, 2.475105236461179, 1.6892274368605569, -0.7228998927164724
-0.3509592069118715, -0.19162303900844135, 0.20467997426417403, 2.4777882893509546, 1.687543932817495, -0.716815706914928
-0.350874167427047, -0.19100279078988952, 0.2066171151929837, 2.480221520663554, 1.6854523575446998, -0.7108103017351971
-0.3507892546595923, -0.1903958570747169, 0.2084723434328202, 2.482657662932729, 1.6836761819972523, -0.7045564342175329
-0.35070680792954456, -0.18979526687913714, 0.2104678929392798, 2.484884572534046, 1.6817242110835304, -0.698925246715588
-0.3506260914549046, -0.18917592007648865, 0.21229936722026632, 2.48738811491615, 1.6801501429673462, -0.6923841840721073
-0.350532058921829, -0.18857335461215227, 0.21424514808580764, 2.4897616381842425, 1.6779349532152965, -0.6865933066026382
-0.3504590176703909, -0.18797501412892012, 0.21614072320302893, 2.4920252212294987, 1.676145738021852, -0.6804096880117562
-0.3503682423759118, -0.187324086075928, 0.21805095704770605, 2.4945498055139153, 1.6743711013610534, -0.6744547978396256
-0.3502760758806545, -0.18675248466608438, 0.21994924835427537, 2.4968249192873633, 1.6722803959464903, -0.6683108619779714
-0.3501839727207041, -0.18615018992133178, 0.22188538706248903, 2.499144721638928, 1.6704463443878412, -0.66224542542313
-0.3501166768886588, -0.18550227218070603, 0.22372736521364028, 2.501716180266736, 1.6684008055321942, -0.6559467559375293
-0.3500039000054394, -0.18490739214974217, 0.22564261554855847, 2.5038015491450105, 1.6667777985320866, -0.6499556335586112
-0.34990259209960517, -0.18428985104110476, 0.2276068903483256, 2.5062020950739257, 1.6645230535680415, -0.6435615233410839
-0.3498249561331772, -0.1836792158051557, 0.2294923019213401, 2.508633359090094, 1.662585596541085, -0.6374611872277808
-0.349747258105016, -0.183046788924928, 0.23143559045915654, 2.510926423075756, 1.6607263995319737, -0.631430637232163
-0.3496569121588149, -0.18246861883700086, 0.23326747127787212, 2.5131599960826363, 1.658716631449601, -0.625017985650504
-0.3495790606526237, -0.18184251152450964, 0.23525965123237275, 2.515339532414422, 1.6567751635863242, -0.6193759006315078
-0.34951734602325574, -0.18123050369026295, 0.23711376190514621, 2.5177725754014544, 1.6548777600785842, -0.6131921659712262
-0.3494135481020883, -0.18061165401345575, 0.23906121932473093, 2.5197799720148883, 1.6529447760543667, -0.6070901184045807
-0.34933725668332316, -0.17999628110266663, 0.2409722229771444, 2.5221867438487227, 1.6507321736216323, -0.6009068318926348
-0.3492477348838583, -0.17941389995548043, 0.24284581756170595, 2.524425272702169, 1.6488134986093288, -0.5947998447387884
-0.3491512314983432, -0.17881584001450165, 0.24478426183943824, 2.526515299193036, 1.6465950484274234, -0.5889405684634382
-0.34904311516560577, -0.17817967802831564, 0.24668854692806802, 2.528750258677006, 1.644798422895604, -0.5822164457611025
-0.34896723636764326, -0.17754731446019795, 0.24867480423131216, 2.5309675043461795, 1.6427366921381186, -0.5765260920219739
-0.34887650422528754, -0.17694224188536495, 0.250542753242846, 2.5331388293897383, 1.6405704225647832, -0.5702142359650214
-0.34880267074550003, -0.1763236874593689, 0.25243059374255145, 2.535318414968807, 1.6385558918144818, -0.5640329539350506
-0.3487155582250538, -0.17568961236001174, 0.25436546458381987, 2.5374611272835774, 1.63656319199893, -0.5581924032884616
-0.3486356506665431, -0.17508847590884374, 0.2562448273883462, 2.5396025279103456, 1.6346408208567156, -0.5517956625150606
-0.3485575344985521, -0.1744931762255457, 0.25816151294808404, 2.541632440446682, 1.632559376936016, -0.5458205030320007
-0.3484413216074998, -0.17385476118781876, 0.2600404604155489, 2.5438477821921324, 1.6304796818096634, -0.5396859416315821
-0.3483663959099124, -0.17329730049823172, 0.26192003717308554, 2.545745114619489, 1.6285272825646646, -0.5333470809771106
-0.34829378000000066, -0.1726759955031219, 0.26386148507170876, 2.547961206419326, 1.6261207894968732, -0.5275226114516114
-0.34819916661630645, -0.17203604520790172, 0.26582536414213614, 2.5500905130706846, 1.6242673604809987, -0.5209200876551847
-0.34812071319010585, -0.17142931776369025, 0.2677497082657032, 2.5520701714640732, 1.6220886379345003, -0.5150177591236488
-0.3480416910980603, -0.17082626812726373, 0.26966379333977875, 2.553999927315159, 1.620048157111989, -0.5089198380488817
-0.3479539358807361, -0.17019611287523226, 0.2715854155506865, 2.5561981524846926, 1.6179037608827862, -0.5029445145365767
-0.34787410850954814, -0.16959139165806747, 0.27346178656375664, 2.558138766158599, 1.6157442550737038, -0.49664077959860564
-0.34777859767602803, -0.16899935846699052, 0.2753400348443016, 2.560059830915977, 1.613728139374816, -0.49038921195568824
-0.34768259866293955, -0.16837114110317955, 0.277291136229269, 2.5621572840896736, 1.611468322425589, -0.48456612821017137
-0.3475843494456578, -0.16777142363296632, 0.2791259020184138, 2.563994485165321, 1.609561547860368, -0.478188879853848
-0.347509425990089, -0.16714532157221415, 0.2810122370894143, 2.566127052614311, 1.6071011897362713, -0.4718159461847659
-0.3474340142122668, -0.1665315637710077, 0.2829826566424844, 2.567988225247509, 1.60517745535897, -0.4661680413626991
-0.34733127828427535, -0.16591022069160372, 0.2849620184342394, 2.569984197508959, 1.6028160137558196, -0.45980185473768415
-0.3472324337590573, -0.1653263620239036, 0.2868528558657123, 2.571849853775995, 1.60065443853469, -0.45350293785829016
-0.34718052285220363, -0.1647040023399762, 0.28876778121498015, 2.5737877378367244, 1.5987106193785006, -0.44748720991079566
-0.3470833324754017, -0.1640771643897535, 0.2906988953075654, 2.5757556515651063, 1.5961726085819323, -0.4414484488681834
-0.3469889824842179, -0.1634935852562874, 0.2925778402659297, 2.577491558772161, 1.594105787017656, -0.4351302748308052
-0.34691321722858437, -0.162897500564069, 0.29446064027889723, 2.5794318571916866, 1.5920453296185462, -0.4291436483622988
-0.3468171914924252, -0.16225774517215935, 0.29635150428885715, 2.5814247319613544, 1.5896680511014811, -0.4228225712578911
-0.34671488795078176, -0.1616550904175659, 0.29828620172041487, 2.58294052210851, 1.5877270092712892, -0.41685310166020073
-0.3466435840519311, -0.16103140267291316, 0.3001647303544296, 2.5849299714490694, 1.5855112476947846, -0.4106613349903437
-0.3465559509771487, -0.1604315893684409, 0.3020498504611505, 2.5866946407727696, 1.5832470654506798, -0.4043086504588054
-0.3464822190904404, -0.15981444368766856, 0.3039582640615587, 2.5886463500850074, 1.5810993493034329, -0.3984042812496414
-0.34637476621859503, -0.15918288161669308, 0.3058683956293816, 2.5904371565923126, 1.578658334038247, -0.3923676226861104
-0.3462967801133036, -0.15858880653317753, 0.3078696625528695, 2.5920947937732124, 1.5764841410133137, -0.38589133115853824
-0.3462090085789734, -0.15796184906599645, 0.3097619242477664, 2.593916887600236, 1.5742441745433957, -0.37984736118387813
-0.3461555589752125, -0.15736241065782286, 0.31167744385885077, 2.595768039209431, 1.5718159776975011, -0.37368425554259277
-0.34605756110519736, -0.15671999525216196, 0.313575912917622, 2.597614396075887, 1.5695880849113664, -0.3675514836624552
-0.3459555419699211, -0.15612241151834771, 0.31551597240237494, 2.599273510556713, 1.5673848409598898, -0.36165642090659705
-0.34586081883791253, -0.15553095499751224, 0.3173905694424183, 2.600842993047651, 1.5652286510752447, -0.3553454844140231
-0.34577241656468805, -0.15494029225927747, 0.31926830922000143, 2.602462266715709, 1.5629224884639725, -0.34906654299776746
-0.34571756238341644, -0.15430322458137563, 0.3211365925650363, 2.604447538671217, 1.5605685461911623, -0.3429825590046986
-0.3456257264111252, -0.15369539445179972, 0.3231015403458166, 2.606006812733572, 1.5581570788541192, -0.3370269329513777
-0.3455236436975437, -0.15307570932514786, 0.3250012115217246, 2.6075189342425404, 1.5558953924033019, -0.33084650820539957
-0.3454445445813101, -0.15246870903595172, 0.32690408037106605, 2.6091960615557417, 1.5538569174725734, -0.32476805061709696
-0.34536283939008977, -0.15181970371628575, 0.3288789353740727, 2.6110436216758135, 1.5512266339356064, -0.3183293134613239
-0.3452656414311248, -0.15125134454816955, 0.33074589835192897, 2.6125753070075284, 1.54889966382785, -0.311966328631801
-0.3451975692288288, -0.15063267351546053, 0.332666723429456, 2.6141215542172818, 1.546761133960765, -0.30606634661376125
-0.3451147325619403, -0.15003533026038926, 0.33458062763748964, 2.615775282905233, 1.5443640916165553, -0.2999355031911097
-0.34499492355340705, -0.14941552797796492, 0.3364862327852408, 2.617208442571124, 1.542125115316832, -0.29374496563083347
-0.3449137152917579, -0.14881261252153696, 0.3384028127130377, 2.6187982114551294, 1.5397991548533874, -0.2877604423673931
-0.3448360254923118, -0.14818420336950264, 0.34023953524065803, 2.620528396558631, 1.537327883244008, -0.2812843238728704
-0.34474066351212107, -0.14756279904778594, 0.34215442390832307, 2.622067151101736, 1.5347876771724873, -0.2752616579682044
-0.34468483258329047, -0.1469517044386742, 0.3440588142008392, 2.6236668220833406, 1.5324960496905726, -0.26919934985303295
-0.3445819681674076, -0.14634655179496175, 0.34600822570674017, 2.6250798921599277, 1.5302600212250184, -0.26270180631742523
-0.34449841495552747, -0.14573146010785593, 0.34795257916827305, 2.626649613310566, 1.5277235313256508, -0.25663284629811606
-0.3444194094450636, -0.14512589632161824, 0.34983452303215007, 2.628206683035685, 1.5253071570053154, -0.2505537625195535
-0.34432190911188354, -0.1445295613292155, 0.35177369065625974, 2.6295037033620807, 1.522913026862043, -0.2443775336085377
-0.3442395901483185, -0.14389719629049016, 0.35369875059931305, 2.631083543062579, 1.52052992068036, -0.23847992699873735
-0.3441435829135582, -0.14327551742699746, 0.35557284864754357, 2.6325517633879993, 1.5180687665692274, -0.23214816984675057
-0.34406629696158153, -0.14267350476874258, 0.35746044179806546, 2.633991164762461, 1.5156067688697972, -0.22598274868271676
-0.3439852065291953, -0.14205466776315678, 0.3593621562062118, 2.635464900130392, 1.5134255051469025, -0.2199242992796638
-0.343890522933674, -0.14147191714967428, 0.3612573746021051, 2.6367713337207355, 1.510928204465274, -0.21378658939205028
-0.3438111810892316, -0.1408486132812849, 0.3631287358478617, 2.6382570522059754, 1.508575679671402, -0.20751151090957207
-0.34372344493462564, -0.14025360603364234, 0.36508186333277975, 2.6396309665865587, 1.5058944302698785, -0.2015426969875372
-0.3436542712634756, -0.13964407633073014, 0.3669886976214243, 2.6410305058912065, 1.5036874151045325, -0.1955286211260103
-0.3435686469888087, -0.13899499232753654, 0.36898145989897513, 2.6424877403061737, 1.5011228546585234, -0.18925414990856493
-0.3434684346699183, -0.13840935245591837, 0.37087062824334094, 2.6437367169130135, 1.4983942531573653, -0.1828762498028765
-0.3433859546789466, -0.1377604923542075, 0.3727634186386415, 2.6453091175350703, 1.496060053130695, -0.17694313492896765
-0.3432796131227743, -0.13716619731398633, 0.3746608259630735, 2.646408178267335, 1.4935467413769818, -0.17064111353116837
-0.34318921635001765, -0.13653662984194495, 0.3765537224542098, 2.6476716954279977, 1.4913172477392647, -0.16451919651525834
-0.3431046868158024, -0.13594475637347503, 0.3784871388751425, 2.6489119055363655, 1.4888144052244354, -0.1585470078146557
-0.343018815257425, -0.1353466730420518, 0.38038613865641535, 2.6502781705738716, 1.4862154328072466, -0.15240753859849215
-0.3429343577605998, -0.13474069140648426, 0.38229776938222443, 2.651408747941603, 1.4838216864610214, -0.1462286219747525
-0.34286187021977166, -0.13411658890763883, 0.38421212786550707, 2.6529222772330976, 1.4811965361999095, -0.14023145299596618
-0.3427625366313074, -0.13350101037684542, 0.3861365019212105, 2.6539804331320953, 1.4785995383476993, -0.13422238016422225
-0.3426715842171698, -0.13287321360629378, 0.38809841591264793, 2.655302477003951, 1.4762423163727345, -0.12777858064266462
-0.3425749920943696, -0.13225483617190126, 0.3899746997508936, 2.6565306937606485, 1.4733770771642627, -0.12148132901671017
-0.3425063215878634, -0.13164660159799665, 0.39188855756163493, 2.657825177822421, 1.4709611783745518, -0.11547963618969712
-0.34240328350556426, -0.13102749089720872, 0.3937193841901055, 2.6590374077164824, 1.468524866363165, -0.10896166070415865
-0.34233969223662436, -0.1304278854175018, 0.3956737362593987, 2.6601060802473913, 1.465881779844352, -0.1032672461794265
-0.34224066225721167, -0.12981710556913725, 0.3975665385336677, 2.6613403062740084, 1.463370698702495, -0.09710649551614858
-0.34216856607746216, -0.12920178331457208, 0.39949095195227435, 2.662524068621943, 1.46091220382884, -0.09099411481678837
-0.34208548168186703, -0.12861444544778766, 0.4014146596515729, 2.6636776823249035, 1.4582386873950708, -0.08502495551310346
-0.34199192200677014, -0.12799502432948243, 0.4033511659617727, 2.664792136050792, 1.4555612132155218, -0.07913836572929649
-0.34190934478766827, -0.12736125845275018, 0.4052182976998714, 2.6659551036265814, 1.4530967758851836, -0.07266120956136238
-0.34182897174082294, -0.12677211893816656, 0.407127024082953, 2.66697670716552, 1.4507018960376825, -0.06675067558758703
-0.34172367943290544, -0.12613551004078638, 0.4090706572685341, 2.667966741560017, 1.4479198414146288, -0.060210896938691895
-0.3416284130040595, -0.12550966686312254, 0.4109829851683187, 2.6692880031339232, 1.4451494558085296, -0.05424279305737587
-0.341518620609635, -0.12491198477558565, 0.41291620093918996, 2.669996712329958, 1.4428596460788847, -0.04815152287904127
-0.34145404595645523, -0.12430678958400598, 0.4148112111282481, 2.6713027614808316, 1.440266305346823, -0.042109031759855045
-0.34137538337176626, -0.12371085489630321, 0.4167247025821232, 2.672261865498887, 1.4374598887975687, -0.0360773550476554
-0.3412816231703647, -0.12307148340314586, 0.4186293753076638, 2.673455484454725, 1.435037751715296, -0.029876202372343223
-0.34119899413642213, -0.1224707913928321, 0.42052411089640657, 2.6743059742097706, 1.4322414885261796, -0.02379135465918237
-0.3411366073281773, -0.12186330713229615, 0.42239477302287487, 2.675443651551733, 1.429457601243628, -0.01768833921238202
-0.3410217252944508, -0.12124588226330772, 0.4243173548393483, 2.6762618483845375, 1.4271182801129503, -0.011543468734174507
-0.34095569648654234, -0.12062057322838159, 0.4262731864033063, 2.6774604926981804, 1.4242247500284178, -0.005251878823002945
-0.340847553601814, -0.12001971783039958, 0.4281989906712109, 2.6782272519920545, 1.4215828338630694, 0.0008735693504111154
-0.3407535176828701, -0.11939863425703237, 0.4300643678842111, 2.6792477997123547, 1.4189288289038657, 0.007225813135473645
-0.3407027711409251, -0.11880207152001342, 0.4320197395883545, 2.6803096969604865, 1.4162851082625225, 0.012888897279887812
-0.340626090103169, -0.11822169311034389, 0.4337857307392785, 2.681134008541874, 1.4137915006445632, 0.01864149386008324
-0.3405302782113797, -0.11767395340511728, 0.4355081054304377, 2.681886923549992, 1.4112177492448468, 0.023952256640506393
-0.3404387773576344, -0.11718940454355793, 0.43703553589541927, 2.6825048610203965, 1.409324403491739, 0.02916056942535228
-0.3403849551264398, -0.11673500098130361, 0.43848662126508725, 2.68316410446711, 1.4070336044321206, 0.03368127495748142
-0.3403542348545067, -0.11631054498215714, 0.43980229148749833, 2.683964129187705, 1.4051258802247892, 0.03801661565191029
-0.34026651036400696, -0.1158892884265943, 0.441010043819011, 2.684365516886039, 1.4035302436690305, 0.04210010327430303
-0.3402208633136571, -0.11553530975949709, 0.4421742798299299, 2.6848904325191305, 1.4019146762511734, 0.04580481796935987
-0.34016906020756565, -0.11522384468317158, 0.4431811950934113, 2.6854417813876648, 1.4004260554040935, 0.048837859262443245
-0.3401390023381928, -0.11493891050674603, 0.4440791895996322, 2.685749702934526, 1.3992123066671265, 0.05153977667087539
-0.3400917141222802, -0.11470098508986543, 0.44482338510949226, 2.685992011740162, 1.3982183040952112, 0.05399302749704144
-0.34006610785003666, -0.11449115665615855, 0.4455137011624548, 2.686353660636585, 1.3971740484562483, 0.05588173708422007
-0.340079623880668, -0.11434144621680174, 0.4459826316282973, 2.68653552779458, 1.3965061084070953, 0.05763255485290947
-0.34001791263648473, -0.11419600490985153, 0.446412587808913, 2.68673824498317, 1.3959476881276738, 0.059120051969268686
-0.3400226276891384, -0.11409397048719139, 0.4467409050183666, 2.686931123297286, 1.3953589933403239, 0.05988575847118338
-0.34001415424251197, -0.11401294089648976, 0.4468987585743577, 2.6870067904169352, 1.395109817638835, 0.06070802807522412
-0.3400217186073252, -0.1140131722308605, 0.44699604473021814, 2.6869938704981804, 1.3950536527361255, 0.06089534868275617
-0.34001205337781987, -0.1139990816521214, 0.4469974934886858, 2.6870628050165855, 1.394984192222373, 0.06096605612034153
-0.3400166818713114, -0.11399202362718476, 0.4469821938850051, 2.6870159972044907, 1.394975587738088, 0.06102157873074564
-0.340024160990713, -0.11399725660669704, 0.4469903811925514, 2.687050044414678, 1.3949116456377804, 0.06102501673966362
-0.34001537644789553, -0.11400250551753552, 0.4469674827772207, 2.6870011344801177, 1.3950001375128889, 0.061169135021146154
-0.34000716710674916, -0.11400168610096312, 0.4469901135497608, 2.687014975924663, 1.3949548558091136, 0.061030207358873094
-0.3400133152482118, -0.11399984961874289, 0.4469829693507615, 2.6870154281494796, 1.3949908345240745, 0.06111436617684161
-0.34001985999847734, -0.11400318743811008, 0.44698207027688963, 2.687023134155666, 1.394996948193226, 0.061076402234942116
-0.3400154469299076, -0.11400635048590681, 0.4469788716873533, 2.68700888759219, 1.3950065608748472, 0.06113330969265253
-0.3400224199207499, -0.11398870913310338, 0.4469739907446398, 2.68704548697689, 1.3949850624621436, 0.061122935628088494
-0.3400130570507915, -0.11399723023772632, 0.4469950267482227, 2.6870216373573874, 1.3950195833715595, 0.06103676763438158
-0.3400153383587442, -0.11399354811589785, 0.44697855578663725, 2.6870280834769007, 1.3949147952039072, 0.061118492322246774
-0.3400283524157878, -0.11397652086924531, 0.44698073128934823, 2.6871031105503635, 1.3948948242564503, 0.0610849940872616
-0.3400019203469543, -0.1139856352848734, 0.44699011146647144, 2.6870450158012837, 1.3949498447346587, 0.06104091181971187
-0.34001333382251175, -0.1139759089922978, 0.4470029499359622, 2.687030796676474, 1.3949218345811516, 0.06103785250182024
-0.340013775084745, -0.1140025444500849, 0.4469646139296124, 2.6869863027780636, 1.394995128463819, 0.06111741364600506
-0.3400188687719858, -0.1139773771937921, 0.44698916025264124, 2.6870707134256815, 1.394900647264942, 0.061054366959468614
-0.340017813200279, -0.11398787827311209, 0.44697832207657073, 2.6870485653216583, 1.394926150698768, 0.06111227080904894
-0.3400194903980898, -0.11399027014274174, 0.4469778384307028, 2.6870155231924864, 1.3949678169444393, 0.06114781701925174
-0.3400034129785595, -0.11399169974378036, 0.44700550027104413, 2.6869938985162976, 1.3950462350543813, 0.06103824786742478
-0.3400115832339073, -0.11398349292052644, 0.44699841652185124, 2.6870165181913124, 1.3949755734263067, 0.06103608297455878
-0.34001163465567974, -0.11398477954705757, 0.4469745285037816, 2.6870155139514957, 1.3949678906804688, 0.061147816397459656
-0.3400075098096336, -0.11398687764624217, 0.4469799394783347, 2.687021330860809, 1.3949526958856215, 0.061113635947094805
-0.3400162540080753, -0.1139905973306823, 0.4469980849465447, 2.687066182186831, 1.3949166499043346, 0.06109541759745599
-0.34001651478922745, -0.11399197171945723, 0.4469889520596739, 2.687030192255037, 1.3949586459100745, 0.0610936566279266
-0.34001427938155343, -0.1140005718780958, 0.44697551157574905, 2.6870128735820136, 1.3950057298728755, 0.06118574982320791
-0.3400222256315528, -0.11398597436063776, 0.44696847180979327, 2.6870769416627884, 1.3948772994165124, 0.061149138709976306
-0.3400163688306511, -0.11399820016097195, 0.4469827158080338, 2.686998952169087, 1.3950004828451719, 0.061149196000666955
-0.340008384023634, -0.11399137079795205, 0.4469924337870915, 2.6870102634134567, 1.3949918471615925, 0.06105782180552489
-0.340018842722064, -0.11400137442550738, 0.44696078039538734, 2.6870370892536597, 1.3950162903262429, 0.061217410059486686
-0.3400138578102371, -0.11398131646843779, 0.44697567802817634, 2.6870221072011606, 1.3949520430729194, 0.06112813942918403
-0.340016083947639, -0.11400038418396546, 0.4469840548536949, 2.686993632620718, 1.3949573543819724, 0.061137486880927745
-0.34001184758373765, -0.11399110064307977, 0.4469826534050974, 2.6870094000900906, 1.3949471745646342, 0.06109850903802428
-0.34001918063614756, -0.11400636120772212, 0.4469750076829271, 2.68701473433761, 1.3949466649621427, 0.061156416498817
-0.3400138098652327, -0.11399520612811143, 0.44698181981394497, 2.6870079691895534, 1.3950064362332415, 0.06112991607131972
-0.3400025297954193, -0.11399109892877682, 0.44698363938918473, 2.68703288021165, 1.3949811123603648, 0.06109539343605407
-0.3400216121881745, -0.11399676518909696, 0.44696338507551187, 2.6870448142630083, 1.3949191276593667, 0.06118807859553223
-0.340008992616983, -0.11400187966430864, 0.44697385664086386, 2.6870047493922904, 1.3950218839872814, 0.06118677864430107
-0.3400032635567846, -0.11399664186982901, 0.446983203522808, 2.6870276965731925, 1.3949966805105167, 0.061132284491748456
-0.3400176707615019, -0.11398540192710026, 0.446981586150935, 2.6870453277681206, 1.3949852790617618, 0.06112368539447367
-0.34001064302889106, -0.11398403257701824, 0.44701353569545443, 2.6870299756081155, 1.394922532904046, 0.06102408329471812
-0.34001637905149473, -0.1139930618422148, 0.44699459083430104, 2.6870182542178265, 1.3949533146435753, 0.06107852519931988
-0.3400203547653612, -0.11399086033704674, 0.44697898795509744, 2.6870139970101, 1.3949680865385854, 0.06112916932961012
-0.34001036162695564, -0.11398888911511534, 0.44699532820195254, 2.6870040327515268, 1.3949849063790287, 0.0611130504694134
-0.3400113222560722, -0.1139821184083541, 0.44700754938379333, 2.6870182996794973, 1.3949975546780005, 0.061033707079631294
-0.3400180915908511, -0.11400317448765376, 0.44698595972628646, 2.687005306855863, 1.395007144379838, 0.061094679992829116
-0.3400143706396747, -0.11399439385017637, 0.4469817023953074, 2.6870441147022364, 1.3949642614693183, 0.06113092714682375
-0.34001901393747347, -0.11400364398358744, 0.44698007461095707, 2.6869589810281584, 1.394999295923408, 0.061154378215461526
-0.34001834089830085, -0.11398325745920485, 0.4469772167524687, 2.6870410479373557, 1.3949417628971201, 0.061127103494892476
-0.34001918695286015, -0.11398508179406017, 0.44697562784333567, 2.6870521915466603, 1.394903278122944, 0.06118574678344449
-0.3400162419592895, -0.11398664520671965, 0.4469691212223576, 2.687023745328564, 1.3948855359432388, 0.06122782871979258
-0.34002782063160447, -0.1139911056673157, 0.4469592873229831, 2.687036931320752, 1.3949345635703125, 0.06120082621431525
-0.3400147202786865, -0.11399199646607004, 0.446952617658684, 2.6869995276948693, 1.3950139855285286, 0.06125429495807738
-0.34000583987027, -0.11398188795403082, 0.44700585140119137, 2.687029735407139, 1.394900384739443, 0.061046556577679705
-0.340017133609133, -0.11399483784538808, 0.44697220329317167, 2.687024062065635, 1.394929949005721, 0.0611719448142135
-0.34001436113600003, -0.11399920892934107, 0.44697121429637776, 2.687015416823499, 1.39492438417088, 0.061194030665479834
-0.3400550646157485, -0.11401799086799763, 0.44622534362187877, 2.687049077692437, 1.3949432096795251, 0.061111075625921635
-0.34015730219682433, -0.11409295927818704, 0.44135315077529486, 2.6872476176675226, 1.394827529056079, 0.06195878143592005
-0.3402461739815198, -0.11413457872348778, 0.436194680046327, 2.687374919469838, 1.3947043380125415, 0.062113375693823275
-0.3402423603853726, -0.11410657720491303, 0.43109627326066635, 2.6875609251065353, 1.3945303012572365, 0.06270101529487836
-0.3402493695578096, -0.11409464178208678, 0.42610655166652606, 2.687720701204334, 1.3943857866552558, 0.06294912251914934
-0.3402804591102072, -0.11408282462063095, 0.42113524661436763, 2.687896065971004, 1.394231288593247, 0.06315253092676244
-0.3402852661666551, -0.11404592921398948, 0.4161889660326984, 2.688016322223823, 1.3940939222510493, 0.06328271739471093
-0.3403023652943278, -0.11400707917051485, 0.4111576190093161, 2.68817335758945, 1.3939052364286557, 0.06352108890336294
-0.3403061275841404, -0.11396938666939987, 0.4060190340661404, 2.688441090793806, 1.3936842473320297, 0.06424649371747823
-0.3402877187514359, -0.11393801716652094, 0.4011924881370296, 2.6885325736710985, 1.393602311018044, 0.06394871488083996
-0.3402432763186665, -0.11389906945188943, 0.3961175615695287, 2.6885440902857507, 1.3936559185529627, 0.06364673307978728
-0.3401852947497819, -0.1138311388477051, 0.39112166109774255, 2.688693794124167, 1.393629330795058, 0.06393156318824332
-0.34015143205375903, -0.11378210599857484, 0.38616192036737884, 2.688855665400631, 1.3935000198424037, 0.06399262599840363
-0.34012766907257086, -0.11375569875113577, 0.381209856450072, 2.6889286530679146, 1.393407515471379, 0.06400915644276793
-0.34013926722754256, -0.11375661249107093, 0.3763274348938329, 2.6889933026996, 1.3934514760012462, 0.06375804044947608
-0.34010535084720267, -0.11371279706826312, 0.3712797819028827, 2.6891166163399176, 1.3934096161248117, 0.06403278135118279
-0.34005806484749257, -0.11366202922234767, 0.36623013109826885, 2.689224894021455, 1.3934454269523693, 0.06426459299882853
-0.3400544607156352, -0.11363983843291836, 0.36138113605822214, 2.689249262874578, 1.3934763770199763, 0.06388662739108916
-0.3400627042089692, -0.11358435563014653, 0.35648893835981804, 2.6892929829870575, 1.3935100060050993, 0.06361761333406714
-0.34003634080517253, -0.11354279875484873, 0.35135596792861057, 2.6893932665499602, 1.3934838739157662, 0.06338228605925557
-0.34001917548435395, -0.1134964003508994, 0.3463484469403722, 2.689516472107031, 1.393388105417714, 0.06355008739443768
-0.34002485101249974, -0.11348853492460416, 0.3413671287204594, 2.689573227842669, 1.3934671235597558, 0.0636569843359373
-0.34005148018596215, -0.11349906158076178, 0.33644028598593123, 2.6896262693246866, 1.3935712112795733, 0.06369109882882082
-0.34004760909184667, -0.11347276990849722, 0.3313915876935621, 2.6896883648138177, 1.393729315530099, 0.06421893581457866
-0.33999368713160294, -0.11341871028435095, 0.3263186307679617, 2.689874910164379, 1.3935918605724322, 0.06464610678041936
-0.3399936462710572, -0.1134092743723859, 0.3214032092358715, 2.689940323261585, 1.3935657964541444, 0.06458577170022953
-0.34003193791489533, -0.11341904760034505, 0.31648513438422127, 2.68998040058204, 1.3937352870859752, 0.06444826662198258
-0.340047694871235, -0.11341785138559901, 0.3114185015122337, 2.6901275999125143, 1.3937090024475773, 0.06506840604772392
-0.34001432119455516, -0.11336509667795053, 0.30621310933478374, 2.690251535462698, 1.3937095973367668, 0.06531745403854346
-0.3399724624845156, -0.11333157873148798, 0.3011492831064153, 2.6902279951251553, 1.3939122937311794, 0.06576638533082982
-0.3399891038228401, -0.11331799807692436, 0.29615618907038443, 2.690513197507351, 1.3938417577563351, 0.06601339042305494
-0.33999211749011155, -0.11331635934745915, 0.2912882864242667, 2.6904445774148282, 1.3940219753212295, 0.06583614419731788
-0.3399456263887138, -0.11327564034166143, 0.28778313542372624, 2.6905488427663142, 1.3939163154819236, 0.06579970890153097
-0.3399570708967885, -0.11326744145427821, 0.2877816889269609, 2.6905319978232343, 1.393969994102493, 0.06578786031304068
-0.3399512488307771, -0.11326578273912559, 0.28778900243455147, 2.690552150775158, 1.3938790546093687, 0.0657790135144848
-0.3399529987699563, -0.11323806894110165, 0.28777563164508163, 2.6905965214614427, 1.3937744475999483, 0.06584743870742787
-0.33996433070048376, -0.113233523036986, 0.28779109065622427, 2.6905650496069056, 1.393867584740041, 0.06572593098709366
-0.3399781923180886, -0.11319540075997765, 0.28778923231095344, 2.690621192326368, 1.393708760141862, 0.06577339764240048
-0.33999705721857804, -0.11317218691459768, 0.28779309402753983, 2.6907386610925905, 1.393505023699618, 0.06575241437971165
-0.3400002497959006, -0.11313922627429777, 0.2877924221336799, 2.690809910630519, 1.3933600233684875, 0.06571144938602629
-0.3400066105848647, -0.1131124345454183, 0.28779884732099514, 2.6907333642299722, 1.3935245373797414, 0.065704472825797
-0.34001370130952524, -0.11308723949028676, 0.28777849804858674, 2.690712764010783, 1.393569374963202, 0.06577897421167167
-0.3400235209321239, -0.11307019845497146, 0.28777672312923214, 2.6907158592199236, 1.393530904315865, 0.06575492311805885
-0.34002817555134135, -0.11305715747858583, 0.28778601069708043, 2.690705069720144, 1.393568584337417, 0.06570967481995572
-0.3400382625550365, -0.11304033241177039, 0.28777793939445795, 2.690832446096314, 1.393304816463269, 0.06575362804320038
-0.34004390035135557, -0.11302681501632159, 0.28778125919842384, 2.6908875989096024, 1.3932513083998097, 0.06576485099559969
-0.34003488753186484, -0.11302669811883383, 0.2877890022136147, 2.6908732374708864, 1.393246788087127, 0.06571576137029385
-0.3400535088236248, -0.11302456061105949, 0.2877968409711026, 2.6908505508848215, 1.3932789867595519, 0.0656530870916801
-0.3400455040768257, -0.1130039044329624, 0.28778290443295795, 2.6908780523918074, 1.3932295895212314, 0.06568591434369105
-0.3400535712827668, -0.11297328636581459, 0.28778688366666993, 2.6909694660689816, 1.393074204043733, 0.06566196774038033
-0.340061956963373, -0.11293270457217008, 0.2877656410509448, 2.69104246515809, 1.3929641904138685, 0.06572199119413384
-0.34007686423106565, -0.11291662817476622, 0.2877981741578692, 2.691084593145912, 1.3927879308849143, 0.06561694549538333
-0.3400811982907267, -0.1129046020818827, 0.2877918777079281, 2.6910791884670986, 1.3928021900343077, 0.06566369940930633
-0.34008314227037606, -0.11289708324987248, 0.28777274502520855, 2.69107395185294, 1.3927945106379263, 0.06573337299579447
-0.34007593018693416, -0.11288353799652416, 0.2877692835909925, 2.6911363776587813, 1.3927622067472414, 0.06580166911596738
-0.3400957347090779, -0.11286475203752376, 0.2877657121421469, 2.691222079315555, 1.3926442096072924, 0.06577491468016125
-0.34010033809596735, -0.11285388342970305, 0.2877715943862665, 2.6911749952323545, 1.3925991162312523, 0.06576059888076673
-0.3401180006622749, -0.1128136838626246, 0.2877620763049641, 2.691264656129918, 1.3924793929848793, 0.06579828612413166
-0.34011524842128305, -0.11278143132850961, 0.2877639175599631, 2.6913036802993546, 1.3922951295841575, 0.06578357987380568
-0.3401265145368485, -0.11276938923898111, 0.2877660549196607, 2.691360115830639, 1.3922856540667161, 0.06575358141089245
-0.3401283838340536, -0.11274330348093468, 0.2877931812076596, 2.691418073808373, 1.3922170706667474, 0.06570949312095865
-0.34014307868575316, -0.11272575847033577, 0.2877931789102884, 2.691427518023355, 1.392140322551842, 0.06568668638724759
-0.3401534328119245, -0.1127241565622971, 0.2877649513433265, 2.6914738583278, 1.392036483255828, 0.06576239748526244
-0.3401469963940961, -0.112713422156546, 0.28777376745384664, 2.6914923320347186, 1.3920259786634355, 0.06576014617153146
-0.34015121496407086, -0.11269628291157952, 0.28777912590829297, 2.6915047303233504, 1.3919938009863968, 0.06571747341923609
-0.34015458895594197, -0.11269106537094718, 0.28775585154570704, 2.6915161571435684, 1.391932003036914, 0.0658108650872481
-0.3401569127103505, -0.11267644583783694, 0.2877716794742332, 2.691549222981066, 1.3918895268558777, 0.06578794988638248
-0.3401624524465715, -0.11266023537877885, 0.28779109083389337, 2.6915583588290914, 1.3918583012328682, 0.06570941737536987
-0.34016998950586136, -0.11265164999202666, 0.28776671448264224, 2.6916000413413146, 1.3917689950978525, 0.06583742252865228
-0.3401667987242697, -0.11264081382749627, 0.287775707428806, 2.6916079029803717, 1.3918196311628244, 0.06575419033531607
-0.34017598012281314, -0.11261445658961611, 0.2877770378797245, 2.691659548728575, 1.3916627737118612, 0.06573515187713384
-0.340185490405968, -0.11258857126646016, 0.28777991531089087, 2.691756378852417, 1.3915282319124804, 0.06574682715540456
-0.34019999148432095, -0.11254614371339883, 0.28779582774125045, 2.691825336444827, 1.3914274044070145, 0.0656392832743101
-0.3402118411130742, -0.11249368740610365, 0.2877726318825127, 2.6919013856092526, 1.3911895170103903, 0.06577755904317602
-0.34023752575412963, -0.1124790773254637, 0.2877757624877032, 2.6919597861382316, 1.3911202235282356, 0.06573130544112112
-0.3402389907931747, -0.11247876040588371, 0.28818919729394954, 2.6919604974052573, 1.3910637202588645, 0.06584530530898136
-0.34030582859802516, -0.11250678528394985, 0.2927639149091348, 2.6919337711536575, 1.3910022280723564, 0.0660991014968274
-0.34031928804677525, -0.11250585502414585, 0.29759997994775683, 2.6918519712399784, 1.3910254112317417, 0.06665984993863136
-0.3403192317958151, -0.11249268403948094, 0.3025581398664652, 2.691759862069582, 1.3909528616429796, 0.06674122461411755
-0.3403194796393747, -0.11246724937242687, 0.3075712124640828, 2.6917230799124052, 1.3909177632443677, 0.06671887778567237
-0.3403507423180966, -0.11249276680324073, 0.31258031179346707, 2.691575834923842, 1.3909905082333072, 0.06665151910598392
-0.34035965163944676, -0.11248140170572252, 0.3175715185815255, 2.6915239478943587, 1.3909986575792663, 0.06646621846907137
-0.3403210753999299, -0.11243216959664484, 0.32271732318703494, 2.691469397690567, 1.390935296830304, 0.06652177010280656
-0.3403448457628105, -0.11239049667805016, 0.3276581741370207, 2.6914874873451238, 1.390842829327698, 0.06656040521739376
-0.34039287142277763, -0.1124027368061485, 0.3327975596613464, 2.6913910180125264, 1.390849156350919, 0.06607085180203638
-0.34044085832459103, -0.11242814216005369, 0.3378185265873292, 2.6912465176204163, 1.3908992971760328, 0.06574737404250915
-0.3404273119295641, -0.11239566446216724, 0.342789631295519, 2.691189180887927, 1.3908178796241852, 0.0656632842657958
-0.3404336206849641, -0.11238932272964686, 0.3477797089853041, 2.691066593948885, 1.3909102058503267, 0.06553217536744006
-0.34046782100107303, -0.11237199861397834, 0.3527599471579426, 2.691032717572853, 1.3908547458946818, 0.06556139839304657
-0.3405241391449623, -0.11237057630761868, 0.35776582602810736, 2.6911362565903163, 1.3908534882208206, 0.06559031177870636
-0.3405539807111971, -0.11239293112138235, 0.36278301156755693, 2.691116143533163, 1.3909154008670042, 0.06623899113533036
-0.34059112791239426, -0.11244590927444183, 0.36762077133908544, 2.6910436355287075, 1.3910523311316705, 0.06680399491612511
-0.34063859562627136, -0.11244567426765623, 0.3726396752786292, 2.691027561572112, 1.3910813440888299, 0.06664600922956375
-0.3406723972541078, -0.11246519700253847, 0.37760722712349515, 2.6910663140945976, 1.391300728215904, 0.06688908144389441
-0.3407042748812983, -0.11246886630975031, 0.3825251784712588, 2.691083315076028, 1.3914276872160085, 0.06708514620029103
-0.34072031722414525, -0.11246489980213169, 0.38746671651974113, 2.6910976211529234, 1.3914755434161306, 0.06721867113447239
-0.34074690859237894, -0.11246616157372542, 0.39250031991951495, 2.691001905620096, 1.3915072490184694, 0.06701701157398413
-0.34079097554455046, -0.11246909140403467, 0.39756070161937346, 2.690964930902918, 1.391413011315889, 0.06669649926157051
-0.34082463298881466, -0.11245923401729066, 0.40243662805013375, 2.691020138766798, 1.3915584889344392, 0.06691527939019108
-0.3408189398384609, -0.11241958239375463, 0.4073442059141174, 2.6909668658658807, 1.3915088249756262, 0.0670392157711298
-0.34080567117999816, -0.1123812021305621, 0.4125698342083988, 2.690935519210489, 1.3914556713688162, 0.06689208880921663
-0.34075313600476265, -0.11230491329798202, 0.41770944726257997, 2.6908640354246933, 1.3914250931262806, 0.06630708205494355
-0.3407295993675144, -0.11224637791686548, 0.4227305498525018, 2.6908975617661763, 1.391479493470818, 0.06586514483051524
-0.3406972417195346, -0.11221816635330989, 0.424537039140303, 2.6909005824703085, 1.391587804035235, 0.06570617835255708
-0.34070554646469287, -0.11221656193506857, 0.4245273467428019, 2.6909426106619083, 1.391566033300215, 0.06575673782797439
-0.34071157770210536, -0.1122006800842987, 0.4245331149026825, 2.690999283300504, 1.3914533816605563, 0.06573779059822604
-0.3407087333980913, -0.11219981283383637, 0.42454247567931913, 2.6909446461251028, 1.391513925253673, 0.06560862119798073
-0.34071834370317383, -0.1122015202316581, 0.4245277693312115, 2.6909943649372767, 1.391431901780724, 0.06570282221736501
-0.34071028554540905, -0.1121747543456391, 0.42452993904435554, 2.690997018075288, 1.3914525396765614, 0.06572689812802464
-0.3407317013138454, -0.1121656265321855, 0.4245308008824608, 2.691054595289545, 1.3913168131650364, 0.06574548492781414
-0.34072733784958675, -0.11215262374529167, 0.42452856290534247, 2.69108644454851, 1.3912528535371762, 0.06572754301186275
-0.34073637511388755, -0.1121514106505278, 0.4245201358523986, 2.691092989105818, 1.3912951009338361, 0.0657553474978565
-0.3407333564959851, -0.11213043306633316, 0.42454534856558124, 2.691088857280831, 1.391258751296739, 0.06564289510360126
-0.3407428586212955, -0.11209699020391016, 0.4245251436160582, 2.6911896821459576, 1.3910784729186085, 0.06576414238312157
-0.3407424031300482, -0.11208787219325579, 0.42453062196776375, 2.691175361927224, 1.3910732271977546, 0.06572545430017818
-0.34075556631882065, -0.11205687623181636, 0.4245370311735891, 2.691280093856845, 1.3909664754714852, 0.06567546803723535
-0.3407668577309986, -0.11204563551191335, 0.4245350150304795, 2.6912697791097755, 1.3908563391608166, 0.06569897620359058
-0.3407791217774867, -0.1120354788166526, 0.42452647212969014, 2.6913457757225103, 1.3907918838044766, 0.06572785975351543
-0.34077859185321113, -0.11199384708616776, 0.424521348319919, 2.6914211470214986, 1.3906678290437298, 0.06571774539538222
-0.3407855411461996, -0.11197838011282094, 0.42454977886909606, 2.691388013651136, 1.3906134729362745, 0.06564510758707694
-0.34080634914696073, -0.11194794028359442, 0.4245194878861586, 2.691503978924796, 1.3905040822117296, 0.0657373670508727
-0.3407953877095688, -0.11193388645787523, 0.42451949007052264, 2.6914887832464127, 1.3904545469284224, 0.06574127430895056
-0.3408112497308662, -0.1119249235967395, 0.42453307698391596, 2.691570815574183, 1.390382725102412, 0.06560768625412305
-0.34080629948038466, -0.1119062141754701, 0.4245263597543931, 2.691551408804715, 1.3903252506988975, 0.06569925019587149
-0.34082797331616965, -0.11189132360330328, 0.4245187947169007, 2.691648486163906, 1.390249107964053, 0.06575974082200106
-0.3408261098114805, -0.11186999721373163, 0.42452122349069615, 2.6916794411394402, 1.3901846276433762, 0.06573773530019708
-0.3408324412667141, -0.11185551265523234, 0.4245282529021649, 2.691681344323722, 1.3901466634207331, 0.06569701489781227
-0.3408283948523949, -0.11183270940888383, 0.42451799962327685, 2.691742320514786, 1.3900331605579226, 0.06573259857986381
-0.3408529109315766, -0.1117944797667683, 0.424518919737675, 2.6918118275891665, 1.389886968220371, 0.06568272810980857
-0.3408566771684507, -0.11176970004501853, 0.42454164087281016, 2.6918799594213056, 1.389801980513902, 0.06565684225616102
-0.3408652220931561, -0.11176407300255918, 0.4245316721677236, 2.6918704968922915, 1.3897363674171679, 0.06562375430044573
-0.3408854619246384, -0.11172554991209475, 0.42452214337674593, 2.6919600068627623, 1.3896161931444717, 0.06566140582879602
-0.34088074929175977, -0.11170732854832724, 0.424550872391125, 2.6919936144439665, 1.389537809272307, 0.06557001990068774
-0.3408802707400192, -0.11168818536362081, 0.4245375512055082, 2.691992938400646, 1.3895145271914446, 0.0656014688523166
-0.3408980803177328, -0.11167805007385835, 0.424531895496676, 2.692065044238607, 1.3894283912992635, 0.06561340311946919
-0.3408893728902764, -0.11166457433485341, 0.4245324242251915, 2.6921013088249595, 1.3894077233223168, 0.06559150398581506
-0.3408980100086735, -0.11166538429852464, 0.42451838635301703, 2.6920657389100167, 1.3893827851206915, 0.06568506356586211
-0.34091267204172215, -0.11164179713481583, 0.42451614504412655, 2.692144714243976, 1.3893025293680905, 0.0656550460501676
-0.3409061456651463, -0.1116409191467851, 0.4245383408676643, 2.6921211496466286, 1.3892699254386733, 0.06566207457844304
