-0.5585723795358578, -0.32167873648238265, 0.11478615335253198, 2.6631404015114, 1.1410840766258052, -0.19156524623289412
-0.5585957689490703, -0.32164360726725627, 0.11477278793224667, 2.663196484808901, 1.1410821284832982, -0.19160586200344376
-0.5585672881807, -0.3216758969890784, 0.11478054853046303, 2.663094218499615, 1.1411622997479745, -0.19158651339114946
-0.5585729226601025, -0.3216694697278814, 0.11476468551785642, 2.6631413222393125, 1.1411339335935773, -0.1915085713544405
-0.558564128324155, -0.3216843691935558, 0.1147816018320226, 2.663097139297003, 1.1411428160436876, -0.19154166827415825
-0.5585661899235518, -0.3216738271743396, 0.11473555935077014, 2.6631568537988968, 1.1411501308190508, -0.19142334538276437
-0.5585698774004155, -0.3216670544874406, 0.11475994439496402, 2.663139670051048, 1.141150197956321, -0.19149419584190644
-0.5585798681048051, -0.32166630719794603, 0.11475430877900013, 2.663155129274578, 1.1410826547554171, -0.1914846693060958
-0.5585739758610876, -0.3216812486619874, 0.11477306381474403, 2.663105928434736, 1.1411789595237578, -0.19152182323570183
-0.5585718215796167, -0.32166983787599, 0.11478006661855057, 2.663121291340171, 1.1411308638360829, -0.1915362056200703
-0.5585749735283213, -0.32166117946252726, 0.1147625817628666, 2.663131847838205, 1.141150332415231, -0.19153221104463244
-0.5585794158045877, -0.32166840969088745, 0.1147893072691522, 2.6630949455582367, 1.1410924385560832, -0.19159293727012933
-0.5585779024220762, -0.32167215172476377, 0.11477206311158064, 2.6631197912393443, 1.141184994100172, -0.19157117746224478
-0.5585849192419811, -0.32164121836300075, 0.11475223316945513, 2.6631757652169554, 1.1410522562732297, -0.1914759815475874
-0.5585758335550489, -0.32166435659075043, 0.11475716489583454, 2.663125562012171, 1.1411285161089628, -0.19148500353440187
-0.5585788685387593, -0.3216557876849164, 0.11478054853046303, 2.6631227655482435, 1.141099004881162, -0.19159077947175282
-0.5585661675176498, -0.3216738095193061, 0.11477648120507171, 2.6631309514286987, 1.141133062692611, -0.19153799055249784
-0.5585790959847163, -0.3216768172433307, 0.1147527991630216, 2.663113424749965, 1.141144280387366, -0.19150006241058024
-0.5585706610936185, -0.32167611309905025, 0.11477472847000021, 2.6631250251725698, 1.1411682242183634, -0.1915641527769401
-0.5585784940676596, -0.32166769655155425, 0.11477912529932117, 2.6631084459790175, 1.1410927684992147, -0.19154339312681545
-0.5585598684845589, -0.32167850229592754, 0.11477303286745118, 2.6631173785612545, 1.1411649959403911, -0.19153805806514784
-0.5585685686875209, -0.3216841811447573, 0.11478461815200451, 2.6631236199323642, 1.1411676880292856, -0.19155982569431387
-0.5585933642304808, -0.32165884826616353, 0.11477292260797528, 2.663134347458926, 1.1410643352931165, -0.19155229784138106
-0.558577065507281, -0.3216640773640729, 0.11475831877900923, 2.663131907441243, 1.1411312806324179, -0.19150757307703048
-0.5585762750815835, -0.3216843214485324, 0.11478578167738587, 2.663085630355649, 1.1411758299479742, -0.1915500727704984
-0.5585657384472437, -0.3216759303587171, 0.11477055731320304, 2.663084260181449, 1.141192170147519, -0.19153583875111677
-0.5585853613846423, -0.321659711385152, 0.11478114284862768, 2.663145924797745, 1.141069217915592, -0.1915924575141461
-0.5585695535996352, -0.32167648847604813, 0.11479011147469621, 2.6631110906813023, 1.1411489967667172, -0.19158962167933344
-0.5585769938884622, -0.3216739014178548, 0.11478133159944147, 2.6631138383644504, 1.141114206716863, -0.19158500248257712
-0.5585708272712672, -0.32165913250666467, 0.11477322161931615, 2.663116370751439, 1.141147398092174, -0.19154335856288549
-0.5585630814684935, -0.32167258295334017, 0.11477322161931615, 2.663101426945042, 1.1411789463491058, -0.19153909268836633
-0.5585704861210007, -0.32165886860149173, 0.11476433269037285, 2.6631254089848206, 1.1411476179788334, -0.19151034694951655
-0.5585777740136051, -0.32168296746862357, 0.11477149090666883, 2.6631115543899804, 1.141148948082632, -0.19158909159828225
-0.5585766631995269, -0.3216833280693794, 0.11478717612106384, 2.663091339489653, 1.1411458739059757, -0.19161738418648924
-0.5585702464542641, -0.32165868308917994, 0.11477192877901408, 2.663158312716241, 1.141050089728478, -0.19151406978894475
-0.5585699922354612, -0.3216781094709602, 0.11478241184220339, 2.6631118739549953, 1.1411626906040864, -0.1915202852904389
-0.5585783054395257, -0.3216626451754952, 0.11476425442947592, 2.66317295979157, 1.1411211827925785, -0.1914671122126827
-0.5585684424951427, -0.3216780816908345, 0.11476640946640047, 2.6630949509091653, 1.1411761260348414, -0.1915172025050928
-0.5585850674011269, -0.3216582515178286, 0.114770770261356, 2.6631454018325718, 1.1411374272484271, -0.1915567977387298
-0.558568226674797, -0.3216766821266388, 0.11477247044634728, 2.6631059974067273, 1.14117901036066, -0.19152186056784065
-0.5585774876457766, -0.32166931671332016, 0.11477822774111782, 2.6631533728449366, 1.141125582991389, -0.19162231776943606
-0.5585765138147067, -0.3216747626275206, 0.11475713679719467, 2.6631212313067563, 1.1411117716899326, -0.1915130013672125
-0.5585752282953786, -0.32167253522624606, 0.1147774013111692, 2.6631274005910734, 1.1411145424783538, -0.19153474120808536
-0.5585853560616827, -0.32165002049220864, 0.11475813002644687, 2.6631513108946283, 1.1411191850163256, -0.1915192506767354
-0.5585693643371074, -0.32167885609415464, 0.1147826024937648, 2.6631133629820423, 1.1411273927688694, -0.19151066543342593
-0.5585801493340434, -0.3216640106446047, 0.1147786070721479, 2.663151530462948, 1.141071505027046, -0.19160952948181068
-0.5585631124293149, -0.32168229177277513, 0.11477165951141786, 2.6631146008004762, 1.1411294290448968, -0.19154501245769545
-0.5585668551536355, -0.32167556211006554, 0.11475487051795451, 2.663129530497742, 1.1411304353155274, -0.19149910906323842
-0.5585716333335949, -0.3216793794976888, 0.11476980508716669, 2.6631245806011425, 1.141130270204968, -0.19151615147099085
-0.5585658164264482, -0.3216845042628464, 0.11477352281653047, 2.6631384621798473, 1.1411136908929214, -0.19147667282464892
-0.5585710525152143, -0.3216789300568007, 0.11476851225561963, 2.663097825695817, 1.1412115082686023, -0.1915102402558147
-0.558580087539065, -0.32165556961283676, 0.11476339269500634, 2.6631545205011458, 1.1411186240627784, -0.1914984149469103
-0.5585667034486717, -0.3216913361915957, 0.11477947062553204, 2.6631224263826856, 1.14118635266173, -0.19158024417175196
-0.5585677365528082, -0.32166655928914745, 0.11476691836222405, 2.6631089414339844, 1.1411633276776427, -0.19154125996192936
-0.5585691255527309, -0.3216858445717107, 0.11478744621985193, 2.663091060687293, 1.141197002276199, -0.1915924231772013
-0.5585691185349537, -0.3216748605323688, 0.1147814620290808, 2.663111617575152, 1.1411679177699534, -0.1916137439877374
-0.5585664371302166, -0.32167652986064776, 0.11477007544489831, 2.663116408578525, 1.1411439330350235, -0.19147917405505968
-0.5585781963323678, -0.3216736115691422, 0.11478243572470218, 2.663113985400607, 1.1411332362449311, -0.19160899084521651
-0.5585810611805205, -0.32164909125786423, 0.11475376834738042, 2.663146476772584, 1.1410811714989362, -0.191487823073445
-0.5585725042397051, -0.3216788331832404, 0.11476171625770845, 2.663146484840146, 1.1411169445313432, -0.19150220349490626
-0.5585762715227988, -0.32168057205203116, 0.11479940354682593, 2.663094288042763, 1.1412001515661756, -0.19163432743050676
-0.5585832245622248, -0.3216664515026149, 0.11476674872409232, 2.663154389366825, 1.1410878278529926, -0.19157863939763242
-0.5585596415836074, -0.32165159186794207, 0.11478650529238447, 2.6631106529809205, 1.1411774361214415, -0.19147530409540808
-0.5584393015429453, -0.321567674943342, 0.11494459617622414, 2.663147696389985, 1.1411108525013471, -0.1913583714073054
-0.5582740866338854, -0.32144083173755583, 0.11517849229272242, 2.663160801702183, 1.1413866729094515, -0.19117979380858838
-0.558079525608124, -0.3212276347208211, 0.11550672939789705, 2.663269368601822, 1.1415805740190554, -0.19100291940447087
-0.5578498563117149, -0.32094663200699575, 0.11595835322368826, 2.6632792397671343, 1.141707828339643, -0.19097011105163125
-0.557493980686312, -0.3206414157532096, 0.11644466290893483, 2.6633609444232755, 1.1422682535168964, -0.19052222265689614
-0.5571165497976079, -0.3202854726872548, 0.11700499413031663, 2.6633669452481716, 1.1426996362690909, -0.18996770274696326
-0.5566861341646285, -0.3198339972243338, 0.1176658378385645, 2.6635263183858204, 1.1431523921575486, -0.18944288528736808
-0.5561693897469089, -0.3193558539732783, 0.11861468569421954, 2.6634185750630763, 1.143755820302135, -0.18955753487679197
-0.555590374925859, -0.3188388251888428, 0.11939848572266383, 2.6636632144765184, 1.1442046816619464, -0.18856654075615614
-0.5549706939695539, -0.31825211059692693, 0.12032502553148514, 2.6637395374491795, 1.1451604303296756, -0.18790300609393082
-0.5542871879036106, -0.31763234325318307, 0.12131259004362765, 2.663786681456144, 1.146099432885261, -0.18705392545519553
-0.5535587403459094, -0.31689051536608615, 0.1225368956158709, 2.6640381756450076, 1.1466277457934182, -0.18643785490940648
-0.5527629088763123, -0.31614787841652153, 0.12367919031847541, 2.6642340967514833, 1.1476026415712042, -0.18524493318524457
-0.5519004358721574, -0.31533842707389037, 0.1248995115328976, 2.664509728640258, 1.1484608281483586, -0.18410820905871728
-0.5509976625815094, -0.3144486843908315, 0.12642609086018727, 2.6644741831984513, 1.1498081078558364, -0.18355836642433382
-0.550016793514201, -0.3135218039492881, 0.12782662339863604, 2.6648382550273255, 1.1507009038994003, -0.18228819169776214
-0.5490478588404879, -0.3125950235178147, 0.12923440693677235, 2.6650719733121826, 1.1520485096574236, -0.180896085001217
-0.5480514339316751, -0.3116874889829874, 0.13081488657432389, 2.665090623139342, 1.1529849860153598, -0.17997634108990337
-0.5470742164602518, -0.3107556850355267, 0.1322224570159816, 2.665337676853623, 1.1541872461705691, -0.1787128142634361
-0.5460945135765184, -0.30977702032118787, 0.1338563407475982, 2.665554868588846, 1.1552600115740512, -0.17806020430575095
-0.5451090817689134, -0.30885997900883755, 0.13529708727886985, 2.665760694838235, 1.1564413454023699, -0.17689493881496868
-0.5441642920617963, -0.3079462853706972, 0.13672904427171623, 2.6659708021806985, 1.1574251472979515, -0.17565327798744867
-0.5431626745623712, -0.3070342778816446, 0.1383501178654704, 2.6659655850758854, 1.158715587254115, -0.17480069176093335
-0.5422177090596589, -0.3060862075341947, 0.1396963457215487, 2.666394021628102, 1.1598792166411815, -0.17354847813076404
-0.5412262364337307, -0.30515981193885416, 0.14115363263695357, 2.6666211389026793, 1.1609922181462327, -0.17226357708467568
-0.5402354528404153, -0.304251080476169, 0.14271868580369387, 2.6666289076314316, 1.1621810715496192, -0.1713885673074392
-0.539273253650353, -0.3033272695537602, 0.14415209459148712, 2.6667371423747745, 1.1631569235116306, -0.1701042141446025
-0.5383033501357737, -0.3023744449287974, 0.14573115318804372, 2.6668109371249265, 1.1645638349942042, -0.16931461496505734
-0.5373079224364405, -0.3014587494805648, 0.14713730086984916, 2.66710314252676, 1.1654108728338883, -0.16801166656978972
-0.5363503719102884, -0.3005306858103269, 0.14854011601015052, 2.6673104524710753, 1.1668317847112322, -0.16686339570049472
-0.5353674495238696, -0.2995914779649639, 0.15013161564290925, 2.6676185819026137, 1.167866168343387, -0.16589845861992533
-0.5343501919796319, -0.2986641086614248, 0.15160844112110522, 2.667747109014616, 1.1690454003248953, -0.16456832828373505
-0.5333881968465527, -0.2977080035448558, 0.15315199081060696, 2.6679572717785778, 1.1702372225752713, -0.16367821865125703
-0.5323890917142621, -0.2968039787999924, 0.15464985883181875, 2.6678940293310847, 1.1712728489000885, -0.16256793356217292
-0.5314180972275957, -0.2958959663769779, 0.15596516834662077, 2.6680040477452573, 1.1725997399369004, -0.16109254580131865
-0.5304406335374701, -0.2949525617441614, 0.15762555293440605, 2.668434634872723, 1.1734035555558038, -0.16041906786072213
-0.5294689507721543, -0.2940276905399683, 0.15904800718207185, 2.668339859012264, 1.1748338218841745, -0.15918064785730124
-0.5284933723578836, -0.2931151982578876, 0.16048716285636977, 2.6686874008683787, 1.1759064295415673, -0.15798980189861112
-0.5275207172705574, -0.2921614596037737, 0.16202531908451454, 2.6689930612929103, 1.177112981351746, -0.15711055481436526
-0.5265679938990186, -0.2912261162027006, 0.16343920316289096, 2.669309276805371, 1.1780104157869198, -0.15580601878295564
-0.5255913987101822, -0.29032772861508177, 0.1650451411669176, 2.6693071457405657, 1.179207163688735, -0.15521580710217728
-0.5245676160030375, -0.2893304752684108, 0.1665049221114528, 2.669552535175813, 1.180412280055985, -0.1536585732230897
-0.523592147401589, -0.28844510956336095, 0.16796083073027357, 2.669434906475925, 1.181671502448453, -0.15256926220027536
-0.5226248945423076, -0.28751646313514617, 0.1695378336568113, 2.669604859803265, 1.1826877328504652, -0.15172831955151705
-0.5216330341132911, -0.28658187578210614, 0.17094843803890286, 2.669822148269305, 1.1838253521021054, -0.1503302905949815
-0.5206832720745078, -0.285637994104012, 0.17242380168458504, 2.6701621235654005, 1.1849258222634333, -0.14921291350998786
-0.5196757734371817, -0.2847376406139923, 0.17397254642294624, 2.67004469850241, 1.186139409484994, -0.14819753401336455
-0.5187295499220106, -0.28380175044850764, 0.17529717701417735, 2.670295637045036, 1.1872841442293087, -0.14676913364942118
-0.5177435405416198, -0.28288108724882466, 0.17692184082485246, 2.6705698201511217, 1.1883443980049586, -0.14607235297886922
-0.5167222659956511, -0.2819254438565599, 0.17840165129183178, 2.6707023307563755, 1.189632363185552, -0.1447885893872602
-0.5157678070687354, -0.2809894394130932, 0.17988295729245768, 2.6707943744874125, 1.1905820891845789, -0.1437494184723359
-0.5147689516327635, -0.2800753780453981, 0.18138425504932265, 2.6709281672465255, 1.1918790685716918, -0.14256569055321086
-0.5138184183308474, -0.2791539970710765, 0.18287024292421572, 2.671093467779502, 1.1928166276849128, -0.1415399149783517
-0.5128235167140204, -0.27819522103771976, 0.18435899927299512, 2.6712934921277083, 1.1938788512365968, -0.14032198908176907
-0.5118460582465738, -0.27728814615985387, 0.18582822993791207, 2.6713584859791975, 1.1952970703571322, -0.13933086086842314
-0.5108813426042931, -0.2763281527380289, 0.18721838202538257, 2.6716802683393706, 1.1962487901982397, -0.13778583633260175
-0.5098893267044307, -0.27542822576619075, 0.1887728371818414, 2.6716615036012508, 1.197511684318676, -0.1369773003790824
-0.5089473588694507, -0.2744922944318292, 0.19026558630853221, 2.672036585951176, 1.1984722106885684, -0.1361187011962514
-0.5079285165168567, -0.273556452393606, 0.19186568690554764, 2.6720036637739395, 1.1997818578597925, -0.13523075385498287
-0.5069258912959753, -0.27262638259477223, 0.19332052445038575, 2.6722041424985363, 1.2007652395836237, -0.13383213720341142
-0.5059700440485626, -0.27172987912495256, 0.19469205963117986, 2.672378286607908, 1.2021254217599426, -0.13247631704230362
-0.5050062899096605, -0.27077146623730936, 0.1963009525644129, 2.6724504119513517, 1.2031109591203706, -0.13165936348812066
-0.5040235551714692, -0.2698356610021024, 0.19773747522716123, 2.672681267403357, 1.2040979781568926, -0.13040336882916104
-0.503038889096506, -0.2689297876700862, 0.19917327189427048, 2.672815985490885, 1.205450913935959, -0.12906626967139112
-0.5020506468407325, -0.26798988431612325, 0.20070886478522004, 2.6729044462188636, 1.206416711508322, -0.1281042841593852
-0.5011036496533123, -0.2670617380049925, 0.2021536443258412, 2.6731508247213345, 1.2075896051620842, -0.127084768292456
-0.50012436552, -0.2661447649558864, 0.20368474278788684, 2.6732183013092694, 1.208643435286377, -0.12614914419753118
-0.4991429842888323, -0.26521433047701426, 0.20514173582146045, 2.673408895832286, 1.2103196960348355, -0.1249657952564626
-0.4981782613961209, -0.26429268810794754, 0.20654128718974607, 2.6737796234963924, 1.211091922251443, -0.12358779009901137
-0.497173798519729, -0.2633622029025637, 0.20814461906923137, 2.673626444872094, 1.2123045590049872, -0.12272994522757491
-0.496206259959679, -0.2624521083694904, 0.20957055065438993, 2.673886229172984, 1.2131953538757605, -0.12142987728029855
-0.4952464383458088, -0.26150166032450706, 0.21105259924506814, 2.6739669849735694, 1.2143203546402601, -0.1203700149821831
-0.4942464840070557, -0.260544602712307, 0.2126351925449136, 2.6741515183627196, 1.2157537932332085, -0.11954622224112997
-0.4932853620446552, -0.2596142045750983, 0.21405257636794855, 2.6744725733416086, 1.216621772348739, -0.1181221802165229
-0.4922803814153338, -0.25868426631438624, 0.2155785590835727, 2.674384499693487, 1.2178262576755654, -0.11706281415439726
-0.49131483232128165, -0.2577784131888214, 0.2170422372604997, 2.6746646957585636, 1.2189490655641015, -0.11603692964867438
-0.4903567986963889, -0.2568733814306196, 0.21848791889180433, 2.674784432273598, 1.220233526693724, -0.11489512380319673
-0.4893494663049268, -0.25591880115163657, 0.22003621100065524, 2.6748003955434205, 1.2211957902186112, -0.11379895156629012
-0.4883742858647687, -0.2549939988382978, 0.22145864303037388, 2.6750024322583337, 1.222384593070572, -0.11244111742951383
-0.48741927508264904, -0.2540695824639596, 0.22295368275197908, 2.6752401468808618, 1.223482893239714, -0.1114597784611259
-0.4864565387892757, -0.25312976292240097, 0.22449480053223447, 2.6753057696149942, 1.2247581669807945, -0.11063755424599607
-0.48549076673454533, -0.25224104518627666, 0.22584851761417996, 2.6755560442207895, 1.2257931947099607, -0.10917145016390231
-0.4845027589017224, -0.2512653426376343, 0.22741226827123517, 2.675609025329588, 1.2267966558210759, -0.10818012888206455
-0.4834834910048817, -0.25030480572144853, 0.22895528257495773, 2.6757788400681246, 1.2282565066442401, -0.10707337606519846
-0.482512190715408, -0.24940314070228495, 0.2303809001983802, 2.6759382093229145, 1.2294305691584235, -0.10586871293277991
-0.4815125046597327, -0.24846711455924603, 0.23192782478196605, 2.6757995849819767, 1.2305367966110679, -0.10482838475167101
-0.4805553937381196, -0.24753587320906317, 0.23333808808532827, 2.676223566831471, 1.231403365635381, -0.10347983867961189
-0.4795835251957936, -0.24660657988132423, 0.23487124992814415, 2.676292642722097, 1.2328049752853754, -0.10249351401244094
-0.4785955629957111, -0.24572238411867017, 0.23637948374746492, 2.676229305222273, 1.2338197725667968, -0.10159573980218511
-0.4776387896730625, -0.2447578081462557, 0.23775676208923968, 2.6766086181931854, 1.2349439707086125, -0.10014165345875356
-0.4766587811240407, -0.24384801914836823, 0.23938101043444573, 2.6766220602963133, 1.2360963148098492, -0.09948948553597614
-0.4756921739458214, -0.2429009752487371, 0.24079365275166764, 2.676898909573438, 1.2371652034068341, -0.09821808269927625
-0.47472681454169313, -0.2419949605611925, 0.24224445503559058, 2.6770070350914112, 1.238555573412308, -0.09706567740147493
-0.473728670481249, -0.24105337175340047, 0.2437780874075826, 2.6771830436713238, 1.2394558640345392, -0.0959343172545698
-0.47272822482731663, -0.2401213422074006, 0.24526354632211922, 2.6770617527575116, 1.240683778056849, -0.09459447292518161
-0.4717504493614208, -0.23917481024864054, 0.24680528065462515, 2.677394468367915, 1.241673100199062, -0.09367534808809738
-0.47075363708916235, -0.2382240517258068, 0.24823983702994223, 2.677406863038904, 1.242812242883501, -0.09224923433837189
-0.46979690996120693, -0.23732898792044554, 0.24969856998817064, 2.6775627565498605, 1.2437887356741222, -0.09121303704571329
-0.4688210839572211, -0.23639409022572822, 0.25126843742845567, 2.677657764543601, 1.2452648530758437, -0.09042274737347637
-0.46783969585305446, -0.23547923224604336, 0.25272335202223517, 2.677584835418262, 1.2463512511212538, -0.08915320079583672
-0.466890750486772, -0.2345570325478869, 0.2541382061787877, 2.677885269797152, 1.2474023378118084, -0.08789046864229869
-0.4658961687078428, -0.23363049281788115, 0.2556943672605183, 2.6778315213236046, 1.2485757360144516, -0.08691402669716031
-0.4649269392109412, -0.23268393792569514, 0.2571157550285519, 2.6781465403622065, 1.2496521748380631, -0.08564427680510338
-0.46398118891002027, -0.23176887467924898, 0.25865500749257964, 2.678232764068062, 1.2509239841227793, -0.0848245298860829
-0.46295245190250867, -0.23079268164487524, 0.2602186775752743, 2.6784771324223984, 1.2519342665918385, -0.08367781133185592
-0.46198773849987146, -0.22991394117688937, 0.26163037567243236, 2.678513473579718, 1.2532639593519146, -0.08231156839066764
-0.46098150867490983, -0.2289583240422943, 0.26316640012557785, 2.67852891537832, 1.2543464419030685, -0.08121253119220181
-0.46002390733182935, -0.228019383334946, 0.26462278121855604, 2.678665499656906, 1.255457957746568, -0.08019253889424018
-0.4590602809352096, -0.22711745581974846, 0.26604123385441947, 2.678829482050601, 1.256746551267253, -0.07885562197544063
-0.45806668716547, -0.22616994891651845, 0.2676272235872166, 2.678776783495954, 1.257614569247615, -0.07794682568649314
-0.4570972244665367, -0.2252613319698433, 0.26908016386610756, 2.6789906959407146, 1.2588033875272937, -0.07676232795657344
-0.45612403498109805, -0.22432317130277266, 0.2705148567368162, 2.679225155188186, 1.260059655318753, -0.07560876081180797
-0.455140953523945, -0.2233952140542652, 0.27203399865161393, 2.6793079187940747, 1.2610374788689926, -0.07446094628893866
-0.4541649045741463, -0.22249925215203747, 0.2735020484839476, 2.679341678682974, 1.2620017169538498, -0.07337611378020388
-0.4531553608543914, -0.22153236676973692, 0.2750641074040258, 2.6794271918565897, 1.263645210150961, -0.07228173217621367
-0.45218131423519425, -0.22057673375443063, 0.2765370127892655, 2.6796036280982536, 1.2645543751535437, -0.07122698414004879
-0.451215913578464, -0.2196744474552487, 0.2779630077892198, 2.6797002825216825, 1.2657314183201607, -0.0698443831329164
-0.4502318926072693, -0.2187303321893451, 0.2795350517935787, 2.679785328178574, 1.2670233638949366, -0.06905345711265162
-0.44924374173748727, -0.21782707342234542, 0.2809721857247366, 2.679995004268438, 1.2680813314016244, -0.06773642401656364
-0.44829054601338647, -0.2168848296221492, 0.28242144768002964, 2.6800824858943586, 1.2690577726456373, -0.06645555796469937
-0.4473013077231053, -0.2159479372449758, 0.2839714489529198, 2.6801672571075796, 1.2700041469757135, -0.06551703236590618
-0.4463353070870989, -0.21501227336976358, 0.2854248139400885, 2.6802830059789584, 1.271241880631945, -0.06428667578116884
-0.4453817833156926, -0.21412427033527565, 0.28686988714402456, 2.6805706983374926, 1.2724887356461554, -0.06329673797125339
-0.44439333189470537, -0.21316507881529773, 0.28837561153144314, 2.680655749979628, 1.273578659883136, -0.062213244939391836
-0.4434180306958237, -0.21226642384432273, 0.28984459454563566, 2.6805602055833893, 1.2749516090166335, -0.06101592238559398
-0.4424023216872643, -0.21130799485070564, 0.29137402919376054, 2.6808580029771005, 1.275898908360635, -0.05963293492981501
-0.44142164094868214, -0.2103501151999202, 0.29289479261396933, 2.6808840618423777, 1.2770224448551466, -0.058776619250364516
-0.44044780281768064, -0.20945019009622698, 0.29430720857926124, 2.681087925451963, 1.2781164999769992, -0.05729831738474459
-0.4394600132771843, -0.20852487934391092, 0.2958270671876414, 2.680969462593037, 1.2793913446822949, -0.056371570684788784
-0.4384994826936474, -0.20757090494623145, 0.29730699049131615, 2.6812133886708303, 1.2803153525880941, -0.05520105736427472
-0.4375330478250141, -0.2066796602577691, 0.2987766319803977, 2.681081378096155, 1.2815948810355573, -0.05415345298189763
-0.4365438639350158, -0.20573776186340736, 0.300257057803178, 2.6813197742722052, 1.2828182889559554, -0.05287987348429079
-0.43556372273749006, -0.2048070964798251, 0.30175631345548115, 2.6814484400799374, 1.2839051737845257, -0.05189793880642916
-0.4345892578989462, -0.20391351060008303, 0.30319033151898933, 2.681263474724165, 1.285066949034544, -0.05048939098459533
-0.43360827630904225, -0.20295741090886327, 0.30470865416403664, 2.6816220519245046, 1.2860660188723045, -0.049636306535676245
-0.43259637234318116, -0.20196691574872316, 0.306254135083594, 2.681746872953257, 1.2875031531491894, -0.04842723262280126
-0.4316535640468989, -0.20104613662994586, 0.30765173644427946, 2.681943114531782, 1.288421546041425, -0.04707001246393197
-0.43063616399423954, -0.20013148518579899, 0.30920375034509634, 2.6818425764771794, 1.2895717942168996, -0.045994737007610004
-0.42966375501934806, -0.1992270607592797, 0.31066094608573247, 2.681822763474229, 1.290820379552866, -0.04481980462813929
-0.4287233359714406, -0.19827914281647416, 0.3121073764231135, 2.6822850465596177, 1.2918449466539943, -0.043637122370122176
-0.42773554603421676, -0.19733780398839731, 0.3136828315441624, 2.682217226432548, 1.2930505126356377, -0.04286744598398629
-0.4267686583927301, -0.1964361741084729, 0.315146114020484, 2.6822624301051725, 1.2940824384297407, -0.04169960651004348
-0.4258021836345495, -0.19553514097564428, 0.3165789620165227, 2.682317324941395, 1.2950425720439602, -0.04024763121562055
-0.424812779683921, -0.19459237905700366, 0.31810168816657697, 2.6823483705697555, 1.2963007441202368, -0.03934521736025605
-0.4238460939973487, -0.19366163610985548, 0.31959425605725983, 2.682444686851895, 1.2976142332807223, -0.038284742399869655
-0.42284832123785826, -0.19269156321393044, 0.32107150382157756, 2.682753034040613, 1.2986664887194397, -0.036881093953128476
-0.42182162348773994, -0.19176297311694934, 0.32260503925271183, 2.6826850296579923, 1.2995855032954842, -0.03575185773160094
-0.4208750841844016, -0.19084505087898987, 0.32407748179121, 2.682638864492561, 1.3009959639230417, -0.03467971607172241
-0.419921922717787, -0.18992998279641088, 0.32552792599341496, 2.682809370127165, 1.3019711140126728, -0.03349489161610234
-0.41890741992887803, -0.18896723571827567, 0.32707579645070706, 2.6829311147567596, 1.3032282347796593, -0.032442300236263655
-0.4179540860663518, -0.18807812304947802, 0.32852563142369334, 2.6828915510094866, 1.304339047945301, -0.031391784349770836
-0.41700294869680815, -0.18716256305526818, 0.3299827018623406, 2.683083812879828, 1.3053979276327763, -0.03011541198807526
-0.416007952476577, -0.18620014171718283, 0.3315161768239147, 2.683160426637164, 1.3067684543395135, -0.029258761141196073
-0.4150385375713191, -0.18529141135315835, 0.3329406361675633, 2.683364281556121, 1.3078482718940057, -0.02788810767238028
-0.41406450991385035, -0.18437630873557936, 0.3343928845898384, 2.6832722374443585, 1.3088628043026194, -0.026543399110906505
-0.41302273005609114, -0.18341551683927043, 0.33601673336080307, 2.683239565310696, 1.3101507044892717, -0.025613862812257415
-0.412061904342231, -0.18246334563169597, 0.3374812949947049, 2.68357854150868, 1.311189425099393, -0.024442697284168514
-0.411105140875289, -0.18154307194185015, 0.3389251720358493, 2.683622388160571, 1.3122150418060294, -0.02320117118067901
-0.4101044575291805, -0.18061673215354654, 0.3404280276167441, 2.683710907525393, 1.3132548563502406, -0.022122823093807465
-0.40913854869964, -0.17971084543174345, 0.3419148845510528, 2.683516950927554, 1.3145797481570047, -0.021043259965243064
-0.40818035775558514, -0.178787340339457, 0.3433610222922024, 2.683839183248912, 1.3158680643475555, -0.019840772649171255
-0.40717413690724197, -0.17784982642489905, 0.34486851570529825, 2.6838337379068244, 1.3167974955367185, -0.018528720373634094
-0.40621633069233465, -0.1769185090094159, 0.3463785508213998, 2.6840097802110705, 1.318066647638684, -0.017642870149497725
-0.4052467409776274, -0.17598178430664768, 0.3478083868937345, 2.684260503796635, 1.3189696719500612, -0.016307136825769866
-0.40428521534603046, -0.17506836955585284, 0.34928673645154296, 2.684223479945775, 1.320310824372651, -0.015222030999462816
-0.403299525528246, -0.17414892730615064, 0.3508292434925323, 2.684201675014668, 1.3213050471686283, -0.014329862925164347
-0.40231716284767455, -0.17322740067101303, 0.3522521132577247, 2.684287506273015, 1.322504341518079, -0.012912294876247524
-0.40138149275615925, -0.1722996490106268, 0.3537314458949583, 2.684492589741944, 1.3236003795295026, -0.011768747768441971
-0.4003282188748046, -0.17132235194288553, 0.3553248593510843, 2.684294299773763, 1.3249291768024911, -0.010848330182630294
-0.39935682888738055, -0.17039664993705192, 0.3567926112746532, 2.6844197382121506, 1.3259379928424746, -0.009464555391723974
-0.3983984179275399, -0.1694925890870699, 0.35823414480447946, 2.6844145482192636, 1.3270417220484274, -0.00830254569322334
-0.397412800943905, -0.16854248811444106, 0.3597406847501013, 2.6844571268448814, 1.3283199897097788, -0.007349886813375013
-0.39643397272208264, -0.1676076452651563, 0.3612164178912462, 2.684693808756586, 1.3292634446304312, -0.005918268832315429
-0.39547684448966436, -0.16669963283301725, 0.36269846641441633, 2.68490946144349, 1.330585221199132, -0.004989153434500144
-0.39449489471600147, -0.16576895703154873, 0.36414694610081966, 2.684898894270888, 1.3316361747226695, -0.0035850640317105975
-0.3935135688440317, -0.16483971174706, 0.3656659626853494, 2.6849631692713123, 1.3325709657848648, -0.00253253494194764
-0.3925685901181244, -0.16391595796718256, 0.36712195474250375, 2.6849026756215064, 1.3339789479753439, -0.0015087746228804007
-0.39159480974753724, -0.16298142423611567, 0.3685894784883586, 2.685123076491313, 1.3349668791068359, -0.0001691642716507708
-0.3905771586053627, -0.16206442847055996, 0.370130089586283, 2.6850273871312837, 1.3360770786641183, 0.0007724822882961192
-0.38957890842816534, -0.1611116711398503, 0.3716935131494672, 2.685099899856205, 1.3371834449338396, 0.0017566928544144609
-0.38860576018775894, -0.16018943173002353, 0.3731396767965516, 2.6851272191961697, 1.3383929573918758, 0.0032252169363594122
-0.38762446635813363, -0.15924509252032454, 0.3746178057078624, 2.6852438165890034, 1.3396938983093305, 0.004263619967056939
-0.3866583279837, -0.15832842239863132, 0.3761322954416988, 2.68522908698664, 1.340758743996767, 0.005294373115598727
-0.38568274305825406, -0.15740312942960866, 0.37754266635299183, 2.6852521491664025, 1.3416866155326208, 0.0068631166569307405
-0.3847272832873796, -0.1564990791587408, 0.3790103531933582, 2.685412784444412, 1.3427693167570585, 0.0079939624914854
-0.38371992223225104, -0.15555332109430053, 0.38057162053059623, 2.685411787272586, 1.344045227290868, 0.008703479288729055
-0.3827482928759285, -0.15463557612660955, 0.3820134099482375, 2.685362160318001, 1.3452033994940853, 0.010234722416818973
-0.3817951367135306, -0.15371363094556423, 0.38347659722693933, 2.6856078782358366, 1.3461961392530906, 0.011290113742928477
-0.38081103566575514, -0.15278129134322474, 0.38496467512583166, 2.685543862245444, 1.3474533346149993, 0.012462226081581571
-0.37980825076561414, -0.15182711245611555, 0.38648819237853027, 2.6856445265921107, 1.3487002008458429, 0.013521596220534957
-0.3788515616085321, -0.15094217527181122, 0.38794933271108073, 2.685625074423031, 1.3495628471997887, 0.01470828467037812
-0.37787278919328166, -0.14997322559159412, 0.38945345380198015, 2.685887953398665, 1.350882186809268, 0.015866471541962367
-0.3768615582594263, -0.14903127341458242, 0.3909529841847695, 2.6858330546484233, 1.352007703567096, 0.017102218648127488
-0.3758951005141239, -0.1480952216658669, 0.39244468859774495, 2.6859490717317684, 1.353259229176353, 0.018267811576447975
-0.3749297546930749, -0.14718548459526948, 0.39394872103436207, 2.685746372482861, 1.3544147569690066, 0.019193631847018403
-0.37396421096523463, -0.14626099852851632, 0.3953584830898452, 2.686105045505796, 1.3554268433607322, 0.020639106200878478
-0.3729678092659697, -0.14531868865915587, 0.39689230365790495, 2.6861340617795504, 1.3566566777922913, 0.021593293032346805
-0.37199517012158895, -0.14440103911836819, 0.3983838146262949, 2.685909972485249, 1.3576343759549094, 0.022676247168796376
-0.3710333636058009, -0.14351256763008413, 0.39984561331213847, 2.685927358365935, 1.3588761856080631, 0.023988756047826038
-0.3700596207688562, -0.14256945195422194, 0.40131180461419175, 2.6859898020739132, 1.3598026884378611, 0.025266340992709396
-0.36906253022005264, -0.14164051878453252, 0.4028176858926243, 2.6861334918424564, 1.3610913107481641, 0.026243303033929404
-0.36805887008203186, -0.14066417603853257, 0.40430692913045513, 2.686120557309461, 1.3624989756663528, 0.02762120612285465
-0.3670876409770381, -0.13974990694215872, 0.4058328087147794, 2.6861447649585455, 1.363532035900765, 0.028595759839076067
-0.3661204704733787, -0.13881972067979098, 0.4072810081717984, 2.6863072206335294, 1.3644482310449666, 0.029960149788953873
-0.36512671898496746, -0.13788430327051862, 0.40883770048346507, 2.686157089956974, 1.3657234538095762, 0.03086576756666121
-0.36416268898209914, -0.1369722711686999, 0.41029826988272494, 2.686304796876054, 1.3665828319184956, 0.032102508239411985
-0.36319200697463855, -0.13606692879431817, 0.4117307477096482, 2.686184446060557, 1.3678679046839468, 0.03339113075849709
-0.36222795310299805, -0.13511783806668895, 0.41322143563791486, 2.686347542679834, 1.369167718586959, 0.0344995070976899
-0.3612335010588391, -0.13415766723394282, 0.41474106049305526, 2.6865993065367593, 1.3702132731913794, 0.03561840040106503
-0.3602560424995678, -0.13328268019282924, 0.4162020439893239, 2.6863988307967217, 1.3711686713463755, 0.036796627808131185
-0.359280634180929, -0.13235726676270346, 0.41768158732810423, 2.686593592437495, 1.3722669271384784, 0.03792582685223418
-0.3583271347953972, -0.13142543061055387, 0.41915246235093195, 2.686580998490878, 1.3734886469742158, 0.039289063694609
-0.357334099104169, -0.1304700486135437, 0.42067031914369024, 2.686478231389334, 1.3747316551670172, 0.0402653685711618
-0.35633875396605647, -0.129508637544946, 0.4222138674292968, 2.6867095437841946, 1.3756991698832792, 0.041291299218750105
-0.3553678140470959, -0.12859307411551085, 0.4236593837160426, 2.6867295051155664, 1.3769007320680517, 0.04266984381330455
-0.35440848047053664, -0.12766447121761515, 0.42511668290185756, 2.6866957809170966, 1.378219371700355, 0.044012079523251306
-0.35341051063293244, -0.12673699182157058, 0.4265908494847788, 2.6867710870568744, 1.379147839468293, 0.045097791821215906
-0.3524215192718703, -0.1258014838179456, 0.4281090238685016, 2.6867251932861067, 1.3804022219285559, 0.04613187506501922
-0.3514552169336069, -0.12487657562383096, 0.42959879595969797, 2.6867601273691766, 1.381673154418921, 0.04728145360742854
-0.350489670480909, -0.12396776921652787, 0.43106671952451514, 2.6868899902384302, 1.3824448771660784, 0.04843364422096029
-0.34952190936300725, -0.1230411319726561, 0.43253438241269215, 2.6867861483763913, 1.3838250503183633, 0.049639753325098505
-0.34852261580044863, -0.1221093323988766, 0.43400784606820786, 2.6867617105461234, 1.3850617926585218, 0.05091750652425889
-0.34756097835654076, -0.12118078607327996, 0.435482290274459, 2.6869932247611565, 1.3858522540296137, 0.05201390992138173
-0.3466487699159102, -0.12033198647232964, 0.43687821717942366, 2.686713596227125, 1.3871121910465505, 0.053035499776663615
-0.3458058267704375, -0.11954264831567508, 0.4381878633314609, 2.686815091362271, 1.3878771788027489, 0.05402975552613027
-0.344993102029409, -0.11874211227400186, 0.4394025360183631, 2.686973833740303, 1.3889456944071235, 0.05518569675589317
-0.34424437769030103, -0.11803441688500882, 0.44055575801134594, 2.686938435653086, 1.389940807400223, 0.055810099479980474
-0.34357074642475066, -0.11741359554758839, 0.44154333704405424, 2.6868134926300393, 1.390779594960541, 0.056822002771845834
-0.3429800814125309, -0.11682659902590466, 0.4424623522066634, 2.686942803940992, 1.3913983370723522, 0.057516708996992405
-0.34242047562735567, -0.1162974935044747, 0.44330107957811943, 2.6868349654624106, 1.3920318452840423, 0.058229632985943726
-0.34193462308818495, -0.11585033330357752, 0.4440696856980817, 2.6868078648408478, 1.3928213301865615, 0.058710811733058366
-0.34146809753208696, -0.11539048392522942, 0.4447461824206367, 2.68697061312007, 1.3932923665254764, 0.05931092634627384
-0.3410909218670877, -0.11503270875823543, 0.4453363437345406, 2.6869790830265936, 1.3936387336040303, 0.059865512863031795
-0.34077330328103506, -0.11471265068182572, 0.4458301986585388, 2.686966790786117, 1.3940524567748165, 0.06005111502453648
-0.340505194956214, -0.11448459578871571, 0.44624362585777544, 2.6868311393146773, 1.394382525336899, 0.06049818218536825
-0.34028449307503317, -0.1142871525327581, 0.44658902827311375, 2.686815951380594, 1.394575373456005, 0.060477004479375165
-0.34012476732335456, -0.11412693186405318, 0.446804480468611, 2.686992867669489, 1.3947131726711968, 0.06096920586622213
-0.34004334270005837, -0.11403485460417073, 0.4469574488782422, 2.686855226867228, 1.3948682125744982, 0.06102191854722329
-0.34001384789097, -0.11400239958908313, 0.447016999174204, 2.6870187779651915, 1.3948886389963862, 0.06080061498317607
-0.34000824335990176, -0.1139822668307683, 0.44702265490225446, 2.6870452173028343, 1.3948764593897969, 0.06090097870373106
-0.3400097027672043, -0.11399583146733333, 0.447012482633595, 2.6870053619623935, 1.3949123946122028, 0.06097786143146399
-0.3400081143934217, -0.11399350274936565, 0.44701252810132996, 2.6870300753640706, 1.394886600378626, 0.060943436319120164
-0.3399996726051091, -0.11397130667271518, 0.44702155059457377, 2.6870391194386958, 1.3948919692295902, 0.0609344730303548
-0.33999169331462475, -0.11399324185929476, 0.44701138442236166, 2.6869961856365623, 1.3949290414897486, 0.06096376209482009
-0.3400117176712133, -0.11398596268299664, 0.447005278160014, 2.687043891083684, 1.3948688078032627, 0.061011315356231666
-0.3399921697353339, -0.11398122680291635, 0.44700668481335926, 2.6870478256496098, 1.3948912451971474, 0.06103101577877788
-0.3399924732289994, -0.11398262923296211, 0.44700795186846987, 2.6870272582332952, 1.3949017019292471, 0.061013426457155996
-0.3400048281978982, -0.11398491533972947, 0.44702509120437955, 2.687031335096061, 1.3949082286212307, 0.06093684527948028
-0.33999842244824596, -0.11397045363469308, 0.4470149225952574, 2.687033506276532, 1.3949074450819468, 0.06096856093829261
-0.3400023666912311, -0.11397180460801705, 0.4470016518298142, 2.687037688994689, 1.3948255459524361, 0.06099547885566295
-0.33999471589019736, -0.11397403368570577, 0.44703174817345376, 2.6870599625327696, 1.3948232242379928, 0.06090621360964084
-0.3399960488980252, -0.11397500951990538, 0.4470090572771232, 2.6870421907455837, 1.3948694041792535, 0.060993416757694534
-0.33999528426620074, -0.11398595587116611, 0.4470109169994244, 2.687046221053533, 1.3949357189708282, 0.060954422591327745
-0.3399937722889416, -0.11395708938630006, 0.44702753430315345, 2.687063806945596, 1.3948437615071474, 0.060933455284089555
-0.33999937961074894, -0.11396098109291568, 0.4470316307300513, 2.68706940449077, 1.394828181661987, 0.06089791823293414
-0.3400032998525761, -0.11397243943096119, 0.447023787183766, 2.6870156911947896, 1.3948587062248101, 0.060938968122251934
-0.339998240194158, -0.11398028967153269, 0.44702863885027533, 2.6870368750848783, 1.3948928401802847, 0.06090204035668589
-0.3399942531616596, -0.11398140217564488, 0.4470173426854642, 2.6870221886514822, 1.394946771096126, 0.060899637561776694
-0.339998240194158, -0.11398028967153269, 0.44702863885027533, 2.6870111785041413, 1.3949409033798617, 0.06089893152992675
-0.340000931756012, -0.11397721228164504, 0.447005947874266, 2.6870528330999934, 1.3948749992044709, 0.060991313282932856
-0.3399966853007608, -0.11398193050178801, 0.4470213169063204, 2.6870782701901175, 1.394872145641129, 0.060938593749822335
-0.3400001120138453, -0.1139754047160781, 0.4470181226617518, 2.687057104054573, 1.3948819445066727, 0.06091684130759738
-0.3399943043442793, -0.11398625753883038, 0.4470174846753991, 2.6870173576631955, 1.3948594601683952, 0.060947230175801455
-0.3400001340814812, -0.11398435051240002, 0.44700681960710165, 2.6870388175171436, 1.3949512007423173, 0.06096923907461827
-0.3399996752466271, -0.11398523008544308, 0.44702796693534275, 2.6870419625375037, 1.3949143958050068, 0.060936883934347694
-0.3399933722370048, -0.11396807276998852, 0.44702655104345723, 2.6870411047568883, 1.3948552121263682, 0.060884138372843226
-0.3399949588484323, -0.11397182221432345, 0.4470200090958757, 2.6870327649760317, 1.3949298814361424, 0.06093167926823702
-0.3399985235153403, -0.1139693399050124, 0.4470088235657451, 2.6870626741210706, 1.3948807583380514, 0.060987193896982914
-0.34000503531879245, -0.11396886914714484, 0.44700693702641314, 2.687060927550071, 1.394880682933206, 0.060967188879772274
-0.3399920555256815, -0.11397215326930431, 0.4470369509646359, 2.6870655057665656, 1.3948077986146978, 0.060871409387359715
-0.34000040403555243, -0.11398183283624222, 0.4470070532948617, 2.6870432449905546, 1.3948913749784277, 0.0609744123772822
-0.33999849216200745, -0.11397429753137743, 0.4470263116554154, 2.68705835966427, 1.3948818761937092, 0.060934804466192025
-0.33999164111578783, -0.11396325090577063, 0.4470510970016358, 2.6870505474900406, 1.3949056106709727, 0.0608221180821325
-0.339996536376623, -0.11398302455626708, 0.44701701720474485, 2.6870250681098167, 1.3949462316515684, 0.06093478189482834
-0.339996474886666, -0.11395277187534236, 0.4470181235946488, 2.687091160036583, 1.3948170495599865, 0.06093136621950698
-0.3399893106706474, -0.1139764431214595, 0.44703596176393573, 2.6870313271123507, 1.3948499771642755, 0.06089036703953704
-0.3399972743704702, -0.1139582965176899, 0.4470367172520554, 2.687059680883012, 1.3948664897321708, 0.06085793806080853
-0.339992557796344, -0.11397256187962998, 0.44701315459490476, 2.6870491195268347, 1.3948538798850991, 0.06097653214752778
-0.33999307001732526, -0.11397046977459888, 0.4470156872912866, 2.6870385864112643, 1.3949142518428022, 0.06089755804499831
-0.33999735930946556, -0.11398094787546895, 0.44701421016653753, 2.687035496753611, 1.3948853103340642, 0.06101311037538185
-0.33999826241533976, -0.11398615635419014, 0.4468538093857056, 2.687005610114147, 1.3948885801499533, 0.060599316985509445
-0.3399984302639187, -0.11395840118203263, 0.4423045467206773, 2.6871744131677815, 1.3947612052903595, 0.060858409553631
-0.34002902226651194, -0.11397583860880925, 0.4374763636455209, 2.687244211653702, 1.3947354153795224, 0.060416744209547325
-0.34004310408659616, -0.1139785057435455, 0.43226850388601223, 2.6873388494135084, 1.3945828254451937, 0.06043826883896448
-0.3400678035858027, -0.11400162756934308, 0.42720118097140614, 2.6874940057932903, 1.3945262259509414, 0.06084771160711633
-0.3400923448458252, -0.11399277444607595, 0.42222447130929164, 2.687630537972819, 1.3943929853356796, 0.06103942377727009
-0.34012282505486924, -0.11400271259496246, 0.4172687472923573, 2.6877293651985217, 1.3942972749547566, 0.06096109942834954
-0.3401193093219919, -0.11401154020897852, 0.41223280941131624, 2.6878261512854604, 1.394319795966087, 0.06127870813788708
-0.3401181787376181, -0.11399783068133561, 0.40711583893230757, 2.687951862126382, 1.3942847493437134, 0.06175284047046864
-0.34013880145175746, -0.11399401786923283, 0.4022224511551076, 2.6881187267846767, 1.3941750328315807, 0.06152483494997702
-0.34011194784722576, -0.1139711697433118, 0.39738613984889715, 2.6880625332426478, 1.3942352807620575, 0.0609591371232223
-0.3400490219296016, -0.1139244279509721, 0.3924115428708063, 2.6881152750168265, 1.39424065790323, 0.060877035979753656
-0.34003148729137617, -0.11389905438035537, 0.3874393039629375, 2.6882087212505996, 1.3941663493705034, 0.06076123898325386
-0.34001139790290463, -0.11387131719530849, 0.38232236534938235, 2.688194565826611, 1.3943126813378084, 0.060722100871318324
-0.3400232526274146, -0.11386888620144626, 0.3774422080772183, 2.6883258076623835, 1.3943095726779018, 0.06048678132614226
-0.33999374240105584, -0.11384054407044877, 0.3724095904858459, 2.6884141324451742, 1.394259927262435, 0.06058814046487173
-0.3399764875635479, -0.11381669707530004, 0.36734241835508824, 2.6884442248417004, 1.394328908476351, 0.06091626329855374
-0.33997859617529025, -0.11381378891154281, 0.362468477584183, 2.6883326789848025, 1.3947049783144723, 0.060411420170721104
-0.3399731444784114, -0.11378891388267104, 0.35759204417596846, 2.688404695715825, 1.3946921491540218, 0.06016113612313199
-0.33993426252845227, -0.1137493588419603, 0.3526087135547157, 2.6885002935293145, 1.394712331591444, 0.06023390326861464
-0.3399251971289612, -0.11372396791293088, 0.3476176196083768, 2.6885029229148363, 1.39484256843313, 0.060375587481826
-0.3399099935153972, -0.11372395159975769, 0.34262345757056795, 2.6885061243177932, 1.3949606774402246, 0.060383914309864756
-0.3399693255306356, -0.11375329322463469, 0.3377589948448065, 2.688564467873947, 1.3950579097828404, 0.05989001109300886
-0.3399734876480271, -0.11372944222673592, 0.3325477407584717, 2.6886255056784973, 1.3951278536535927, 0.06008380662978991
-0.3399404912193748, -0.11369186304884242, 0.32754783217798156, 2.688800188359305, 1.3951318067718184, 0.060822573792883486
-0.3398948450004874, -0.11362764986118794, 0.3272393797982902, 2.68889542212324, 1.39494502034005, 0.06053068860078278
-0.33990243084895666, -0.11360249543926246, 0.32727244253085463, 2.688879686640599, 1.3948437138479117, 0.06036759615323865
-0.3399192909757453, -0.11359181370602274, 0.32726025948070264, 2.6889823997071685, 1.394708685200108, 0.06043768004698506
-0.3399220768282763, -0.1135961074716523, 0.32725512390659395, 2.6888988098005844, 1.3948098471066173, 0.060397980267063126
-0.3399267012533719, -0.1135828846233233, 0.32724743393920025, 2.688880314491126, 1.394877107629098, 0.060458140042988696
-0.33991397246685295, -0.11357398108537146, 0.32725279003779423, 2.688842826411106, 1.3949419906021134, 0.0604167773304313
-0.3399477281471917, -0.11356611461654521, 0.32520516678370864, 2.688916555540498, 1.3949280576363547, 0.060616809018725556
-0.3399885943544476, -0.11358417860360977, 0.32035686151228365, 2.6890192108597364, 1.3949343162234804, 0.06036680786000184
-0.34003459742457803, -0.11359638962826873, 0.3153665048693867, 2.6890096911911168, 1.3950664287549301, 0.06038187319626987
-0.34005871769582763, -0.11359976532918944, 0.3103112544735583, 2.6890882652383983, 1.3951916031572988, 0.060953959765854035
-0.34003912599717273, -0.11357014484517113, 0.30508404550842444, 2.689010037942016, 1.3955709001991021, 0.060950682536454595
-0.3400106808533349, -0.11351705522458316, 0.30003313042785607, 2.6890880119241287, 1.3956337764317395, 0.061213104923650896
-0.340051578610136, -0.11355093851954345, 0.29516625152925613, 2.6890765106720056, 1.3957982146090986, 0.06076426456560305
-0.3400691516185694, -0.1135494472790759, 0.29030150318700104, 2.689187828639018, 1.3957166462908268, 0.06039757531709178
-0.34002976891697867, -0.11348528240175396, 0.28527335931279874, 2.689235850887966, 1.3958630693160667, 0.06039922033375279
-0.34003177157402004, -0.11346009700531123, 0.28024097732819475, 2.689432023515639, 1.395795632254136, 0.0608514719762872
-0.3400312845475793, -0.11344384307712825, 0.27534049534418636, 2.6894571090769266, 1.39591617115658, 0.06048823956362224
-0.3400459939003183, -0.11342415013660281, 0.2703399536422292, 2.6896952508212015, 1.3956848728843223, 0.06064487334215048
-0.34005858008269396, -0.11340853994317428, 0.2652273281010798, 2.6898858760210893, 1.395589181280958, 0.06048773384991437
-0.3400547319483616, -0.11337025925348812, 0.26017573479339706, 2.690093103969525, 1.395439366975884, 0.06074636303285894
-0.34003572984421154, -0.11333299186945403, 0.25605563979866414, 2.6901280038403974, 1.395568897934647, 0.06075847152911206
-0.340014198438533, -0.11329024711510033, 0.2559980259356985, 2.690264350625013, 1.3953692128940232, 0.06081181561559855
-0.34002249214389213, -0.11325949981131835, 0.2559909146346307, 2.690278598330038, 1.3952690689291054, 0.06087927925020159
-0.34003272871693596, -0.11324254434882729, 0.2559983902213334, 2.6903218810330243, 1.3951505879288975, 0.06082512336468245
-0.34004074802743034, -0.1132170691684183, 0.25597890096517134, 2.6905324894962597, 1.3948885975554162, 0.06089483622338159
-0.3400388047590614, -0.1132219408681702, 0.25597271227309165, 2.6905011851823653, 1.3949300589939015, 0.060949687046705746
-0.3400505615785913, -0.11320126714539355, 0.2559741489527352, 2.6904199124952375, 1.3950514096662878, 0.06093154951069312
-0.34004354503701545, -0.11319875887861651, 0.25600015991404845, 2.6904836838256085, 1.3948659438218507, 0.060839066542027115
-0.34005255309730414, -0.11320503535941608, 0.25600406911768336, 2.6905163369844125, 1.3948021375718724, 0.060823709683877285
-0.34004828315295765, -0.11317072848739741, 0.25599268548513743, 2.6905389433402918, 1.3947893111737262, 0.06088311537658838
-0.3400551335687379, -0.11316156194462468, 0.25599721769798756, 2.690607149374639, 1.3946239321338334, 0.06081733801264693
-0.3400720730859611, -0.11315093701097323, 0.2559985989229677, 2.690526855446799, 1.394825989544995, 0.06082906405429832
-0.34006852503203755, -0.11313970066226305, 0.2559952310730316, 2.690612347813836, 1.3946433488666907, 0.060874050634027725
-0.34006974853432587, -0.11311924263541792, 0.2559906870902037, 2.690748262585977, 1.394408253667366, 0.060861114670202845
-0.34007282535648825, -0.11310990360882035, 0.25600027427032723, 2.6906612341464835, 1.3944873087585765, 0.0608199074758189
-0.34008259319074435, -0.113075356501772, 0.25600425346276223, 2.6906841771457297, 1.3944597528463398, 0.06078584225080761
-0.34010246884335277, -0.1130553762207305, 0.25599016423753274, 2.6908391645470617, 1.39423545740933, 0.0607453990763533
-0.3401300236540554, -0.11302300403639819, 0.25167769252800654, 2.6910332646292945, 1.393978653405819, 0.06062901400003866
-0.3402077284614857, -0.11305359137694986, 0.24680183368701566, 2.6911675154215695, 1.3939518229009669, 0.060344242996409475
-0.3402429523232192, -0.1130428782946568, 0.2419336888872632, 2.6911336381409043, 1.3942410741858735, 0.05983439893512894
-0.3401941377313777, -0.11297937292948725, 0.2368444666421049, 2.6913214186258934, 1.3941184991535054, 0.060240721873214054
-0.34016126258368234, -0.11292251639938213, 0.23164420826216764, 2.691487274474912, 1.394097450478128, 0.06043825344824391
-0.3401561880566715, -0.11288680193031432, 0.22666890806320128, 2.691663782298936, 1.3940124443600053, 0.060551509235557216
-0.3401883913162458, -0.11288931659295327, 0.22168019172639583, 2.6917622409002697, 1.3941330973942776, 0.0606550351374234
-0.3402099539646379, -0.11288654018767152, 0.21680400532148442, 2.691840012882724, 1.3941743779620543, 0.06026248114850179
-0.34023359072801473, -0.11286874800577539, 0.21189349325479254, 2.6918766508756344, 1.3943477814837066, 0.06005354413337529
-0.34024079926710127, -0.11284030035343832, 0.20688335526823304, 2.691925745194171, 1.394512737115201, 0.06007865363797146
-0.34018273237990393, -0.11274661533186185, 0.20181436519321075, 2.6922426605602663, 1.3943562605926236, 0.06069020695292153
-0.3401652741776671, -0.11272415740731377, 0.19895052917652506, 2.6921805715360603, 1.3946063487602947, 0.060632165870685206
-0.3401579170618689, -0.11269907840177423, 0.1989437043829167, 2.692096114467055, 1.3947798392202118, 0.06075801085178333
-0.34016846054577193, -0.11269640378608123, 0.19892655590109087, 2.6920815229034742, 1.3948109684621004, 0.0607878615202466
-0.34017401553057564, -0.11268401141704813, 0.19893965337760797, 2.6920861871690103, 1.3948169288200583, 0.06072572367154108
-0.34018035753066295, -0.1126671242892467, 0.19895108317801263, 2.6921304048994488, 1.3947435133013617, 0.060630243251223244
-0.340181099856661, -0.1126248813310807, 0.1989357905996602, 2.692142036510652, 1.394679678148294, 0.06074604418799722
-0.34020010274805484, -0.11263808441289215, 0.1989425807334022, 2.6920778772458522, 1.3947926218177917, 0.060684111091784385
-0.3401843317322611, -0.11261335223204508, 0.19894110035676932, 2.692169968894595, 1.3945941457590072, 0.06071115257404901
-0.3401959239781611, -0.11261276733629119, 0.19894933780525687, 2.6921497140994606, 1.3947068726388843, 0.06069689367964985
-0.34019994945089166, -0.11261054011726632, 0.1989354479884744, 2.692125441478818, 1.3947545490511473, 0.06070979430762462
-0.3402129494728054, -0.11261320446137968, 0.19896082952026373, 2.692212116558914, 1.3944987235247581, 0.06061796815463956
-0.34020343698603206, -0.11259031285839821, 0.19894385764510802, 2.6922362102004875, 1.394486453255662, 0.060683859978953716
-0.34019943228271327, -0.11257746618305478, 0.19892760593980197, 2.692208843149956, 1.3945483165459263, 0.06076599889329957
-0.34020947667081497, -0.11256060275354716, 0.1989337492142843, 2.692184789571106, 1.3945583351478945, 0.060721136311872
-0.34024348258445986, -0.11257102266620031, 0.19691083971212492, 2.692226214935871, 1.3945804386879292, 0.060586584806843286
-0.3403180754971739, -0.11258327341776826, 0.191875519053321, 2.6923110620601105, 1.3946334287726427, 0.060149601977296976
-0.34035474285018313, -0.11257239425628605, 0.1868956710731669, 2.69262177248046, 1.3944758050677732, 0.06017221217595877
-0.3403256300822983, -0.11250639300200063, 0.18188316955511977, 2.692757959924793, 1.394443015710685, 0.06037421511223654
-0.3402938740684003, -0.11241219262356829, 0.17687753912358084, 2.692905809279365, 1.3945063346290254, 0.060480932441474504
-0.34026847669210963, -0.11238993267378015, 0.17189384039165662, 2.693032166242307, 1.3945653850706723, 0.06054540840969455
-0.3402609561337769, -0.11234244513364879, 0.1669533030936277, 2.6932134341455964, 1.3945450423160421, 0.06041865162907158
-0.34027964578866143, -0.11235191827360881, 0.16276242909694236, 2.6932711038706945, 1.39454074362865, 0.05991525750725468
-0.340307058543071, -0.11233300767500679, 0.1626779380171019, 2.6932246923022696, 1.3946642361420145, 0.059783625611001666
-0.34030079317326006, -0.1123299238238163, 0.1626755127615775, 2.693195524277183, 1.3947050248710269, 0.05987250628987685
-0.34031321003092335, -0.11231350936833875, 0.16267297025610175, 2.693142353924791, 1.3948003300831395, 0.05985668690701088
-0.34031982708156044, -0.112263113800209, 0.16266208670210075, 2.6933191720762135, 1.3944888382149085, 0.0600877065672038
-0.340323900171345, -0.1122234606212482, 0.1626515507292846, 2.693230135134135, 1.3947067825440218, 0.06011004336220899
-0.34034653206605664, -0.11221259414250805, 0.1626733640792561, 2.6932931018600743, 1.3944826635255883, 0.05993625305663949
-0.34032800652540535, -0.11221251563816545, 0.16263713077536962, 2.6933417727970603, 1.3944885576305321, 0.06026337965658016
-0.34034738802978604, -0.11220079626797462, 0.16267587040297138, 2.6934301147001984, 1.3941947369121823, 0.06013120708810656
-0.34036194597164704, -0.11219581147599321, 0.16268320139174228, 2.693448798244559, 1.394222625246326, 0.05983141616088448
-0.3403397229062135, -0.11218432763015648, 0.16264458946484658, 2.6933948829195455, 1.3943980096372908, 0.060180938778572377
-0.34035317686192196, -0.11216861178226867, 0.1626482750455306, 2.693319991641104, 1.3945268899567564, 0.060109590189296055
-0.3403520852915334, -0.11215752418803672, 0.16267028499379618, 2.693212189025137, 1.3946028925808587, 0.059942866970985706
-0.3403568550484933, -0.11212805924091349, 0.16265402702810638, 2.6932403116768864, 1.3946098969587133, 0.0600347796257742
-0.3403583163464514, -0.11209153900216784, 0.16264842995836337, 2.6932574257626265, 1.3945450963176764, 0.06022500805338373
-0.3403559469460095, -0.11206991868541251, 0.16263313020159803, 2.6931991573525305, 1.3946698038462566, 0.06035364954099088
-0.34036831111982047, -0.1120572626523625, 0.1626262211305292, 2.6932011705143273, 1.3946903517864588, 0.060361457075982276
-0.34037871416688237, -0.11205213666135105, 0.16265512478993, 2.6933488487154675, 1.3944469697171327, 0.06026062423940537
-0.34037118554886964, -0.11204181267673868, 0.16263307653534242, 2.693347780489436, 1.3944608494853532, 0.06034848089684263
-0.34038124403242664, -0.1120362310782949, 0.16265306512874936, 2.6932906504825715, 1.3944992217298158, 0.06023400482379035
-0.34037618611245846, -0.11199488510027167, 0.162633827468992, 2.6934153711514974, 1.3942128113211945, 0.060275088998144724
-0.3403932267339716, -0.11197570998485112, 0.1626382513428365, 2.693413135799334, 1.3943368144364543, 0.06023155142575108
-0.3403921356541304, -0.1119496379412118, 0.16262426384147133, 2.6934775556271093, 1.394118882033139, 0.06031191022091718
-0.34042056069127863, -0.1119458011412313, 0.16264738547121527, 2.693589486687446, 1.3939753930779126, 0.06027181928942576
-0.34042587343160924, -0.11190058498170749, 0.16264763813119804, 2.6935436461175293, 1.3940174892404307, 0.060178461251651896
-0.3404252803789096, -0.11186632130666253, 0.16263527249521045, 2.6936061667588085, 1.393880231977927, 0.06026467575592983
-0.34043822883620617, -0.11184907429690844, 0.1626326178825271, 2.693648984364375, 1.3938209172006184, 0.06025676738205295
-0.3404548798852277, -0.11182406803178553, 0.1626326643476786, 2.6936929252552413, 1.3936570451430386, 0.06027403481273035
-0.34044031985277007, -0.11181274939020812, 0.16262769582474357, 2.693712064767329, 1.3936469386703334, 0.060273398661142764
-0.3404402638835345, -0.11181537979971634, 0.16263802929831672, 2.6937017131702086, 1.3937083099789425, 0.060195958843000226
-0.3404578716340543, -0.1117949447057101, 0.16264029171692612, 2.6937492318591274, 1.393566275796013, 0.06023025558153334
-0.3404553218229382, -0.11178696341936536, 0.16263433049339243, 2.693766597912295, 1.3935561640352512, 0.060209681221964836
-0.340445237789749, -0.11176992365050537, 0.16262267673902434, 2.693805909620567, 1.393490160091571, 0.060281160020948105
-0.340470857383388, -0.11173516787998891, 0.1626318976144202, 2.6938970211967996, 1.3933557954677291, 0.06023081593839145
-0.34049883670477293, -0.1116869257302098, 0.1626458220381896, 2.693968312614036, 1.393150245668525, 0.06016472776179398
-0.34048703164945787, -0.11167753123286234, 0.16261928943878062, 2.6939966117727216, 1.3931378085451451, 0.06027183448228449
-0.3405091709695825, -0.11162893534189133, 0.16263162533832204, 2.6940632778585236, 1.3929696265980498, 0.06022136799336866
-0.3405036193014142, -0.11160504956689929, 0.1626273039264285, 2.6941301080286713, 1.3928406139769012, 0.060221350944718935
-0.340519944571069, -0.1115852154567281, 0.16263744398601546, 2.6941636481125824, 1.3927970269138947, 0.06021129689241505
-0.3405163163586909, -0.11159384743788013, 0.16262168469827865, 2.6941416406146894, 1.3928225310933693, 0.06026977285533061
-0.3405275736854311, -0.11158164688778129, 0.16265490381800007, 2.6941889226694054, 1.3927120226479321, 0.06014205714179386
-0.34053235447955965, -0.11157494287770642, 0.1626423899031269, 2.694180021193071, 1.392727706870304, 0.06013705448215513
-0.3405339257337237, -0.11157485694730837, 0.1626488612249039, 2.6942073607416113, 1.3927013628787566, 0.060136394704661325
-0.3405356858484794, -0.11154976592169999, 0.1626314014666105, 2.6942733908543794, 1.392608292105458, 0.06020263858299994
-0.34054653675706437, -0.11154849035809217, 0.16264791917547888, 2.6942447133871927, 1.3926203471920346, 0.06009225626370393
-0.34054952150000717, -0.11154052511512998, 0.162658594540585, 2.6942592844678215, 1.3925880858526298, 0.060071639744057534
-0.3405433664696079, -0.11152628314146995, 0.16264190618126445, 2.6942972696544514, 1.3925226810775004, 0.06012584767301233
-0.3405505448901883, -0.11151125933117927, 0.1626443245283812, 2.694331143886269, 1.3924573619993104, 0.060139528928608244
-0.34054590932246287, -0.11149419130091369, 0.1626236568571148, 2.694351307690941, 1.3924014658748889, 0.06021066539614866
-0.3405610994269592, -0.11149207986939841, 0.16264494032787824, 2.694323005642324, 1.3923908070619913, 0.060137182872978555
-0.3405590240218565, -0.1114696031042462, 0.16262785863445386, 2.6944302820599186, 1.3923212925016462, 0.06018093705248003
-0.3405657038672913, -0.11145042572991408, 0.16264887346373924, 2.694444325969094, 1.3922524218212189, 0.060087183118882
-0.34057217229042935, -0.11144111120183312, 0.1626327830731643, 2.6944600489533412, 1.3922113246171883, 0.06021128941322943
-0.3405714458937407, -0.11139933262501747, 0.1626217201902919, 2.6945531534969263, 1.3920551220841912, 0.060203715523870674
-0.34059200379217724, -0.11137478404435308, 0.16263560683210385, 2.694590317392689, 1.3919514707927867, 0.06019622573567307
-0.34059610666480583, -0.11135994803615064, 0.1626356643902719, 2.6946062324225406, 1.3918602389409251, 0.060142842924519886
-0.34060646626060603, -0.11134569160930981, 0.16264664552727312, 2.694643613305352, 1.3918017039901158, 0.060063994456463786
-0.34060964066047794, -0.11133286446102039, 0.16264554099294742, 2.694678070840276, 1.3917364273943365, 0.06007999107624959
-0.3406276325995323, -0.11132412581780832, 0.1626614136100081, 2.6947179815814573, 1.3916777904374207, 0.060038581209911616
-0.34062522067416184, -0.11129007747147981, 0.16263591793390736, 2.694786847173165, 1.3916062979667843, 0.06011718264640659
-0.3406303964167493, -0.11125482460304259, 0.1626395852190159, 2.694840034809394, 1.3914710964380532, 0.06009361795554354
-0.340634760837318, -0.11123393047111431, 0.16263736956130204, 2.6948690074232204, 1.3913842936625496, 0.060072620659625944
-0.3406319340587195, -0.11122826965081406, 0.1626226268888865, 2.6948867049896648, 1.3913434394311606, 0.060219037265817114
-0.3406482084152789, -0.11121448935482592, 0.16264018087145635, 2.694917146175409, 1.3912647437420596, 0.06008799257810208
-0.3406533169274027, -0.11118655734165733, 0.1626354416030163, 2.694961429248862, 1.3912039396734834, 0.06009640828892043
-0.34066949137240454, -0.11115893697212109, 0.16264356882637698, 2.6950314633059045, 1.3910364932861936, 0.06007485128996932
-0.34067464785395896, -0.1111174980496408, 0.1626398090913122, 2.6950790567232152, 1.3909386699583353, 0.06006190104212564
-0.3406776593355043, -0.11109099277001018, 0.16262725029831607, 2.6951800644594206, 1.3908257019696453, 0.060090731327031875
-0.3406923226653507, -0.11108727426209748, 0.16264216603060974, 2.6951710509766262, 1.3908046750110197, 0.06001551717451598
-0.3407039598661922, -0.11106650726073439, 0.16264296072960288, 2.6952220220864365, 1.3906842556999282, 0.06006644397153587
-0.3406983746097125, -0.11103765340465278, 0.1626215727568394, 2.695268912910787, 1.3906017398096795, 0.0601343848992391
-0.3406959217118629, -0.11100712289585078, 0.16262394636254707, 2.695290017197999, 1.3905305920766349, 0.06012771689950455
-0.34070986096005623, -0.1109867613459633, 0.16263184043495693, 2.6953329618503914, 1.3904346862679862, 0.060049206526429096
-0.3407309342310969, -0.11096251088112255, 0.1626363634613986, 2.6954045323390603, 1.390266885165795, 0.060044857076666465
-0.3407276454328518, -0.11094282963822258, 0.1626351605532711, 2.69543293634202, 1.3902615938137914, 0.06003641393058606
-0.3407365951991852, -0.11093020829671667, 0.1626355535449563, 2.6954635597524566, 1.3901747189091407, 0.06003611126229539
-0.3407380442152014, -0.1109173696252748, 0.16262294417044137, 2.695499147129651, 1.3900870730492574, 0.06009089956094627
-0.3407477647957952, -0.11090647343022794, 0.1626405145515726, 2.695461952521041, 1.390092455889887, 0.060013682802794274
-0.3407559341426954, -0.11086580738687583, 0.16263991337085212, 2.6955586002055014, 1.389920680898632, 0.05995053537927393
-0.3407737945512866, -0.11084225105620152, 0.16265383499099337, 2.695675041886961, 1.3898200200147934, 0.05991868953808959
-0.34078386837169317, -0.11082272752522475, 0.16263874254820518, 2.6957056580305485, 1.3896880250251067, 0.059974096010769216
-0.34078169883323145, -0.11080771268152902, 0.16264520630975332, 2.6957516844784903, 1.3896732045169107, 0.05994768936489873
-0.34077634252860783, -0.11079017098039509, 0.16262846559366065, 2.695753362886753, 1.3896497803960761, 0.05999958491418635
-0.3407773362317837, -0.11079466686048745, 0.16263068231897812, 2.695739900910813, 1.3897034835567679, 0.06001465888098951
-0.34078851233957447, -0.11078598013601863, 0.1626308483427198, 2.6957508891238975, 1.3896048553070146, 0.06003581758214465
-0.3407909636296963, -0.11078144354925208, 0.16265692659813938, 2.6956783534757762, 1.3897421007097348, 0.05984295622381658
-0.3407860871536371, -0.1107668784936074, 0.16263079312894918, 2.695675975205104, 1.3897920855855794, 0.05999684789350256
-0.34078769092314404, -0.11076419879560538, 0.16263200954437323, 2.69567211195397, 1.3897705641870988, 0.05997982393522984
-0.34079660317691723, -0.1107565296070138, 0.16264963291661105, 2.6956798590369857, 1.3897174716430563, 0.059905891649525124
-0.340811679806434, -0.11071459627432073, 0.16264531712023303, 2.6957666779198455, 1.3895982989139652, 0.05990813514742157
-0.34081656836243346, -0.11068177494705933, 0.16264876265312422, 2.6957813989841957, 1.389586992899712, 0.0598757715333115
-0.3408203326277665, -0.11068676458262272, 0.16264006892936067, 2.6957137717461785, 1.3896707746640078, 0.05992792632769355
-0.34082025831291285, -0.11067289615889224, 0.1626355535449563, 2.6957121533399127, 1.3896479951350762, 0.059943224819496585
-0.34081568626809994, -0.1106647993105783, 0.16263301935639093, 2.6957400651389567, 1.3895990567310497, 0.05998016807467269
-0.3408256477850229, -0.11065661191871644, 0.16264091360138408, 2.695750260211562, 1.389567621895707, 0.059903618174965395
-0.34082839219293054, -0.1106473012702379, 0.16265025510381112, 2.6957682917932946, 1.3895568119933472, 0.0598991281983915
-0.3408391189985531, -0.11061706359638283, 0.16263676888790957, 2.6958227724549686, 1.3893989387027135, 0.059914307991965524
-0.34084663665237147, -0.11060240238722975, 0.1626280210718793, 2.6958966053775457, 1.3893572017911608, 0.059886618083821404
-0.3408566945614667, -0.1105904590153311, 0.16263508661666942, 2.695893098885446, 1.3893342704266465, 0.05988127393207138
-0.34084796109568105, -0.11058447759118581, 0.16261851760160284, 2.6959103194228073, 1.3893161721656682, 0.05999040696792481
-0.3408626911246774, -0.1105522382840942, 0.16264267606779498, 2.6959760648196434, 1.389216435028319, 0.05983326866523807
-0.34087641584208955, -0.11053406303186121, 0.16264670269921255, 2.6960038558022985, 1.389107356699898, 0.05983154032144933
-0.3408782240855907, -0.11050543210719206, 0.16263377560495373, 2.6960866456584562, 1.3889598063886517, 0.05993639228790934
-0.3408803138414959, -0.11050416313932358, 0.16264128538128797, 2.696051056551879, 1.3889654509339109, 0.059865382242479385
-0.34090511710559684, -0.11047254779747405, 0.16265738060449692, 2.6961015911163866, 1.3888302010617, 0.05981992216599606
-0.3408943253105106, -0.11043645883323328, 0.1626318976144202, 2.6962141589227904, 1.3887002465096994, 0.05988495539884922
-0.34091474848276515, -0.11041175613255128, 0.1626457100958879, 2.6962385877317048, 1.3886136375286149, 0.05982178547832922
-0.3409308172703563, -0.11039909681495526, 0.16264388886793943, 2.6962813386053592, 1.3885095916960721, 0.059874036194449726
