0.1531817428444019, -0.2883826894911567, 0.5855394229330927, 1.1572051769829343, 0.9447259375214921, 0.1715669795330443
0.15317447217105265, -0.28839710371252536, 0.5855244534355244, 1.157215738523304, 0.9447102723669647, 0.1714897145264713
0.1531776715599339, -0.28838528563552, 0.5855401001849357, 1.1571639499245594, 0.9446995790296449, 0.1715238844693837
0.1531803280682439, -0.28837886779072275, 0.5855470187115195, 1.157160367426071, 0.944723263609037, 0.17157884395906334
0.153173567596801, -0.2883742471291506, 0.585528034917854, 1.1571929483755259, 0.94470384312966, 0.17159729852351
0.1531704523115442, -0.28838269342002226, 0.5855382471942249, 1.1572076970360132, 0.9447037483031252, 0.1715484785226134
0.1531727724174907, -0.28838208132171783, 0.5855327169462784, 1.1572101854658414, 0.944720139985805, 0.17157470517859488
0.15318060682164455, -0.28838039770390195, 0.585541222968098, 1.1571813957184756, 0.9447173678973003, 0.17157826232505338
0.15317854641275408, -0.28838601350075627, 0.5855338495093447, 1.1572078180489391, 0.9447397107623958, 0.17151817707091674
0.15317972359436804, -0.28838311657097954, 0.5855301191809548, 1.1572042105783842, 0.9447271327807331, 0.1715846370132234
0.1531851384207895, -0.2883878487253007, 0.5855356147269508, 1.1571869210500707, 0.9447112549218271, 0.17158687464431177
0.1531939696721837, -0.28839917602471227, 0.5855163595274747, 1.1572188115610897, 0.944765045822398, 0.17156043025168896
0.15317040101319687, -0.2883874548169076, 0.5855309875830738, 1.1572068694979405, 0.9447029649465469, 0.17152907878740928
0.15318068837107626, -0.28837564641308605, 0.5855391500056454, 1.1571763042790115, 0.9447247739653559, 0.17158783532419564
0.15318466650076565, -0.28839853298725565, 0.5855246241886481, 1.1572511134647547, 0.9447079186399557, 0.17157296557897728
0.15317689942305646, -0.2883930799805132, 0.5855207545710794, 1.1572337189681146, 0.9447274304107703, 0.17152534764613522
0.15318111703038712, -0.28838696423112925, 0.585537431825172, 1.1571903042924854, 0.9447246346319919, 0.17153892815927177
0.15318679951931474, -0.28838097935202167, 0.5855441249228421, 1.1571553168006568, 0.9447298866064596, 0.17156960380008202
0.15316890449065373, -0.2883789937568032, 0.5855513442817142, 1.157178574199791, 0.9446634726235926, 0.1715454806444226
0.15317586254571988, -0.2883788815232505, 0.585539121178966, 1.1572115001559684, 0.9446822869454693, 0.17158939093074047
0.15316923983088748, -0.2883816642751021, 0.5855401175640966, 1.1571689606550108, 0.9446562342358724, 0.1715637917760207
0.15316954012503098, -0.28838190546387793, 0.5855391355210678, 1.1571989017913975, 0.9446957106283111, 0.17154962482296962
0.15318251577667766, -0.28838555625018814, 0.5855327988028787, 1.1571840259568678, 0.9447327736235613, 0.17156650479777424
0.15317205668422929, -0.2883804242578317, 0.5855496581529825, 1.1571574203999977, 0.9446693160278203, 0.17154593243828092
0.1531885762609676, -0.2883860225956262, 0.5855356147269508, 1.1571638701437241, 0.9447386438517464, 0.1715674507931093
0.15317573726805922, -0.2883921439386481, 0.5855506998787527, 1.1571893966405775, 0.944686967113668, 0.1715316774978885
0.15318559441266075, -0.2883908426189196, 0.5855291385054022, 1.1571931984863824, 0.9447392740573014, 0.1715279473093968
0.15318947765496216, -0.2883920092535318, 0.5855273240737003, 1.1572410571232623, 0.9447203424981282, 0.1715560449422985
0.1531691725045331, -0.2883717775039089, 0.5855409239342655, 1.157146270017421, 0.944684241773823, 0.17156429189667854
0.1531851384207895, -0.2883878487253007, 0.5855356147269508, 1.1571810850115005, 0.9447179848336543, 0.17157725887689265
0.15317742006645452, -0.28838877724221573, 0.5855382685617028, 1.1571546876674523, 0.9446915901891886, 0.1715238120433035
0.153181754938274, -0.28837919391956096, 0.5855374206070245, 1.1571733989946626, 0.9447079333686533, 0.1715614407464134
0.15317113431979967, -0.2883868136185266, 0.5855410172985325, 1.1571658658539985, 0.9446786327028023, 0.17154270623927645
0.15318360439627943, -0.288380835395334, 0.5855503210417987, 1.1571561748096084, 0.9446921833967614, 0.17156389763022245
0.15316717950479194, -0.28838208000254545, 0.5855448082406156, 1.1571506545639787, 0.9446778208697606, 0.17155291145231166
0.1531834026974526, -0.2883827884081521, 0.5855245457573168, 1.1571843269676498, 0.944768495451349, 0.17153583469783318
0.15318816162161897, -0.2883895974620196, 0.5855395069528385, 1.1571640469743394, 0.9446995370467332, 0.17154303952019098
0.15317905881012464, -0.2883755574927224, 0.5855446945619127, 1.1571618209710057, 0.9447227575315438, 0.17156069048703912
0.15317397845544833, -0.28837727838905847, 0.5855549099723341, 1.157187949692316, 0.9446731165412751, 0.1715822096213054
0.1531811167260232, -0.28839216398100714, 0.5855253676513655, 1.1572527738609135, 0.9447049313151039, 0.1715189527419314
0.15318568322157464, -0.2883839252984838, 0.5855383002066936, 1.1571945038420535, 0.9447019539615852, 0.1715608730321074
0.1531905064397051, -0.2883977126460067, 0.5855236925015617, 1.1572201653468073, 0.9447617968387766, 0.1714872778861683
0.1531766608866073, -0.28837570019441694, 0.5855505895836867, 1.1571132223089682, 0.9447045453916222, 0.1715640273191402
0.1531888919239512, -0.28839626637114446, 0.5855057535974222, 1.1572556050578287, 0.9447579836842994, 0.17151345552815836
0.1531785928940662, -0.28838608147426165, 0.58553920300477, 1.157190457263457, 0.9446873728841236, 0.17155176646910858
0.1531851384207895, -0.2883878487253007, 0.5855356147269508, 1.1571752489453608, 0.9447247147188994, 0.1715676431084875
0.15317137406910047, -0.2883918083486181, 0.5855327844634309, 1.157212399146664, 0.9446970552438241, 0.17153799896487154
0.15316978929041516, -0.28839522704730003, 0.5855263281527056, 1.1572296702337979, 0.9447128624911624, 0.17151635261043136
0.1531687784444174, -0.288387358877683, 0.5855365322959649, 1.1572041142827079, 0.9446874294526758, 0.17152144658919236
0.15318672667763505, -0.2883931263156435, 0.5855320004025037, 1.1572170045674492, 0.9447480130164899, 0.17151685318944468
0.1531742309768082, -0.2883956058465943, 0.5855300268464723, 1.157218522665466, 0.9446894342265052, 0.17152890122699538
0.15318627101377902, -0.28839512310568416, 0.58552640979908, 1.1572103841497359, 0.9447191534581707, 0.17155584599515136
0.15318087243781991, -0.28839044888416865, 0.5855356003867926, 1.157210394866789, 0.9446828015284096, 0.17158740842742437
0.15317905968554804, -0.28838387657749925, 0.5855401290143788, 1.1571635925976316, 0.9447010822825266, 0.1715611764376663
0.15319451729421896, -0.2883985961390962, 0.5855265371912284, 1.1572109154046837, 0.9447553744226845, 0.1715255164109539
0.15317653129709047, -0.28839498479426745, 0.5855291673271438, 1.1572093367704053, 0.9447192995338806, 0.17153600782148026
0.15317347143713914, -0.28838424598975865, 0.58554206250363, 1.1571963936551812, 0.9446787196966322, 0.17152445227661445
0.1531857461633192, -0.2883909385391164, 0.5855189689040134, 1.157234375151918, 0.9447648638643129, 0.17153285151796346
0.15320219974817106, -0.28841846414923117, 0.5854775369420645, 1.157377353618933, 0.9448354234367501, 0.17152574188093206
0.15320438692369637, -0.28841464437597397, 0.5854700069118662, 1.1573818527673547, 0.9448483801857861, 0.17149764105576815
0.15320096233508376, -0.28841996822494104, 0.5854673377238504, 1.157395537982545, 0.944886436516439, 0.1714548918797516
0.15319832262014452, -0.2884155106381241, 0.5854679454650505, 1.1573460581998465, 0.9447784763773112, 0.1714954450924081
0.15319500634297345, -0.28841008667939516, 0.5855006545683364, 1.1572778695787174, 0.9447668210170788, 0.1715003306024773
0.1531989192912754, -0.2884112625437415, 0.5854895073673866, 1.1573139726336945, 0.9447612419525012, 0.17150898399844908
0.15320539230747576, -0.28842167178572087, 0.5854718001538083, 1.1573226322614987, 0.9448054922319963, 0.1714567761377122
0.15319891134999508, -0.2884060556134843, 0.5855015807083394, 1.1572397422943184, 0.9447943258386384, 0.17150974228956395
0.1531934129725271, -0.2884082982002025, 0.5855062713655519, 1.1572385351161627, 0.9447953863750401, 0.17150848051190512
0.15320310160918543, -0.28840705864540617, 0.5854940421605225, 1.157260261194472, 0.944827193624802, 0.1715336159943746
0.15319224403298193, -0.2883926540986621, 0.5855066627441471, 1.1572015768971766, 0.944749742504387, 0.1715820963155098
0.15318675685227207, -0.28839812662501607, 0.5855106009460881, 1.1572224144396825, 0.9447403359522585, 0.17150632323677484
0.15318253685267952, -0.2883978927760644, 0.5854825154540728, 1.157298444314874, 0.9447623417819057, 0.17153688318194613
0.1531839990726515, -0.28839925081951023, 0.5855152771313802, 1.1572277195751728, 0.9447341456559517, 0.17151531297922384
0.15304155472987052, -0.2882730516199124, 0.5857248338968518, 1.1566936374850094, 0.944141966047759, 0.17156456875933943
0.1530637966267815, -0.2882978596050278, 0.585751348220561, 1.1568177744342363, 0.9443469546492602, 0.17154776534053273
0.1531411026609471, -0.2883560001128152, 0.5856014788322208, 1.1570860757018786, 0.944606163872986, 0.17157399419304312
0.15316249416443772, -0.2883672250050209, 0.58553044434461, 1.1571967613286527, 0.9447174650302299, 0.17154962084398023
0.1531458993759567, -0.288368775777679, 0.5855445041682341, 1.1572073144928043, 0.9446654168080533, 0.17152369934293926
0.15313754167841193, -0.2883602265992887, 0.5855526175506306, 1.1571305323019225, 0.9446448946486419, 0.17151066866949685
0.15315243709887666, -0.28836703886256365, 0.5855435846065385, 1.1571778334389997, 0.9446645788048835, 0.171562995530431
0.15315430022489962, -0.28836364234207784, 0.5855445329984751, 1.1571664761407536, 0.944715251076946, 0.171532143950159
0.15314609529007978, -0.28836676612394346, 0.5855509315197032, 1.157196353493654, 0.9446412413547589, 0.17151786288663845
0.15315360961122318, -0.28836434336211036, 0.5855445186555419, 1.1572018148592809, 0.9446739554930571, 0.1715715257059441
0.15316152483305384, -0.2883663961454589, 0.5855362257609419, 1.1572110722505267, 0.9446820649664763, 0.17158958419738743
0.15316112544075328, -0.2883564746012084, 0.5855611956852569, 1.1571533092775348, 0.9446778067088372, 0.1715945306784874
0.1531454648415772, -0.2883657841613822, 0.5855416566171098, 1.1571656169602325, 0.94467785955124, 0.17152434751399034
0.15313661745611773, -0.28836293373904376, 0.5855555083950703, 1.157165302299772, 0.9446412672013944, 0.17153677822752517
0.15314654795342753, -0.28836319488345874, 0.5855377064041841, 1.1571960341922194, 0.9446803164289388, 0.17154215140984602
0.1531507251481587, -0.28836554109108625, 0.5855445329984751, 1.1571779549746906, 0.944701173922135, 0.17153175931774142
0.1531584352794446, -0.2883611085331336, 0.5855445474838925, 1.1571842438127022, 0.9446961181485851, 0.17159900960487456
0.15315313461897198, -0.2883663308326176, 0.5855435990933308, 1.1571600588571735, 0.9446856249583214, 0.17155274211118157
0.15315143347470037, -0.2883648343021856, 0.5855398856390247, 1.157177719072459, 0.944701801909919, 0.17155044615307782
0.15317034925009704, -0.288372739809895, 0.5855290377654074, 1.157231577570613, 0.9447502159535479, 0.17156356025607247
0.15315720613320444, -0.2883738206639397, 0.5855482998519339, 1.1571753844717247, 0.944648130777841, 0.17153664254551496
0.15315123846650286, -0.2883685761202438, 0.5855331637144248, 1.1572022117710121, 0.944709176216102, 0.17150170995841685
0.1531467819536088, -0.28836605681369526, 0.5855556078548174, 1.1571845004547048, 0.9446556517186092, 0.17151732514305235
0.15314587940584537, -0.28836876662036426, 0.5855491748957256, 1.157195523881393, 0.9446790250370992, 0.17150438665240772
0.15314404588894237, -0.28836718277192, 0.5855509603566443, 1.1571720100049177, 0.9446695990524736, 0.17149707484102036
0.153144490910396, -0.2883649752246145, 0.5855612100304607, 1.1571511520180324, 0.944676766165753, 0.17151629980992913
0.15315551110938574, -0.2883659693431941, 0.5855331782001728, 1.1571904657658636, 0.9447241098471147, 0.1715206889663611
0.15315222114463511, -0.28836903936941155, 0.5855418279694893, 1.1571829563612432, 0.9446954973236938, 0.1715593279027742
0.1531510181627967, -0.2883684374900849, 0.5855528883460458, 1.1571842262576932, 0.9446563181162783, 0.17153572286249574
0.15315353880508228, -0.28836795504478774, 0.5855323042002075, 1.1572164860347391, 0.9447119865191927, 0.1715474715515658
0.15315093587245932, -0.2883670287878632, 0.5855482921885645, 1.1571988307859558, 0.9446949296999148, 0.17153163130206373
0.15315944323255543, -0.2883584838234661, 0.5855501520030046, 1.15719099205324, 0.9447253407952041, 0.17157832989496016
0.15315578189510598, -0.2883588057460999, 0.5855510636977085, 1.1571638068184245, 0.9447380682757388, 0.1715498109525192
0.15315336804169383, -0.2883628452264959, 0.5855500920237587, 1.157181138827155, 0.9446801726101179, 0.17157205711097764
0.15315506519133565, -0.28837282080425225, 0.5855437415620179, 1.1571597208304967, 0.9447217490131308, 0.17150215908204422
0.15315957131896726, -0.28836340033391644, 0.5855427474766876, 1.1571905170974774, 0.9447248774827275, 0.17155887955683446
0.15315197989999518, -0.28836425426862344, 0.5855500631919962, 1.1571816128122911, 0.9446785347292165, 0.1715349574610071
0.15315590994109418, -0.28836372225525153, 0.5855436591711475, 1.1571750041081506, 0.9447241452937983, 0.17154959207134246
0.15315953194130577, -0.28837669829302603, 0.5855401103989013, 1.1572095048364386, 0.9446825077264794, 0.17156839671934987
0.15314992249785453, -0.2883611665688149, 0.5855527602497095, 1.157148948506771, 0.9446618469531859, 0.17154739784026904
0.1531507931233497, -0.2883655832974163, 0.5855349780642191, 1.1571841764946558, 0.9446945230851039, 0.17154130610992466
0.1531517053179063, -0.2883663712604475, 0.5855340897517455, 1.1571695110783886, 0.9447296152304421, 0.17150150445064713
0.1531660266319509, -0.2883787990702064, 0.5855222990891366, 1.1572399746207558, 0.9447212277582497, 0.1715544372386717
0.15316803043858676, -0.2883698554025358, 0.5855372276564423, 1.1572149046310614, 0.9446957239028835, 0.17156074189351295
0.153147287552159, -0.288367366769513, 0.5855445329984751, 1.1571893333243766, 0.9446872446188757, 0.17153195163395063
0.15315468465059906, -0.2883600286886456, 0.5855408627371023, 1.1571717231888787, 0.944747381930858, 0.1715663106379105
0.15314891719458512, -0.2883674558428795, 0.5855389884432242, 1.1572154882566306, 0.9446758003716541, 0.1715783281313962
0.15316277778533022, -0.28837360311293686, 0.585531682932139, 1.1572285113384018, 0.9446971295496377, 0.17154914240186825
0.15315049065934974, -0.2883692361501406, 0.5855380424614912, 1.1572313598736377, 0.9446743021307902, 0.17153163701477658
0.15317157902768266, -0.28838492025150975, 0.5855217608590597, 1.157242859146821, 0.9447713543504824, 0.1714938691018565
0.15315604189359056, -0.2883823540668307, 0.5855232274530797, 1.1572806291466138, 0.9447081899445153, 0.17151515194599581
0.15315152488014397, -0.28836625087810974, 0.5855444728751863, 1.1571455785330163, 0.9446835949712261, 0.17152548582062715
0.15315646241622458, -0.2883766197419316, 0.5855316974171805, 1.1572393129370717, 0.9446835730244958, 0.17154812079287537
0.15316506910910171, -0.2883611589753275, 0.5855380568048419, 1.1571917254270787, 0.9447238158953538, 0.17156014285114038
0.1531486463496593, -0.28836765111075363, 0.5855444898234289, 1.1572137669897793, 0.9446582401832802, 0.17153404135666844
0.15314817012926468, -0.28836464780509147, 0.5855556366899738, 1.1571723548483033, 0.9446707495153682, 0.1715351929649341
0.1531564572963251, -0.28836293264691304, 0.5855538342788825, 1.157157168684172, 0.9446723638247689, 0.17160183701473214
0.15315567864706, -0.2883672227163393, 0.5855371572412571, 1.157154072337278, 0.9447296025696944, 0.17153017690613404
0.15315678943077865, -0.2883729936864203, 0.5855420303359518, 1.1572037329816267, 0.9447629949345403, 0.17151501933573185
0.1531646901274112, -0.28836306185041055, 0.5855511317155159, 1.157167428818856, 0.9447157784038106, 0.17157090290076082
0.1531473953473898, -0.2883722740903338, 0.5855417991430898, 1.1571887392764721, 0.9446869294647182, 0.17151242006065875
0.15315787948249704, -0.28837871732866316, 0.5855197340093722, 1.1572294815181279, 0.9447502582285607, 0.17152294774788163
0.1531559193658074, -0.28835540493789913, 0.5855435620577684, 1.157190888389103, 0.9447252681412097, 0.17157823795748456
0.153147626006076, -0.2883737709499925, 0.58554088760581, 1.1572096174888729, 0.9446806715470555, 0.17151218087657763
0.15315873741339672, -0.2883725001102714, 0.585538168036616, 1.1571926561798926, 0.944702197492435, 0.17154019446044932
0.15315004533207333, -0.28836624334347055, 0.5855398568107806, 1.1571898646816632, 0.9446867042982088, 0.17153257805746341
0.1531544632314124, -0.2883637398919847, 0.5855297012791744, 1.1572017310493876, 0.9447474772918069, 0.17152733292115813
0.15315462405236946, -0.28836654913427384, 0.5855435557735604, 1.1571667125352512, 0.9446771525576688, 0.17152608826202737
0.15316275794122206, -0.2883735940655062, 0.5855363536603816, 1.1572108843042328, 0.9447174681157051, 0.1715202142539928
0.15315370764044978, -0.28837424008093154, 0.5855343801604058, 1.1572069152639142, 0.9446660297551656, 0.17154196713918093
0.1531576002712386, -0.28836521750197985, 0.5855520344993829, 1.1571515935913284, 0.9447147917169336, 0.1715423719851724
0.15315292288920948, -0.2883650526247354, 0.5855398423235262, 1.1571843723685666, 0.9446933298752921, 0.17152379187499234
0.15317065843174196, -0.28836907984531757, 0.5855259736113112, 1.1571842158796175, 0.9447706455609292, 0.17157312679924577
0.153164038200541, -0.28836727765302217, 0.5855391163973301, 1.1571875438541157, 0.9447464752921411, 0.17153819041243232
0.1531519702723481, -0.28836924374436, 0.585542658609056, 1.1571930264075816, 0.9446643289453088, 0.1715343539480745
0.15315438754896937, -0.28837353790999987, 0.5855390563485149, 1.157165826531475, 0.9447141493783168, 0.17149306933696543
0.1531540915472234, -0.2883772122422762, 0.5855512309561755, 1.1572252334455517, 0.9446807625580689, 0.17150298515125117
0.1531695240882729, -0.28838184759781527, 0.585524449275128, 1.157239640907346, 0.9447208856167107, 0.17155447969575285
0.1531493061282967, -0.2883669396447558, 0.5855538367399307, 1.157190183616746, 0.94468618363614, 0.17151410224833885
0.15316267142961723, -0.2883634890011385, 0.5855418279694893, 1.1571664619328088, 0.9447169741075506, 0.17158855995805705
0.15316048470942523, -0.2883606918135022, 0.5855445186555419, 1.1571675030788615, 0.9447151394024375, 0.1715521017761753
0.15315356920587891, -0.2883693224604926, 0.5855464466449573, 1.157166508152025, 0.9447138313363166, 0.17149401443170567
0.1531622919725353, -0.2883755895458579, 0.5855354251858991, 1.157198512760235, 0.944695432853858, 0.17154969113532723
0.15314889161232872, -0.2883639572640816, 0.5855463184622114, 1.1571544409093044, 0.9446917477962914, 0.17152444730043884
0.15314998811202168, -0.28835115802464306, 0.5855480646285166, 1.157133913531071, 0.944700537697496, 0.17160122291351698
0.1531485273679684, -0.28837455768627174, 0.5855446611245706, 1.1572301697756717, 0.9446753425823783, 0.17153036587403686
0.15315877784073634, -0.2883675209327874, 0.585536240103079, 1.1572045029093883, 0.944689376046936, 0.17157905001760942
0.15315723618156987, -0.28837249002880283, 0.5855428755461335, 1.157225324907097, 0.9447190887187542, 0.1715280617218022
0.15315267742813576, -0.2883635462466296, 0.5855500776800686, 1.1571755097743477, 0.9446861211214326, 0.171543935889017
0.15316468980779155, -0.28837003006809925, 0.5855277447140801, 1.157172230675079, 0.944746568550399, 0.17154722036324022
0.1531507251481587, -0.28836554109108625, 0.5855445329984751, 1.1571897434304046, 0.9446875794145075, 0.17155118325286098
0.15315551110938574, -0.2883659693431941, 0.5855331782001728, 1.1571904657658636, 0.9447241098471147, 0.1715206889663611
0.15316483004082354, -0.28836448301976203, 0.585541724618275, 1.1571526840303616, 0.9446771211183338, 0.17157476129958324
0.15314821966588105, -0.2883681638643883, 0.5855389739585711, 1.1571921784556654, 0.9447021334838703, 0.1715208860808427
0.1531523348633622, -0.28836562102421354, 0.5855436591711475, 1.1571924357269905, 0.944703203462, 0.17155901552636896
0.1531481950379897, -0.28837298387430443, 0.5855417389632275, 1.1571856573791484, 0.9446355668414385, 0.1715544182813993
0.15315314245214612, -0.2883698352232878, 0.585540930772985, 1.157186003708832, 0.9447103452426651, 0.17154855455745885
0.15316125256094007, -0.2883648876953503, 0.5855511317155159, 1.1571669019534465, 0.944715578156447, 0.17155147896975406
0.1531619482631481, -0.2883726736328571, 0.5855410731530644, 1.1571982745018896, 0.9447335445680907, 0.17155585877068916
0.15315517202325074, -0.2883694094120603, 0.5855455726758629, 1.157204392748214, 0.9446888658694071, 0.1715596448826462
0.15314713174047034, -0.2883659050943055, 0.5855358897312161, 1.1571569917067073, 0.9447072508505231, 0.17151278653449267
0.15314247242482104, -0.2883654023477263, 0.5855519062894264, 1.157161972720109, 0.9446643680580988, 0.17155338061504186
0.15316378360657604, -0.2883657634021973, 0.5855493606778067, 1.1572078907784606, 0.9447054014908354, 0.17160661682401168
0.15317130097833132, -0.2883735456945562, 0.585518807909534, 1.157228588320408, 0.9447718219175008, 0.17154276794953402
0.15314820099008264, -0.28836465827564284, 0.5855463041178773, 1.1571781075654648, 0.9446639123347206, 0.17154459781854867
0.15316247215883766, -0.2883757097087596, 0.5855250419403621, 1.1572282817762365, 0.9447347228656799, 0.1715353251026481
0.15314870812872267, -0.2883574743473886, 0.585545302055826, 1.1571337936088464, 0.9446985841411469, 0.17154459160815155
0.1531682756003802, -0.2883661615755478, 0.5855390563485149, 1.1571614137504869, 0.9447225009186722, 0.17156076464891504
0.15317130384850483, -0.288371428516725, 0.5855493996581221, 1.1571884084499158, 0.9447086630504138, 0.17155176134645775
0.15313864676935973, -0.2883625079666192, 0.5855601502859833, 1.157172019954892, 0.9446332472690658, 0.1715286379041712
0.15314542317440927, -0.28836577244962774, 0.5855556510344208, 1.157159949653597, 0.9446847904959564, 0.17151504244629004
0.15314337391747515, -0.28837138938325324, 0.5855436158575938, 1.1572039115018948, 0.9446867146648199, 0.1714838975353302
0.15314428741321712, -0.2883686809037472, 0.5855453870018862, 1.1572103093236255, 0.944643057235678, 0.1715255835096805
0.15315004533207333, -0.28836624334347055, 0.5855398568107806, 1.157183912137187, 0.9446935688845596, 0.1715227699305385
0.15315323558505078, -0.28836275787562227, 0.5855555908248409, 1.1571399644818605, 0.9446545696720031, 0.17156704156536173
0.15316178476295336, -0.2883661996274371, 0.5855353861989527, 1.1571893018358899, 0.9447269080522406, 0.1715951234141147
0.15314682220700557, -0.2883643647217983, 0.5855510180192359, 1.1571418823423072, 0.9447065239347179, 0.171523194581861
0.15315599726322668, -0.2883736178627845, 0.5855381825212429, 1.1571801903981982, 0.9447163135813251, 0.17152013339239403
0.15315258024094083, -0.2883586402470378, 0.5855481496347616, 1.1571582773241116, 0.9447068012518204, 0.17153413557178032
0.153153398818621, -0.2883628556239766, 0.5855407594511902, 1.1571634315379358, 0.9447003895492811, 0.17154280622219395
0.15315853245459346, -0.2883660146176218, 0.585546475473335, 1.1571721798898067, 0.9447092218624904, 0.17156053853316175
0.1531524210613803, -0.2883705258440824, 0.5855502490050631, 1.1572038010514003, 0.9446894812345882, 0.17155910746515582
0.1531392197748548, -0.28836521691613415, 0.5855629954075469, 1.1571565226657987, 0.9446332219086447, 0.171538027804909
0.15315099590466347, -0.28837054587704875, 0.5855269674797551, 1.15723035773535, 0.9447126247640486, 0.17153664863257748
0.15316390588832557, -0.2883671904316015, 0.585544615374156, 1.1571639947742596, 0.9447005474270413, 0.1715622145379045
0.1531409562844035, -0.288361894839535, 0.5855592819851405, 1.157168757593433, 0.9446564632605438, 0.17154534775197347
0.15316691297590673, -0.288371069219932, 0.5855316974171805, 1.1571993578409108, 0.9447321057760909, 0.17153869741287142
0.15315358964083775, -0.28836433420522894, 0.585549189383094, 1.1571843048925299, 0.9446941589278559, 0.17154278953201985
0.15315640124762006, -0.2883752419199003, 0.5855268874670707, 1.1572600784721339, 0.944715619454111, 0.17155351759710316
0.1531592803299324, -0.28837055466234596, 0.5855295326356204, 1.1572112204881753, 0.9447177968205891, 0.1715200605459258
0.15315621214640268, -0.28836662656075795, 0.5855520056694837, 1.1571871995590577, 0.9446726400868377, 0.17156315973341388
0.15315268827645687, -0.28836354752377624, 0.5855454158354145, 1.157151964083988, 0.9447130812929242, 0.17150518039046303
0.15315727758095948, -0.28836730142859746, 0.5855409452557614, 1.1571803108423495, 0.9447182664066818, 0.17157676466119773
0.15315706586551173, -0.28836602317608656, 0.5855371884079013, 1.1572164127159583, 0.9447123768081809, 0.17156723765240323
0.1531540559519359, -0.28836712668979786, 0.5855427019267004, 1.1571689420405895, 0.9446937430350714, 0.17155158448152677
0.15316444457501072, -0.2883737239100424, 0.5855259159705521, 1.1572198860609926, 0.9447265215530157, 0.17153758178422746
0.153141556689506, -0.2883562808785441, 0.5855573683716112, 1.1571513750045512, 0.9446778653173377, 0.17155433388145375
0.15314896524078267, -0.28836748892911607, 0.5855341042363144, 1.157203966310223, 0.9446896222828477, 0.17155875419289307
0.153147287552159, -0.288367366769513, 0.5855445329984751, 1.1571893333243766, 0.9446872446188757, 0.17153195163395063
0.15316364562673207, -0.2883728046705879, 0.5855259736113112, 1.1572129105880409, 0.9447359086062733, 0.17158255013900087
0.15315283074481906, -0.28836863322340367, 0.5855278414942415, 1.157216343092345, 0.9447108710407308, 0.17152890509814112
0.15314912103721373, -0.2883689505898512, 0.5855427474766876, 1.1572128476627168, 0.9446966702308746, 0.17153926346409096
0.15316577562062353, -0.28837227396438647, 0.5855308378851695, 1.1571955971182861, 0.9447549060763689, 0.17153618837499998
0.15315314420997672, -0.28836134134237834, 0.5855510036767144, 1.1571250677024754, 0.9447270182387261, 0.17151449744201736
0.15315399391915707, -0.28837927434254906, 0.5855259159705521, 1.157242216706656, 0.9446983136353642, 0.17151796584663806
0.15314931701853224, -0.2883669409587201, 0.5855491748957256, 1.1571900981494168, 0.9446860898090695, 0.17151400246403817
0.15315736385549983, -0.2883774065263725, 0.5855354709074154, 1.1572306860243184, 0.9447118952694475, 0.1715182271838104
0.15314543406478406, -0.28836577376345884, 0.585550989189822, 1.1571716523957023, 0.9446711023421941, 0.17153436675371972
0.15314934754823176, -0.2883617510646837, 0.5855519062894264, 1.1571452856845357, 0.9446852269889018, 0.1715629965391433
0.15314979297482798, -0.2883647439639392, 0.5855500920237587, 1.1571574855892146, 0.9447066092865545, 0.17151378507459658
0.1531667743896647, -0.2883647942682081, 0.5855202887490176, 1.1572381420106541, 0.9447441705042189, 0.17159226111602655
0.15315852273883168, -0.288371004117158, 0.5855390708338456, 1.1571777579494542, 0.9447017461174511, 0.17155031920980288
0.1531517053179063, -0.2883663712604475, 0.5855340897517455, 1.1571753470935644, 0.9447228853156422, 0.17151112022430803
0.1531451884386217, -0.28836426720269703, 0.5855612245181708, 1.157186132043565, 0.9446369744868325, 0.17159297419157674
0.1531538597187728, -0.2883743362914646, 0.5855242104006528, 1.1572364207778412, 0.9447050789089109, 0.1715276396539171
0.1531647815621803, -0.2883750964590764, 0.585524173489558, 1.1572308558715048, 0.9447512080539107, 0.17156165187266767
0.15316770068106486, -0.28837527441593475, 0.585533639635515, 1.1572105482939337, 0.9447189361221663, 0.1715573873850331
0.15314225791752356, -0.2883691066511873, 0.585540745107613, 1.1571801327231765, 0.9446781316688467, 0.1714950686564661
0.15316393140669735, -0.2883706890479702, 0.5855372853109293, 1.1571956294682753, 0.9447185193311286, 0.17156763146621082
0.1531599001225351, -0.28837479395413496, 0.5855316974171805, 1.1572163794875772, 0.9447108286926161, 0.17152888940410652
0.1531533385033113, -0.2883678255992206, 0.5855473581684806, 1.1571750426223875, 0.9446861701048643, 0.17154271730586373
0.1531562210337406, -0.2883751217309887, 0.5855372708270131, 1.1572128010699843, 0.9446965206127726, 0.17153903673554174
0.15313807192846407, -0.2883716206240179, 0.5855547339192358, 1.1572093653560716, 0.9446432763557242, 0.17150583652850274
0.15315588947179964, -0.28836871050295776, 0.5855409164326666, 1.1571924564076466, 0.9447031688415555, 0.1715588964309242
0.15314237537130823, -0.2883604963416835, 0.5855499782440786, 1.1571565289306862, 0.9446714538490427, 0.17156300438654676
0.15315639663422217, -0.2883615264527122, 0.5855399144635063, 1.1571716025329297, 0.9447107870870968, 0.17159754629529286
0.1531641270976544, -0.2883634790825442, 0.5855557766981785, 1.157116361572881, 0.9447207762673686, 0.1715721514396028
0.15314566475772576, -0.2883672706345992, 0.5855500776800686, 1.1571865781669348, 0.9446717090815306, 0.17152431955924807
0.15315691360839045, -0.28836592681778517, 0.5855473581684806, 1.1571634472533323, 0.9447003818211922, 0.17154290962282343
0.15316294812296774, -0.28837351271675155, 0.5855259591308437, 1.1572131773197303, 0.9447350524192143, 0.17156395570759778
0.1531533839017907, -0.2883713332944836, 0.5855353573773786, 1.1571948913376937, 0.944717722872614, 0.17152859943833312
0.15316403030749906, -0.28836377328378227, 0.5855417848001958, 1.1571615997934575, 0.9447217542318351, 0.17154237833604652
0.15316104287981333, -0.2883599034571631, 0.5855500318573241, 1.1571320751755696, 0.9446834526581573, 0.17157539998458082
0.15315725804391028, -0.2883574481108811, 0.5855368668589382, 1.1571577684181196, 0.9447466359695348, 0.17157692237711722
0.15313835393964745, -0.28835961169468277, 0.5855517948878886, 1.1571657490207863, 0.9446781029908038, 0.1715246740287244
0.15316477244376822, -0.28837644592790546, 0.5855476574197158, 1.1572218408441852, 0.9447058353847568, 0.1715759194403013
0.15315726143204503, -0.2883588132356159, 0.5855556798639412, 1.157143097838868, 0.9447077702153834, 0.17158156663962026
0.1531624448237073, -0.2883706884286517, 0.585532668944264, 1.157228187749124, 0.9447351477604696, 0.17155521014545547
0.15314623829963767, -0.28836165442742, 0.5855528347057984, 1.1571925965522152, 0.9446661298978962, 0.17157179157206606
0.15315358964083775, -0.28836433420522894, 0.585549189383094, 1.1571843048925299, 0.9446941589278559, 0.17154278953201985
0.15316458143554956, -0.28838016724355886, 0.5855271633594, 1.15722830452993, 0.9447328784765846, 0.17149807519547985
0.15315381441802717, -0.2883656285639499, 0.5855482752809612, 1.1571423130916367, 0.9447068241011398, 0.17154230726312958
0.1531561619785961, -0.28836002130949856, 0.585545487974469, 1.157139076662757, 0.9447306729510684, 0.17157874225862818
0.15316724004031743, -0.2883807595009039, 0.5855300516745363, 1.1572180210083043, 0.9447284803111954, 0.17157296908549957
0.15315410092499765, -0.28837586298864104, 0.5855277470288472, 1.157251756139376, 0.9447059450058671, 0.1715175639202664
0.15316807035371474, -0.28836816329452714, 0.5855326378053712, 1.1571899116512505, 0.9447262715927499, 0.17159565287704365
0.15315224282976178, -0.28836055464638544, 0.5855472301011603, 1.157145600245271, 0.9446849690152911, 0.17156400792788437
0.1531504704823527, -0.2883640267402312, 0.5855547772373609, 1.1571572158192682, 0.9447074791787995, 0.17153249059784584
0.15315262662639384, -0.28836716709594434, 0.5855331925415621, 1.1572076907926618, 0.9447039488423498, 0.17154861786039777
0.15314636096772985, -0.2883700590780082, 0.5855474326883641, 1.1571945435846867, 0.9447175299999827, 0.17150969809887015
0.15315647320368458, -0.28837142083077244, 0.5855390996582615, 1.1571944984828662, 0.9446827247104809, 0.1715972270359096
0.15315236439173946, -0.28836064067853145, 0.5855463929702863, 1.1571868601533053, 0.9447106658638852, 0.1715691235588887
0.15314636623668615, -0.28836657090872364, 0.5855454301790517, 1.1571744976287839, 0.9446859910986806, 0.17152330113834308
0.15314375292606036, -0.28836428638455275, 0.5855426049531547, 1.1571951509295342, 0.9446805357822412, 0.1715415752908667
0.15314542317440927, -0.28836577244962774, 0.5855556510344208, 1.1571834092499365, 0.9446577363261698, 0.1715536983109651
0.15315531957863718, -0.28837433493199244, 0.5855334973082543, 1.1571980844571608, 0.9446951192321021, 0.17153046743966777
0.15315735900588012, -0.28836891964969097, 0.5855455438469955, 1.157205059515053, 0.9446878457027017, 0.17154216127232405
0.15315003452579123, -0.28836624210255657, 0.5855445186555419, 1.1571899501513108, 0.944686798122231, 0.1715326778423835
0.15315600138776475, -0.2883651388518852, 0.5855482464516403, 1.1571546521518619, 0.9446923439880777, 0.17154405586262195
