-0.34100715455703917, -0.11130793067049784, 0.42452381149621604, 2.692835910357314, 1.388032443799928, 0.06582162895684333
-0.3409982415583107, -0.11130564772569122, 0.42451651954502523, 2.6928537817343883, 1.3880369615022368, 0.06591144994883723
-0.3410242952917817, -0.11130606777765685, 0.4245294118187526, 2.6928994503126633, 1.3879850671582956, 0.06579847667722649
-0.3410097759707996, -0.1112937051330682, 0.42453776863996534, 2.692910068417286, 1.3880133040616387, 0.06577490028881049
-0.34099847269646094, -0.1112983570005542, 0.4245253260713088, 2.6928730171625337, 1.3880344318656717, 0.06578084100801272
-0.34099932778395337, -0.11130897458690979, 0.42452782527042704, 2.6928552238863595, 1.3880812400818356, 0.06587164294864517
-0.34101457476764974, -0.11129585404884686, 0.42452148577185495, 2.6929364254118404, 1.3880011258853537, 0.06586367220114484
-0.3409958581147135, -0.11130775422040394, 0.42452270479722215, 2.6928519952951677, 1.3880598624726184, 0.06585663876708811
-0.3410229075944918, -0.11130631325240822, 0.4245284248956547, 2.6928903992475823, 1.3879790972175194, 0.06581838694160251
-0.34100605298129655, -0.11131118845717426, 0.4245314675845106, 2.6928819187701225, 1.388077258626011, 0.06583281405027307
-0.3410117354919811, -0.11130868458774087, 0.4245148153322683, 2.6928585921645802, 1.3880434009039648, 0.06583560076289582
-0.3409975963753797, -0.11129534988266615, 0.4245407301859052, 2.6928810255607076, 1.388062968436476, 0.06572208313825567
-0.34101089926486, -0.11129947536867917, 0.42453256894738783, 2.692913453856602, 1.3880126485739923, 0.06581282651060728
-0.34101822397088916, -0.11130812406686216, 0.42452401951769503, 2.692870816320638, 1.3880261248538612, 0.06588918389958959
-0.34101194088246095, -0.1112940294288337, 0.4245313520239812, 2.692916385331999, 1.3880339729377476, 0.06582576244183529
-0.3410073003859987, -0.11130943282781125, 0.42452813238987075, 2.6928677343121383, 1.3880498934222718, 0.06581776265062161
-0.3410034187169305, -0.11129173098328649, 0.42452479305980845, 2.692909126880117, 1.3879691216301124, 0.0658167405090557
-0.34100047725169436, -0.11130095599559868, 0.42454000858831437, 2.692872213636903, 1.388012591658398, 0.06580182275865538
-0.3410017001420863, -0.11129316223068703, 0.4245176937615268, 2.6929249123920784, 1.3879960140682686, 0.06584971408876472
-0.3410087768568548, -0.11130158632501855, 0.4245224789057597, 2.692883647139124, 1.3879950902769957, 0.06583663488505896
-0.34100852860728587, -0.1112954607387475, 0.4245411038519053, 2.692924253269191, 1.3880406688791367, 0.06578995193075655
-0.3410136801530857, -0.11129999445844331, 0.4245334816276844, 2.692874444181093, 1.3880111165867468, 0.06583362307876048
-0.3410191402052846, -0.11130755416071765, 0.4245145719134261, 2.6928814675623003, 1.3880316229075829, 0.06588719583053938
-0.3410044017726374, -0.11131362367892708, 0.4245318120482401, 2.6928420279113396, 1.388076113860752, 0.06583768949498942
-0.3410105811309254, -0.11130427329653239, 0.4245621727183546, 2.6928863695796585, 1.3880477852297075, 0.06568651757388112
-0.34101990235478624, -0.11130925132561083, 0.4245262221825752, 2.69287653451734, 1.3880107706306348, 0.0658542861245921
-0.3410153953698091, -0.11130254686542015, 0.42452023880966105, 2.69289673127321, 1.388044387716513, 0.06581074471456136
-0.3410073760996509, -0.11131212504120026, 0.42451006553816406, 2.6929135125131682, 1.3880275446584043, 0.0659076219176691
-0.3410220776054454, -0.1113046301016913, 0.4245082708321619, 2.692936380572925, 1.3879344250469683, 0.06594511001444224
-0.3411267456386873, -0.11137903632047952, 0.4209754421715257, 2.692996971921769, 1.3879596733514432, 0.06591910927266122
-0.34118736954571083, -0.111397295731694, 0.4160141049603312, 2.6931625141663087, 1.3878499220628362, 0.06632338205018724
-0.3411989828227672, -0.11140642986294293, 0.41097780804129735, 2.693241392238224, 1.3879026453883754, 0.06665330709183802
-0.3411896644157088, -0.111389713829163, 0.40585683078937107, 2.6933800130064847, 1.3878186833814685, 0.067388395185782
-0.3411761740978372, -0.11138217349294807, 0.4010330683665019, 2.693417099508099, 1.3878492020767896, 0.06712792800993109
-0.34115847736984783, -0.11134493989160542, 0.39618446273250474, 2.6934378306277047, 1.3879046017308452, 0.06662056686511977
-0.3410829402667914, -0.11130741904125517, 0.3909582623457754, 2.693422576469544, 1.3880341763580244, 0.06682995407019589
-0.34104762204148975, -0.11126810360851816, 0.3875565222813171, 2.693529195366582, 1.387918889398823, 0.06695253319534868
-0.341032788772565, -0.11125792389284922, 0.3875388593246768, 2.6934993519062527, 1.3879820402011291, 0.06700160883447438
-0.3410374382377285, -0.11123992249702816, 0.387528267899706, 2.693552401677782, 1.3879061626491156, 0.06701528047980047
-0.34103981959164126, -0.1112415881014141, 0.38752757176056984, 2.693580757515015, 1.387857508083239, 0.06705494691155592
-0.34103187921123523, -0.11125847937874118, 0.38752964146825747, 2.6934805509334256, 1.3879920874901732, 0.06700252771732326
-0.34104759949694624, -0.11125698222614426, 0.38751747752758486, 2.693532082405145, 1.387953608326076, 0.06707084160812624
-0.3410302350051796, -0.11125620907506667, 0.3875355139843347, 2.6934694048451133, 1.3880452093685436, 0.06705215688293874
-0.34104158640547966, -0.11126285692490555, 0.3875130759842126, 2.6935129686129824, 1.3880006653378494, 0.06714368501317056
-0.3410371923227439, -0.11124981475506057, 0.38754936546807384, 2.693481692774131, 1.388035895881404, 0.06697467655707585
-0.34103745978136735, -0.1112450264497521, 0.38754336782757215, 2.6934997830568435, 1.3880033891604566, 0.06699333610481369
-0.34103260362450655, -0.11123658175904004, 0.38754223127557375, 2.6935138206564404, 1.3879714795194222, 0.06695740723798489
-0.3410333410238191, -0.11126464536092386, 0.3875263321794176, 2.693480632983602, 1.3880066634281982, 0.06711202759405573
-0.34103215599816905, -0.11124876483256747, 0.38753096261696485, 2.693492157657226, 1.3879750135943523, 0.0670541094319754
-0.34103619176148775, -0.11125527636307708, 0.38755062393804673, 2.693470261449501, 1.3880307499688709, 0.06695995322649001
-0.3410423120256617, -0.11125452408476846, 0.3875364296449306, 2.6934828420144314, 1.3880133483617048, 0.0670134899207231
-0.34104428563885775, -0.11125215623467384, 0.38750863860193974, 2.6935077132135183, 1.3879567693859705, 0.06714353022434283
-0.34103442867736034, -0.11124022687319907, 0.38753836217758003, 2.6934687084005478, 1.3880077877458077, 0.06697620833356592
-0.3410424574303713, -0.11126081076830327, 0.38752651553474643, 2.6934758523928326, 1.3880068506631502, 0.06705407499042172
-0.34103444232913915, -0.11124797703060335, 0.38751960406240205, 2.693500470103172, 1.38801736117751, 0.06710274682769389
-0.34095471716435677, -0.11122251786852866, 0.38723610616098236, 2.6935253655103155, 1.3879687405306955, 0.06699122700469243
-0.33942276482116707, -0.11106452769860325, 0.38231274436614515, 2.693563440827234, 1.3880714251193178, 0.0673857139574911
-0.3377880866909528, -0.11101610145355593, 0.37736817183506566, 2.6932263861222823, 1.388878881472104, 0.06748713864883518
-0.3361460298726752, -0.11097857742193906, 0.3722778648693969, 2.693033049149829, 1.3895384404071351, 0.0678585299330241
-0.33448508089710666, -0.1109563979689063, 0.367388728556078, 2.692587614411997, 1.3901842003887614, 0.06767059677638171
-0.33282571955389784, -0.1108986003315934, 0.36245195500665384, 2.692426593060263, 1.390785170396845, 0.06768490668170896
-0.3311880968075102, -0.11092288691277663, 0.35742129837055747, 2.691971851125925, 1.3918088611568626, 0.06793042857354234
-0.32950929694772413, -0.1109109276551728, 0.3523023736622726, 2.691488283082086, 1.392698523876591, 0.0687937843443411
-0.32787613759257417, -0.110901992361376, 0.3473850294185199, 2.6909343262227456, 1.3937392738425785, 0.06860546534895937
-0.32620457880250114, -0.11082423709959315, 0.34240687332503733, 2.690504940971761, 1.3946051826739985, 0.06866476591056664
-0.3244888766204184, -0.11078129168176493, 0.3372718418569762, 2.690258912630911, 1.3952281434953047, 0.06925731168746263
-0.32280826416514297, -0.11085727163863739, 0.33216450689071725, 2.6898614499669202, 1.3961818863488626, 0.06920159642532782
-0.3223827994938415, -0.11082590348298768, 0.33068033395798513, 2.6900527995022903, 1.395990123575165, 0.06950395944779252
-0.32238597285435533, -0.1108208781371919, 0.330695373744609, 2.690033997544056, 1.3960652531522997, 0.06943942084413357
-0.32238706040342696, -0.11082050382776835, 0.33071209084131825, 2.6899264053457888, 1.3961769015148011, 0.06936514388906989
-0.32238674113703225, -0.11081552377910983, 0.3306885368943282, 2.6900853606554342, 1.3959035608834178, 0.06952334415751651
-0.3223883814638677, -0.11081666066664204, 0.33071209084131825, 2.689977478412248, 1.3960806843171094, 0.069369180344277
-0.3223893057643825, -0.11081861133123415, 0.33068587693234797, 2.6897919342349055, 1.3964252954339558, 0.06949255817674849
-0.3223917772030254, -0.11081319569995612, 0.33067497222957665, 2.68977459768198, 1.3965158820246975, 0.06953430925936267
-0.3223909466715489, -0.11081976897400138, 0.3306987558551437, 2.6896373607842303, 1.3966983388857563, 0.06938597228059745
-0.3223872358548313, -0.11082552553857761, 0.33067508772650805, 2.6896106478504356, 1.396799073309803, 0.06952462830201603
-0.32239144145055626, -0.11082979128090532, 0.3306746315269018, 2.689631677611017, 1.3967291742302885, 0.06949528290427724
-0.32238803371506347, -0.11081886776240313, 0.3306832847817449, 2.6897841429886498, 1.3965221990616614, 0.06951875696985364
-0.3223831812192964, -0.11082129264393349, 0.3306933995953709, 2.6897071822504275, 1.3966295319161803, 0.06944386071160422
-0.32238310274746024, -0.11081761946619895, 0.33071376301283706, 2.689730391618316, 1.3965448379694325, 0.0693599081854136
-0.3223893057643825, -0.11081861133123415, 0.33068587693234797, 2.6897661262348267, 1.3964733646788474, 0.06948953319976041
-0.32238818203628217, -0.11081407354291799, 0.33069199650842585, 2.689771823163303, 1.3965234834094447, 0.06939073430257177
-0.32240213586993427, -0.11082683685999462, 0.3306816502561575, 2.689788707994621, 1.3964623616695684, 0.06952388560169118
-0.32238472497251447, -0.11080677755399196, 0.3306818919242063, 2.6898141351976568, 1.3964583375862083, 0.06948224508799508
-0.32239370799989886, -0.11082188420483564, 0.33069601258699577, 2.6897589425118404, 1.396489202018558, 0.0695057617435494
-0.322389022094527, -0.11082674441222927, 0.330695148791209, 2.689733074125728, 1.3965444808328238, 0.06937970931611877
-0.3223878141388723, -0.11082470502688203, 0.3306856470697065, 2.6897622671418877, 1.3965330117873385, 0.06948566248421476
-0.32239128632014313, -0.11082252726438695, 0.33067265873448115, 2.6897504537451122, 1.3964610947200502, 0.06954807219138061
-0.32238004754848765, -0.1108082332476996, 0.3306753252247199, 2.6897672230874146, 1.3964511261013277, 0.0695274748127966
-0.3223815820238558, -0.11081893620529482, 0.3306616444427841, 2.6897642240576816, 1.3965695820831245, 0.06957065009207006
-0.3223948630937838, -0.11081176173397819, 0.330681886252549, 2.689734580484747, 1.396558059443318, 0.06949592668018081
-0.3223840691249527, -0.1108183107255972, 0.33070069730696633, 2.689723763839629, 1.396560521377064, 0.0693767351428627
-0.3223787684997346, -0.11082655705971192, 0.33069716146441586, 2.6897166115985, 1.3966361171186914, 0.06942759113214485
-0.32238521997729475, -0.11081673861186062, 0.3306897925189425, 2.6897584905156, 1.396555201033579, 0.06942653802097785
-0.32238888000958676, -0.11083161877878316, 0.33069715589640114, 2.689722784911385, 1.396576197798997, 0.06945135847658611
-0.322385563330128, -0.11081097487093622, 0.33067307770443477, 2.6897669573081364, 1.3965758698057358, 0.06949333616084025
-0.3223856484567723, -0.11080866661148499, 0.33068770291971683, 2.6897504385625117, 1.396548862724551, 0.06946074977980612
-0.32239466278454815, -0.1108091130307381, 0.3306938169383823, 2.689753838559713, 1.3965548154422724, 0.06938468674013518
-0.32238549340623246, -0.11081580850997222, 0.33068405655875893, 2.689740399285004, 1.3965213109247316, 0.06948651723072109
-0.3222616566630481, -0.11080344674530607, 0.3306861101180332, 2.6898122331209153, 1.3964800341204808, 0.06951769102730844
-0.3207104171810534, -0.11078028362143741, 0.3306667821953796, 2.6895589838547824, 1.3969938613572048, 0.06924197197523878
-0.3190805316887093, -0.11074789579339121, 0.33070213056758996, 2.6891853698714394, 1.3977406621072168, 0.06853754571746547
-0.31746293926440616, -0.11075333756745884, 0.3306725768871735, 2.6888814400118424, 1.3985151264284201, 0.0682939411420041
-0.31583992927484483, -0.11078568090680663, 0.3307184073829239, 2.6882210882591115, 1.3998210709706833, 0.06771712689311678
-0.31423158756845965, -0.1107941953230957, 0.3308276031877679, 2.687639687146509, 1.400785567794006, 0.06672818448659726
-0.31257264080989317, -0.11078479214041789, 0.33080806331258256, 2.687439541007074, 1.4013963161328855, 0.06643782677002208
-0.3109446820010848, -0.11079723101523474, 0.3308460877995121, 2.6869623704619134, 1.4022192385628462, 0.06565606358916427
-0.3092874012669757, -0.11077693278085814, 0.330817833919251, 2.6867053836118178, 1.40286288415781, 0.06570283996064159
-0.3077067081018725, -0.11081518090365751, 0.3307988819824629, 2.686492370479233, 1.4033259102843598, 0.06500897918457173
-0.30608630928976127, -0.11079179481275832, 0.3308265997943431, 2.6860070887489167, 1.4042513997496529, 0.06451931861150838
-0.30444677252965596, -0.11081313765733879, 0.3308414582804133, 2.685677131810147, 1.4048679640869748, 0.06406252806920372
-0.30285652311822964, -0.11087956910078861, 0.3308488332049374, 2.6854243555038986, 1.4053942390903738, 0.06339737023337749
-0.30121484203199317, -0.11083596775613895, 0.33093554943787845, 2.685012671313434, 1.4060445465209077, 0.062385255705765454
-0.2996177990576565, -0.11083787203362885, 0.33102021217873645, 2.6846638318949663, 1.4067373895237227, 0.06154798491173348
-0.29792778690625527, -0.11086565165470086, 0.3310834311467357, 2.684286241275658, 1.4074065902441817, 0.06093312540894966
-0.29630969352258335, -0.11086783098219925, 0.33117858947209, 2.6839112900434494, 1.4080434901458838, 0.06016575349446455
-0.29473699441517526, -0.11089356103445633, 0.33125048459817125, 2.683479305103785, 1.408658432247736, 0.059227677834857786
-0.29313870835525974, -0.11090038990515212, 0.33130221677348004, 2.683228411796947, 1.4091532220424154, 0.0584838806645152
-0.29151384794429064, -0.11096537731467561, 0.3313815608308467, 2.6827605944883794, 1.4098112970690961, 0.057614175459488465
-0.28991356655788575, -0.1109981039076889, 0.33142822732167776, 2.6823912073493466, 1.4104687461054406, 0.056907604409299144
-0.2882708649531641, -0.11097535650375295, 0.3315354742928542, 2.6820694471339843, 1.410936806589291, 0.05607387982028988
-0.28665218231505485, -0.1110045526262001, 0.33153183336136366, 2.6817534193195214, 1.4114063388336113, 0.055591668479531446
-0.2850344443140024, -0.11106450563688709, 0.33154893716737677, 2.681444786887021, 1.4119322958696305, 0.05491444499124547
-0.28340437685810543, -0.11105853102758959, 0.3315977537765191, 2.6811007003879754, 1.4124395786761694, 0.05426677526328995
-0.2817573707081297, -0.11107899604388968, 0.33161692457939934, 2.6809041049001823, 1.4127396775413594, 0.05361318496710064
-0.28010521870916744, -0.11110794815699784, 0.3316467157861778, 2.6804975401690605, 1.4133017942426778, 0.05289747294578187
-0.2784746921488012, -0.11109719924704811, 0.3316566622565165, 2.6802797286627893, 1.4136764493096325, 0.05252291324373876
-0.2768597915806072, -0.11111877412934157, 0.33166775924342606, 2.680045797791976, 1.414027050486996, 0.0520770713661418
-0.27519479577361894, -0.11115831760527958, 0.33171258477079824, 2.6795086651612894, 1.4148303702911489, 0.05136091433551946
-0.2735911772548174, -0.11117146649335509, 0.3317452427212783, 2.679296780810069, 1.415156342234023, 0.050865839399712925
-0.27195960824949705, -0.11117232496520091, 0.33183383582409476, 2.678910502820122, 1.4156650810944202, 0.05028014518249522
-0.270331563405479, -0.11118942027129798, 0.33188961762192626, 2.6786139814960057, 1.4159852609073138, 0.049504895010002985
-0.2687347287000664, -0.11119084850666311, 0.3319304260810109, 2.6785725775090787, 1.415883417115131, 0.04878919848459112
-0.267113392007048, -0.11118227471698577, 0.3320228163420413, 2.6783358637703296, 1.4159892852727167, 0.04772659385825607
-0.26549366399973195, -0.11125158922305067, 0.33209080704639177, 2.6780094790022444, 1.4163506006271245, 0.047105732320954705
-0.263863269815805, -0.11125293077629016, 0.3321557319375859, 2.677758544535451, 1.4164363436233762, 0.04629868898145597
-0.26216731787009806, -0.1112303166661943, 0.3321904059208808, 2.6774107907444833, 1.41692535638623, 0.045773174594148654
-0.2605557410396507, -0.1112835579038455, 0.3322523604167249, 2.677145260538433, 1.417121677415899, 0.045053660311057994
-0.2601130197547269, -0.1112934418878633, 0.33236139475097515, 2.6769459487295766, 1.417167122875314, 0.044353759539193995
-0.26012909256644473, -0.1113075711138003, 0.33237483863956135, 2.6769018273217573, 1.417214589847637, 0.04418790791366205
-0.26012444257909706, -0.11129740273083352, 0.33236005618189446, 2.6769660473873738, 1.4171776277443744, 0.04434052656820306
-0.2601261058769669, -0.11129630225930662, 0.33234953286911884, 2.677013576074829, 1.417158219225828, 0.044385631240885855
-0.26015003210224014, -0.11131324953258834, 0.3323596960072066, 2.6769340787745532, 1.4171527271839812, 0.04411190026478379
-0.26012474026100635, -0.11129630642775322, 0.33236977169030124, 2.6769494795406064, 1.4172132330842335, 0.044282216880838374
-0.2601310209774832, -0.1113155898670257, 0.3323626403855133, 2.6769584949649228, 1.4171794726234508, 0.044237416344888196
-0.2601152216143142, -0.11129169383891424, 0.33233970241238747, 2.677027171658127, 1.417192945169935, 0.04461735196909085
-0.2601283204662121, -0.11129116465883836, 0.33234139237377347, 2.67701056221589, 1.4171894504886482, 0.04452351661716014
-0.2601191913164375, -0.11130123944767507, 0.3323598941727948, 2.6769619640394113, 1.4172126312346456, 0.04441357175860258
-0.26013433195351, -0.11130662222864537, 0.3323642353055991, 2.6768959600300133, 1.4171885984287784, 0.04422928966934265
-0.26011334009213277, -0.11128797464046693, 0.3323460128640975, 2.676941994396599, 1.4172048335743666, 0.044362107279765924
-0.2601189785003233, -0.11129511565398105, 0.33236115640262526, 2.6770044601939538, 1.4171610215408699, 0.04463176374361333
-0.2601062561743603, -0.11128153242987779, 0.33232957139884756, 2.677047211517563, 1.4171904057668645, 0.044852572805772394
-0.2601228934855444, -0.1112915751089381, 0.33234053451660045, 2.6769969041035115, 1.4171657818380328, 0.04446254186545609
-0.26011859284332056, -0.11129760402949512, 0.3323282416417134, 2.676994577721912, 1.4171793328980273, 0.044557393521868806
-0.2601180947581311, -0.11129025421398184, 0.3323536258026363, 2.677037984198052, 1.417187824094311, 0.044446563607774686
-0.2601174804536564, -0.11129646481583778, 0.332343795317827, 2.6769494802073557, 1.4172238225898115, 0.04445006539417744
-0.26011711692205114, -0.11130503116376021, 0.3323681748110252, 2.6769290078625656, 1.4172559276409529, 0.04443490135691065
-0.2601141653241791, -0.11129476864678506, 0.33234559905557304, 2.67699335345763, 1.4171762542385928, 0.04461528006134219
-0.26012753814523976, -0.11129902736769683, 0.33235304962603546, 2.6769593368772715, 1.4172147634883316, 0.04433426421249007
-0.26012088889316964, -0.11129543396450134, 0.33234909179760275, 2.6769464291560077, 1.41724095184231, 0.04448043652333278
-0.26012509795109734, -0.11129668622186507, 0.3323449995462241, 2.6769515977049556, 1.4172484933139902, 0.04438435978610241
-0.2601210563027597, -0.11129124916613312, 0.33235119721820655, 2.676987090728482, 1.417178328446494, 0.044518699263387175
-0.26013501922012383, -0.11130029990347134, 0.3323705379798523, 2.67690152413285, 1.4172420185481394, 0.04404565828118361
-0.26013098727524847, -0.11129354278612952, 0.3323460639866437, 2.676952509115406, 1.417213206693101, 0.04429463701286752
-0.2601424268176941, -0.11129125861354992, 0.3323770383377969, 2.6769447728826377, 1.41714087773664, 0.04406524665877141
-0.26013086208767555, -0.11129670462900831, 0.33233688569676184, 2.677034278624034, 1.417197290376713, 0.04459229261292891
-0.26012211186869777, -0.11128061103157903, 0.3323551510673033, 2.6770200442660594, 1.417138441418756, 0.04443698480854555
-0.2601312887606599, -0.11129220217091292, 0.33235262254485604, 2.6769905928397555, 1.4171254845735586, 0.04439516129890257
-0.26013842912428436, -0.11129885342618834, 0.3323688730812824, 2.6769307177161297, 1.4171136074454895, 0.04406332615356476
-0.26012072280198667, -0.1112922915974798, 0.33237090287607646, 2.6769582310494235, 1.4171874161042197, 0.04446978249004227
-0.2601170452095929, -0.11127896762470171, 0.3323497628414404, 2.6770306631597083, 1.4172149844251052, 0.04462280837043658
-0.2601103505054322, -0.11128835945817396, 0.3323395615692895, 2.6769971947507742, 1.4172368931049473, 0.04465394130008058
-0.26012064785511396, -0.11127922747462611, 0.33233789696325255, 2.6770190543946986, 1.4171732946429683, 0.044523191695005494
-0.2601180818695524, -0.1112899623152338, 0.3323402093842841, 2.6769875727633385, 1.4172204323026831, 0.04449078369302904
-0.26012052012616566, -0.11128058409629309, 0.33234911547329454, 2.677015608220398, 1.4171871125831295, 0.04461409204874848
-0.2601177778745753, -0.11127789576875624, 0.3323280205636658, 2.6770397196207516, 1.4171561848119751, 0.04465147670594462
-0.2601023569051502, -0.11127479045166623, 0.3323184232216041, 2.677055643875276, 1.4171885644767126, 0.044959706963250266
-0.26009796010690206, -0.11127933199929321, 0.3322818577036407, 2.6770563429134637, 1.4172411254275763, 0.04510031823187142
-0.26008809997991167, -0.11125986872876821, 0.33230908567912076, 2.6771136194423346, 1.4172215234486822, 0.045269091372596326
-0.26009930165760914, -0.11127792822659364, 0.33230433036636414, 2.677104807341135, 1.4171872616090138, 0.045061435605058625
-0.26008827052913414, -0.11125156424489448, 0.3323140354782011, 2.677181708447944, 1.4171745735467591, 0.045274663055299154
-0.2601314305940102, -0.10890880851860035, 0.3324078092048115, 2.6773382243516224, 1.4165896939667484, 0.044444065675257875
-0.2601596599653677, -0.10563738128572941, 0.33249244686212054, 2.677183034026083, 1.416589452552563, 0.0437898601775793
-0.26019683638664426, -0.10235604546496317, 0.33254914576463046, 2.6770723961073872, 1.416630757777037, 0.04312146720581421
-0.2602367629247902, -0.09905331268962325, 0.3326348056199506, 2.6770018905556916, 1.4165204390792736, 0.04223431203085163
-0.2602758458634772, -0.09575310161938598, 0.33276227392508456, 2.676901043035254, 1.416405696124397, 0.04148466780676955
-0.2603173858550348, -0.092477983237381, 0.332829780673234, 2.676682726696509, 1.4167302708779257, 0.04119973257411151
-0.2603720999515989, -0.08920648895533616, 0.3329069813714555, 2.676587221250688, 1.4166265477146165, 0.04055570832957117
-0.26041420353396727, -0.08587897986188611, 0.33299046661679915, 2.6766225953092113, 1.416353166932255, 0.0397400980272708
-0.26044344271993053, -0.08257588837216184, 0.33304110739843334, 2.6764657271637673, 1.416410818431244, 0.03921117764844928
-0.26047955963461034, -0.07928764967436673, 0.33311455560844494, 2.6764009291932855, 1.416304435252177, 0.03876805307149481
-0.26053718423462446, -0.07584453934870361, 0.3331588016028821, 2.6764731854208383, 1.4159006257806654, 0.03823020140050461
-0.2605538978455518, -0.07252832304656254, 0.3332141526246882, 2.6763532321933523, 1.4159030145433573, 0.0378161281679956
-0.2605591570217959, -0.06921044126536698, 0.3333657856999715, 2.676262260345256, 1.415620542702353, 0.03658238023663678
-0.2606046860163191, -0.06591027942552195, 0.33342945983673306, 2.6761561004866947, 1.4156159272253164, 0.03595571076197503
-0.26066210368137305, -0.06264297748081946, 0.33343501421644994, 2.6760235650444013, 1.4156867006234302, 0.03584221365790059
-0.26069946815268197, -0.059382801830622375, 0.33347225949659487, 2.6758694137057604, 1.4156206939342797, 0.03541105479183299
-0.2607483276683715, -0.05609044718198624, 0.33350346392458874, 2.675923859543112, 1.4152584153305636, 0.034877425981148125
-0.26077851094581955, -0.05277439815314193, 0.3335771393282967, 2.6758238253088487, 1.4153681819226684, 0.03430079608873498
-0.2608136234938124, -0.04947971242376169, 0.33364131404320113, 2.6757511513690204, 1.415272974480905, 0.0336049975879306
-0.2608701117136511, -0.04617300253381177, 0.33363971584053015, 2.6759314150548352, 1.4150940229984268, 0.03340187214909122
-0.26094673784336586, -0.04289625043407519, 0.33364523881774355, 2.675990685718687, 1.414966991200988, 0.033283087343836656
-0.261037229307909, -0.03948467245501164, 0.33363861565824404, 2.6760492865119105, 1.4148057451282607, 0.03290137122218334
-0.2611252526232093, -0.03620570803057854, 0.3336612948528427, 2.676073902488173, 1.4147192762457979, 0.032403878660461446
-0.2611950584104315, -0.032913321381336645, 0.3336067839472265, 2.6760520839359954, 1.4146362427049999, 0.03243048983850464
-0.26126356849576887, -0.029615414761905615, 0.3336162209212469, 2.676190520753474, 1.4143133605631433, 0.03205936941729731
-0.26130450955948437, -0.02633139098168162, 0.3336084731875759, 2.676154532503298, 1.4142182366115608, 0.03178364527696296
-0.26135130733710177, -0.02303953596351064, 0.33358537950692324, 2.676124191007841, 1.414009849867185, 0.031346253438725394
-0.2613584572546614, -0.01969939403959154, 0.33353215224583854, 2.6762224911224677, 1.4135135266855132, 0.031363004866886944
-0.2613860139825011, -0.016393140140250707, 0.3335360600728526, 2.6760531551350755, 1.4136838762184658, 0.030494404145855743
-0.2614231679278233, -0.013560290738361794, 0.33350351640749765, 2.676246720425894, 1.4132909400514013, 0.030233430910557683
-0.26141840380927883, -0.013485231073052453, 0.33348207715416056, 2.67637725336295, 1.4130065234119136, 0.030275148334976434
-0.2614201139421082, -0.013486037369190327, 0.33350360224759484, 2.676385990651721, 1.4129964111483548, 0.030185328103661094
-0.26142725138169226, -0.013490553161414391, 0.33352738372478447, 2.676363871359934, 1.413090204350477, 0.030147061072123338
-0.26142253533266907, -0.013475337189460236, 0.3335030395840831, 2.6764463065547637, 1.413008683899136, 0.030186338714833595
-0.2614181718488536, -0.013479675067959704, 0.33350170084695074, 2.676398138720717, 1.413024600082157, 0.030165077188510168
-0.261424064200869, -0.013484729794683806, 0.33348122856128176, 2.6763769818005825, 1.413004000871891, 0.03030836997298421
-0.26142352147588094, -0.013486611737828674, 0.3334862010059524, 2.676362082291635, 1.4130613919607422, 0.030254087962380702
-0.2614186640172969, -0.013481005182542898, 0.333496611198803, 2.6763791133784895, 1.4130314652029716, 0.030218029712152587
-0.26142299170118877, -0.013489541980023834, 0.333500617046463, 2.6763966683751246, 1.4130009140993507, 0.03020627285216313
-0.26141532038872584, -0.013468657550287092, 0.33350202089035763, 2.6764374054004487, 1.4130248343186589, 0.03018249908373048
-0.26142125407706335, -0.013488633939815371, 0.33349848693799733, 2.6763939200875884, 1.4130832517103464, 0.030188631601134296
-0.26142383459969093, -0.013476034940686972, 0.33349584115373687, 2.676414742904824, 1.4129901649066776, 0.030199770606692974
-0.2614250651163237, -0.013490529871732318, 0.3334998157296503, 2.6763848549233784, 1.4130947191368426, 0.03026042994435278
-0.26143121409206604, -0.013486008276206432, 0.33350630520448155, 2.6763723305829887, 1.413070044428798, 0.030198718128356165
-0.26141898943373887, -0.013485495044486765, 0.3334978304171988, 2.6763688488390205, 1.4130272167298408, 0.030201267127743184
-0.26141847683434116, -0.013474506419089056, 0.33349872659543744, 2.6764610722555444, 1.412950584497723, 0.030260765613664958
-0.2614259230201008, -0.013480235970636615, 0.33350738482316344, 2.67638081781973, 1.4130563467363364, 0.03016162655299637
-0.2614181122777596, -0.013478591668649887, 0.33350981239830213, 2.6764168061827793, 1.4130133604910904, 0.030184992668817006
-0.26141715011278205, -0.013479219574112503, 0.33347031035791885, 2.676397738933184, 1.4130153345321856, 0.03031074142502137
-0.26142655170198237, -0.013482655891554429, 0.33349285594422745, 2.6763999721781784, 1.4130426341787343, 0.030219666419765263
-0.2614162430158466, -0.013485227167553328, 0.3335041533202476, 2.6763638169403383, 1.4130868025243108, 0.030201150254053996
-0.2614205882832372, -0.013488384871084318, 0.33350815485028185, 2.6763537311439367, 1.4130821661082098, 0.03018302356110214
-0.2614172929554557, -0.0134824561182176, 0.3334991485687174, 2.6764039091652867, 1.4130879777355185, 0.030204699843322882
-0.26143088933724457, -0.013492266707368767, 0.33353180973833363, 2.676381525573743, 1.4130625651699766, 0.030077028491210755
-0.26142361499008293, -0.013484491259585346, 0.33351480989796817, 2.6763999725813505, 1.4130478255164023, 0.03014966082427155
-0.26143210921210797, -0.01349179832283385, 0.33352661141954354, 2.676400263945248, 1.413048903265407, 0.030132994386825377
-0.2614296965066573, -0.013485258937137177, 0.333508838355588, 2.676437999368147, 1.4130250415853844, 0.030189470010812926
-0.2614281189566792, -0.013492033276845554, 0.33351418449556697, 2.6763879695736468, 1.4130182201311603, 0.030186474053312144
-0.2614216346705173, -0.013480327641825052, 0.33350173987996656, 2.6764250086008454, 1.4129928678951282, 0.030258863523471555
-0.26143468265374054, -0.013486624321830334, 0.3335126506521668, 2.6763910226307783, 1.4130588549005363, 0.03021861864459115
-0.26141995512330396, -0.013483834244984037, 0.3335260900111985, 2.6763635676837416, 1.4130902041986344, 0.030145712205837706
-0.26142512175443433, -0.013492691340164644, 0.33352646642109873, 2.6763815387663543, 1.4130603329903717, 0.030115901035488047
-0.2614311798996667, -0.013486978431993372, 0.33352903077562623, 2.6764250695666787, 1.4131051750924644, 0.03011622192462605
-0.26142828859800227, -0.013485665212058046, 0.333533266120998, 2.676370496168849, 1.413053399074652, 0.030126119700099933
-0.26143434004575133, -0.013489683407804653, 0.33351409314356634, 2.676377215661921, 1.413010834749404, 0.030200198634227435
-0.26143131906984407, -0.01348607119100325, 0.3335302830858015, 2.6763978098115295, 1.4130258817524302, 0.030147047972025002
-0.26142717354890954, -0.013486233391544169, 0.33353693781625615, 2.6763513075028156, 1.413062544328665, 0.030142281470381966
-0.2614237194921775, -0.013476974874456243, 0.3335247926096253, 2.676410377735173, 1.4130567920237709, 0.030090788384452442
-0.26142932616364745, -0.013478612042880207, 0.33353790175262704, 2.6764464290863597, 1.4130156686603703, 0.030077448928868492
-0.26142543754526254, -0.013483187576241347, 0.3335220319041024, 2.676372556138451, 1.413075900120024, 0.03010786346342418
-0.2614360454244948, -0.013494860138147519, 0.3335259816206334, 2.676358236065113, 1.413023709593327, 0.030163642427592386
-0.26142417232299986, -0.013479424903319548, 0.3335291054508116, 2.6764060241036636, 1.413009978271954, 0.030146737951929476
-0.2614288614621799, -0.013488143873114502, 0.3335185084942882, 2.676372153461988, 1.4130718078175886, 0.030182796286705733
-0.2614370903799591, -0.01348998657363174, 0.3335180751518272, 2.6763926687082815, 1.4130788700592816, 0.030256578586672234
-0.2614287767847495, -0.013481549642973004, 0.3335207012261382, 2.676426513608441, 1.4131235801262825, 0.03016874663973166
-0.26143600200087846, -0.013491522761638394, 0.33353284302847486, 2.6764123628824947, 1.4130754851032108, 0.030151645532741862
-0.26143188871638384, -0.013489522528981918, 0.3335443600433421, 2.6763867890405355, 1.413126886555449, 0.030094440322273607
-0.261432208141732, -0.013488531065701737, 0.333545772938146, 2.6764234929365065, 1.4130891847043836, 0.030026286431415042
-0.2614368575676323, -0.013488720761392164, 0.3335292841210351, 2.676386691767141, 1.4131244129332792, 0.030128398855774167
-0.2614328971170106, -0.013480260395243021, 0.3335537706519928, 2.676478028293606, 1.4130355234868834, 0.03004598086452361
-0.261436490899939, -0.013486413862603462, 0.3335407965275698, 2.676432757807062, 1.4130859710849417, 0.03016999555834821
-0.2614371088472158, -0.013491935736241809, 0.33355800749836095, 2.676418767659815, 1.4131488740312808, 0.030026188063145363
-0.26144065459356053, -0.013489455682306133, 0.3335464859842689, 2.67643152466527, 1.4130697638583483, 0.03007932904156137
-0.26143537217800844, -0.01348910211224508, 0.33354737214001573, 2.6764274505046366, 1.4130252704299833, 0.03009778210969183
-0.26144641121979834, -0.013494367468101679, 0.3335455241933365, 2.6764163407032697, 1.413121223717873, 0.03011444345177464
