0.3016162460796541, 0.24130003864260144, 0.49366614392681263, 0.7967936886429642, 3.0357002766570336, -0.00643315927561491
0.30162148763829383, 0.24133109803096295, 0.49366101244201366, 0.7968143180600294, 3.0357031316876464, -0.006468876832598997
0.301616592160357, 0.24132574676892732, 0.49366991714566727, 0.7968277777069938, 3.0357540590090792, -0.006419951725454609
0.30162895222063824, 0.24131654829420227, 0.4936665494125011, 0.7968461032411376, 3.0356748961923747, -0.006440212920821447
0.3016268344426173, 0.24132714363012614, 0.4936429176818665, 0.7968975487161831, 3.0357254246195597, -0.006544831490833504
0.3016191438390353, 0.24132555790446922, 0.49368270650037405, 0.7968372885193448, 3.0357153955550897, -0.006378543288856992
0.30162354310222494, 0.24131443097407293, 0.4936709434388189, 0.7968349761195672, 3.035708736759066, -0.00640338523837032
0.301618276352831, 0.2413243757675585, 0.4936585432925851, 0.7968238711833443, 3.035739890895754, -0.006468064928538559
0.30162600721628846, 0.24131990323111968, 0.49366766153823605, 0.7968568284577734, 3.035714540016742, -0.006397001978892028
0.30162185948650166, 0.24130998341015977, 0.4936675045004655, 0.7969377540282722, 3.035729335891498, -0.006437555461297122
0.3016256794581798, 0.24132134370816494, 0.49366309440990336, 0.7968598588363939, 3.0357254153913495, -0.006390590162725562
0.30162232634662434, 0.24131269087706483, 0.493674334138611, 0.7968176048796685, 3.035717685461394, -0.006421692068802237
0.30163524250100443, 0.2413238147255764, 0.4936520511619333, 0.796846147824143, 3.035675655082061, -0.006499436824878581
0.3016276521620864, 0.24131452006231183, 0.4936654065899056, 0.7968578385344973, 3.0357226394731205, -0.006432255922942513
0.3016210278071496, 0.24132243278481297, 0.4936710935238218, 0.796878759431432, 3.0357246167318013, -0.006408055931072646
0.3016251409893852, 0.24132454207961057, 0.4936585387202469, 0.7968541169639308, 3.035703523568234, -0.006403363264794774
0.30161914034661536, 0.24130996390072795, 0.49366870312796607, 0.7968754833542732, 3.0357136295752993, -0.006413854735910976
0.3016151893196308, 0.24131801867946623, 0.4936606977767094, 0.7968397332645425, 3.0357282923421214, -0.00649198805323645
0.3016246266963178, 0.24132378714575997, 0.4936687928318982, 0.7968714894961687, 3.0356948633086085, -0.006385689295494844
0.30163372392192966, 0.24131753765456324, 0.493642910055934, 0.7968844566921888, 3.0357523509484743, -0.006532224362704418
0.3016169275712899, 0.2413223373765418, 0.49367663041158555, 0.7968374182954887, 3.035715474605001, -0.0063792771769344715
0.30162370774804276, 0.24131279581549955, 0.4936584382927172, 0.7968535956686575, 3.035704498561543, -0.006462631510112787
0.30162532763918304, 0.2413073772160444, 0.49365613832497374, 0.7968915373324995, 3.0357030175568642, -0.006498531688412706
0.3016284309187328, 0.24131377568441428, 0.49365402887526477, 0.7968387720221161, 3.0357243045563473, -0.00647389873227524
0.30161855266484944, 0.24130899796985283, 0.4936933872823665, 0.7968142636885076, 3.035700994933685, -0.006291372726941688
0.30163254712029586, 0.24132942357233206, 0.49364403270655405, 0.7968600076761778, 3.0357259909090644, -0.00644990220774407
0.3016244327501627, 0.241319767886318, 0.493654036552884, 0.7968700563600034, 3.035692630441063, -0.00648653224901992
0.3016337063191418, 0.24132135260941442, 0.4936598238526101, 0.7968536381692135, 3.035703761348679, -0.006403473037199105
0.30163327189792244, 0.2413148792920421, 0.4936610009642861, 0.7969139146885593, 3.0357120191735496, -0.006449842554093402
0.3016164590015236, 0.2413176657468432, 0.4937075672878787, 0.7968766194908862, 3.035716385279279, -0.006313470810855171
0.30161209396643, 0.24131148285630014, 0.49369475805865914, 0.7968294108947773, 3.03568610019791, -0.006356803969808297
0.3016245505385885, 0.24132172331309257, 0.49369522320896675, 0.7967739264881951, 3.0356964564479294, -0.006338653903061081
0.3016285979885717, 0.24132371685448537, 0.4936818491648113, 0.7968031510451671, 3.03573716478949, -0.0064322016401376775
0.3016284406165462, 0.24132338265564615, 0.4936965006905704, 0.7967613868140441, 3.0357231403280434, -0.006325927068335391
0.30161373159922, 0.2413156273692244, 0.493685764013324, 0.7968450336909381, 3.035744294810588, -0.006341748029141548
0.30161001015157646, 0.24129662945388516, 0.4937139912700907, 0.7967588595196147, 3.0357156319187575, -0.006290647487077907
0.3016118457773079, 0.24131495646371467, 0.4937053383604813, 0.7968168296545266, 3.0357126625038577, -0.006343268995253314
0.30161530577492857, 0.24131216320450002, 0.4937007751534313, 0.7968351515103209, 3.03570783728219, -0.006343321070249968
0.3016143509701051, 0.24130679412135697, 0.493700205893072, 0.7968395510898009, 3.0357263186900667, -0.006314325372696291
0.30162568996439176, 0.24131161608935559, 0.49372467345546894, 0.7968521297996014, 3.035619307554636, -0.006209783186976686
0.3016095976934727, 0.24130196122435932, 0.49371871610953455, 0.7967931487301806, 3.0356991460410105, -0.006314472925472646
0.30161416583506095, 0.24128108522101208, 0.49372030742400436, 0.7969043891029547, 3.035672480951679, -0.0062137514588773675
0.3016341655503384, 0.24131033236350027, 0.4937009178114355, 0.7968608580603792, 3.035657951636625, -0.006327434070751211
0.3016186264269947, 0.2413188499359026, 0.4937098713051596, 0.7968355186199146, 3.035707031767806, -0.00628406379362497
0.301615787430071, 0.24130909150984198, 0.49369260943609095, 0.7968319965859515, 3.035697951400577, -0.006409649699094479
0.3016145242318006, 0.24130717811378768, 0.493710702758195, 0.796882115732024, 3.035664049674943, -0.006321508808096247
0.30161708771842005, 0.24130500547592776, 0.4937061357118687, 0.7968487106058784, 3.0356845889059882, -0.006315212622910588
0.30162030357280123, 0.24131944866128122, 0.49369635113003096, 0.796818219208557, 3.035720766306041, -0.006379263401265463
0.3016197136758684, 0.2413068781884941, 0.49369226737516525, 0.796846210068535, 3.035673408965187, -0.00632171934311355
0.3016110102084094, 0.24130990688271556, 0.4937095752131286, 0.7968282027103477, 3.035682383627466, -0.006339135804147725
0.3016201426744845, 0.24130538083142844, 0.4937152466967726, 0.7968873318263425, 3.035681003480432, -0.006231287177102271
0.30161898381887836, 0.24131361765001516, 0.4937042105434568, 0.7968634416372261, 3.035664416706787, -0.006302572609283136
0.30161889085558347, 0.24128422281442846, 0.4937069491532914, 0.7968669877980992, 3.035684093233018, -0.006332943026985347
0.3016246029989623, 0.24131001758259366, 0.4937030117165539, 0.79688888416099, 3.0356897762877826, -0.00632645105566334
0.3016266556264177, 0.24129936131095564, 0.49372095279068134, 0.7969114888809216, 3.0356239306629824, -0.006239281239916699
0.3016126275721356, 0.24129452128792928, 0.49371511501695664, 0.7968337594372151, 3.0357034769010336, -0.0062665563012817005
0.3016206762378953, 0.24131029797316259, 0.4936939422455853, 0.7968343158500872, 3.0357091167161037, -0.00640326707520055
0.3016106857089095, 0.24129561547881287, 0.4937229558467333, 0.7968613234441013, 3.0356560693710275, -0.006208136181720112
0.30162181673372557, 0.24130022123858333, 0.4937118341416917, 0.7968232867875196, 3.035663914224288, -0.006310486774247858
0.30161508642762885, 0.2413137330114762, 0.4937075896141773, 0.7968362883343948, 3.035710977601136, -0.006301666499641322
0.3016130054540352, 0.241302899398628, 0.49370050083050376, 0.79685449935008, 3.035705993895884, -0.006301025801360517
0.30163005937329, 0.2413160013198097, 0.49369634690365344, 0.796848567380551, 3.0356844193145998, -0.006314620928095722
0.3016111914780957, 0.2413256484311216, 0.49369731332849076, 0.7967132496832344, 3.035763465765074, -0.006331259116410932
0.3016168772516648, 0.24130676331718173, 0.4937061472651771, 0.7968030410616589, 3.0356615583943216, -0.006334456115136059
0.30162976396986974, 0.24132145643061262, 0.49371245310337925, 0.796845120240352, 3.0356695382853816, -0.006303324195754246
0.30161225622678384, 0.2413116763050195, 0.49371183031615945, 0.7967896728001016, 3.0356842336844547, -0.006303999043553841
0.30161565672495816, 0.2413283134064438, 0.49368699702552016, 0.7968190370508003, 3.0357205330428263, -0.006379900072428701
0.3016232400493087, 0.2413140744170812, 0.49367223696659496, 0.7968569892596942, 3.0357197757404872, -0.006474422605684541
0.3016225984115049, 0.24130520633253522, 0.49370190648594153, 0.7968678473474433, 3.0356835519965246, -0.006332152366219955
0.3016228725090593, 0.24131530429921988, 0.49369370273630353, 0.7968894104972638, 3.035689504292479, -0.0063264411161167555
0.30161549199349635, 0.24130084598474036, 0.4937016294597848, 0.7968302612096371, 3.0356943735029165, -0.006392068813261136
0.3016311105010058, 0.2413097627246048, 0.4936986099555846, 0.7968321144767063, 3.035697334376618, -0.006350582661445463
0.3016261385395209, 0.24131032318118298, 0.4937041881634881, 0.7969036154823053, 3.035669964793783, -0.0063144918908486156
0.3016164152023244, 0.2413215846530799, 0.49368711207158644, 0.7968182149371463, 3.0357163009169406, -0.006360955849520267
0.3016243261433421, 0.24130390410412234, 0.49369599578092516, 0.7967896252015295, 3.0356851587134694, -0.0063634024549563475
0.30161430947901724, 0.24132627662612258, 0.49370531192225536, 0.7967963695442156, 3.035705505534121, -0.006290465235699258
0.30161346437971176, 0.24129960092636762, 0.49369932061020505, 0.7969158458633607, 3.0357174959981226, -0.006306491535517827
0.30162460162955773, 0.24131583501500897, 0.4937178248779388, 0.7968453633672643, 3.035668734013039, -0.006244083626750575
0.30162465115272397, 0.2413160407299848, 0.49369179169862454, 0.796870570268255, 3.0356953619178353, -0.006385628884763554
0.3016253554851992, 0.24129733333203884, 0.4937198098805444, 0.796850506070194, 3.0356908589452916, -0.006231436810869874
0.30161657464700276, 0.2413080453239876, 0.49370842831952616, 0.7969074416094507, 3.0356839242061104, -0.006266419675347451
0.30162333371160877, 0.24131998306708627, 0.49369861380647595, 0.7967927313244554, 3.035695860128309, -0.006356903306709502
0.3016168745428801, 0.24130457574711364, 0.49372665439559743, 0.7968605860407176, 3.035652126235959, -0.006190527560251266
0.30161530209418613, 0.24130241733274413, 0.49369002682813146, 0.7967948580328004, 3.0357026566104452, -0.006332269631421896
0.3016144333998465, 0.24131683386666655, 0.4937098868679109, 0.7967959105596653, 3.0357109567019753, -0.006367943647896933
0.3016168704807793, 0.2413124979426477, 0.4937075972385488, 0.7968851453487734, 3.035674770646777, -0.0063143870199601345
0.3016210877852802, 0.24130493611062434, 0.4937007751534313, 0.7969080709612333, 3.035688695658241, -0.006343320785330011
0.30161681733183837, 0.2413202438463907, 0.49370301551632945, 0.7968133536866976, 3.0356979568435274, -0.006332765083842826
0.30162633289498947, 0.24130871793432343, 0.4936973286156639, 0.7968471617048316, 3.0356815876693215, -0.006356937876244909
0.30161665160980583, 0.2412907217783056, 0.4937062033571554, 0.7968901992300322, 3.035697680365914, -0.006360969050846128
0.3016148987121112, 0.24130960349296307, 0.4937129991394212, 0.7968468135624812, 3.0356765978445726, -0.006279232309685923
0.3016253825018371, 0.24131705459615982, 0.493704300707153, 0.7968128746163842, 3.035698193568474, -0.006332875452709681
0.30161832328375104, 0.24131071288673575, 0.493698497840313, 0.7968587664677831, 3.035726021283474, -0.006390407260415504
0.3016183099935815, 0.24130856660652425, 0.4937323229058102, 0.7968453148546473, 3.0356679711829586, -0.006184859911136739
0.3016192483918768, 0.24131211849080783, 0.4937030868100908, 0.7968429371180967, 3.0356623854702995, -0.006326571180302829
0.301610166722968, 0.2413027815878683, 0.49371415293823223, 0.7967932797408084, 3.03569907065888, -0.006314496368825909
0.30161776789065686, 0.24131968773335188, 0.49370871011966533, 0.7967179830599852, 3.035707286073566, -0.006321724657478898
0.3016164149078807, 0.24129806702119122, 0.49372778578085147, 0.7969024442305429, 3.0356654135609116, -0.006237628190646683
0.30160843665579695, 0.24130408099077336, 0.4937198360439357, 0.7967981015973731, 3.0357169959494947, -0.006284067636999968
0.3016121087950936, 0.2413190802655679, 0.49372583076847637, 0.7967257806918188, 3.0357351201974976, -0.006224181065964644
0.30161965432950383, 0.2413165657604168, 0.49369732476476086, 0.7968505787987544, 3.035692301648282, -0.006350386523752479
0.30161851543603513, 0.2413071149802947, 0.49370534216024103, 0.7968315294413951, 3.035697284111142, -0.006349727660821829
0.30161692630998005, 0.24131635801258725, 0.4937053266401896, 0.7967797673167553, 3.0357173660554855, -0.0062658771552217786
0.3016242781831113, 0.24131741058266576, 0.4936815339068515, 0.7968376185503964, 3.0357197331499757, -0.006396960216931558
0.3016157808378664, 0.2413089061854756, 0.4936996399972082, 0.7968780442726102, 3.0357241587009853, -0.0063480485495302115
0.3016143575248205, 0.2413049893055994, 0.49370710683810376, 0.7968042361993956, 3.0356644649089, -0.006292127562556635
0.3016100564723182, 0.2413026501721558, 0.4937025438525241, 0.7967952102404605, 3.035706960709034, -0.006350443535373205
0.3016203553726552, 0.24131172999023456, 0.4936891475853848, 0.7968192671490008, 3.035724811286906, -0.006397652143118168
0.3016217119545519, 0.24131363118896618, 0.4937030117165539, 0.7968337937302058, 3.0357042630116586, -0.0063264805794862105
0.30161947105009546, 0.24130644689171715, 0.4937312029198092, 0.7968584509561493, 3.035645349496702, -0.006215236272582206
0.3016136266459872, 0.24129998843164624, 0.4937095897550284, 0.796829689546899, 3.035689472910822, -0.006314519956063061
0.30162187298565435, 0.24130601408428065, 0.49371897494717165, 0.7968678778942043, 3.035682790895298, -0.006272917095672442
0.30161531018328647, 0.24130443567738302, 0.493713029125875, 0.7967457284617079, 3.0356639033703448, -0.006280325205736312
0.301614309151841, 0.2412951725200146, 0.4937265157058942, 0.7968726782097988, 3.035626577770262, -0.006263219209561531
0.3016238146283698, 0.24131096140625777, 0.4937075864001956, 0.7968438350303758, 3.0356667392878838, -0.006345606202169967
0.3016252259045043, 0.24131109647171842, 0.49369733631840057, 0.7968051139312506, 3.0356693171032316, -0.006369744975515622
0.3016193047088893, 0.2413141756799621, 0.49369507359002324, 0.7968312221092997, 3.03569400908323, -0.006392045997428724
0.3016081718794293, 0.24130956759433878, 0.4937059677906511, 0.7968323986034352, 3.035696057776964, -0.006290458911569043
0.3016323330423995, 0.24130573842488945, 0.4937053272753009, 0.7968757852674142, 3.035638169035078, -0.006316224298461245
0.3016225995358355, 0.24131301671628816, 0.49370301551632945, 0.7968678231630545, 3.0356836841696135, -0.006332794000857245
0.30162364665808883, 0.24133026229989862, 0.4936759346142432, 0.7968379583141147, 3.035720559819824, -0.006456727958456756
0.3016246046874904, 0.2413217878845454, 0.4937009139857805, 0.7968460557960854, 3.0356733076799265, -0.00632091660518261
0.3016198195194929, 0.24132271191944282, 0.4936974862872067, 0.7967753556551161, 3.035704552505385, -0.006374472229214066
0.30161852392383853, 0.2413051759404927, 0.4936959306923824, 0.7968468564791036, 3.0356772726637526, -0.0063385887266733595
0.301613738900111, 0.24130609989116283, 0.4936925030330178, 0.7968123324137836, 3.035698972361097, -0.006392086934662839
0.30162040841786036, 0.24130398425387414, 0.49369372927871163, 0.7968733329357249, 3.035706302294003, -0.0063793023544204954
0.30160947221004253, 0.2413076081376257, 0.4937221026743324, 0.7968246012968837, 3.035666607568225, -0.006267998988672186
0.3016100564723182, 0.2413026501721558, 0.4937025438525241, 0.7968132983407704, 3.0357021881113213, -0.006350414942840236
0.30161145996432964, 0.24131040760488498, 0.493700205893072, 0.796876710202485, 3.035716464098401, -0.006314210280729908
0.30161714176845267, 0.24130506990161857, 0.49371182646543443, 0.7968843019124515, 3.0356710801787146, -0.006297533505555656
0.3016178976775744, 0.24130611862858636, 0.4937243806763706, 0.7968262116671326, 3.0356738475879683, -0.006244077875999431
0.3016191943681719, 0.24131185978459346, 0.49370419906823326, 0.7968349501804353, 3.035707014743853, -0.006283446473722104
0.3016158105344326, 0.24129921707401117, 0.49371299938955476, 0.796800601419899, 3.035729045978181, -0.00633769791287652
0.30161462438490905, 0.24130528879017588, 0.4936990821729666, 0.7968562795530165, 3.035714347251928, -0.0063383293446734445
0.3015981708503686, 0.2412909672555668, 0.49382897552278515, 0.796788982130312, 3.035601583438303, -0.005949422277826764
0.30160441119949466, 0.24129020197560191, 0.4938029236811595, 0.7968010808009608, 3.0356499611307304, -0.006000794284533258
0.30162237760456134, 0.2412890983425127, 0.49378266939108434, 0.7968000190790687, 3.0356479039969084, -0.006102546377254454
0.30161384237298816, 0.24129625906521235, 0.49371149689042004, 0.7968880678636729, 3.035684946390695, -0.006248896233404769
0.30161100551400594, 0.24129235099298518, 0.4936977175884812, 0.7968429213129912, 3.035662561937616, -0.006327356266776652
0.3016111401495666, 0.2413042259870966, 0.49368772667509553, 0.7968333182463144, 3.035700941104669, -0.0063680533978431805
0.30161514988149535, 0.24129233020164018, 0.49372977814230773, 0.796856765758301, 3.035637328359155, -0.006179411964263727
0.30162176660539, 0.2413098749950408, 0.49369282898874933, 0.7968281756699684, 3.0356820064674697, -0.006337931855924766
0.3016091213449591, 0.24130325525296265, 0.4937219976507857, 0.7967448715114315, 3.0356599925648116, -0.006262627625548158
0.3016189783620295, 0.24129988200689542, 0.49370822674607007, 0.7968455700757638, 3.035672814453974, -0.0062617804591861915
0.30161239377049903, 0.2413040264513417, 0.49369212792754635, 0.79678937185389, 3.0356798532021667, -0.006285860541191807
0.3016234612808725, 0.24129863135326243, 0.4937013899758419, 0.7968302406055348, 3.035689519407456, -0.00631538177741107
0.30161513794589956, 0.24129823410420237, 0.49368771905027137, 0.7968754695147932, 3.0357132343294677, -0.006355303606793798
0.30160963212695757, 0.24129223865318097, 0.49371361337615977, 0.7969165136450379, 3.035646715144562, -0.00628630696186031
0.3016096361746631, 0.24130381695209396, 0.49371854673782894, 0.7968289000650748, 3.0356803028469144, -0.006219379446653758
0.30161535949645335, 0.2413102947895326, 0.49369705438708067, 0.7967938496581939, 3.035698766361941, -0.006314585278003426
0.3016143032017714, 0.24129714441356154, 0.49368874907788424, 0.7968252261430945, 3.0356713180869095, -0.006345025191520476
0.3016216560245481, 0.24130974310144218, 0.49368121980706947, 0.7968854550869175, 3.035675290903779, -0.00637379128453652
0.3016080605705356, 0.241303485985482, 0.49371149689042004, 0.7968335984459892, 3.0356992197383508, -0.00624886737619642
0.3016116250886526, 0.24130877311753643, 0.49368770069643897, 0.7968399817076377, 3.0357268319204707, -0.006373543699790097
0.3016164767577041, 0.24130989816926493, 0.4937013593772885, 0.7967868339905656, 3.0356680983964073, -0.006233039145627528
0.30161152075166986, 0.2412968996605619, 0.49371512264113093, 0.7968467001712266, 3.035676698140362, -0.006279276952388343
0.30161357220550455, 0.24130371699419015, 0.49369570998040685, 0.7968546682215308, 3.035706073215239, -0.006301754095898436
0.3016053316922031, 0.24129951248366796, 0.4937159021859438, 0.7969053268530887, 3.035676165886906, -0.006231136806283841
0.30160317507415885, 0.24131009218170674, 0.4937115007150012, 0.7967755070676873, 3.035702732158242, -0.0062552751593214755
0.3016124094227633, 0.24130204121054022, 0.49370479130537737, 0.7968725269760658, 3.0357016089399482, -0.006302382663734218
0.30162103544525903, 0.24128936127447875, 0.49369444373166504, 0.7968396744652692, 3.0356517725075878, -0.0063339268787475506
0.3016164101463315, 0.24130784919469228, 0.49369112835442425, 0.7968007052086398, 3.0357246046151447, -0.006320160824286701
0.3016133354171155, 0.24130328233137174, 0.4937046256945449, 0.7968685077801401, 3.0356816593234432, -0.006213719053135733
0.3016190364521565, 0.24130592885769453, 0.4936854490543249, 0.7968660595173391, 3.0356764465722446, -0.00635690948520548
0.3016168157195811, 0.241316420441669, 0.49368691440769347, 0.7968268075398579, 3.0356749494997883, -0.0063625128445291635
0.3016148723582125, 0.24130574502792274, 0.49369685284007064, 0.7968422126642375, 3.035658521318512, -0.006309712989799261
0.3016106811916934, 0.2413075245134097, 0.4936889069721994, 0.796789698972798, 3.035684760633445, -0.006362559331146666
0.3016148778177325, 0.24129200601298714, 0.4937010964769381, 0.7968065485924197, 3.0356713327176474, -0.00626830868392998
0.3016107378222177, 0.24130556648540258, 0.4936718232093608, 0.7968012798948775, 3.035729021519867, -0.006396302164480664
0.30162271378030847, 0.24129558592638145, 0.49370276743675034, 0.7968986699503006, 3.035651090341995, -0.006285102501263288
0.3016054663407142, 0.24130380153637884, 0.4936864412480933, 0.7968150883354608, 3.0357056905927218, -0.006368030283195696
0.30161179419002443, 0.24129539436397984, 0.49371399892043144, 0.7967711796730811, 3.035689066730583, -0.006303427071688733
0.30162937997130035, 0.2413150494135918, 0.4936893009511556, 0.7968691785821755, 3.0356874210024576, -0.006350514834449396
0.3016054189640079, 0.241303598369541, 0.4937127018687221, 0.7968444698296371, 3.035664495109867, -0.006225693125795916
0.3016175215408838, 0.24129189605418896, 0.49370011915611156, 0.7968871651377255, 3.0356817539221836, -0.006290631526369183
0.3016080104301938, 0.24131718429463778, 0.493690004647043, 0.7967255991227463, 3.035736713153485, -0.006344137512168928
0.3016141468998771, 0.24129877265128352, 0.49370125437811113, 0.79678921243948, 3.0356800264178396, -0.006285871491311465
0.30161136087606416, 0.241306451238819, 0.493672950703391, 0.7968004645493416, 3.035725078788167, -0.006378704238931761
0.3016124190890337, 0.24130007476675952, 0.4937071651510697, 0.7967939959858259, 3.035697796573342, -0.006254737583189864
0.3016105526110303, 0.241299438677494, 0.4936965370832682, 0.7968036048673713, 3.0356603703382863, -0.006274588144229248
0.3016043843611135, 0.2413138015892437, 0.4937059639659936, 0.7967621181533688, 3.0357262663430267, -0.006284081626197554
0.30160984450212525, 0.24129447077332689, 0.4936988374704306, 0.7968109751867629, 3.035690147938207, -0.006297010014406133
0.3016101180870515, 0.24130074563376186, 0.4937103807810789, 0.7968622849471587, 3.0356607784452128, -0.006285649619696481
0.3016114101862221, 0.2412889880071254, 0.4936908465132007, 0.7969052129793365, 3.0356779316754166, -0.006350442977205155
0.30161330760528193, 0.2413054102209444, 0.4936900306790948, 0.7969014696153681, 3.0356627598205357, -0.0063384735652313685
0.3016102496105435, 0.24129908218893975, 0.49369783042680293, 0.7967706301757067, 3.0356859213234744, -0.006345710898800866
0.3016118789908447, 0.2413032708077513, 0.4937023819623874, 0.7968063825534156, 3.0356712883359442, -0.0062681872572841356
0.30161103874500766, 0.24130395842869887, 0.4937082965484708, 0.7967536705254101, 3.0356926280012626, -0.006243512843669928
0.3016237080690398, 0.2413146277835061, 0.49368824339134637, 0.7967959231844812, 3.0357065251098425, -0.006349873761137246
0.3016071190344539, 0.24130423017972785, 0.493698999248252, 0.7967725496383369, 3.0356926401085484, -0.006320979862043753
0.3016127383837775, 0.24129680953574645, 0.49368192695650426, 0.7968486692177956, 3.0356850071346795, -0.006373842493230174
0.3016098928177626, 0.24130029978275455, 0.4936944207417266, 0.7968025395756474, 3.035731532245074, -0.006295410289544453
0.30160779076796235, 0.2412876506905974, 0.4937180224131899, 0.7968030459411874, 3.0356609271154253, -0.006275238517942388
0.30162349662599375, 0.24130838119327402, 0.49369394888407586, 0.7968701314539773, 3.0356901426940057, -0.0063075257737210235
0.3016201195578778, 0.241309335296658, 0.49370043710127776, 0.7969011193106156, 3.0356580372519066, -0.006261675759086817
0.30161754820222675, 0.24131161649312735, 0.4936846104552019, 0.7967945439052727, 3.0357035945709847, -0.006392157088155004
0.3016212496476813, 0.24130319666708205, 0.4937084359438409, 0.7968464262125474, 3.0356767581490773, -0.006279372169745278
0.30161781425514933, 0.2413139125396379, 0.4936755251821171, 0.7968345720797126, 3.035704500398914, -0.006385006551201774
0.3016176039691432, 0.24131547647237425, 0.493682339675811, 0.7968537688840114, 3.035702759900458, -0.006343387293386182
0.30160806675203233, 0.2413172514632269, 0.4936959230416339, 0.7967246149358337, 3.035732690795436, -0.006325811425318261
0.3016125215636085, 0.24130616249444153, 0.4937016360140298, 0.7968478124719163, 3.0356802351938152, -0.0062961778753217856
0.30161673653597354, 0.2412985981628867, 0.4936945862595539, 0.7968888637367235, 3.0356895424371806, -0.00632578756482407
0.30161141513979334, 0.24130651597847028, 0.4936786414773357, 0.7968729559863571, 3.0357018336706827, -0.006360967389638777
0.30160903618891716, 0.2413129074111526, 0.4936911620504248, 0.7967517902288773, 3.035686396670659, -0.006327363832823097
0.3016243278521218, 0.2413076995110658, 0.49368803426358, 0.7968863335769929, 3.035678549847271, -0.006332195008358343
0.30162359740671496, 0.24131449577111136, 0.4936766342116541, 0.7968340298403638, 3.0357048694365276, -0.006385763920617578
0.30162565515453155, 0.24131156136594792, 0.4936823211854899, 0.796799518557327, 3.035721508252915, -0.006361885444956952
0.3016285984609942, 0.24130222678630794, 0.49370990514785185, 0.7968407601065999, 3.0356548331544313, -0.006291527815930413
0.3016149274601916, 0.241313619868508, 0.49370365278111417, 0.7967681671969423, 3.0356740665570836, -0.0062928498955530645
0.3016146869493269, 0.24129557661138015, 0.49370603756623604, 0.7968491784577473, 3.0356874451955105, -0.006272306620824731
0.30161587257382483, 0.24130725490330682, 0.4936947618843909, 0.79682664335809, 3.0356752807574625, -0.006363232978613635
0.30161403409528986, 0.241314345253922, 0.4936834829617294, 0.7968140677487845, 3.035702550201153, -0.006409667857059806
0.30160566109709713, 0.24131958980530585, 0.49369910031921027, 0.7967736906604379, 3.0356914506771386, -0.006261652782651087
0.30161219877280726, 0.24129601865474756, 0.49369213584961263, 0.7968476246022974, 3.0356813727996994, -0.0063569017476818096
0.3016184382033049, 0.241322607675114, 0.49367776171804584, 0.7967968328520303, 3.035710425986336, -0.006368108694653906
0.3016149286242733, 0.2413058121113935, 0.4937027712623622, 0.7967862414264947, 3.035669007136128, -0.006291475128687417
0.3016284143030282, 0.24132138436076453, 0.4936986020335527, 0.7968656453925754, 3.035671546768659, -0.006279338228316132
0.30161374203577357, 0.24129036811666957, 0.49371045051111895, 0.7968424246334822, 3.0356617839322158, -0.006267499177621541
0.3016179790982649, 0.2413141091741771, 0.4936928251378121, 0.7968128837504381, 3.0356977070839903, -0.00633146757368446
0.3016258970913687, 0.24131597844484584, 0.493664241688693, 0.7967985487220851, 3.0357192422407597, -0.0064633929598330924
0.3016202538881996, 0.24130368217786818, 0.4936970505872576, 0.7968700007937097, 3.0356903725592823, -0.0063082125361195954
0.3016204978257126, 0.2413001460277468, 0.49370935819398476, 0.7968606676753024, 3.035652956817858, -0.006250588790847865
0.3016045217470607, 0.24129859320131755, 0.49369085418992964, 0.7968083338805655, 3.035680029721231, -0.006363221005918841
0.3016084172889271, 0.24129448821505034, 0.49370223957075177, 0.7968398214291045, 3.0356518214597514, -0.006334413961249806
0.3016166585481993, 0.24130431834454125, 0.4937038911707576, 0.7968462841925781, 3.035672371181825, -0.0062610402050770056
0.3016280067888402, 0.24130333583745936, 0.49367665654014536, 0.7969035177493056, 3.035670583929261, -0.006373901584332684
0.30161035774704636, 0.24129921109752292, 0.4937092119326694, 0.7968602627844763, 3.0356540367714597, -0.0063103226465716705
0.3016104675209917, 0.24129535545255, 0.4936999650418303, 0.7968101597667974, 3.0356862045833073, -0.006279412450643065
0.30162538033097125, 0.2413054502743763, 0.49367553285920257, 0.7968651837945901, 3.0356732076325263, -0.0063978707808385925
0.3016210296816577, 0.24129512561325428, 0.4936843360522503, 0.7968871735388063, 3.035682515188942, -0.006349861285656584
0.301608333894466, 0.2412942005556825, 0.49369770611211644, 0.7968327486484322, 3.0357001609524477, -0.006308207069331814
0.3016254596560096, 0.24128206343482825, 0.4937103846066135, 0.7969138296478191, 3.0356358253189897, -0.0062922250844479125
0.301612146575851, 0.2413075299987911, 0.4936911505738539, 0.7967968098999907, 3.0357095330736064, -0.006308242647080089
0.30161062708779496, 0.24130726589663548, 0.4936900192033918, 0.7968374240073087, 3.0357146909097894, -0.006319346817870324
0.30160936369353336, 0.24130349213636784, 0.4936898651468405, 0.7968148589746922, 3.035704760375475, -0.00630821966641766
0.3016157329071148, 0.24130689984109321, 0.4936843100591174, 0.7967840172903153, 3.035737283432879, -0.006355408774913899
0.30160490510485305, 0.24130101248541416, 0.4936931505434692, 0.7967726415636606, 3.035692564477584, -0.006321008892795376
0.30162811862722066, 0.24131127822983547, 0.4936893747750248, 0.796846575828376, 3.035677336117974, -0.006338683221690899
0.3016280067888402, 0.24130333583745936, 0.49367665654014536, 0.7968485304792254, 3.0356850941880444, -0.006373988722537697
0.3016240598081252, 0.2412956598639156, 0.4936865988073409, 0.796916310842443, 3.0356431944427453, -0.006327415151199889
0.3016085736939504, 0.24130044616610846, 0.4937092042563646, 0.7968294938267972, 3.035685470758526, -0.006297574033925972
0.3016207053029384, 0.24131029897995968, 0.4936755251821171, 0.7968527629186236, 3.0356997506108154, -0.006385035214955887
0.30160952014415676, 0.2413096442879647, 0.49369002682813146, 0.7968315523416944, 3.035692874971174, -0.006332096401947224
0.301609629514317, 0.24130395570614774, 0.49368659536873905, 0.7968735419884281, 3.0357060846960793, -0.006379222459490479
0.3016202813620475, 0.24129988794729929, 0.49368659498154743, 0.796882541063133, 3.0356636556178076, -0.0063210438979437724
0.3016105270371339, 0.24130915535999994, 0.49370163986485605, 0.7968267232181822, 3.0356740344367426, -0.006302584209340888
0.30162143873643743, 0.24130948381033426, 0.4936584567178443, 0.7967250002054763, 3.0357340976022797, -0.006444535783189058
0.3016194102900126, 0.24129655703506683, 0.4937016283895625, 0.7968166272412792, 3.0357119270375423, -0.006283600986586493
0.30161114116362797, 0.2413120362722067, 0.493688835827162, 0.7968517437951187, 3.035696204651159, -0.006368666063745968
0.30161447190793295, 0.24131090925175683, 0.4936970505872576, 0.7968517074466425, 3.035695100127579, -0.006308126554138839
0.3016154641754677, 0.24129483057779022, 0.49369443217801096, 0.7968670509252183, 3.0356795297750994, -0.0063145958107553544
0.30160936055219806, 0.24129753964868472, 0.4937067758064995, 0.7968322536579029, 3.035695413684998, -0.006231357211598557
0.3016090075603747, 0.24130889125128988, 0.4937005084550124, 0.7967935375044098, 3.03569866413181, -0.006313805309866068
0.3016247370223094, 0.2412966091312122, 0.4936934171802424, 0.7969145492767261, 3.0356353835687333, -0.006292196602464377
0.30162176449913575, 0.24130395237716995, 0.49369818194558196, 0.7968475036890106, 3.0356805507196265, -0.006297016626341428
0.3016149216914779, 0.24131373080293544, 0.4936834867876034, 0.7968477348113333, 3.035682066300724, -0.006415981093436422
0.30159719504771737, 0.24129557818185435, 0.49371575195826495, 0.7967798313715226, 3.0357218997563975, -0.006284760604015327
0.3016257384798663, 0.2413096650766429, 0.4937075894470912, 0.7968818253010369, 3.035658905272424, -0.006243431632197664
0.30161308830549866, 0.24130698009705873, 0.4936968451635142, 0.7968664310841361, 3.0356754463401887, -0.006296876885114024
0.30161214324864366, 0.24129379726154954, 0.49369539419788105, 0.7968892375352559, 3.0356886632891977, -0.006266569860141794
0.301612542484935, 0.24129063212738808, 0.49371173996562645, 0.7968485255519597, 3.0356887411867914, -0.006332128564146142
0.30162222326101557, 0.24130676784721083, 0.4936846181582299, 0.7968438644286688, 3.035667315120522, -0.0064049340529817545
0.3016176803933829, 0.24129805078488958, 0.4937005084550124, 0.796885009115086, 3.0356746778080232, -0.0063138332644735295
0.3016046345077156, 0.2413162505302034, 0.4936900306790948, 0.7967372843275179, 3.035705931485458, -0.006338561077106689
0.30161865178949676, 0.24129569923320773, 0.49368204360247664, 0.7968460648319315, 3.0356784796335905, -0.006398568842885201
0.301620683054483, 0.2413296501365834, 0.4936812943354207, 0.796819821907792, 3.0357193703683594, -0.006320070880134506
0.30160730737661273, 0.24130838923243556, 0.4936820321255171, 0.7967820441648297, 3.035730136768643, -0.006379332708574128
0.3016111959319325, 0.24130808598911707, 0.49368545596012364, 0.7968006550457751, 3.035724351568952, -0.006319428244473404
0.3016200632652098, 0.24130926817631984, 0.4936945186531006, 0.7967740405036858, 3.035695849258385, -0.006280205269025208
0.30161954432160054, 0.24131241880499119, 0.4936766450639724, 0.796838905464007, 3.03572256476154, -0.006354659845963527
0.30161560045518754, 0.24131847554332175, 0.49368234347580175, 0.7968327077965053, 3.0356966674230557, -0.006349730011119178
0.3016174137049571, 0.24129974149509228, 0.493694601613091, 0.7968410467170854, 3.0356554792577657, -0.006351401462211049
0.3016168789766871, 0.24131055888032713, 0.4936981857964452, 0.7968082238465711, 3.035679099983509, -0.006303394432389047
0.30160824882412945, 0.2413000587680271, 0.4936750597499578, 0.7968897975345267, 3.035694260457511, -0.0064032157089466
0.3016054197912363, 0.24130176801211717, 0.4936828965235252, 0.7967190926653809, 3.0357107688184866, -0.006338740250281108
0.3016208156493786, 0.24130859903139404, 0.49365732926255285, 0.7967800797006471, 3.0357237223403994, -0.00646204807568639
0.30160647490754233, 0.24131488852533986, 0.4937027597861994, 0.79679539745021, 3.0357014070407726, -0.006272179553199747
0.3016239218709709, 0.24129932231333728, 0.4936854452033041, 0.7969053399954349, 3.0356778970010665, -0.006350531730404548
0.3016134080242968, 0.24129972777218417, 0.49368659916870333, 0.7968888621349708, 3.035690492289028, -0.006385622356218314
0.30162060210985536, 0.2413004457429475, 0.49367745818023717, 0.7968687715508703, 3.035688380216121, -0.006410487705080245
0.3016110628752209, 0.24130595415017558, 0.4937059677906511, 0.7968505893004777, 3.0356913076535608, -0.006290487657553265
0.30161862431524195, 0.24129949346256083, 0.49369249918204977, 0.7969069625302064, 3.0356858178228183, -0.006385621766086702
0.3016215981333979, 0.24129996061811823, 0.493688843503959, 0.7968090213686557, 3.0356843128205657, -0.006381704283511735
0.30162059766292243, 0.24131797971406485, 0.4936652526669872, 0.796817731423029, 3.0357173535406297, -0.006420978014065824
0.30161817800839985, 0.24130458238303762, 0.49370502261923177, 0.7968791079264974, 3.035647836455859, -0.006249819896651132
0.3016124661989497, 0.2413140998025312, 0.4936900238524555, 0.7967846292205105, 3.035662908238291, -0.006376005551557442
0.30162184730279595, 0.2413080330853324, 0.49369452632968885, 0.7968782470139035, 3.035645039424128, -0.006292837433517375
0.30161830494450587, 0.24130887283939517, 0.49370535371363217, 0.7968046706799435, 3.035669289858645, -0.006368941083831742
0.3016041707791318, 0.2412940463656876, 0.4936975519265101, 0.796866182836492, 3.035675520994094, -0.00629687019410371
0.30160390046587493, 0.24130928435753954, 0.49369443217801096, 0.7967942881562775, 3.035698529655181, -0.006314480555089609
0.3016131445716353, 0.24130704718063983, 0.49370276358594484, 0.79681009749117, 3.0356860279629845, -0.006278638804740935
0.30160398534526606, 0.24131317348932937, 0.4936978072677038, 0.7968156982362306, 3.035703721580601, -0.0062488517044748185
0.3016147332096397, 0.2413015972023231, 0.49369459005940974, 0.7968678027453919, 3.035683450321639, -0.0063321305100246025
0.30161325341827594, 0.24130534559336636, 0.49368433990328064, 0.7967928028399531, 3.0356955506463694, -0.0063562688513754345
0.30161787147681907, 0.24130226045517966, 0.4937082344223592, 0.7967669859558761, 3.0356701838176483, -0.00627464677492895
0.30161530209418613, 0.24130241733274413, 0.49369002682813146, 0.7968498457443703, 3.0356881477885453, -0.006332182588219176
0.3016099469289917, 0.24130036429798093, 0.4937001115198082, 0.7968565811524834, 3.0357131559442028, -0.0062777027975058795
0.3016162459011822, 0.24130385987952974, 0.4936820175846561, 0.796853349135569, 3.03570415619, -0.006404000367524714
0.30161358011594736, 0.24129795500845053, 0.4937060452167182, 0.7968440310192177, 3.0356654388884907, -0.0062850554983811865
0.3016213894786535, 0.24130531979494707, 0.4936876964806627, 0.7969068384760869, 3.035680735133762, -0.006308906574366194
0.3015988480970946, 0.24130594892278404, 0.4937022356937989, 0.7967700604950809, 3.0356817941487497, -0.006327920630108503
0.301618967335012, 0.24130578665707586, 0.4936663954692909, 0.7968830491368838, 3.035743597079585, -0.006436941119563271
0.30161103874500766, 0.24130395842869887, 0.4937082965484708, 0.7968271081074606, 3.03567325318284, -0.006243395828778258
0.30161376646512705, 0.24130230566244404, 0.49368204747967476, 0.7968802207914258, 3.035657649568309, -0.0064048291566041245
0.3016254400125035, 0.2412917760553836, 0.4936854674359651, 0.7969197374956293, 3.035658098013768, -0.006338699336128319
0.30161852392383853, 0.2413051759404927, 0.4936959306923824, 0.7968468564791036, 3.0356772726637526, -0.0063385887266733595
0.3016223277934559, 0.2413164859685397, 0.4936663725222806, 0.7968596887522127, 3.035725490539717, -0.006390572301793917
0.301628948613757, 0.24130278606985767, 0.4936823511527123, 0.796881613119727, 3.0356606473127927, -0.006362680899986747
0.30161919465714027, 0.24131002870671844, 0.4936743938880093, 0.7968014608667991, 3.0357290452682704, -0.006396347892749318
0.30161468014957526, 0.24130934291347989, 0.49369000844695593, 0.7968325488403883, 3.0356969955749715, -0.006350450668220975
0.3016054686073492, 0.2413115845582717, 0.49369933580731673, 0.7967950062511294, 3.0357025511456435, -0.006332048433007307
0.3016076307166716, 0.24129903333822852, 0.4937056558336075, 0.7968825480278429, 3.035662937822322, -0.006261616917315621
0.3016066832514272, 0.2413133222866072, 0.49369571760501285, 0.7968124153222333, 3.0356937574405274, -0.0063144462996976595
0.30161626022603627, 0.24132520104828178, 0.49370393005588786, 0.7967874306900709, 3.035667863893295, -0.006232910671830036
0.30161223146830424, 0.24131161321219616, 0.49368772254002796, 0.7968271540775119, 3.035673962975633, -0.006303359393780384
0.30161014512248385, 0.24131252136113546, 0.4936774505290396, 0.7968011571888107, 3.0357293862968535, -0.006397624792474981
0.30161617627131876, 0.24131336694172892, 0.4936831332250675, 0.7968340502190631, 3.0356998013369165, -0.006308930306162459
0.30160603761845584, 0.24132400786281322, 0.49368769265580864, 0.796763433567811, 3.03573004029071, -0.006302415219852901
0.3016261385395209, 0.24131032318118298, 0.4937041881634881, 0.7968482662893894, 3.035684569846966, -0.0063145796194098835
0.30161889085558347, 0.24128422281442846, 0.4937069491532914, 0.7968669877980992, 3.035684093233018, -0.006332943026985347
0.3016198141096619, 0.24130119572911005, 0.493688835827162, 0.7968328787304347, 3.0357013330719576, -0.0063688680883050765
0.3016198719862477, 0.24131097819155609, 0.49368121215598393, 0.7968358753986872, 3.0357116894030054, -0.006361071884762532
0.30161938095103175, 0.24131623963580645, 0.49366864339208955, 0.7968184482103681, 3.0357215290892987, -0.00643925648820541
0.30161946608444823, 0.24130260098256523, 0.49367862312202604, 0.7968917817415082, 3.03570129970303, -0.006379350572200116
0.30162176660539, 0.2413098749950408, 0.49369282898874933, 0.796846987151278, 3.0356770428072064, -0.006337901966406812
0.30160522892616354, 0.24131311911168457, 0.49370050465522564, 0.7967601283558969, 3.035719028499464, -0.0063074334908618445
0.30162500723662705, 0.24130865139197555, 0.49369508024294795, 0.7968295463307232, 3.0356850934528463, -0.006296358580148969
0.30160995584834394, 0.24130055222140268, 0.4936933084833362, 0.7968285860941026, 3.0356820220869793, -0.006338571236586573
0.30161657350614807, 0.24130241917876322, 0.49368658467934595, 0.796868406705165, 3.035688507637638, -0.006410383501029739
0.3016118985480498, 0.24130527779710934, 0.4937005084550124, 0.7968305398186345, 3.0356889508605236, -0.006313804306296514
0.3016127893905008, 0.2412909217676033, 0.4937045282493101, 0.7968463074052403, 3.0356767574049113, -0.0062793891477565195
0.30162449386378487, 0.2413138751537511, 0.49367663806278583, 0.7967949546004874, 3.0357034642624114, -0.006392256504199599
0.3016097386665344, 0.24130990481631728, 0.4937130175728662, 0.7968277290809688, 3.035677249902124, -0.006260906673859401
0.3016066894459974, 0.24129579028565135, 0.4937081502518244, 0.7967349928104981, 3.03569851276947, -0.006303455958724904
0.30162318862832255, 0.24129451288847228, 0.49368089778159074, 0.7969028634560064, 3.035672032612527, -0.006434433720112893
0.30161887214658056, 0.24130193945464587, 0.49367633840341, 0.7967906384246648, 3.035689789279967, -0.0064409506681208225
0.30160401080717053, 0.2413094159128508, 0.4937060413659474, 0.7967923576932344, 3.0356906397466386, -0.006278533266214189
0.3016229192509381, 0.2413055420226481, 0.4936755099839209, 0.7968637844589945, 3.035743573671664, -0.006359535083163107
0.30162227579984496, 0.24129689499723184, 0.4936865911305588, 0.796866731144074, 3.035679592807094, -0.006314695750350489
0.3016109284314598, 0.24130382692131414, 0.4936966873079119, 0.7968290388361448, 3.0356811437206637, -0.0062793427826904604
0.3016205492543645, 0.24131192758707012, 0.49368803046365567, 0.7968341134831285, 3.0357038788716295, -0.006325852812303594
0.3016223896391412, 0.2413107596957993, 0.49369395653484743, 0.7969007973369201, 3.0356586856297065, -0.006320217384813659
0.3016256038112811, 0.24129978005453978, 0.49370364895550894, 0.7968987863084142, 3.0356514000287618, -0.0062865063712434594
0.30161519965875316, 0.24129652379623556, 0.4936887529549843, 0.7968592264310982, 3.035650630749919, -0.006351401544035522
0.3016067395238416, 0.24131338938308844, 0.4937016360140298, 0.7967933430931127, 3.0356945076442807, -0.006296148878646172
0.30161119649776036, 0.2413024616569377, 0.4936638400793318, 0.7968162071139558, 3.0357143651780936, -0.006462601653375607
0.30161854577557573, 0.2413149266825811, 0.49368803426358, 0.7968318641931219, 3.0356928228555695, -0.006332166088858939
0.30161708771842005, 0.24130500547592776, 0.4937061357118687, 0.796866798606345, 3.0356798161187557, -0.006315183954889253
0.30161765796682, 0.2413157351617905, 0.49368122751014654, 0.796769867281968, 3.0356823748227537, -0.006386656761590324
0.30160509231572463, 0.24131098922101762, 0.49369099650523446, 0.7967747922434102, 3.0356994745029113, -0.006296936059032271
0.30160295573631346, 0.24130388178937057, 0.49370564820926344, 0.7967966879305673, 3.035708857407765, -0.006248897405390595
0.3016068281844583, 0.24130373105040653, 0.493702224074112, 0.7968061491460473, 3.035667131607939, -0.006250536194162613
0.30161365718028105, 0.24130780023422238, 0.49369228193223624, 0.7968300243147161, 3.0356850117312986, -0.006296958321867097
0.30162324284983244, 0.24129457756110353, 0.493686588505188, 0.7968650181337263, 3.0356779029834153, -0.006416870992341232
0.30160919853101703, 0.2413053206220665, 0.4936955674130922, 0.7968058951566652, 3.0356680435876444, -0.0063097184291526325
0.30160979275171307, 0.24130218908959294, 0.4937060413659474, 0.7968468269854558, 3.0356763672486475, -0.006278562300525132
0.30160995084968006, 0.24131412680667944, 0.4936843100591174, 0.7968022618722385, 3.0357323695215253, -0.006355266197035907
0.3016126845743542, 0.2413045255011014, 0.49368890314641056, 0.7968295713799419, 3.035685889806918, -0.006356186854283609
0.30161581456840364, 0.24129159673254272, 0.4936750674270641, 0.7968657832414346, 3.0356773826819974, -0.0064161657572633386
0.3016214368354881, 0.24131131311416185, 0.49368803426358, 0.7968681429158779, 3.0356833000313284, -0.006332166231977335
0.30162224611585287, 0.24130088072333455, 0.4936900161237099, 0.7968631608595897, 3.0356657026023313, -0.006363315259119818
0.30161616922790174, 0.2413192955526918, 0.4936777802088314, 0.796795939111295, 3.035706328250636, -0.006349811794146469
0.3016107950318035, 0.24129391461488126, 0.4937045321000955, 0.7968440297914703, 3.0356655933580683, -0.006285765923378825
0.30161954432160054, 0.24131241880499119, 0.4936766450639724, 0.7968208172465494, 3.0357273375276996, -0.006354688193656155
0.30161976615923486, 0.2412913519093962, 0.4936841820089748, 0.7968284326730976, 3.035682130711914, -0.006338792141987746
0.30161525398911226, 0.24130436869883132, 0.49370711071499074, 0.7968013377749381, 3.0356535141001846, -0.0062985630327621256
0.3016124094227633, 0.24130204121054022, 0.49370479130537737, 0.7969090649369978, 3.035691967606485, -0.006302325178897558
0.30161292674830154, 0.24131459655085957, 0.49368088194775467, 0.7968511579293062, 3.0356919536011255, -0.006350411059031193
0.30161981553969297, 0.24130518495896874, 0.49367407133173913, 0.7967920060909772, 3.0356926214132645, -0.006398639454042405
0.30161287151096616, 0.24130672151897928, 0.49367408201040025, 0.7967786908148082, 3.0357150661508148, -0.006367506636948333
0.3016222770523375, 0.2413047053112928, 0.49368770028058023, 0.7968486189958037, 3.035684497905219, -0.006315365971635402
0.30161184543579805, 0.24131302356885323, 0.4936959268414776, 0.7968499117759293, 3.03568808241199, -0.0063320379440796855
0.30162843161959535, 0.24132155712544237, 0.49366669552247955, 0.7968737154000056, 3.0357068096200903, -0.006438535442845831
0.30161163158233895, 0.2412989939764123, 0.4936887376012165, 0.79688921474733, 3.0356893486073733, -0.006325758824379821
0.3016093078961021, 0.24129963211248076, 0.49369213584961263, 0.7967925343540411, 3.035695858890122, -0.00635693145149368
0.3016210872016035, 0.24130892306083931, 0.49368578306209626, 0.796885324084309, 3.0356753662949263, -0.0063737678389669435
0.30161897619182415, 0.24131960311707654, 0.49367551439526913, 0.7967746055871142, 3.03570129065569, -0.00641613960704443
0.3016209055552644, 0.2413085829626063, 0.4936888316895238, 0.7968636137002872, 3.0356646177394406, -0.006304116347780225
0.3016137925609238, 0.24130995737551442, 0.493690004647043, 0.796871957058423, 3.035698196758745, -0.006344021561300874
0.3016206554395414, 0.24130613407488338, 0.4937047650641202, 0.796888447469882, 3.035684950827755, -0.0062496365744108455
0.30162119454471636, 0.24129349082443347, 0.49367183086066785, 0.7968869822178218, 3.035683242269794, -0.00640913692632291
0.30160746967858165, 0.24130080258647926, 0.4936864374481381, 0.7968361495434523, 3.0357117832447114, -0.006361687480711363
0.30160905938383203, 0.24130117282801444, 0.49369330463240757, 0.7968126733536594, 3.0356979364385985, -0.0063321657297744655
0.30162049602459196, 0.24131967330081164, 0.49368344870480085, 0.7968169476108566, 3.035712651280348, -0.00634414445976397
0.3016066273781045, 0.24130148778743465, 0.4936921243739485, 0.7967284870900097, 3.03574778755192, -0.006337802800162844
0.3016060102122637, 0.24129483857408696, 0.4937011043230981, 0.7968095060959289, 3.0356872938794908, -0.006339263726691468
0.3016090074875369, 0.2413108812109203, 0.49368657702833274, 0.7967828069553733, 3.035734309767329, -0.006397606280391855
0.30159990849591867, 0.24130153717047953, 0.49369868334875305, 0.7967345623193902, 3.0356942749164824, -0.0062857956756468495
0.3016158479435, 0.2412934568283016, 0.4937049176448239, 0.7968630368845131, 3.035664631945536, -0.006302682039849029
0.30161192701354617, 0.2413013193812515, 0.4936852980787433, 0.7968548911490292, 3.0357059221909033, -0.006301806570977279
0.30161341802797315, 0.24130554188761633, 0.49370163986485605, 0.7968080143466751, 3.035679020403156, -0.006302671951403961
0.3016264884614751, 0.24131088214215837, 0.4936766342116541, 0.7969075699489644, 3.0356855137299905, -0.006385705313260545
0.30161471160742837, 0.2413075432404392, 0.49366607668632534, 0.7968708198413749, 3.0356959718290657, -0.006445615467898779
0.3016209209960993, 0.24129881727806957, 0.4936888282023566, 0.7969302768290442, 3.035698997156311, -0.0063559738836818725
0.30161592014817695, 0.24131122285527606, 0.49367209764032555, 0.7967820624236882, 3.0357309953342897, -0.006438590805056638
0.30162316848397414, 0.24131200544035028, 0.49366864724333087, 0.7968706391492014, 3.0356960914027296, -0.006445662036135688
0.301620710559409, 0.2413005751011715, 0.4936888396781582, 0.7968299796668722, 3.0356903823437866, -0.006375303686008448
0.30160527571847706, 0.2412878724060661, 0.49370550566899657, 0.796829610159018, 3.0356896268840066, -0.006315241555571979
0.30161074108763053, 0.2413016303092198, 0.493711508365355, 0.7968249320289983, 3.0356664758496423, -0.006268110320480719
0.30161668237809525, 0.24129853358137426, 0.49368889549550415, 0.7968167343484488, 3.0357126923446294, -0.006343523940253426
0.3016155719759549, 0.2412871792965229, 0.4936931466925497, 0.7968663909751692, 3.0356797430963622, -0.006314660025875435
0.3016046797836228, 0.2413083467526314, 0.49368985751031014, 0.7967662886705678, 3.0357409563847746, -0.006295376743502256
0.3016226342179291, 0.24129947286896647, 0.49368203942951994, 0.7968769029167169, 3.035641787159094, -0.0063338743906812415
0.301617819628153, 0.24130418866090805, 0.4936888396781582, 0.7968486883952257, 3.0356853954307983, -0.006375216416099222
0.30161641707965614, 0.2413020572381903, 0.49371302142355816, 0.7968243122980327, 3.0356665345818596, -0.006267458974731
0.30160658096969173, 0.24130723462677697, 0.4937012467275316, 0.7968501249006552, 3.03568717113154, -0.006272860916242773
0.3016239548611186, 0.24130906931244658, 0.4936777764087947, 0.7969087312187662, 3.035688315683664, -0.006343438945590937
0.3016144145129759, 0.24130303180552728, 0.49369002302822995, 0.7968892538288936, 3.03568934885218, -0.006325753239646739
0.3016206563537939, 0.24130051045004097, 0.493683148928697, 0.796830925887334, 3.035694249881958, -0.006392924830494044
0.30162287358145556, 0.24130749649970915, 0.4936928213379363, 0.7968159591560777, 3.035708594914256, -0.006325210247408983
0.30161246326010677, 0.24129432543868665, 0.49369781512565064, 0.7969281632205215, 3.0356910843153244, -0.006319980727289448
0.30162008349888947, 0.24132500556158115, 0.4936881734318653, 0.7967785217907037, 3.0357153495700837, -0.006368084775797165
0.30162238062824315, 0.24131275564077567, 0.4936800248861355, 0.7968535583041978, 3.0357040812913767, -0.006404012643384955
0.30162002894322454, 0.24131715980296634, 0.49366981595822446, 0.7967995122959125, 3.03572220181252, -0.006420983012557404
0.30160527289558176, 0.2412995890232954, 0.49367848789937213, 0.7968416260510661, 3.0357344864300866, -0.00640806984522963
0.3016226507986808, 0.2412975174949492, 0.4936831450776336, 0.7968889154568525, 3.035690713664301, -0.006386459773339705
0.3016139815313517, 0.24130040675481434, 0.4937137597219353, 0.7968624779368494, 3.0356600170924724, -0.006226479823922813
0.30161300294938925, 0.24129511641373097, 0.49368760624361985, 0.7969292082548491, 3.0356947186098204, -0.006336921658604508
0.3016110258859054, 0.2413176415465775, 0.49367890441867723, 0.7968069552150924, 3.03575113352188, -0.006384044212744373
0.3016112481507285, 0.24129657467826873, 0.4936864412480933, 0.7968326583963774, 3.0357011548193116, -0.006368117380094768
0.3016226862848273, 0.24132684498839413, 0.4936744874806731, 0.7968494532708198, 3.0356847952486095, -0.0063744740245380085
0.301623059475609, 0.2413175003208087, 0.4936788816123441, 0.7968935181597053, 3.0357041716689888, -0.0063376741435231185
0.3016204620923123, 0.24130211583460892, 0.49369000844695593, 0.7968689303331943, 3.0356874956594186, -0.006350508141485173
0.30161614131685827, 0.2412957797639469, 0.4937012505272913, 0.7968283894749812, 3.0356814547975723, -0.0062794357539379675
0.3016186491054619, 0.24131522501752675, 0.49365613447357737, 0.7968211556190693, 3.035733205114787, -0.006492097650664532
0.30161792461175574, 0.24131603414141767, 0.49367320287130056, 0.7968580878233239, 3.03572270973663, -0.006432803921468142
0.3016172997057885, 0.2413131572316402, 0.4936857792110685, 0.7968515828500349, 3.0356959356106676, -0.006367333200213435
0.3016054937765507, 0.241284339868109, 0.49370083720807534, 0.7968049976672991, 3.035668429755559, -0.006309805408104249
0.30161678394208896, 0.24130066137228828, 0.4936865732034199, 0.7968952673020937, 3.035716501559369, -0.00639117031511238
0.30161661013955976, 0.2413062693165585, 0.49372097514057656, 0.796816588848079, 3.0356327733147714, -0.006227391491423541
0.30160636281279596, 0.24130318094070247, 0.49368644509911075, 0.796775289692179, 3.0357044758804848, -0.0063745238187908225
0.3016205516218502, 0.24129243023817482, 0.4937023819623874, 0.7968428661390315, 3.0356618104397723, -0.006268303243505596
0.30160433022185024, 0.24130595671203825, 0.49368760624361985, 0.7967831095322844, 3.0357331193900787, -0.00633697970604729
0.3016125741374661, 0.24129262629228623, 0.49367961920498876, 0.7969108310209062, 3.0357004514306323, -0.006396906606344821
0.3016110317062424, 0.2413040966305669, 0.49367634517696024, 0.7967983110340481, 3.035718412228953, -0.00640335424361009
0.3016195985786536, 0.2413124835328714, 0.4936823358508828, 0.7968567706085147, 3.035713733514229, -0.0063370089882688885
0.3016284686470304, 0.24131961771766983, 0.4936744874806731, 0.7968492970438767, 3.0356849368950427, -0.00637458953890575
0.30161283913987774, 0.24129890764167097, 0.4936911623999812, 0.7968702813722729, 3.0356954363172077, -0.006385628001719028
0.3016244415200811, 0.24129428371171724, 0.4936968567170711, 0.7968569862012758, 3.035643056660178, -0.006316294906365517
