0.4925969814538779, -0.5587829776777793, -0.026711347393371512, -2.4585690309151618, -1.941605254761875, -0.026187040783120886
0.49256981309597064, -0.5588060418244704, -0.02670490011526573, -2.4586220475118505, -1.941576562993931, -0.02619488239140199
0.492589237048185, -0.5587980441494718, -0.02670449552554281, -2.458663865802231, -1.9415373514348127, -0.02621644182146822
0.49258525562549244, -0.5587831796639484, -0.02671954914932713, -2.458557704512862, -1.9415964854960923, -0.026201352737573697
0.49258447791184473, -0.5587867504754784, -0.026702825280447047, -2.458619152997255, -1.9415493831012014, -0.026149950779889776
0.49260347036427965, -0.5587741504672553, -0.02671363875325219, -2.4585742101965047, -1.941609339383084, -0.026227225219298354
0.4925613609463829, -0.5587859335159635, -0.026734336323525933, -2.458540733117498, -1.9414862756819642, -0.026175138475037805
0.4925727287522789, -0.5587825286484929, -0.02670641943358283, -2.4585249258454898, -1.9415217435961418, -0.02619818864849152
0.49257608868024566, -0.5587767417620538, -0.026738471473665246, -2.4584688384644884, -1.9415247468214358, -0.026145854715334323
0.4925826760418119, -0.5587680890453077, -0.026762601711861133, -2.4584949944129786, -1.9415210550285935, -0.02618910224457793
0.4925930223356704, -0.5587881966511973, -0.026694438629048182, -2.4585589528803955, -1.9415732696579522, -0.026217196713645922
0.49255223745157944, -0.5588002013234543, -0.026714073968094706, -2.4585603981253814, -1.9414773513186008, -0.026198257307456167
0.492587226949257, -0.5587819532861459, -0.026703803013226626, -2.4585777548656846, -1.9415643006803263, -0.026238656907739726
0.49259404488430986, -0.5587775821012164, -0.026702477614242725, -2.4585150732609278, -1.9416102403201028, -0.026213272191132706
0.4925638605197294, -0.5587880855352974, -0.026730917112406723, -2.458545118247944, -1.9415382697364512, -0.026186555223384558
0.4925687022950131, -0.5588021666735982, -0.026708151138428678, -2.4585637496014536, -1.9415295148375358, -0.02620963415684555
0.4925558798454212, -0.5587741065158797, -0.02674673322674098, -2.458435088909852, -1.941449311811219, -0.026237490181432815
0.49258069177130814, -0.5587663211646635, -0.026750666747915947, -2.458467640922165, -1.941499139489819, -0.026178365289628084
0.4925725952816154, -0.5587796751105868, -0.026752574228062362, -2.458493848339761, -1.9414961921931997, -0.02622278681854605
0.49260432721000974, -0.558750365311848, -0.026731963316336704, -2.458457937486984, -1.9415634069871281, -0.026207893250760728
0.49256739959572526, -0.5587680311160829, -0.026744624089485164, -2.4584787687643446, -1.9415081783887749, -0.026163645982318844
0.49257733043321883, -0.5587721413915099, -0.02674072200329987, -2.4584821208573078, -1.9415108346613257, -0.026222915815454363
0.49257396050991287, -0.558785088414858, -0.0267187259225875, -2.4585305982044616, -1.9415746514464949, -0.02619044444052291
0.49256855206560507, -0.5587834068029242, -0.026724555737662033, -2.45856674915016, -1.9415553375545056, -0.026156870537253307
0.4925956978291593, -0.5587661791304694, -0.026732869359631026, -2.4585010595504477, -1.9416225859462588, -0.02623033257006791
0.4925968498552823, -0.558747018746846, -0.02675543407666479, -2.4584800968894407, -1.941581073993717, -0.026177669151765722
0.49257707857668653, -0.5587748468990289, -0.026753822484483235, -2.458515668155392, -1.9415138184485332, -0.02619306909153853
0.49257044745497797, -0.5587706848738506, -0.026747779669044146, -2.4584569814066914, -1.9416119076883216, -0.02617868457744113
0.4925727441672738, -0.5587711676859423, -0.02674542710967956, -2.458469417022406, -1.941573012543879, -0.02619346064853918
0.49257618604014464, -0.5587870342652023, -0.02672300607377389, -2.458581115370779, -1.9415668719867938, -0.026201197322425325
0.49257726881480896, -0.558777839910765, -0.026729857633035016, -2.458509424976673, -1.941605464069855, -0.026171798978120234
0.4925613778607618, -0.5587745391661058, -0.026751236406227633, -2.458492117400284, -1.9415672860626743, -0.02617844475025046
0.4925667354077296, -0.5587790360371462, -0.02672909658357648, -2.4585539244548396, -1.9415448940505775, -0.026189816630812907
0.49257012524171795, -0.5587833561804425, -0.026745166601396274, -2.4585559033663436, -1.9415463702710432, -0.02617126660658581
0.49257910335221466, -0.5587636974509226, -0.02675426850289568, -2.4584741382819475, -1.941600668677772, -0.026218750785620925
0.4925807426295578, -0.5587823025008405, -0.026745965423399055, -2.4585390621674263, -1.9416292142613607, -0.026164161313044464
0.49257903439716677, -0.5587664745903386, -0.026759631780988842, -2.458503573673557, -1.9415519920359654, -0.026177970974956968
0.49256303338799, -0.5587974895415524, -0.02673821213135754, -2.458575352777044, -1.9415140985500328, -0.026208539472968265
0.4925781719653451, -0.5587656986609704, -0.026739000517613812, -2.4585007950769104, -1.9415744075673491, -0.02618215126178951
0.49257336793534473, -0.5587760095171007, -0.026756215825479567, -2.458507242685772, -1.94155552772134, -0.02614149180558804
0.49257564345897775, -0.5587952269739141, -0.02672352268054895, -2.458566112948813, -1.9415791820708757, -0.026238524919180224
0.4925681409488224, -0.5587815882009333, -0.026733231892493242, -2.4585515386226957, -1.9414950246755172, -0.026160365172914195
0.49257549533704437, -0.5587865290661472, -0.026745924641238723, -2.458558428048564, -1.941596799117316, -0.02620096229059502
0.4925719810454418, -0.5587633770613317, -0.02676771065127872, -2.4585330581672715, -1.9415033137329547, -0.026136912598563364
0.49258016689118556, -0.5587645832247756, -0.026745489341795103, -2.458506151815958, -1.9415785945607449, -0.02622246930688497
0.4925680671811041, -0.5587788074048817, -0.026757361775723507, -2.4585314105484364, -1.9415509056640048, -0.026204113722490204
0.4925615201943223, -0.5587904576860462, -0.026738760318976876, -2.4585894919860927, -1.9415495700216, -0.026141795435785164
0.49257425915928227, -0.5587739402506794, -0.026749727846060188, -2.4585216030483066, -1.9415670903827231, -0.026185722449038284
0.4925772492725961, -0.5587879198247715, -0.02671422672882649, -2.4586131289583637, -1.941544796241832, -0.026204917136538376
0.4925812044611804, -0.558779713301599, -0.02670314830870189, -2.4585579670355995, -1.9415968495766567, -0.02620174942782639
0.4925906123333032, -0.5587762441702379, -0.026735983072661892, -2.458571801735441, -1.941559251053377, -0.026196955531476877
0.492582171348987, -0.5587677032438579, -0.02673448091511668, -2.4585352161981513, -1.941602148150488, -0.026215446489727647
0.4925867182988821, -0.5587744054960877, -0.026762341356580118, -2.4585351160499314, -1.941553445327673, -0.02616707707600089
0.4925848614432756, -0.5587699667872952, -0.026745125793209194, -2.458494107725533, -1.9416168880091342, -0.02620815113305174
0.49259616950676205, -0.5587694180107449, -0.02672300607377389, -2.4585344387960752, -1.9416256601501614, -0.02620103476617611
0.49256618131793606, -0.5587772136237359, -0.026767265707260204, -2.4585365258602354, -1.941506499270795, -0.02619636229178718
0.49256113653765404, -0.5587743612226468, -0.026758890776393214, -2.45851516370979, -1.941537825340138, -0.026178096296176692
0.4925662942242047, -0.5587901808453195, -0.026727587765676682, -2.4585605011032987, -1.941574668435385, -0.026197591004102155
0.49257520015236855, -0.5587761745925225, -0.026747498596901165, -2.458541644063857, -1.941583287352247, -0.026174815163255215
0.4925830874361648, -0.5587699078328516, -0.026753925550383806, -2.458521698607514, -1.9415666537297693, -0.02618552654348427
0.49257640563641014, -0.5587743795293039, -0.0267550672390893, -2.4585267887083457, -1.9415951577669244, -0.026211663130348395
0.49257590359892617, -0.5587753559701074, -0.026747478300904307, -2.4585282684158978, -1.9415964566958774, -0.02619320622988556
0.49254927782195373, -0.5587887629011276, -0.026763108776388198, -2.4585173751719243, -1.941539596963701, -0.026160089488715236
0.49257724856973767, -0.5587764877051996, -0.026752800784272352, -2.4585307042546773, -1.9415743961735232, -0.026189393979722538
0.49257662582402045, -0.5587644570558568, -0.02676308848071708, -2.4584918843078363, -1.94156699067501, -0.02617790160972493
0.49256812998284616, -0.558768801706231, -0.026751273855506727, -2.458531096504933, -1.9415747070543907, -0.026189292841291015
0.4925860366406185, -0.5587723871449698, -0.02673524225176735, -2.4585603213145313, -1.9415739755322072, -0.02619691315809929
0.49257642634481, -0.5587757798411391, -0.026753925550383806, -2.458556338473487, -1.9415226302989286, -0.02618544400918568
0.4925771393877241, -0.5587791967729431, -0.026736407826113962, -2.4586013859422473, -1.9415107238862601, -0.026156245378773445
0.4925743019348771, -0.558778252080668, -0.02675398680485264, -2.4585273025243257, -1.9415717398775247, -0.026130401138519027
0.4925664924963774, -0.5587674254494212, -0.02677532423333003, -2.4585062709992553, -1.9415300220893204, -0.026173862475984046
0.49257460952041643, -0.5587714090021969, -0.026758466207261005, -2.4584858098095097, -1.941586056711401, -0.026218804281145112
0.4925781121151444, -0.5587886961347728, -0.02673485826775281, -2.45854647771569, -1.941611262794488, -0.026201233101442165
0.4925782003511899, -0.558775838816707, -0.026745125793209194, -2.4585057583443826, -1.941602295590312, -0.026208233577793394
0.49256776759595855, -0.5587785233158924, -0.02676493373475585, -2.458504190899726, -1.9415289094258632, -0.026192982665306806
0.492565008769283, -0.55877903704431, -0.026759652076768232, -2.4585287541019047, -1.9415243531489612, -0.02615982798410763
0.49258640583948643, -0.5587597757261741, -0.0267596112691914, -2.4585015190885597, -1.9415503074120548, -0.026196296928764802
0.49258139044561666, -0.5587784957641205, -0.026718787958551524, -2.4585443243228284, -1.9416096485417587, -0.026219802216633323
0.4925817570499039, -0.5587687661695856, -0.02677023174465671, -2.4585088079177067, -1.9415081645780554, -0.026170493011214522
0.4925938612071317, -0.55875321931736, -0.026759628396909846, -2.458457920871393, -1.941659482405696, -0.026226034847709894
0.49258806471428246, -0.5587553632339003, -0.02675549533073528, -2.458497425977882, -1.9415711518959782, -0.026122460517917362
0.49257136927420514, -0.5587829993197354, -0.02672991981030941, -2.4585811863676734, -1.941566850458054, -0.02620088977506179
0.49257249478996445, -0.55877811686544, -0.026741030147110594, -2.458526690476844, -1.9415953763297018, -0.026116087376541048
0.49256668054189146, -0.558778727748256, -0.02676873513709461, -2.45842033111324, -1.9417030542450704, -0.025880983393598976
0.4925742622396962, -0.5587854367917836, -0.026749662962252507, -2.458593802171669, -1.9416974134739213, -0.026076275834651705
0.49257778510139855, -0.5588041240280762, -0.0267249126038831, -2.4586378129243096, -1.9417092399455111, -0.026032811742134405
0.4925427083297162, -0.5588094409567479, -0.026774817577896133, -2.4585269602494466, -1.941643903065257, -0.025991657607690795
0.49256970468138983, -0.5587768690479067, -0.026737974080068165, -2.4585607581936073, -1.941454373538987, -0.025924630421773485
0.49257149896082614, -0.5587783279292363, -0.026728032331064362, -2.4584587983586825, -1.9415651025887994, -0.025921785963273658
0.49256613139660316, -0.5587792956719675, -0.026752899906033516, -2.4583158781168417, -1.94149786092515, -0.025796489726225523
0.4925700370244062, -0.5588028669284281, -0.0267235813411814, -2.4584655575551975, -1.9415467106212556, -0.02588224631061748
0.4925492139938901, -0.5587895539153158, -0.026762661816446057, -2.458330997400845, -1.9414138016517346, -0.025917963735544905
0.49256630577030486, -0.5587767543564287, -0.02676035188612982, -2.4582852464623333, -1.9414976922006295, -0.025980738656726995
0.4924982176638845, -0.5588132717976348, -0.026783487626302428, -2.4580961953348512, -1.9414174816076146, -0.02620595101617
0.492544824827837, -0.55880802788262, -0.026665022461901354, -2.4581055161260736, -1.9416422014921895, -0.02638966889024204
0.4924827761052268, -0.5589370186979468, -0.026523855551506718, -2.4583536815241724, -1.9415533284263449, -0.027111256242652364
0.49248509983027833, -0.5589827574409656, -0.0262463838366536, -2.4582056296117245, -1.9414367365257266, -0.027079454106395638
0.49245757284756153, -0.5590663558311444, -0.025744485805803886, -2.4583418793974166, -1.9412864381635377, -0.027346758656134288
0.49245649961190474, -0.5591015435443908, -0.025169541810816258, -2.4581386700679455, -1.941103326727093, -0.02785185563010783
0.4924477537827444, -0.5591637721309491, -0.024500599654757718, -2.4584002881099494, -1.9409570095902648, -0.028192398153051263
0.49243565873359324, -0.5592174872548267, -0.02375418171605722, -2.458426318360808, -1.940889771486273, -0.028089844345062332
0.4924332527896719, -0.5592804379716894, -0.022944689016776633, -2.458304223351997, -1.9406785874843353, -0.02805913400652699
0.49240270158135563, -0.5593196954881884, -0.022183802680053936, -2.458286369609127, -1.9406977263606215, -0.02809700937218219
0.49233906310598136, -0.5592658860986278, -0.02186820233996193, -2.458149187075376, -1.94056551845674, -0.027870668404129672
0.49231764081825496, -0.5592141305235205, -0.021395985649121343, -2.4575761634248114, -1.9406636086350744, -0.027875545266385776
0.4922447967781538, -0.5592525546498045, -0.02099465152278465, -2.4572679831225557, -1.9404172190162623, -0.028108216029182946
0.49224202849082244, -0.559278009262229, -0.020661638004756927, -2.4573924232911772, -1.940280611627074, -0.028196527290485905
0.49223434583908016, -0.55930610997591, -0.020453663422808563, -2.4579736727951706, -1.940317233901238, -0.028350507861402082
0.4921495078909932, -0.5593152265589791, -0.020438944299945, -2.458409712708696, -1.9397027112527554, -0.027876213560735427
0.4920743630333712, -0.5593713584343635, -0.02035208329839457, -2.458646226615832, -1.9396056853760464, -0.027860409750523764
0.4920370447125959, -0.559419153629997, -0.020311303882603483, -2.459264739365485, -1.9388981607635323, -0.02773998297234654
0.4919634764902087, -0.5594509288430676, -0.020326968200168195, -2.4601548535999695, -1.937927038425405, -0.02759372257461412
0.4918838642667161, -0.5595027599522974, -0.020352794039899702, -2.461173080677403, -1.9369391182153732, -0.026670229812611832
0.4917886267243921, -0.5595767099735165, -0.0203752954042427, -2.462191121733475, -1.935878637722213, -0.025253714511190038
0.4917209854628283, -0.5596010577212593, -0.020415575122320524, -2.462967627147685, -1.934722363760836, -0.023949687774701342
0.49165047517701843, -0.559604429053732, -0.020470499387207367, -2.463500480815753, -1.9332740418033931, -0.02277765326949316
0.49161538464138055, -0.5595815017975686, -0.02053002543459314, -2.4643745329574447, -1.931619245755966, -0.02162775128935478
0.4915864806209168, -0.5595721673781352, -0.020575094300790908, -2.465341881203122, -1.9298934573283646, -0.021158761206951333
0.49157923404107645, -0.5596027596734211, -0.020581372634200165, -2.466114880584178, -1.9288327029020844, -0.01970187648660829
0.49161643767729957, -0.559587995316184, -0.020599048762014717, -2.467463840877587, -1.92741010718635, -0.019598289684078864
0.4915544271521158, -0.5596071502201472, -0.020703331252898367, -2.46784958060881, -1.926186196811118, -0.018163274387351543
0.4915153273884784, -0.5596216483920661, -0.02084878130254041, -2.4681151012726055, -1.9249385319524914, -0.01717293802355608
0.491288802963311, -0.5598559024741293, -0.021121123534456113, -2.469165618341552, -1.924335615260365, -0.011100096000582232
0.4911712850522957, -0.559972963402659, -0.021412611909005445, -2.470784353296759, -1.9225746271570856, -0.0062013766093921025
0.4911668159514428, -0.5600076180481133, -0.02174351464552271, -2.4710098574922243, -1.922807829414155, -0.003918996556073716
0.49124555224106237, -0.5599588625406904, -0.021999540060657755, -2.471723138371353, -1.922173338892105, -0.003501738443097191
0.4912050394558586, -0.5599713558051861, -0.022372693349320738, -2.471840586962077, -1.9212148269870817, -0.0031790794958249983
0.49117916996557914, -0.560026300690361, -0.022613042939312954, -2.472302153673071, -1.9202886823991485, -0.0028562283123668825
0.4912198917740215, -0.5600668673766944, -0.022720961435892008, -2.4730602357076865, -1.919497886136247, -0.002808671941103549
0.49120029568363477, -0.5600779470878952, -0.022896341898986594, -2.4736439820923497, -1.9185468732111044, -0.0027026912276547637
0.4911937698957312, -0.5601200970147319, -0.022993937328687084, -2.475202146000887, -1.9166652879859376, -0.0025414209085243542
0.49117965446687195, -0.5601071162953826, -0.023136561673270793, -2.4760195333139627, -1.9151582645800942, -0.0027663234414331663
0.4911821362464755, -0.5601256207069886, -0.023171923590296687, -2.4773716755285107, -1.9134961458843005, -0.002713867928146742
0.49118109775575974, -0.5601536519682491, -0.023200568896613562, -2.4787949700019496, -1.9116524765468295, -0.0027782586143222147
0.4911264588518347, -0.5601926747795858, -0.023239476405051637, -2.4803078033680497, -1.9097123092538735, -0.0025587249168785324
0.4911271744597857, -0.5602220363716004, -0.023244956320501914, -2.4819540575714294, -1.907662713140768, -0.0024864189859178133
0.4911210214881628, -0.5602308475827456, -0.02324492203433024, -2.483560907731712, -1.9055832997222555, -0.0021296818236305843
0.4911033216464168, -0.5602464571045134, -0.0233261116602844, -2.4851938448223505, -1.9034972395759697, -0.0021800112349084095
0.4911133779253203, -0.5602773076585573, -0.02330187132386294, -2.487029084413479, -1.9015181556941247, -0.002269898900689544
0.49106784351230987, -0.5603415474674005, -0.023291728006745525, -2.4889970813163766, -1.8993341242745856, -0.0022007779650549215
0.4910532761653628, -0.5603617184513203, -0.02331639539547245, -2.4907726043701524, -1.8972845510590446, -0.002281191601603889
0.4910286877601741, -0.5603862701711666, -0.023309395827470734, -2.492221233791919, -1.895227532821329, -0.0017773930172939186
0.490976449938004, -0.5603675657308418, -0.02341452813331738, -2.493274117349623, -1.8932440143460716, -0.001450135698489745
0.49090169136012435, -0.5603941651730843, -0.0234795634939308, -2.4945716379285465, -1.890863043232735, -0.0005503403348266636
0.49093554969957814, -0.5604002721019379, -0.02344258309935942, -2.4961233430900016, -1.8886947354569998, -0.0003400768257457309
0.4909183608722772, -0.5603879703139336, -0.023486225445996208, -2.497467358727931, -1.8862995430632101, -5.495709652634389e-06
0.4909548940294462, -0.5603968165172797, -0.023442793569573593, -2.4984262291262938, -1.8847420969896822, 8.13574027423137e-05
0.4909760011920807, -0.5604203062448438, -0.023378561453894133, -2.499296505109765, -1.8831697373047918, 0.0005782438161630317
0.491106153863099, -0.5604383793486176, -0.023287236123249386, -2.5002959508238995, -1.882280303672978, 0.000974875590602658
0.49117172795280134, -0.5604450455090566, -0.023205035044809266, -2.501210776914329, -1.8814642986144792, 0.0008598788747773219
0.4912026924708281, -0.5604799357599941, -0.0231772947661983, -2.501833868290073, -1.880992906089865, 0.0009046389757955749
0.4911413084888997, -0.5604644930785533, -0.023232423056645822, -2.5017836043508446, -1.8800894897338325, 0.0013011756726081466
0.4911277516351775, -0.5604639013761741, -0.023298897161014943, -2.5022154149643043, -1.8795648081230019, 0.0008162082887775929
0.49113268288993056, -0.5604698100509392, -0.02330683227867921, -2.5023789998473256, -1.8796631578341596, 0.0007707291500887067
0.49114630690300365, -0.5604291349879431, -0.023388937117647824, -2.502922389020915, -1.8792207318968215, 0.0003170177847854761
0.4911093258485122, -0.5604300072798937, -0.023495202582720615, -2.5030904156685208, -1.8786181653342493, 0.0003621908989317419
0.49102023575555315, -0.5604313260659518, -0.023727727533140817, -2.503391632814608, -1.8774596638621732, 0.0006258914221488074
0.4910231533907645, -0.5604183672332903, -0.023876286472679833, -2.5038857976307427, -1.876631856500794, 0.0006128457910789838
0.49098830740503874, -0.5604345195591192, -0.023935851848536294, -2.5046506366416517, -1.8754651373814086, 0.00017171505911655276
0.49092303862099573, -0.560424686365323, -0.024081267431615434, -2.5053848120375632, -1.873712821226819, -0.00013401481506270478
0.4908068155162069, -0.5604923328515112, -0.024119823571890284, -2.5066375991663685, -1.8719261351184688, -0.000675916896055173
0.4907082454983534, -0.5605107625940083, -0.024172863429239327, -2.507479076240445, -1.8704661369452216, -0.0009421501544217256
0.49060603373754197, -0.560524735838507, -0.024225119893882083, -2.508525093490155, -1.8687846133771007, -0.0012364184371575601
0.4905395477077306, -0.5605064995831438, -0.024259091040999332, -2.5101180331495123, -1.866855544506685, -0.00153143602981263
0.49051030770566084, -0.5605225056342538, -0.024334025447390932, -2.511472573286061, -1.8648929292705063, -0.0014085865667142158
0.49053086142977415, -0.5604992400780736, -0.02438836638069474, -2.5123102571981555, -1.8635508740832456, -0.0014283259248847539
0.49071621310129304, -0.5603753415099315, -0.024394273032973215, -2.513225077331818, -1.8623990318261316, -0.0022572697470277223
0.49072736925185745, -0.5603798204273975, -0.024435195955118266, -2.5141958989167756, -1.8607078940847555, -0.002702975274160606
0.49076641172141416, -0.5603601802244624, -0.02459028549627789, -2.51481016095647, -1.859921069210487, -0.0031051092135975086
0.4907603009198425, -0.5603679425550735, -0.024802678506757124, -2.5151730657046625, -1.8595312646951856, -0.003272004625341803
0.4907182121512957, -0.5603138203068398, -0.02528734481725994, -2.514718889596668, -1.8590052270169768, -0.003113919076586538
0.4907384198483754, -0.5603085297611096, -0.025668930719945145, -2.514839680146177, -1.8592974681201826, -0.0035286148565028203
0.49065314193700044, -0.5604302354903116, -0.026310197508066496, -2.5146182402318664, -1.8591159784944091, -0.0048997095411477615
0.4905803559534348, -0.5605897279591663, -0.02691708775845622, -2.5146754971565994, -1.8594549280558517, -0.005154141074725456
0.4906314805643785, -0.5608942515934698, -0.027437391640913758, -2.514346867220591, -1.8604907776632522, -0.00538075251184818
0.4906781974443581, -0.5610769506263389, -0.028100910114879266, -2.513789821559729, -1.8608865957531497, -0.005590412841976605
0.4907079623430692, -0.5612883499553785, -0.028625771672937582, -2.5128912194291573, -1.8617784374782465, -0.006008573949845825
0.49069172020709145, -0.5614605309456651, -0.029142201101821853, -2.5123593340652706, -1.8627507174822624, -0.0070253891384254785
0.49064882990127634, -0.5615697683218487, -0.029784723320852982, -2.5115317950832696, -1.8641123367794943, -0.0076533099124534015
0.490621994399617, -0.5616726976181106, -0.030307279429907494, -2.5104007480971178, -1.8653903554867681, -0.008278355231342798
0.4905666610129775, -0.5617728214619992, -0.030576807656519166, -2.5099711595262826, -1.8670337497764278, -0.008583697286670931
0.49058347707766414, -0.5617623653480376, -0.030858984394553608, -2.5090556654106995, -1.8686374266944892, -0.009799859165138005
0.4905043197596621, -0.5618621903722502, -0.03097756268194147, -2.5084626794971223, -1.8698355579499446, -0.009526599585060407
0.4904009800794964, -0.5619091894293586, -0.03099183897371867, -2.5078891117525193, -1.8713220165890154, -0.010857748028116216
0.4904490956764044, -0.561914990094799, -0.030806651535323706, -2.507771859773625, -1.8726377634066331, -0.012378141308295298
0.49012943151984245, -0.5618511271369805, -0.031039961977143794, -2.5065626131400323, -1.8720912098488829, -0.013655916594993262
0.4900572026309778, -0.5619261684751122, -0.030960232653694263, -2.5065653912824266, -1.8722103040539877, -0.014186653018143173
0.49002213942502404, -0.561905532738712, -0.03086672258246641, -2.506360738722364, -1.8723079111452208, -0.015441402040266323
0.4899322842186262, -0.5618827343280025, -0.030916716060001213, -2.504472596372978, -1.8732279049983143, -0.01579277305555793
0.4897969893888844, -0.5620200338226271, -0.030846156342888925, -2.5042652227067004, -1.8730948490293848, -0.015907808507829576
0.48970817317343124, -0.5620727323936368, -0.030851737734808392, -2.5042138823647777, -1.8727751348146633, -0.015655486888592866
0.4897271817638621, -0.5621084830906173, -0.030804079498319304, -2.5049123165470815, -1.8727617948972408, -0.015902215637521422
0.48973107057792153, -0.5621132864327187, -0.030804959363345825, -2.504953308132013, -1.8727695371571487, -0.015895795103765438
0.48973841999860196, -0.5620956343531667, -0.030829185018940754, -2.5054344615861313, -1.8724734877273166, -0.016136117593670344
0.48972496313489444, -0.562129332792041, -0.03085254916505399, -2.506289939776502, -1.872016054796956, -0.015984637358680637
0.4898136533188926, -0.5621064840822533, -0.030906620736034264, -2.5066626331394386, -1.8718931592598627, -0.01661627602594883
0.48986309633255765, -0.562163485969776, -0.030840980959161317, -2.50718822585725, -1.8719392465726117, -0.016734616669397295
0.4898505766632152, -0.5621629917409089, -0.030967517687398846, -2.5080505108669624, -1.871482147943098, -0.017217659096387544
0.4898409948038836, -0.562196712178636, -0.031092172002353584, -2.508498213621111, -1.871158913760586, -0.01750078602824706
0.4897985769406242, -0.5621994313181834, -0.031210997619684946, -2.508924365385311, -1.8711033893143414, -0.017564552060361685
0.48979429146278647, -0.5621979282733234, -0.03129791915156212, -2.509443373641478, -1.8708582084749852, -0.017634126780111007
0.48972820840083175, -0.5622245823706731, -0.03137499283582303, -2.5096063709242875, -1.870604694599254, -0.017604997120099712
0.48971797334443573, -0.5622418683119045, -0.03137588285526527, -2.5096272599398137, -1.8706444589657178, -0.017581120295013044
0.4897552282289253, -0.562216097114822, -0.03135485740111758, -2.509461328205382, -1.8709890766396513, -0.017761817847173813
0.4897366846119503, -0.5622206797264239, -0.03137169242038512, -2.5096518673261206, -1.8708029816918204, -0.017813183135304674
0.48974579851543054, -0.5621990267280712, -0.03139083662061036, -2.5096445357762405, -1.8707512856637294, -0.0177221556449199
0.48972232179814, -0.5622170655028296, -0.031405915662588366, -2.5096217239891, -1.8706390101021586, -0.01780790556777122
0.4897135574356781, -0.5622153327878286, -0.031421651181283296, -2.5097440838202583, -1.8704720756299968, -0.017728934914049897
0.4897324377301252, -0.5622068317063809, -0.0313931350882216, -2.5098271927479017, -1.8703928914707186, -0.017754934246719613
0.4897338416817854, -0.5622080260045103, -0.031398340930522545, -2.509649959593449, -1.8706129533237554, -0.01775245568892269
0.48971746432531593, -0.5622185871354104, -0.03139431655641503, -2.5097078021560475, -1.870538919551496, -0.01773380900244446
0.48972694662296595, -0.5622035515384802, -0.031399819542955947, -2.5096672641921853, -1.8705550127273567, -0.017725459534673166
0.4897023585950627, -0.5622099146057234, -0.03141254018240028, -2.5096377301031376, -1.8705103867541188, -0.01765011337872786
0.48971678531360013, -0.5622134775296824, -0.03139233293040765, -2.5095933640778663, -1.8706179792103883, -0.017622728665944498
0.48971372451236017, -0.5621993468069398, -0.03142782219810631, -2.509547155306292, -1.8705827505945773, -0.017601287585593345
0.4897489744392498, -0.5621989221985015, -0.03140283186412008, -2.50967395742659, -1.8707026337532975, -0.01775822625218006
0.4897357106800662, -0.5622155378893678, -0.0313687721122263, -2.509758298270898, -1.870624575264738, -0.01786263694805334
0.4897124838656542, -0.5622115218194598, -0.03142502828859346, -2.5096220866881813, -1.8705686572138238, -0.017754021271183765
0.48966981586269737, -0.5622361405020361, -0.03143541103069681, -2.5095932615610153, -1.8704997321764354, -0.01769351340542303
0.4896768493833255, -0.5622376556256692, -0.03141545435177946, -2.5096464066708846, -1.870469394176723, -0.017606137481473435
0.4896969639854429, -0.5622168649422646, -0.03141788365733996, -2.5095726649952748, -1.870579030009265, -0.017646768598509895
0.4896827382315051, -0.5622278250916534, -0.031419004637551116, -2.509619310787638, -1.870496890940323, -0.0176425842620445
0.4896942685499856, -0.5622276081160708, -0.031418576054539814, -2.509658986210565, -1.8705264628342966, -0.01764040897507446
0.489691847403087, -0.5622009338895151, -0.03142735385338903, -2.5095672534780857, -1.8705276204879564, -0.017633681276187592
0.48969806500513635, -0.5622177925522189, -0.03140909684844086, -2.5096267048541083, -1.8705254751282372, -0.017650589718395268
0.4897175391912451, -0.5621983011746068, -0.03142531600780538, -2.509520513994227, -1.8705857990595292, -0.017652300768774835
0.48972305959456697, -0.5622030446154725, -0.031403213540670785, -2.5096320861501136, -1.8705528953793495, -0.017676736536990093
0.489694235475648, -0.5622217233691448, -0.031438804675170684, -2.509596369177004, -1.8705499191332242, -0.017550469927222517
0.48968948054981565, -0.5622407188218655, -0.03139013700709366, -2.5096516554906194, -1.8705925830691361, -0.01757641147596931
0.4897021052461905, -0.5622024434538938, -0.03145571509761331, -2.5095452195978853, -1.8705105163630986, -0.017565604167655596
0.4897121278614822, -0.5622023096384471, -0.03143441318921708, -2.509562740058897, -1.8705946958401396, -0.017550176751987945
0.48969347562699655, -0.5622209906790707, -0.03139616454336805, -2.509623908337785, -1.870571102223408, -0.01756348101042303
0.48970267122557365, -0.5622116374620999, -0.0314255649428783, -2.5095971225405367, -1.8705502855273475, -0.017627757587971766
0.48969540814793533, -0.5622198048045748, -0.03142425661732623, -2.5095604043234827, -1.8705699631392763, -0.017583593988916152
0.4897098322232162, -0.562220565546204, -0.031384580247824444, -2.5096459134578337, -1.8706110461355845, -0.017616755073329927
0.4897050093370783, -0.5622006067447518, -0.03141822545213415, -2.5095745162002276, -1.8705565747421513, -0.017642028530440005
0.4896903814518137, -0.5622271009294576, -0.03142196983054368, -2.5096129305721573, -1.870539043602389, -0.01759179497269596
0.48971258378852034, -0.5622099051907529, -0.03140550168389001, -2.5095752883968188, -1.8706042042260922, -0.01761441352068475
0.48970356636061774, -0.5622123669327364, -0.03143889022621522, -2.5095928569863024, -1.87047636033684, -0.017610740753299634
0.4896884031926625, -0.5622253757733342, -0.03141026407219351, -2.5096124838556526, -1.870538813047782, -0.017591837389577928
0.4896837822638828, -0.5622070355850148, -0.03144266512853199, -2.5095189386747534, -1.8705383041169357, -0.017603124747364123
0.48970611895390687, -0.5622072272395083, -0.03141256629289591, -2.5095620597534336, -1.870570935488146, -0.017564807119368482
0.48968431918569405, -0.5622218769237863, -0.03141599419154869, -2.5096160243499357, -1.870494211756285, -0.0175831549936723
0.4897084229583774, -0.5622179626309948, -0.031416451621624465, -2.5096511708943194, -1.870520671058999, -0.01761767477538802
0.48969834462816847, -0.5622180051550657, -0.03140143102855088, -2.509593138301546, -1.8705708001102805, -0.01765109744184963
0.4897156470185119, -0.5622009893816795, -0.03141791443948849, -2.5095767328967042, -1.8705817979704338, -0.017609511214271064
0.4896867098347198, -0.5622225125614669, -0.0314136919577824, -2.5096104270082114, -1.8705371414202543, -0.017610079576627965
0.48971200918650526, -0.5622093742335167, -0.031399001658266174, -2.5095877841684526, -1.8705669507280114, -0.017610142732835697
0.4896884052048491, -0.5622340836102134, -0.03139557849041391, -2.509658700476946, -1.8705269331649135, -0.0176411729815792
0.4897207899971972, -0.5622096751392042, -0.0314077108689179, -2.509577215649826, -1.8706531021094588, -0.017567362210926345
0.4897059742877293, -0.5622144202270217, -0.03139920447770223, -2.509602566950119, -1.8706013951092748, -0.01764074332379364
0.4897035611466457, -0.5622281783947564, -0.031411699986928304, -2.509636851516259, -1.8705100800573928, -0.01757326259930093
0.48969753167540475, -0.5622229830620435, -0.03140567951295965, -2.509617902110512, -1.8704958250624533, -0.017565003028973555
0.4896869700906227, -0.5622125691278337, -0.031421679381897466, -2.5096200505520803, -1.870449511762385, -0.01757441616602804
0.4896969214742901, -0.5622196428315444, -0.03140146181126368, -2.5096194965094027, -1.8705441099366347, -0.01761427365486083
0.48970966659246307, -0.5622088729401863, -0.03142309081120681, -2.5096035637924, -1.870531498373881, -0.0175870712706318
0.4897120745705651, -0.5622109350507645, -0.03139811420231884, -2.5095934809070606, -1.8706419251253172, -0.01760821118928234
0.4897030642990345, -0.5622133798910979, -0.03141679344634138, -2.5096197255511097, -1.8705436699928042, -0.017613691525591047
0.4896940308633088, -0.5622113656726087, -0.03141831779445868, -2.50963174708858, -1.8705062979518543, -0.01753180450662582
0.4897002752496682, -0.5622253404845168, -0.03139465067953508, -2.5096121435503376, -1.8705621709982787, -0.017577733920642238
0.48970219340514626, -0.5622154509914302, -0.0314014926947507, -2.5096013843209417, -1.8705773493051567, -0.017577483148165974
0.4897151098022474, -0.5622120191012144, -0.03139461979561204, -2.5095855514516754, -1.8705886858576162, -0.01761430902486062
0.4896928185320463, -0.5622364907306444, -0.031419339793518436, -2.5096345699466083, -1.8705551687091149, -0.017659360418347037
0.4896990832319361, -0.5622229806677603, -0.03142637495121822, -2.5096013792284815, -1.8705536617562943, -0.017591488852175437
0.48969214792474586, -0.5622299916537162, -0.03139674570224325, -2.5096109775571116, -1.870585106249611, -0.017582311976682106
0.4897003866173751, -0.562224046046381, -0.03139560924732306, -2.5096517795740154, -1.8705447784172498, -0.017604239737904273
0.4896932233685605, -0.5622366268723715, -0.031391304088506516, -2.509637441589237, -1.8706054603264217, -0.017517225527315456
0.48970673913953977, -0.5622177568209795, -0.03141218402997331, -2.509614403908907, -1.8706110173601522, -0.017453914406745676
0.48970282540325527, -0.562213144219925, -0.0314242411693651, -2.509580619015039, -1.8705379265842117, -0.017601554783362984
0.4896665411409952, -0.5622404432383745, -0.03142782219810631, -2.5096484338815475, -1.8704474270647768, -0.01760182995131623
0.4896967904330225, -0.5622181900808481, -0.03142444394970791, -2.5095954022944813, -1.8705723706583144, -0.017632155405671104
0.4897032864830082, -0.5622121452965159, -0.031431846869329136, -2.5095902919489776, -1.8705212334803438, -0.017619638134251915
0.4897167677218478, -0.5622135546253073, -0.03141420957042847, -2.509613900160617, -1.870609897766374, -0.01762614897076571
0.4897005424836827, -0.5622227979239565, -0.0314109255121987, -2.5096162894219534, -1.870588351701568, -0.01762259518214198
0.48972348738573396, -0.562207639610756, -0.03139233293040765, -2.509626768221266, -1.8705726051807934, -0.01762218899660552
0.4896833435195608, -0.5622326432010814, -0.0314080220729657, -2.5096422251818513, -1.870537908658978, -0.017600093287877695
0.4897106187028701, -0.5621995341851739, -0.031430139813390594, -2.509521335889567, -1.8705867762555115, -0.017556293993213682
0.4896974999678259, -0.5622317057392172, -0.031391211898322315, -2.5096808481101016, -1.8705199365976481, -0.01762669363804196
0.48969626651905196, -0.5622320805202378, -0.03140634104346597, -2.5096216996660763, -1.8705458215904602, -0.01759619449272704
0.4897135482611259, -0.5622237184519283, -0.031386480235509696, -2.509659042909094, -1.8705737325381595, -0.017612587705599543
0.489693338551638, -0.5622166471946813, -0.03143548800518744, -2.50960323394, -1.8705076689066604, -0.017601211199060728
0.48968002540475186, -0.562229754712528, -0.031412550857914424, -2.5096271902035068, -1.870479303281205, -0.017583416049150247
0.4896994783923365, -0.5622334310355361, -0.03140291769621602, -2.509658881075389, -1.8705504642300321, -0.01762686816685424
0.4897325046189203, -0.5621932703724054, -0.03141972783027508, -2.5095638038590904, -1.870643166891009, -0.017599293497955085
0.4896984644034932, -0.5622224036011655, -0.031405517132180705, -2.509588469177776, -1.8705913262789096, -0.017596343497757527
0.4896990043769108, -0.5622185593110397, -0.031422070578162785, -2.5095668852059836, -1.8705274214534156, -0.0176342883675804
0.48970688652533545, -0.5622180706221723, -0.0314175880758857, -2.509643995212422, -1.8705153252960085, -0.017595204748990345
0.4896877398116787, -0.5622321205422376, -0.0314120157493588, -2.509613941866215, -1.870563499270606, -0.017655454511675963
0.48971183195032286, -0.56222228300137, -0.031388985243849386, -2.5096344682339145, -1.8706257438961065, -0.01761666388967538
0.48970009343143833, -0.562220972859191, -0.03139808344559315, -2.509611720866434, -1.870608782228531, -0.017645034775405678
0.489714263367979, -0.5622228955305818, -0.03138646478677932, -2.509634534721324, -1.8706023683091568, -0.017631199866081256
0.4897106249140935, -0.5622198177347547, -0.03139887779320662, -2.5096584997806732, -1.8705497444160426, -0.01762629657646165
0.48968298506619923, -0.5622280091610019, -0.03141138366078054, -2.5095853739130995, -1.8705419354311248, -0.01764292967252176
0.48970656588227834, -0.5622062368152074, -0.03144218167166571, -2.50953052394627, -1.8705701453417598, -0.017574584479708864
0.48971678531360013, -0.5622134775296824, -0.03139233293040765, -2.5095933640778663, -1.8706179792103883, -0.017622728665944498
0.48969569471147073, -0.562207021253798, -0.031427007343483984, -2.509518947704188, -1.870561926228671, -0.017589365926527035
0.4896730568726171, -0.5622252517918737, -0.03143582491403243, -2.509614546008266, -1.8704228696739569, -0.017547990319535484
0.4897060651894795, -0.5622173556836688, -0.03141870906900976, -2.5095677051659964, -1.8705989065244144, -0.017591781078301668
0.48969722040988306, -0.5622314931860728, -0.03139887779320662, -2.5096362990268255, -1.8705802002546894, -0.017626943088502676
0.48969942200190125, -0.5622333480711746, -0.03138130389614782, -2.509676916093726, -1.870564278449443, -0.01763524174883122
0.48970073609288334, -0.5622373296295086, -0.03139183916487025, -2.5096964849086922, -1.8705085312023273, -0.017590088357088196
0.489693742361463, -0.5622327905789665, -0.031415158666559154, -2.5096501625567678, -1.870496795441522, -0.017555004263419206
0.48971247462792084, -0.562219907423951, -0.031389857416469186, -2.5096266976968047, -1.8705491244695631, -0.017636809054164284
0.4896809025086489, -0.5622305521399346, -0.03143304341759499, -2.509607106630557, -1.8704877945373852, -0.017579227492700276
0.48968577497445276, -0.5622332558672622, -0.03140550168389001, -2.509631195540793, -1.8705295314101549, -0.01761473665871148
0.4897121114435958, -0.562222495488822, -0.03138131934491648, -2.5096455078147075, -1.8706107758039712, -0.017616739009457722
0.48968707264024885, -0.562244950106076, -0.03138757052368141, -2.5096349421262976, -1.8705787394879734, -0.017646096922756503
0.4896876242486543, -0.5622218827820991, -0.03142780689027641, -2.5095674796350025, -1.8705517275293482, -0.017620150974017857
0.48969180656168265, -0.5622282874605949, -0.031419874888088686, -2.5096028847709193, -1.8705314857213957, -0.01758754184588352
0.48969428622483185, -0.5622275310893532, -0.031396699510061146, -2.5096047186330077, -1.870580139573499, -0.0176373160572407
0.4897018075510345, -0.5622137005322406, -0.03141026407219351, -2.509623588844791, -1.870523356210609, -0.017591296226517946
0.4897039226967857, -0.5622256555003289, -0.03139887779320662, -2.509647288487497, -1.8705651223514026, -0.01762662090921903
0.48968041037099, -0.5622522899172947, -0.03140826124397324, -2.5096725921587373, -1.8705130818238518, -0.017623198808898895
0.4896976855038129, -0.5622189106922957, -0.03142306005525636, -2.509588293060268, -1.8705436486742957, -0.017624221068859393
0.4897028852739852, -0.5622290435550656, -0.03139013700709366, -2.509651664668101, -1.870592124526698, -0.01757598048901475
0.4896995948682087, -0.5621974007822038, -0.031439221945198416, -2.5094964970904443, -1.8705681507473328, -0.01760306077932482
0.48969694078236015, -0.5622312805736962, -0.031406543683909, -2.509647452028835, -1.8705651716033298, -0.017626653423520024
0.48970307074370445, -0.5622162485621872, -0.03142198526542499, -2.50960371479142, -1.8705555443153274, -0.01757307640155465
0.4897092247234923, -0.562207039862505, -0.03141024862404012, -2.509565686314178, -1.8705969055984955, -0.01761001696228498
0.4896905180534033, -0.5622373307918763, -0.03139887779320662, -2.5096921074368317, -1.870504987192003, -0.017626618761351513
0.48970189068850783, -0.562210899509781, -0.031426467756894505, -2.509571325979734, -1.8705069686855877, -0.01761150821310381
0.48970900881774104, -0.5622111429486972, -0.03140038695811772, -2.509601523455493, -1.8706009200212521, -0.017563236704517083
0.4896916709811873, -0.5622268176730633, -0.03144316370933587, -2.509645569543662, -1.8704694395236592, -0.017604948994205574
0.48969592673398776, -0.5622202531410072, -0.03140914307906993, -2.509621646739856, -1.8705457409326998, -0.01759569614735509
0.4897012480907312, -0.5622132751556269, -0.03142559569864532, -2.509556681360039, -1.8706138836095656, -0.01759158280458206
0.48970406972777963, -0.5622271703667934, -0.031397554107655753, -2.50963080565692, -1.870552779716944, -0.017600235766480843
0.48972128550479593, -0.5622057846604579, -0.03140990674122947, -2.5095637366097097, -1.8706188220925248, -0.017614107469906513
0.48970563900366954, -0.562227090982315, -0.031396372798985064, -2.509638352226082, -1.870558406130683, -0.017622868533658333
0.48969118757225666, -0.5622277102439859, -0.03139901710666391, -2.5096234852185395, -1.8705238559414963, -0.0175920710148314
0.4897131254569284, -0.5622104074825875, -0.03141204653182549, -2.509595710705458, -1.8705961834361806, -0.017618198099664407
0.489694839194572, -0.5622221860459445, -0.03142312151517229, -2.509607720165332, -1.8705352631751055, -0.01755089686703727
0.48970716622778176, -0.5622182832868701, -0.031409922189493865, -2.5095882358312864, -1.870590646342862, -0.017595927642769373
0.48968687585950543, -0.5622341834079454, -0.03139671481848161, -2.509651503925352, -1.870521570565706, -0.017618885455757217
0.4896954043673111, -0.562231388545842, -0.031407680164305785, -2.5096402761831333, -1.8705598253043556, -0.017604183709791586
0.48971290589448924, -0.562207339924631, -0.031414257749760456, -2.509550591957613, -1.8706091578064854, -0.017646874985553927
0.4897007088739745, -0.5622214808633745, -0.03140436536895343, -2.5095935725535288, -1.870595027905358, -0.01763702615912276
0.48970858911660653, -0.5622296335215884, -0.03139947424808595, -2.509614131391744, -1.870610688487868, -0.017627238129376596
0.48969059725249936, -0.5622230064620464, -0.031446540626403965, -2.509546207128839, -1.8705354189541175, -0.017629824088716602
