0.3022339052001822, 0.2417365290074724, 0.5301657312186366, 0.7969501606777034, 3.0359442718879053, -0.0007150547605138917
0.30222934525703027, 0.24173381651448766, 0.5301791357133526, 0.7969393473786732, 3.035898538295825, -0.0006215953063620353
0.3022330764745169, 0.24172936697702005, 0.5301826262220776, 0.7970220363422688, 3.0359202416194573, -0.0006374239910120238
0.30223867379119673, 0.2417335830311028, 0.5301970627626397, 0.7969400669769792, 3.035901953898883, -0.0005806955954992833
0.30222822092651414, 0.24173395289999386, 0.5301882090020764, 0.7969539344212134, 3.0359572432028656, -0.0006070048560914681
0.30222319535488584, 0.2417287526521429, 0.5301814153790084, 0.7969272401096611, 3.035929217366884, -0.0006263348104836542
0.3022332182532095, 0.24172550490085484, 0.5301902990475719, 0.7969877773114408, 3.0359357684959476, -0.0005542943506805145
0.30223064013081136, 0.2417161277672962, 0.5301791531256653, 0.797038111024798, 3.0359085003097177, -0.0006615138484387473
0.30222955437049104, 0.24172636490481328, 0.5301801531323982, 0.7969599252513672, 3.035905922240063, -0.0006750747961302394
0.30222678474694126, 0.24172998848865124, 0.5301756881676573, 0.7969530115774631, 3.03595426750586, -0.0006493954244615835
0.3022306741217793, 0.2417296673996589, 0.5301791246078075, 0.7969899893948401, 3.0359435071264276, -0.0005894589041493462
0.30216345353302204, 0.2418178771125585, 0.5301600517861563, 0.7965200108544955, 3.0360803313908273, -0.0007016452182838044
0.30191790236697397, 0.24194897812900215, 0.5302106364299265, 0.795480247605283, 3.0363601706379533, -0.0008947569197500908
0.30160240465373356, 0.24215754673159093, 0.530322633420138, 0.7939251409111546, 3.0368217559488406, -0.0008424712479084139
0.30116589786451203, 0.24241946384286173, 0.5304768162991408, 0.7918270494081102, 3.0372958850324676, -0.0008589828859281
0.3006438700072185, 0.24271423168183268, 0.5306719108168714, 0.7894406012027388, 3.0379319413933, -0.0007466876750457914
0.30006369573441166, 0.24310369277672905, 0.5308887716474093, 0.7866748441500924, 3.038600595978428, -0.0005866104906647323
0.29931403191514105, 0.24353294870144584, 0.531111850253452, 0.7831754845879791, 3.0395402323005793, -0.0008397590043347201
0.2985350095100544, 0.24402744809602878, 0.531361754179906, 0.7794922900302108, 3.0405112415965383, -0.0008204942668779707
0.2976225705385477, 0.24460680339279442, 0.5316503876129206, 0.775190799085506, 3.0416472954280263, -0.0008516830704314554
0.29661928032601, 0.24525927314209428, 0.5319923489374024, 0.770299992213374, 3.0427563351426783, -0.0007140213932077082
0.2955187058147987, 0.24590615391751292, 0.5323455025456728, 0.7651753976462335, 3.0441194776390876, -0.001003356033470998
0.2943429413821309, 0.24659727342332782, 0.5327500851865208, 0.7598227053140277, 3.0454934095865402, -0.0010753472715556006
0.29303005504914226, 0.24746908147685073, 0.5331804949238733, 0.7534335766400545, 3.0470566778837296, -0.000896079790514531
0.2916261460218172, 0.24833984570199139, 0.53362832350543, 0.746758174844746, 3.0487290015247503, -0.0010073981319448516
0.2901519092584165, 0.24918501101246016, 0.5341375888670882, 0.7400017740891723, 3.050310552676642, -0.0009264184447678807
0.28854720735118866, 0.25024684062936775, 0.5346515230197882, 0.7322018798635038, 3.0522212666469217, -0.0009759482375472263
0.28694611243503576, 0.2512515277291427, 0.5351456294696353, 0.7246637604336945, 3.0541063458957987, -0.0012912960312772453
0.28528969448176655, 0.2522436383500823, 0.5357104959641903, 0.7168914489305221, 3.0558908085068346, -0.001222050806519638
0.28355358294364696, 0.2532762872613099, 0.5363000165171887, 0.7088140137634795, 3.0577760790749156, -0.001086094149516438
0.28193840799447695, 0.25428199299321663, 0.536819051514804, 0.7010712387211235, 3.059611303011439, -0.0012432512531399286
0.28027573835417857, 0.2553212945724859, 0.5373464601396047, 0.6932253165291472, 3.061407054613422, -0.00120216144595086
0.2786611460676476, 0.256246329096393, 0.5379226545551927, 0.6857309721667768, 3.0630639640989954, -0.001281473840319723
0.27698744969315103, 0.2573373068367119, 0.5384329650851566, 0.677606988574578, 3.0648996908037276, -0.0012126696614936695
0.27537690810211046, 0.25829073215206894, 0.538991353963448, 0.6701364910194625, 3.066582324971208, -0.0014532757136151233
0.27372036429666746, 0.25936326130852394, 0.5395089327675056, 0.6620918936743304, 3.068341245234952, -0.0014319989606337896
0.2720701270482183, 0.2603634719037161, 0.5400495807005476, 0.6542802997733085, 3.0700324699990693, -0.0014294408018733263
0.2704592142641513, 0.26134487943199164, 0.5405899505700043, 0.6465873271074654, 3.0716431209076096, -0.0013810296023442795
0.26879734548939205, 0.2623950493520552, 0.5411421645594732, 0.6386689125651569, 3.073285965422167, -0.0014895096755980928
0.26711864573930966, 0.2634118253503062, 0.5416967906387343, 0.6307397651590375, 3.0749710468522156, -0.0015876300744021058
0.2654375685860207, 0.2644328312315499, 0.5422587350920199, 0.622725298572117, 3.0766079605796306, -0.001590552202070974
0.2638365520760717, 0.26543897824219065, 0.5427905734316991, 0.615076448679371, 3.0781478060082503, -0.001515476063069788
0.2621654067764729, 0.26646684578928215, 0.5433314041868643, 0.6071836150223664, 3.079731713209265, -0.0017273173811170617
0.26053043656104324, 0.26746052905566875, 0.5438521084221265, 0.5993973802445649, 3.081261291709136, -0.001807195388802451
0.2589182387373348, 0.2684722828328203, 0.5443506060352375, 0.5917467695495255, 3.082800251225895, -0.0020578187524857576
0.2572372639961451, 0.2695005695099043, 0.5449266127100714, 0.5836122722336224, 3.084302107826828, -0.0018463903460558225
0.25564436878253743, 0.2704616968520602, 0.5454349100836375, 0.5760485384285567, 3.0858051070308976, -0.0021491662390417357
0.2539582501889035, 0.2715143381588535, 0.5459776807236514, 0.5678313600387943, 3.08727327269059, -0.002116992732799411
0.25228183335146964, 0.27252404332402913, 0.546517599890095, 0.5600193195279737, 3.08877830233128, -0.002341199352800968
0.2505980701062697, 0.27354917972041265, 0.5471362127911416, 0.5521128178482448, 3.09015924641642, -0.002012047125454325
0.2489773298608594, 0.2745246595207479, 0.5476457957192301, 0.5442901511879148, 3.091607386901549, -0.002360125342138822
0.24735485844554964, 0.2755287120689557, 0.5481907854412301, 0.5363901579288788, 3.0928125449018564, -0.0023575993951732853
0.24570389155413255, 0.2765643909675548, 0.5487251813094811, 0.5285537214311582, 3.0941601875758393, -0.0024190305724426067
0.2440784626288681, 0.2775576474206562, 0.5492370202645701, 0.5209240745017263, 3.095499506889609, -0.0026173483380017948
0.2424130987668333, 0.2786080221417048, 0.5497857653618785, 0.5127432544898358, 3.096836915490307, -0.0025937641911201667
0.24080582645285778, 0.27956159004657594, 0.550321483363384, 0.505165096780776, 3.0981360054389224, -0.002692227758390548
0.2390587936536966, 0.28068617017503217, 0.5508509869348933, 0.4965395433518381, 3.0995595900258985, -0.0028000367932169636
0.23745815276048654, 0.28164527773132164, 0.5514179302517267, 0.48877664709497354, 3.1007629801734704, -0.002602180404522805
0.23579782988299286, 0.28268291042443494, 0.5519868275852869, 0.48099579100172135, 3.1019671159776543, -0.0024358811694601408
0.23414395016174597, 0.28369529849901787, 0.5525427990106496, 0.4730506642758482, 3.103243689053606, -0.002629913619758852
0.2325305873314852, 0.2846935226485888, 0.5530818496758985, 0.46521984973068503, 3.1043710226354553, -0.0025005494142631914
0.2308545298333218, 0.2857166290785353, 0.5536074491280507, 0.45731779414421325, 3.1055532551695677, -0.002808464701406216
0.22925595621453707, 0.2866915702031314, 0.5541376182929919, 0.44947437224803827, 3.1067210011197317, -0.0027093448549228506
0.22759555738223622, 0.2877240684566403, 0.5546785981327473, 0.44148372528929003, 3.1079392539576562, -0.0027833925769002003
0.22596610743245, 0.28871234045638294, 0.5552166009808063, 0.4337837086459905, 3.1090628364861397, -0.0028894094473830593
0.2243034306333465, 0.28973061943104833, 0.5557295247932086, 0.4257563283078053, 3.110164669268705, -0.00310719581553843
0.2225885381455264, 0.29075982797760747, 0.5562914986946184, 0.4175979549152402, 3.111273467802424, -0.0032250328833608732
0.22094922732834438, 0.2917456454037891, 0.5568682832793805, 0.40962266154222854, 3.1123084460135995, -0.003044614105556206
0.21930770579885617, 0.2927948589706234, 0.557396423503319, 0.40170616089397, 3.1133613587254283, -0.003118661424976467
0.21771671038467663, 0.2937709986701391, 0.5579523717678835, 0.394104946085327, 3.114353517433466, -0.0030001902244186306
0.2160285975550433, 0.2948251881595657, 0.5584752920204376, 0.3859859105855255, 3.1153177969069628, -0.0031753016141296
0.21442466789583997, 0.2958208596808613, 0.5590119575609347, 0.3780623799653072, 3.1163055621125184, -0.003116672277257626
0.21274861558535482, 0.2968704746800903, 0.5595137653633552, 0.37004501793888983, 3.1173342514672497, -0.0034636570461045587
0.21113264925572992, 0.29785343224016947, 0.5600322928509565, 0.36239157335231437, 3.118224143278855, -0.0036046826412376907
0.20951007285558243, 0.29887966134370025, 0.5605644446480955, 0.35443821630742584, 3.119122787282556, -0.0035952450785459718
0.20783169302778098, 0.29988405605511875, 0.5611650637128834, 0.34629813052281727, 3.120050748016593, -0.003518280991783718
0.2062308641078644, 0.3008643173553885, 0.5617362575527126, 0.3386465532191331, 3.12093034097699, -0.0032426897127052563
0.20446176259151919, 0.30193853988651764, 0.5623010338685992, 0.3301841491064821, 3.121862588834311, -0.003373616270611345
0.20287188094322126, 0.30293774597438405, 0.5627960002196262, 0.322263151167663, 3.122707431277716, -0.003431892403220793
0.20120200999080243, 0.3039646970916407, 0.5633137627000565, 0.31430165179027747, 3.1235542492879014, -0.003769223004558039
0.1996018466805257, 0.30494191643822977, 0.5638179629239117, 0.3066364341706144, 3.124340558049659, -0.004016711977266081
0.19792593907675476, 0.30597674827503946, 0.5643622067106595, 0.29840729008159744, 3.1251110270529106, -0.0039138040126345695
0.19626623460312792, 0.3069596452712536, 0.5649479732729967, 0.29030935309374, 3.1259075113065213, -0.0037946114407696224
0.19466927175259294, 0.3079811560674797, 0.5655253534295346, 0.2826364318123117, 3.126550330757876, -0.003587006447920643
0.19296547356071792, 0.3090188631114965, 0.5660376756711202, 0.274614491341265, 3.1273506465543295, -0.0038547866118142184
0.1913842438561686, 0.30998414511625916, 0.5665586593264722, 0.2669585592473901, 3.128014734409037, -0.004013996019716077
0.18965315810311092, 0.3110615405366701, 0.5670926445323009, 0.2584942528474981, 3.1287117636281025, -0.004154609024040982
0.18804548316619035, 0.3120284767294761, 0.5676123736075185, 0.2508182608520624, 3.1293790287648693, -0.004377703568763813
0.18638122377443464, 0.3130742671803687, 0.568189034956482, 0.24268943219688854, 3.129961758235961, -0.004055326531025859
0.18473849745336554, 0.3140825862558476, 0.5687707247765247, 0.23470629659593975, 3.1305462248377522, -0.004085160139400254
0.18312762810199545, 0.3150640482522426, 0.5693213547493934, 0.22700949458832567, 3.131145315985188, -0.004064543678579117
0.18143596217337699, 0.316097304080415, 0.5698461356684634, 0.21871287215386445, 3.1318143916054337, -0.004165872879046677
0.17985871545960602, 0.31710056144640103, 0.5703553329097055, 0.21101245455742126, 3.132365138937391, -0.004319883632577737
0.17815303411372774, 0.3181538874707155, 0.5709031053931906, 0.20270884055057314, 3.132899164592576, -0.004195601163943488
0.17654282560368922, 0.31916053960815916, 0.571383546657501, 0.1949300295372502, 3.133434579955106, -0.004591663004627743
0.1749043926960683, 0.3201340221210542, 0.5719830467649597, 0.18703245865295715, 3.1338873110756804, -0.004584012246779025
0.1732385765182691, 0.3211682889150355, 0.572520926294374, 0.1789171469993498, 3.1343815301323534, -0.0044350279986727515
0.17165757174401214, 0.32215280820219777, 0.573048354024022, 0.17109430722065735, 3.134799069421059, -0.004541399789191216
0.16997662445635814, 0.32317517411117563, 0.5736083106424943, 0.16299048511163655, 3.1352068224086036, -0.00443737386238376
0.16827576078069822, 0.3242005344895813, 0.5741347691894622, 0.15496201249808333, 3.135657993531751, -0.004756597860630303
0.16660600949898405, 0.32526448631645516, 0.5746203836561127, 0.14682074861655364, 3.1360832896667876, -0.00494733628079685
0.16497939938066108, 0.32625629330869743, 0.5752467641039107, 0.13892158913374836, 3.1363877789337242, -0.004565469787736459
0.1633680955546656, 0.32721684483705943, 0.5758047704426483, 0.13098601197731638, 3.1367978431835253, -0.004560404292634238
0.1616698942494089, 0.3282591246965315, 0.5763158003838197, 0.12280328118751171, 3.137132770886264, -0.004679921488019999
0.1600960881503037, 0.32924040353608564, 0.5768349801961836, 0.11522131555232434, 3.137441468367199, -0.004874086776119627
0.15841512164053126, 0.33030511552779523, 0.5773172067992998, 0.10701933380571411, 3.13775057716913, -0.005047219705491038
0.15679581725567523, 0.3312791084448236, 0.577903076799725, 0.09919021523334391, 3.1379743772950333, -0.004965796800886452
0.15516381652622954, 0.33225816109395806, 0.5784811698889669, 0.09134191134181299, 3.138240795346303, -0.005099439219122463
0.15348950936630448, 0.3333177439607571, 0.5790090880576123, 0.08311910922992513, 3.1384532807713708, -0.005111328258034358
0.1518832942997253, 0.33430657624974613, 0.5795360637316103, 0.07534770862620532, 3.1386563979110575, -0.005099026261905966
0.15021597651292898, 0.3353514839464947, 0.58004674070648, 0.06723512113748732, 3.1388480418794855, -0.005312692611602385
0.1485209981100623, 0.33639952952853314, 0.5805555040618231, 0.05901024762907361, 3.1390883911997025, -0.005667894655383604
0.1469170909389437, 0.3373291744944158, 0.5812035838014561, 0.05129402099033036, 3.1391708886492466, -0.005212051352935583
0.1452110037416881, 0.33837919418082385, 0.5817611368696576, 0.04305017687578737, 3.1393490767551055, -0.005192812987495302
0.14363475425784653, 0.3393764159591765, 0.5822716004546669, 0.03523849732613633, 3.139400558833192, -0.005319870163749531
0.14195011466816768, 0.3403968415306398, 0.5827902393415317, 0.027276023355515953, 3.1395192843093014, -0.0054936860312161965
0.14032172721933478, 0.3414025980230441, 0.583279591714761, 0.019105863294584954, 3.1396190978488994, -0.005667880512132934
0.13870396567786733, 0.34242369194248795, 0.583902505709676, 0.0115031041199735, 3.1396478612022483, -0.005336315398571937
0.13703268903571567, 0.3434652409463668, 0.5843891698400058, 0.0032376058725142602, 3.139667787111315, -0.00572143444815143
0.13536220595924872, 0.34448542791412917, 0.5849641488128433, -0.0047996803903678316, 3.139645972391445, -0.005657609419225084
0.13366841556194062, 0.34557118394880604, 0.5854720023095865, -0.013192916091942846, 3.1396510920415954, -0.005625503278244092
0.1320465475497512, 0.34653985890716144, 0.5859765315240483, -0.02098944717629273, 3.139597522823828, -0.006068136917475674
0.13044403318555828, 0.3474927691193478, 0.5865976688900715, -0.028762561462325725, 3.1395449790224728, -0.005812937682618064
0.12876997927537592, 0.34853661040738654, 0.587153884069693, -0.03690985593038231, 3.1394939176388745, -0.0055732744007153945
0.12715039511286186, 0.34952424960365414, 0.587668894865131, -0.04476172555968279, 3.139397448250262, -0.0058645997270317515
0.1255115013525506, 0.350529094279399, 0.5881703126574218, -0.05287506743393672, 3.1392869754503896, -0.006117711481861265
0.12384711913298152, 0.35161988204063294, 0.5886518081138289, -0.06083275082226178, 3.1391631521411796, -0.006181286387404063
0.12225099714095768, 0.35256908495108746, 0.5892951441604444, -0.06843766243797365, 3.13903091795891, -0.005962464816185549
0.12054958694331036, 0.3535990046599172, 0.5897907318258719, -0.0770010375863239, 3.138859145692079, -0.0062166583424707236
0.11895319092678204, 0.3546619409971368, 0.59029515670459, -0.0847886797558107, 3.138629521357909, -0.006228044384720418
0.1173239609333723, 0.355593819081872, 0.5908303385686676, -0.0924107082583584, 3.1384120841067196, -0.006350126630151708
0.11557329406194634, 0.3566155429611519, 0.5914820025804688, -0.10095196650690999, 3.1381497212088996, -0.006115277743867214
0.11396734216397046, 0.3576070700285945, 0.5920632168211036, -0.10864819559488187, 3.1379233564305706, -0.006085096324708647
0.11229925319481507, 0.3586681496171306, 0.5925296834126939, -0.11686713200342601, 3.137617130624501, -0.006358834759931815
0.11063552067255412, 0.3597073628246071, 0.5930273368756391, -0.1249181362791989, 3.1373521649908094, -0.00648090784943025
0.10905287967048342, 0.36073609125524086, 0.5935156998962191, -0.13268628090987106, 3.1370101887928485, -0.006774451194257458
0.10737002156716802, 0.3617388694370152, 0.5941489576072801, -0.14080829613298707, 3.136656202378873, -0.0064266371348571825
0.10576331808683638, 0.3627280329706099, 0.5946668539345207, -0.14872599226449731, 3.136335514782045, -0.006510099928047841
0.10412866924645614, 0.3637307686324712, 0.5951817497808028, -0.1565869282325904, 3.1359398474512603, -0.006766950614896695
0.10243843537181088, 0.36473641034800885, 0.5956842873361943, -0.1648381661408385, 3.135512891464304, -0.006870572088173987
0.10083217526390885, 0.36574918918426413, 0.596288306324288, -0.1725270194770938, 3.135140062874155, -0.006710582325553893
0.09919184665197373, 0.3667788738867696, 0.5967853732558165, -0.18066472974529899, 3.1346802112849397, -0.006985364748330363
0.09744421500855414, 0.36783185335696905, 0.5973787294876648, -0.18896690331992574, 3.134170423190772, -0.006770473579627649
0.09585628571653412, 0.3688874319362115, 0.5978166045034398, -0.19652038591511425, 3.133716946194169, -0.007195341174215959
0.09422407368110171, 0.3698256024533645, 0.5984526475473257, -0.2046200578891903, 3.1332401581998646, -0.006999691886864377
0.09263791524689327, 0.37073506975672066, 0.5990187381544725, -0.21201854475476103, 3.1327524507387756, -0.006688957099284501
0.09123167747393827, 0.3716263740963862, 0.5994598162447197, -0.2191937528572453, 3.1322570159015464, -0.006965781671960315
0.08986480547108104, 0.3724850702014913, 0.5998752149507784, -0.22584156203020692, 3.131840579663052, -0.006940415767136819
0.08857866349907403, 0.3732453516713605, 0.6002935355258554, -0.23194524643661024, 3.1313913798839734, -0.007121560687876925
0.08742881615126123, 0.3739834007530911, 0.6006942995687616, -0.23748267703709303, 3.130996635935745, -0.007041606963434957
0.08641494443331724, 0.37460819719761884, 0.6010474285957693, -0.24234624925217016, 3.130645174936671, -0.007075139186229858
0.08546088516627222, 0.3752223837698134, 0.6013154664747622, -0.24712853467329024, 3.1302448828075913, -0.007185312078569924
0.084576345811481, 0.3757378930624712, 0.6016010560175237, -0.25148175494323105, 3.1298837360677934, -0.00729312958068917
0.08380718336247395, 0.3761948276010417, 0.6018462346959941, -0.2553299333958431, 3.129582199216954, -0.0073651335926554345
0.0831610480075878, 0.37662902863737496, 0.6020303191027052, -0.2584982346673265, 3.1292962754080116, -0.007493916298145939
0.08260971824933899, 0.376952842350993, 0.6022446864068388, -0.26102883565506513, 3.1290721269675523, -0.007341173532155844
0.08212870236332781, 0.37726395091523784, 0.6024103856283328, -0.2631333468947265, 3.1289423044414355, -0.007358087614043754
0.08176639934360204, 0.3774689236329932, 0.6025545078458004, -0.26519612879708626, 3.1287675405872464, -0.007261548569880231
0.08150293045850522, 0.37763933157585344, 0.6026241737305589, -0.2663371215703831, 3.128633583749101, -0.007336567430405517
0.08131691530535125, 0.37774415098713043, 0.6026859355789048, -0.26709126624751833, 3.1286166503946893, -0.00731697415730082
0.08126595282581227, 0.37778454172191167, 0.6026989361810898, -0.2675405108579715, 3.128566330077157, -0.007335788715949647
0.08123747634424858, 0.3778064384145086, 0.6026900401541512, -0.26763408742643574, 3.1285581217700815, -0.0073910803606972945
0.08125299210462623, 0.3777932951223677, 0.6027152496633669, -0.26755816925125336, 3.1285527799969044, -0.007298350214387468
0.08124876233180932, 0.3778033278288386, 0.6026902738504666, -0.2676146091856946, 3.128535842819515, -0.007467619830417579
0.08123416964155951, 0.37781891730280215, 0.6026862933086963, -0.26770724844967636, 3.128527870429171, -0.007410714317299094
0.08129606807305005, 0.3777834316299024, 0.6026960939698581, -0.26737329205903876, 3.128592865539054, -0.007411400342894287
0.08158480173199573, 0.3776433741979091, 0.6026747082218128, -0.26619249328400746, 3.1286710510870166, -0.007393006913429603
0.08194788873235191, 0.3774185759632893, 0.6026044835365592, -0.2646201311389735, 3.128817980401282, -0.007394772956064417
0.08240300668180196, 0.3771647280725856, 0.6025217705591672, -0.26262213427435976, 3.1290846933741405, -0.007357236117694821
0.08295881758831107, 0.37688784775354367, 0.6023895615522408, -0.26009076098516426, 3.129274359645311, -0.007473497509952425
0.08363185364250852, 0.37651815707336467, 0.602302250958212, -0.2572071756119107, 3.129539999621501, -0.007380916400900671
0.08438149897799195, 0.3761259416077368, 0.6021427308353077, -0.253981963879851, 3.1297710460731727, -0.0075339748145672085
0.08525865204109273, 0.3756364869805555, 0.6020311250800027, -0.25015781300526785, 3.1300710547439192, -0.007482035946888515
0.08619896142500265, 0.3751164464278744, 0.601877024215525, -0.24594129426958822, 3.1304329253463545, -0.007333912275612746
0.08724788648971094, 0.3745190735270169, 0.6016922188942276, -0.24137039936759652, 3.13081813338139, -0.007432389297485568
0.08843802135437985, 0.37385796681069416, 0.6014892621154486, -0.23618411684136423, 3.131303440996914, -0.007434985441118036
0.08974525889279493, 0.3732068510785358, 0.6012454635261647, -0.23042423587284439, 3.13170303572429, -0.007478247895601875
0.09108978891749595, 0.3724329846963316, 0.6010183155376839, -0.22450982027552768, 3.1323078074154447, -0.007535577961464301
0.09257567990145119, 0.3716317133534334, 0.6007631227159674, -0.21801872632350763, 3.132749656010588, -0.007539929564037748
0.09422424660921465, 0.3707616696440657, 0.6004778414457924, -0.21089145894215697, 3.1332475304036773, -0.0076961344637633804
0.09588225793658352, 0.3698388200185503, 0.6002444055540112, -0.20364933680318842, 3.1337797189184298, -0.007379110462736825
0.09765341294883823, 0.3689200496402613, 0.5999002173155493, -0.19582847927049574, 3.1343616604248976, -0.007591104282651683
0.09942546793354555, 0.36796334329350683, 0.5995958103106916, -0.18805980993786814, 3.1348482911750133, -0.0077097230624355055
0.10112635729520891, 0.36697019791017654, 0.5993500955901678, -0.18059387997913628, 3.1354355895318826, -0.007387656814145451
0.10288412347094979, 0.3660198243759475, 0.5990399040627085, -0.17284061635787457, 3.135884852854196, -0.007581310815602652
0.10465964290638421, 0.36503061258818714, 0.5987832691961756, -0.16506486654584368, 3.136286295016946, -0.00741775535849285
0.10633892467939196, 0.3641230918067309, 0.5984903767849521, -0.15763172519668608, 3.136807122378823, -0.007301692304624414
0.10813591505817657, 0.3631651251812734, 0.5982091497937536, -0.14966610421797705, 3.1371720603610926, -0.007364641367859314
0.10982741336624052, 0.36223166255557054, 0.5979053768979143, -0.14232288373343224, 3.1375722266414416, -0.0074224705492764095
0.11157419705424385, 0.3613246338977443, 0.5975913145536347, -0.13456512472533133, 3.138007963271325, -0.007421457143666893
0.1133866997784004, 0.36032363074462237, 0.5972630958510974, -0.12665606382935327, 3.1383981278648414, -0.007535442632002074
0.11509227398026933, 0.35937948483954, 0.5969436318028856, -0.11908360949705933, 3.1387227922712615, -0.007782407492058362
0.11689606752191259, 0.35841684654544326, 0.5966848159688276, -0.11118796523852287, 3.139063736291721, -0.007520169235199675
0.11860016257937878, 0.35743764231566666, 0.5964556103290627, -0.10366949457701075, 3.139349162918925, -0.007333455738241608
0.1203325353866252, 0.35650900046916184, 0.5961736936244864, -0.09609313560639299, 3.139634176486462, -0.007277244242605306
0.12210529000968359, 0.3555184684905924, 0.5958767107065853, -0.08823558960943442, 3.139946296197617, -0.007273648728256512
0.12377870327854276, 0.3546084416621719, 0.5955582484721388, -0.08088179825238888, 3.1401449166366584, -0.007353449868428536
0.12556860475312814, 0.3536387652550451, 0.5952644032718836, -0.07306132386005183, 3.140434829949995, -0.007460738576320102
0.12726540944388556, 0.3527429349500834, 0.59493041087948, -0.06567029039685213, 3.1406478118004078, -0.007553400045557304
0.12900713809783143, 0.3517750781027937, 0.5946408628715809, -0.05801523909298305, 3.140869964096891, -0.007569200305465202
0.130792957948636, 0.3508060739129273, 0.5943691403434638, -0.0500966251983994, 3.1410388786989354, -0.007512216082906835
0.13248026622495895, 0.3499143748005963, 0.5940941963038548, -0.04281428574713242, 3.1411617168677353, -0.007343572550448548
0.13432836406844864, 0.34887762645241666, 0.593796424913209, -0.034499628159321664, 3.141334914334165, -0.007338027192374644
0.13603095708128898, 0.3479812659060895, 0.593452243973799, 0.02705032118686981, -3.1414486860475583, 0.0077276344047225755
0.13778330536079372, 0.34704099221057555, 0.593167734219983, 0.01933247862643809, -3.141435542620722, 0.007477224411121889
0.13953187357165273, 0.3460562448563047, 0.592907771876526, 0.011617985115113591, -3.1414098475533425, 0.007338325838706436
0.14122202355498664, 0.34513055850704516, 0.5925789690504824, 0.003997682231515973, -3.1413210179395255, 0.007570966999072514
0.1430220907349613, 0.3441462528614724, 0.5923218746978662, -0.003735354451353051, -3.1413821649054405, 0.007354856869589365
0.14472618141691276, 0.3431913063613312, 0.5920339202677819, -0.011224772161239113, -3.1413272885276053, 0.0073894769118147555
0.14644686256773273, 0.34225378100924164, 0.5917478307637669, -0.018824699879972703, -3.14119277797465, 0.007432596246736403
0.14821335939780544, 0.34129639459261757, 0.591489531718584, -0.026464987603688366, -3.141115084571292, 0.007224117837721019
0.1499424636371155, 0.3403639664548783, 0.5911874676519749, -0.034199190361795, -3.1410404111852452, 0.00724416843295637
0.15176876482772944, 0.33936542298644146, 0.5908910042964999, -0.042343517148910825, -3.14078248381413, 0.0072764019513724375
0.15346912070270383, 0.3384351175457521, 0.5905762856155213, -0.04954765174235662, -3.1406447261832655, 0.007404922941170763
0.15523725832803234, 0.337448908186854, 0.5903046353441604, -0.05742988829946652, -3.140507816400309, 0.007444276100588169
0.15693767733162098, 0.33653105809878375, 0.5900154901964072, -0.06501234896539292, -3.1402473757996496, 0.007178288488973039
0.1586952696581254, 0.3356081585616586, 0.5896668908658406, -0.07283610753591309, -3.14003932042757, 0.007513410715983499
0.16045744873956894, 0.33462384034444026, 0.5894040211198589, -0.08041789694283276, -3.139857471987206, 0.007306710461046267
0.16214590268600507, 0.3337241306325059, 0.5891022796819048, -0.08771364244283004, -3.139595585060236, 0.007390678159639052
0.1639243097499126, 0.3327289433604111, 0.5888625987535357, -0.09553426051348132, -3.139279174318048, 0.0072766038515307925
0.16563115671373022, 0.3318155859125709, 0.5885839847699365, -0.10332358778080729, -3.1390158894529447, 0.007046389011636816
0.16739847398276106, 0.3308766826164731, 0.5882489236103906, -0.11086242380328273, -3.1387502484250054, 0.007291873875190099
0.1691379797775303, 0.3299220690003703, 0.5879450860569885, -0.1185490468957656, -3.138337012490908, 0.007282477803233976
0.17084500740845934, 0.32901247394012695, 0.5876322972230077, -0.1258592408171233, -3.137978107244426, 0.007437152961398318
0.17262431954057547, 0.3280073206429915, 0.5873358921620248, -0.13402029220832348, -3.137690886820113, 0.0075432274867045955
0.174367658165417, 0.32705893992650725, 0.5870612609513503, -0.1415134205825049, -3.1371657350246904, 0.007289459286289304
0.176173589120311, 0.32607019278425603, 0.5867577428916874, -0.14931369571300485, -3.1368182352324094, 0.007386922582849933
0.17785960497938094, 0.325154182367535, 0.5864579788942891, -0.15685060242445067, -3.1364235701445526, 0.007286014609786164
0.1796322115727238, 0.3241684714329009, 0.5861714814376698, -0.16472023969007565, -3.1359658859079387, 0.0074607034803781695
0.18134808078355605, 0.32324359691282173, 0.5859221987915676, -0.17211999932895386, -3.1354948500337954, 0.0072128259005219955
0.18307416001718815, 0.3222930258835144, 0.5856211794878895, -0.1794076426694363, -3.135046359085104, 0.007238521993117659
0.18483110810027079, 0.32133427827576266, 0.5853423459108699, -0.187577819572656, -3.1345499990839305, 0.007176350579538206
0.18652046213355514, 0.32042405131761476, 0.5850414064379615, -0.19497645394341404, -3.1340491975839835, 0.007181095510497519
0.1883168118337755, 0.31940109323852983, 0.5847676140571926, -0.20274546469031485, -3.1335114151154326, 0.007242523871542229
0.19001521534813756, 0.318518576331457, 0.5844576311927833, -0.2102715102847161, -3.132913138911939, 0.007175458496415056
0.19187049621049115, 0.317518458522499, 0.5841253926432646, -0.21852854673034147, -3.1323164495936577, 0.007336840102205547
0.19357671977304955, 0.3165607452635116, 0.5838705526623492, -0.22579361871145026, -3.131813337806258, 0.007108136246397139
0.19532057724223006, 0.3155937553294485, 0.5835610576162591, -0.23347769656982198, -3.131137980377826, 0.0074364078046459895
0.19706746648428136, 0.31465030550924894, 0.5832832523199342, -0.24120509042338262, -3.1304856753801267, 0.007260921932432368
0.19878232252027997, 0.31371321487969517, 0.5829962387576093, -0.24878254830043775, -3.1298534066962547, 0.007170415706228138
0.20056965372002217, 0.312750212428438, 0.5826932842789632, -0.2565462444519149, -3.1292016661695237, 0.007160455599034147
0.20223971030427224, 0.3118203899719393, 0.5824263680450945, -0.2638141506343395, -3.1285120532264514, 0.007149226081242056
0.20402157427983356, 0.3108492648036216, 0.5821112990599471, -0.2714098428329787, -3.1278844373560846, 0.007153712721992487
0.20570327806262928, 0.3099050343337786, 0.5818596232537574, -0.2790509008570279, -3.1271101232069434, 0.006984545981845609
0.20747453753656206, 0.30895828836240413, 0.5815523804018533, -0.28695433370717854, -3.1263423074453742, 0.007097740152365188
0.20922659821314818, 0.30799926748003376, 0.5812530736109305, -0.29429687888108946, -3.1256461349573637, 0.007186175864784719
0.2110261914190234, 0.3070603133932859, 0.5809409127817443, -0.3021030782005376, -3.1248218991664447, 0.007212750832651207
0.21277825798081365, 0.30608276058206507, 0.5806952198184979, -0.30976226014750213, -3.1240516376361542, 0.00689321305949145
0.2144781679824288, 0.30516334971504594, 0.5803701062605523, -0.31712792255447886, -3.1231995168848496, 0.007082169104508026
0.21627049622291067, 0.30417432238127207, 0.5800690061527617, -0.325513663711747, -3.122331003499202, 0.007113836839845417
0.21793743032639015, 0.3033076689835414, 0.5797655286423398, -0.3326174105734562, -3.1214888247620793, 0.007155229195389263
0.21973911701626533, 0.3022864138100676, 0.5794933355507336, -0.3402874103691195, -3.120658791807545, 0.007070964334738944
0.22141634072687247, 0.30138241448839925, 0.5791846179050097, -0.34777546599461395, -3.1197048849695235, 0.007096666518711063
0.22319311413878856, 0.30040017686901277, 0.5789008866292081, -0.35542535333975644, -3.1188589198886776, 0.00713729632692915
0.224939643480176, 0.29946774351280786, 0.5786062213709995, -0.3629909174243505, -3.1179312532369656, 0.007167375300048393
0.2266387438168519, 0.29854937397751524, 0.57831323910394, -0.37043520059588453, -3.116939984645012, 0.0071006906501460704
0.22841309285831168, 0.2975673393647419, 0.5780366156249873, -0.37790761644215404, -3.116016731254405, 0.006929487992858862
0.23009824185329386, 0.29664121551750244, 0.5777285972081455, -0.38538766598248986, -3.115021833180957, 0.00710704965512383
0.23196138442147982, 0.29562890411768805, 0.5774295633037099, -0.39353713678569296, -3.1140564330277076, 0.006984085768293618
0.23365142105881065, 0.2947279865777692, 0.5771305096523163, -0.40080862012980256, -3.113049322645059, 0.007082027861982857
0.23543417603643046, 0.2937522486609703, 0.5768434290800252, -0.40876209402360175, -3.111884973598828, 0.0069468903479654774
0.23713605631835388, 0.2928252153181591, 0.576545010955083, -0.41610513540385036, -3.110871353750973, 0.0072553365903885265
0.23889629345637978, 0.2918357826756106, 0.5762808706779916, -0.42375945290902495, -3.1098851973252177, 0.006954650074164205
0.24063577770666889, 0.29090485376378356, 0.575975525597177, -0.4314298582557753, -3.108735533631145, 0.006987164594350577
0.2423259210564725, 0.2899848483342307, 0.575684253085535, -0.4387949455764445, -3.1075840422950525, 0.0069487942032207765
0.2441207633742043, 0.2889927946809116, 0.5753819981089162, -0.44650108824248325, -3.1064466441293193, 0.007158857545497824
0.24581663328570338, 0.2880882313989509, 0.5750858866244586, -0.45398962399340537, -3.1053551837946025, 0.007110177556106716
0.24758176756852057, 0.28712391336876636, 0.5748218954448288, -0.4616122895318395, -3.104141999738895, 0.0068883937066141245
0.24930129898934694, 0.28620119953958684, 0.5745071730507031, -0.4690669074941511, -3.1029698690615084, 0.007110043441489341
0.25113833974536326, 0.28520875559963027, 0.5742139882482797, -0.47699867085090925, -3.101778333931352, 0.006853838756735591
0.25285918346699526, 0.28425168096241493, 0.5739122028833378, -0.48438992739121706, -3.1005685143306843, 0.007052920309191517
0.2545834953845811, 0.28333420421189065, 0.5736124371714302, -0.4919846742916609, -3.0993115474955397, 0.007096996161277562
0.25633511087860966, 0.28234093512561875, 0.5733564667422408, -0.4996779642061943, -3.0979468028579897, 0.006850633716364592
0.25802896699487887, 0.28143108888495144, 0.5730749228406373, -0.5067941100468604, -3.096790440614322, 0.006839778673509923
0.25983152588274355, 0.28042442975559523, 0.5727881263117222, -0.5146920135408521, -3.0955199148750974, 0.006788115046251247
0.261508913282268, 0.27952361787416535, 0.5724866237461408, -0.5219800549587441, -3.094256209203397, 0.0069361436364831115
0.26329083083438665, 0.27852908066995985, 0.5722070431456712, -0.5298749423288784, -3.0928450415001705, 0.0067566091252520355
0.2649763635786611, 0.2776263711642458, 0.5718888510743273, -0.5369976543820928, -3.0915071639967877, 0.006913113273927891
0.2667285894066241, 0.27666667201219974, 0.5716210582766184, -0.5446344212390847, -3.090153787266057, 0.006794791183748252
0.2684886545640218, 0.27569272743267725, 0.5712962854444287, -0.5523031719834176, -3.0886716656149393, 0.00706126664140572
0.2702083016570992, 0.274801607505618, 0.5710225904578341, -0.5595118534147897, -3.087375090813031, 0.006855553389242803
0.27199520466436045, 0.27380919479380117, 0.5707251037518345, -0.5673132981742075, -3.0859811149731757, 0.006881389473323263
0.2736827356127158, 0.2728967448732737, 0.5703917133967027, -0.5744526817329801, -3.0844339587103478, 0.0071534857415924335
0.27553247161388894, 0.27188561790797827, 0.5701106442901703, -0.5824885155989948, -3.08295511835206, 0.0069386032409131035
0.27722953781171666, 0.27095854570643974, 0.5698417657927042, -0.5898963584615805, -3.0814996656415374, 0.006844834744730567
0.2789936684941171, 0.27001080601527677, 0.5694730322676995, -0.5974253117816711, -3.0798900082325167, 0.007208335780827604
0.2807369254231136, 0.26908150767196576, 0.5692014622670093, -0.6050982882641641, -3.0784107879554314, 0.00698966267691348
0.28243741609503437, 0.2681357878475025, 0.5689191803477477, -0.6121793567208454, -3.0769630529170455, 0.007013825651290096
0.28420992666391226, 0.2671314003809408, 0.5686216610076238, -0.6197907279910322, -3.075379670036872, 0.007031130141309298
0.2859037223951927, 0.26619572451280565, 0.5683898241093143, -0.6272714833097892, -3.073813443726776, 0.006835007261282205
0.2876865507359189, 0.2652295703441943, 0.5680905253042424, -0.6350347993788789, -3.0722190704634587, 0.006821957674150651
0.28941148717675985, 0.26432728487279095, 0.5677678737237405, -0.6422353431216596, -3.0706858391478944, 0.006910997021804789
0.2911226671750975, 0.26336596062794626, 0.5675230016911893, -0.6496867760196973, -3.0690793004209773, 0.0068405843761855335
0.2929031322612556, 0.262446570747617, 0.5671850134977499, -0.6573162342850842, -3.0672989978412337, 0.006880906069337436
0.29458438247251606, 0.2615155892730348, 0.5669182182650959, -0.6644357448017577, -3.0657476812698414, 0.006720385058967725
0.29639411556685086, 0.2605352589473761, 0.5665853389324305, -0.6720882084921527, -3.064002736779762, 0.007025888893409874
0.29814429472313597, 0.2595911257995047, 0.5663124183219518, -0.6794726751372933, -3.0623422782466307, 0.006815630603890632
0.29991179145348323, 0.258605186191058, 0.566018288651497, -0.6872414459580017, -3.0605923185336232, 0.006815151816575332
0.3014775902666088, 0.25770033696021055, 0.5657714650549233, -0.693850700561749, -3.0590972044201887, 0.006821890112649704
0.3029772240671857, 0.2568995133375529, 0.5655131941811605, -0.7004869343567075, -3.0574583720996653, 0.006798384444372715
0.3044629541236522, 0.256103091757354, 0.5652664995345837, -0.7067238644405669, -3.0560173590466437, 0.006764746293693227
0.3057360785548722, 0.2554195034613687, 0.5650636304472285, -0.7121879677295545, -3.054744598744421, 0.006734644108336217
0.3069260097647617, 0.2547778118424052, 0.564866849014543, -0.7172187372119776, -3.053520875300142, 0.006718506799850108
0.3080794621551062, 0.2541523388696478, 0.5646368018924917, -0.7220627566917726, -3.0523253937285904, 0.006940601312563925
0.3090743233463262, 0.2536409265747526, 0.5644829717776887, -0.7262029301623086, -3.051337692782165, 0.0067696126133507065
0.3099278485231997, 0.25313818334487775, 0.564361381358374, -0.7298763721355067, -3.0503497720688526, 0.006655694966451633
0.31070405327898376, 0.2527093406051284, 0.5642301048202291, -0.7332122484939229, -3.0495677493537334, 0.0066608298789207765
0.3113944550641766, 0.2523555476673332, 0.5641066835144868, -0.7361991985440266, -3.0488650950393428, 0.006725929820652644
0.31199601458813336, 0.25202183797594585, 0.5640291362587957, -0.7386242357329976, -3.048317498463816, 0.00660336237462518
0.31247297787723755, 0.25174661636975587, 0.5639452082008192, -0.740831114398559, -3.047753926250166, 0.006644717025755034
0.3128375716644927, 0.2515720646656819, 0.5638481379312384, -0.7421501825708294, -3.0473599708915855, 0.0067591587532338645
0.3131033816240085, 0.25143373774144767, 0.5638044285462597, -0.7434148415059998, -3.0470618315788314, 0.006763380563806983
0.31325178114475927, 0.251343138927155, 0.5637878300384936, -0.7438852653163698, -3.046927095793946, 0.006730375906510942
0.31333503031788634, 0.25130292864673853, 0.5637669695093065, -0.7442962708263015, -3.0468608147752723, 0.006750505347441457
0.31333851629725346, 0.2513097987067829, 0.5637596766127946, -0.7442157136295497, -3.0468506781353693, 0.006813648263157888
0.31333706974497555, 0.2513014519265488, 0.5637869856748519, -0.7443528190534007, -3.046851614431362, 0.006630935150414193
0.3133565846675651, 0.2513131660601946, 0.5637645033002369, -0.7443622672068165, -3.0468124676926807, 0.006771992216183645
0.3133466061173251, 0.2513248731278307, 0.5637747726193606, -0.7443664478121935, -3.046827465322777, 0.006660298057040942
0.3133602929666118, 0.25132442629573953, 0.5637765143036215, -0.7443718833128333, -3.046849035812214, 0.006674035256507564
0.313363410485529, 0.25131469924645267, 0.5637851848252395, -0.7444054594163061, -3.0468292210393777, 0.006666937091526925
0.3133718222824848, 0.2513247399007829, 0.5637716485111539, -0.7443695175656164, -3.046840448024551, 0.00670861678200745
0.3133602611041557, 0.2513281569332211, 0.5637818978826253, -0.7443299023464053, -3.04683636760197, 0.006659280866011755
0.3133600423311615, 0.25131976568964126, 0.5637846789164312, -0.7443343206121027, -3.0468533890948906, 0.006589654594169504
0.313359042935261, 0.25130845287513326, 0.5637924827998626, -0.744373350403086, -3.0468553227900568, 0.006596599653736807
0.3133705787864229, 0.2513130832782046, 0.5637710527389472, -0.7444463246218354, -3.046837681896422, 0.006698240591299536
0.3133701920791433, 0.25131811093110373, 0.5637896036215584, -0.7444429261788816, -3.0468223318607612, 0.006607111260323419
0.3133623004088576, 0.2513130762751693, 0.5637878834851622, -0.7443723487129623, -3.0468510499465675, 0.006613995041320868
0.3133680554338062, 0.2513114025634499, 0.5637742659474959, -0.7443690048426053, -3.0468405121140556, 0.006708513929366045
0.31337423640422923, 0.2513262132442145, 0.5637804741916794, -0.7443396540210454, -3.0468771997303685, 0.006645866619333043
0.31336568659446173, 0.25132402252064834, 0.5637830134930317, -0.7443360159700041, -3.046862375102293, 0.006655740066450925
0.3133830071857004, 0.2513244955664388, 0.5637704214647741, -0.7444271184509229, -3.0468354350770017, 0.006673810574447317
0.3133642311531281, 0.251315752679634, 0.5637913012052587, -0.7444126743806625, -3.046855032807608, 0.006561241655679251
0.3133688441441454, 0.25131241182723446, 0.5637940104915204, -0.7444127605130353, -3.04685700716371, 0.0066042566945728
0.313361461399686, 0.2513174294673099, 0.5638033531204749, -0.7443529328337055, -3.0468486863423574, 0.006488068261224012
0.31337574530413437, 0.25131041697919365, 0.5637939196257581, -0.7444165377302869, -3.0468745757069127, 0.006634716594292877
0.31337634462214975, 0.2513132232527938, 0.5637720946039168, -0.7444283128226725, -3.0468421767268907, 0.006697395796371345
0.3133688891207203, 0.25132232176233243, 0.5637887663439024, -0.7443039302965974, -3.0468858142410227, 0.0065442734282374244
0.31337287129899777, 0.25131629021688123, 0.5637687496564167, -0.7443939644061791, -3.0468593096538124, 0.0066640381188847395
0.313361249437314, 0.251309206810123, 0.5638115781026426, -0.7443647324702127, -3.0468228446303103, 0.0065755870257383974
0.3133664325407789, 0.2513189724587507, 0.5637721854423996, -0.7443321716405126, -3.046847094916606, 0.00666678870281702
0.31336750941783204, 0.25132035319129065, 0.5637985568253306, -0.7443967350689169, -3.046867755071295, 0.006527098976070487
0.313358043201057, 0.25129713996026076, 0.5638002865535655, -0.7443567903710101, -3.0468707585189954, 0.006603398474688932
0.3133453891218476, 0.251305081215901, 0.563818053098737, -0.7443786716219594, -3.046876686432204, 0.006509799162075253
0.313363053253536, 0.2513160114510835, 0.5637846789164312, -0.744315869620269, -3.046857818864242, 0.0065895093548894185
0.3133614107495422, 0.2513137065955848, 0.5637878877855907, -0.7443697461295089, -3.0468401760424357, 0.0066070244828208505
0.31335794529310584, 0.2513049598699206, 0.5637993262980849, -0.744342282534271, -3.046887955680635, 0.006551307472570454
0.31337765762200803, 0.25131686030003864, 0.5637820980076348, -0.7444497648765065, -3.046848394123446, 0.006602907011949872
0.3133676999647974, 0.2513145528786889, 0.5637951433286412, -0.7443902187655391, -3.04684400278923, 0.00657288188563652
0.3133717720452672, 0.2513226569386452, 0.5637930085218229, -0.7443997600111619, -3.0468810516748914, 0.006575055509374567
0.3133685896165182, 0.25131392254755486, 0.5637951390281345, -0.7444295180824825, -3.0468459627363034, 0.0065799491441279915
0.31337006247251636, 0.2513000525678301, 0.563785635050316, -0.744443226876194, -3.0468246126739817, 0.006648668704495435
0.3133691419442235, 0.25130056966842046, 0.5637613897946946, -0.7443906454965841, -3.046844183614542, 0.006572121703501684
0.313364819587856, 0.25130056984036275, 0.5635472006867568, -0.7444198193213495, -3.0468542897007027, 0.006563357866179091
0.31334366181576756, 0.25128684614436203, 0.5631889115716052, -0.744455953702483, -3.0468060011098004, 0.006724899687576411
0.313368887767422, 0.2513183018368996, 0.5627418448838193, -0.7445175596325935, -3.046761288021724, 0.006748895752073338
0.3133359236945264, 0.25126804872720465, 0.5622079212816632, -0.7444398860437603, -3.0467785020644476, 0.00687092812457805
0.3133457186769006, 0.25127378083549884, 0.5615384690740062, -0.7445591766948098, -3.046780202451733, 0.006771418594780346
0.3133513472838135, 0.2512936739178495, 0.5606911968436533, -0.7444767277158508, -3.0467360026217385, 0.006938589250694935
0.31335883458764185, 0.2512982028818808, 0.5597571494975017, -0.7445330769764348, -3.04669228055596, 0.007027653760177155
0.3133418438567369, 0.2512837013793235, 0.5588389320167005, -0.7444701979250891, -3.0467832615378234, 0.006712677708253236
0.3133489211794511, 0.2512917466683093, 0.5575909037478652, -0.744548979613392, -3.0467863226548646, 0.006712714084610149
0.31335684451519114, 0.2512949580226049, 0.5562776695905758, -0.744452552415527, -3.046784639376715, 0.006844642780408555
0.31335315771899824, 0.251288933032483, 0.5549295762889289, -0.7444592985696485, -3.0467899953461, 0.006652419431831763
0.3133407640934474, 0.2513104399328074, 0.5533570658049315, -0.7444753345500629, -3.046661438424853, 0.0067689252227240765
0.31337626667161966, 0.2513432663447514, 0.551647454598222, -0.7444842160514031, -3.046648614417497, 0.007112023161467497
0.3133323905290436, 0.2512969135165043, 0.5499412234819726, -0.744446445665493, -3.0466763121886, 0.007091157220021721
0.31334036112855435, 0.25128351484796707, 0.5480998636860359, -0.7445012063780242, -3.0467367977371276, 0.00686209059019773
0.31334728420550767, 0.2512926688158095, 0.5463515556966013, -0.7444775881444156, -3.046807090925464, 0.0066668756759239774
0.3133421686492782, 0.25129537970325316, 0.5445856329448415, -0.7444577874049056, -3.0466828880108108, 0.007162241054955657
0.31334221226019143, 0.25129527925377787, 0.5430240946428038, -0.7444921549736091, -3.0467795850524664, 0.007011096919201792
0.3133493590256713, 0.2513004358399157, 0.5415149682403037, -0.7443583033325161, -3.0466832682007507, 0.0072443083091083245
0.3133292091119424, 0.25127539128453297, 0.5403299243205627, -0.7443710029317588, -3.046811246755671, 0.006881734792728958
0.3133487910101879, 0.2513005057620685, 0.5390799250336638, -0.7444757192175314, -3.046694711895955, 0.00711674284792832
0.31334665368671266, 0.25128662114165945, 0.5379801351756436, -0.7445243133051256, -3.046673253825547, 0.007035233323042283
0.31334625586793113, 0.2512879000237002, 0.5370763567238513, -0.7444243236196849, -3.0467787787968774, 0.0069055187893481635
0.3133574286792491, 0.25130517036150074, 0.5362426203909544, -0.744415677523909, -3.046792406710382, 0.006836814097920798
0.31335079279527805, 0.2513195338251916, 0.5355152029114416, -0.7444363403815354, -3.0467876582808735, 0.006859814354297102
0.31334792426059943, 0.25129314668274166, 0.5349473994151615, -0.7444836007369119, -3.04675440950319, 0.0069093992141293
0.3133531874816058, 0.2512880944074803, 0.5344631535963682, -0.7444943949269478, -3.0467360971550512, 0.006882893044883735
0.3133389254809106, 0.2513057560296522, 0.5341250649057114, -0.7444464127124873, -3.0468076288841783, 0.006717243242202242
0.3133319380783902, 0.25128602905184066, 0.5339006961075388, -0.7444651998133498, -3.04678364909611, 0.0068488353246596
0.3133347340620041, 0.2512961039103103, 0.5337758466236033, -0.7445591514368923, -3.04675945971719, 0.006909539092931524
0.31333036075221304, 0.25129344705261153, 0.533762050291122, -0.7445507601506187, -3.046793464106574, 0.006686460813211149
0.31328699623511963, 0.251208099310138, 0.5336910779994527, -0.7445141085687857, -3.046798392670986, 0.006703093063177865
0.3131653802859979, 0.2510645404672955, 0.5335151297038495, -0.7445647604800298, -3.0467645134818375, 0.006894190058147203
0.3129431305517774, 0.2508480330148806, 0.5333475912985481, -0.7444973374646813, -3.046798646254043, 0.006784742564812939
0.3126406105571706, 0.2505853518598378, 0.5331185672578952, -0.7444516190011209, -3.0468328569320353, 0.006558325275018809
0.31229660744502047, 0.2502281743004982, 0.5327447409053161, -0.7444116672459126, -3.046811892955528, 0.006642180532170892
0.3118779705190326, 0.24983296862891102, 0.5322787368240456, -0.7443079471649586, -3.0467710691471415, 0.0069691810825859984
0.3113910524929905, 0.2493358788553166, 0.531835603156325, -0.7442676770181036, -3.0468191260745123, 0.006794128469134885
0.31081578038298713, 0.24877192767419362, 0.5312816272360884, -0.7443526313939712, -3.0468154779935035, 0.0066054172300830825
0.3102157922654037, 0.24817062431489176, 0.5306941864645977, -0.7443012786848421, -3.0468929518259547, 0.006487251523461254
0.30949365962261605, 0.2474496403000089, 0.5299359645020513, -0.7441719961026669, -3.046813590623741, 0.006848404867610396
0.3087334646119646, 0.24668410386932718, 0.5291513831478688, -0.7442166613634827, -3.046718693793437, 0.006802915598401886
0.3079258615927594, 0.24589968022918887, 0.5283426714288443, -0.7443649768760456, -3.0467341252525357, 0.006800409105327557
0.3071901740276959, 0.24515251711511052, 0.5275227719319352, -0.7445430124693289, -3.0467107241639084, 0.006918348931463296
0.3064531926084841, 0.24438973281949633, 0.5268910570286215, -0.7443242103627341, -3.0467494893412304, 0.006852847890212756
0.3058246408130252, 0.2437621829520853, 0.5263349216479261, -0.744372160516587, -3.046834637558479, 0.006610920260392234
0.3052854131536472, 0.2432320855476549, 0.5257472360564455, -0.7443552035011417, -3.0468146704309147, 0.006579995559830142
0.3048144198152468, 0.24279128304540457, 0.5251875503767699, -0.744249175401123, -3.0467581046445518, 0.006978659813196155
0.3044177733895101, 0.24238758211511274, 0.5247666638524496, -0.7443455284955591, -3.046738788190845, 0.00698436175334925
0.30406974496047035, 0.24205845146021684, 0.5244741394909871, -0.74422152310988, -3.046846863334009, 0.006749899796948779
0.3037738530498069, 0.2417378000979086, 0.5242184723408555, -0.7442939427197957, -3.0468202745232973, 0.006746395997067342
0.3035555624446512, 0.24151856177412173, 0.523971723199365, -0.7444889466676264, -3.046739471011059, 0.0068893008120730365
0.30343395346828617, 0.24137914584927678, 0.5238440437626921, -0.7444716639428522, -3.0468171348231583, 0.006712369965714255
0.3033494451287069, 0.24134343304124156, 0.5237877693158166, -0.744479597849173, -3.0467657994223423, 0.006703734881118203
0.30333608833951065, 0.24133228951574154, 0.5237717981037779, -0.7444331447840244, -3.0468142634035082, 0.006766033897130024
0.3033332916513844, 0.24131045314690872, 0.5238007318745053, -0.7444171723382664, -3.0468281528041286, 0.006570901197263323
0.3033157099979086, 0.24131451277192167, 0.5237961258417714, -0.7443261923434649, -3.0468529640791813, 0.006612707272040661
0.30333122922312933, 0.24132306650287746, 0.5237918303926018, -0.7443798511766281, -3.0468329124046654, 0.00658845737979757
0.3033226170511102, 0.2413088051023667, 0.5238039754915882, -0.7443660478184334, -3.046856544941915, 0.006560316740165446
0.3033309852899045, 0.24132083975191293, 0.5237759155380175, -0.7443086648192618, -3.0468572661317928, 0.006612557132804021
0.3033215613671193, 0.2413325687649443, 0.5237703186629141, -0.7443233564089812, -3.046838002394788, 0.006623539985958019
0.3033183513749697, 0.24132421375444152, 0.5237714939510951, -0.7443812324493053, -3.0468379402067085, 0.0066721881876874185
0.30332451426587054, 0.24133309684075616, 0.5237568666262666, -0.7443411452546144, -3.046834180292121, 0.006725110877028168
0.30331412698336174, 0.24132209647757827, 0.5237871591997252, -0.744315975699221, -3.0468900994721033, 0.006633428884060833
0.30332533711600107, 0.24132831586509385, 0.5237703143594514, -0.7443260180414476, -3.046848722441293, 0.006630243698397202
0.3033124346752185, 0.24133127343995084, 0.5237770950871955, -0.7442356704797225, -3.0468778280829927, 0.006654548636660114
0.30332279305548565, 0.24132474323371964, 0.5237657725422084, -0.7443946725532082, -3.046814004540197, 0.006700833027897987
0.3033204031467996, 0.24131348854992166, 0.5237757458096728, -0.7443059702304177, -3.046848847426022, 0.006648190304615878
0.30332196205271256, 0.2413352240930197, 0.5237714299931766, -0.7443322246285357, -3.04687473576354, 0.006626679639486611
0.30332471913263626, 0.24133138205583854, 0.5237770311845643, -0.7442966257248829, -3.046887762240439, 0.006609042038780412
0.3033229328767041, 0.24130938635379373, 0.5237634193416469, -0.7443391711744791, -3.0468273991180594, 0.006700503664928307
0.3033105683379151, 0.24131893155184264, 0.5237747374867644, -0.7442931259862758, -3.0468752612883847, 0.006661409276035813
0.30332471064769373, 0.24130814226579533, 0.5237634107308273, -0.7443810582598229, -3.046840176492513, 0.006714270489339486
0.30330327783885735, 0.24131036894252064, 0.5237768651077492, -0.7443451835885982, -3.046851186480055, 0.00665474522261406
0.30332342842734794, 0.24131006265874339, 0.5237701446733947, -0.7443780595322083, -3.046826853863824, 0.0066657320763667096
0.30331046417147234, 0.24130885779167724, 0.5237903770426781, -0.7443611981368696, -3.0468375627327835, 0.0065886110908310305
0.30331985369065534, 0.24132052862472542, 0.5237647729523699, -0.744339451110105, -3.046827603890726, 0.006699994666625025
0.3033142114111611, 0.2413124396405717, 0.5237624196295364, -0.7443212151746403, -3.0468320524342576, 0.006699958100462505
0.3033140637468607, 0.24131025034128734, 0.5237702572989809, -0.7443647066601716, -3.046851042237801, 0.006636513291549881
0.30331334849855307, 0.24129391018540328, 0.523784677525589, -0.7443539580334886, -3.046890267028903, 0.006699177682118753
0.3033241707051227, 0.24132093166001617, 0.5237793799487871, -0.7444080818175269, -3.046867860818319, 0.006632816374600169
0.30331723319740417, 0.24132830290710414, 0.5237625980337156, -0.7443003948038088, -3.046823335414777, 0.0066508011071388234
0.30332125292056983, 0.2413069404601342, 0.5237646680285521, -0.7443051885154552, -3.046844773083169, 0.006664867236424447
0.30333309565724614, 0.24132789819713535, 0.5237602798947586, -0.7443837844564839, -3.046848715602863, 0.006678844311089278
0.3033224660500082, 0.24131454458121812, 0.5237862729180395, -0.7443814156459903, -3.0468423345174376, 0.006653809909000645
0.3033160397488696, 0.24132276842739667, 0.5237724380926589, -0.7443438825450126, -3.0468444218713495, 0.0066303793593599945
0.30330844109558913, 0.2413236577650922, 0.5237702605695997, -0.7442750342079133, -3.046879740431283, 0.006661477886379264
0.3033214853154676, 0.24131512599340166, 0.5237625246051174, -0.7442823210400507, -3.0468324919462466, 0.006734600414556381
0.3033127594853582, 0.2413276974007939, 0.523779167816632, -0.7442889124967144, -3.046855304102771, 0.00658866187633885
0.30331010312464585, 0.2413083899114978, 0.5237780505531161, -0.7444135770544037, -3.046811509501855, 0.006641073122829118
0.30331983600199025, 0.24132245975802152, 0.5237802748650583, -0.7443001842003326, -3.0469028828638947, 0.006598476847073705
0.3033201712252885, 0.24131130285292035, 0.5237678919420471, -0.7443600767018979, -3.046833873270144, 0.006707497682442861
0.30332110118532996, 0.24131834669007077, 0.52375918048597, -0.7442602914282015, -3.046819391800062, 0.00670347843415573
0.3033215967718396, 0.2413190230642204, 0.5237659058082852, -0.7443355119684042, -3.0468100240563984, 0.006668804611779405
0.3033222245376647, 0.2413161245243605, 0.5237556345869333, -0.7443773162181315, -3.046822899210061, 0.006682617436030505
0.30331195005609385, 0.24131695782800838, 0.5237635438225741, -0.7443041426737833, -3.046840717365772, 0.006682582235734552
0.30331780195331703, 0.24130201174791122, 0.523762367072981, -0.7444137066607944, -3.04681396016759, 0.006682588311078069
0.30331813235585214, 0.24131211300544558, 0.5237658415199073, -0.744413835619126, -3.0468116637099807, 0.0066403340580276455
0.30331786388870496, 0.24131169687492662, 0.5237770438480917, -0.7443788139283228, -3.0468290354799974, 0.00660534585552708
0.3033181902110774, 0.2413201876457657, 0.5237656548214791, -0.7443312765861063, -3.0468728894254036, 0.006686434632914716
0.30330804892126634, 0.24131154618309636, 0.5237782984918321, -0.7443291668549401, -3.0467940734895236, 0.0068400788585539956
0.30330993022858066, 0.2412966535252349, 0.5237871548005618, -0.7443762649664604, -3.046825504200722, 0.006724181132073505
0.30330011947992375, 0.24128461469356213, 0.5237926230167962, -0.7443846054197316, -3.0467848766255705, 0.006822548291911873
0.30330416670591204, 0.24131382712856006, 0.5237648485115391, -0.7441604784383061, -3.0468172811955343, 0.006909472682432487
0.3033086892689951, 0.24128730039197432, 0.5237759214621861, -0.7441992005046559, -3.0468191153315214, 0.006915999877713809
0.30330986325533277, 0.24129670947740353, 0.5237847701709807, -0.7442206498873853, -3.0468271449219735, 0.006864546596963881
0.3033153127768325, 0.24129099226584666, 0.523764784417751, -0.7441919465783935, -3.046791284787753, 0.006979449612398363
0.3032983365170637, 0.2412820876756424, 0.5237755434842571, -0.7441268602148657, -3.046838456419826, 0.006857476872071741
0.3033181457649944, 0.241287092218833, 0.523778238324266, -0.7442403237529156, -3.0468245126670594, 0.00680381509084111
0.30331943331366656, 0.2412851801221169, 0.5237712806142021, -0.7441153840365712, -3.046868713900877, 0.006852712288623234
0.3033045136191834, 0.2412891298481319, 0.5237736284664269, -0.7440139709215069, -3.0468550153824103, 0.006951151086309475
0.30332207704421127, 0.24130667503270786, 0.5237331795371057, -0.7440048133082344, -3.0468168198059096, 0.00710938680245801
0.30330583180935144, 0.24129110688915217, 0.5237600546092435, -0.7439720739435434, -3.0468427157781615, 0.0070388998652168265
0.30332581624472854, 0.24129461842887162, 0.5237457062605302, -0.7440604539831094, -3.0468102292212014, 0.007132804491196328
0.30331092622197203, 0.24129861127568503, 0.5237478763910359, -0.7439957458939361, -3.046787616230845, 0.007231338268369079
0.3033081010741002, 0.24127525770399308, 0.5237859930788619, -0.7441078005700643, -3.046778317114476, 0.007263053251012219
0.30330671204698745, 0.2412752063049255, 0.5237792730888203, -0.7440848364632897, -3.0467634515868336, 0.007290996760675271
0.30331190776193984, 0.24126292619134695, 0.523815124785483, -0.7441074343005387, -3.046775074804805, 0.00711945884391091
0.30331569372407574, 0.24128432614667822, 0.5237805462262876, -0.7440329094040392, -3.046790025217904, 0.007339351134838416
0.3033149585145436, 0.2412733679388077, 0.5237950604391065, -0.7440816588782683, -3.0467525728681153, 0.007283920226539134
0.3033033958314631, 0.2412879031619634, 0.5237950604391065, -0.7439723480465037, -3.0467793241460113, 0.007284020182239307
0.3033065068982899, 0.24125939531569301, 0.5238097103236369, -0.7440824186334446, -3.0467593970379165, 0.007307378777265946
0.30330055449213716, 0.24126851057342533, 0.5238054941467015, -0.7440670339629214, -3.046702400313571, 0.00749307103608378
0.30329777538813574, 0.24126430574490249, 0.5238491303504644, -0.7440081646290916, -3.046774776809518, 0.007265560688281049
0.30335839964974565, 0.2413084719471675, 0.522846920401554, -0.7441167067770106, -3.046638087980913, 0.007829810499223658
0.30335194364838747, 0.2413147363712178, 0.5218171572838924, -0.7440148698501462, -3.046439067325057, 0.00852804274801069
0.3033650646382303, 0.24131932982120302, 0.5209761648507242, -0.7441353834531124, -3.046503824162009, 0.00834568523422894
0.303350360408892, 0.24131890571260678, 0.5200610294665776, -0.7439900964152548, -3.046511098362372, 0.008331993338972932
0.3033497402910011, 0.24129486802435673, 0.5190469415333743, -0.7439894506733283, -3.0464105508625803, 0.00896220980982485
0.3033441647456696, 0.2412961482568427, 0.5181752042588633, -0.7438704495522622, -3.0463024641561995, 0.009266021191837798
0.303366416609566, 0.24131202596662252, 0.517305891306765, -0.7439062042453166, -3.046267487732258, 0.00939741451447688
0.3033485329916605, 0.24130130215527498, 0.5164277156885535, -0.7439896140596605, -3.0462627056218166, 0.009369247283442447
0.3033489373300965, 0.24129387361629462, 0.5155571847537881, -0.743885875654145, -3.04629446847545, 0.009578695195332415
0.3033456728715794, 0.24125035756585825, 0.5146051668314279, -0.7439493322435087, -3.046296051306011, 0.00995539091738857
0.30337471924420345, 0.2412334119714159, 0.5136413577369799, -0.7441455261572955, -3.0462783249131276, 0.010180017081992513
0.3033950787667183, 0.24123923303804737, 0.5126637253830122, -0.7441751262814004, -3.046292931763213, 0.010539591086358348
0.30341694625944043, 0.24123369735010644, 0.5116452471078812, -0.7441404629297342, -3.046357394647467, 0.010921068669526047
0.3034324104316211, 0.24123997456955154, 0.5106872337993945, -0.7441243675787463, -3.046268559423745, 0.011312614737438085
0.30344205022468373, 0.24123623770188224, 0.5095526632406376, -0.744163529462511, -3.0460833598901798, 0.01208172838073357
0.30344975503350013, 0.24123288909635746, 0.5085525293656751, -0.7442579690194184, -3.04603353236076, 0.01217035273534352
0.3034479824113443, 0.24122001537555762, 0.5075102553996567, -0.7443157210840691, -3.045993103504799, 0.012360573476332903
0.3034404668160057, 0.24120649031656624, 0.5064101073967783, -0.7443237428133904, -3.0459012442634332, 0.012593913923196644
0.3034617739127968, 0.24123657177887198, 0.5054074903464769, -0.744345607711146, -3.045803183237353, 0.012988103178501452
0.3034583998973247, 0.2412060072247842, 0.5043725661942589, -0.7442805646962419, -3.045747030527584, 0.01335175336414
0.30344082083860213, 0.24117051911356996, 0.5033834440459063, -0.7443515733405023, -3.045689593491305, 0.013594096039672581
0.3034667266061855, 0.24118168889076216, 0.5022478314516994, -0.7443683555764048, -3.0456322204684882, 0.013890307103389985
0.30346412321364896, 0.24115943928741326, 0.501059730651095, -0.7444219002493497, -3.045630524081899, 0.013941400956432443
0.30343573103054045, 0.2411000607666438, 0.5000383144965445, -0.744403982191255, -3.0458175493411295, 0.013530308692867239
0.3034440802045716, 0.2410679587428822, 0.49875221015934623, -0.7445053798024998, -3.045505611492307, 0.01503969050349316
0.3034917281195513, 0.24114096227229598, 0.4977272604757634, -0.7444128183477629, -3.045474037435975, 0.015132629429075261
0.30339418797471324, 0.2409878602381943, 0.4970854612372933, -0.7445478136728856, -3.0456821803176566, 0.014127565077280161
0.303427617847438, 0.24102763255792292, 0.4960242620173708, -0.7444424284907958, -3.04554230324973, 0.014802115948887503
0.3034778087869314, 0.2410976684614351, 0.49512133525527857, -0.7444112957895879, -3.045336415521434, 0.015706426888073326
0.30351554489410953, 0.24115493434096527, 0.4943272197115786, -0.7442862526386019, -3.0452858839606494, 0.01594410307523163
0.3034787536948844, 0.24115964756565547, 0.49372546583868576, -0.744374817980424, -3.045439496331983, 0.01453603906560942
0.3034316583123897, 0.2411324588340188, 0.4932621876720109, -0.7443026024805478, -3.0455182376481917, 0.013402082576743883
0.30337871433197305, 0.24111360249609962, 0.4929927823352861, -0.7442291940598779, -3.0455602914054274, 0.012811827916662938
0.3033747775968538, 0.2410960458437317, 0.4929863080510925, -0.7442883365933168, -3.0455592820573516, 0.012658189795756246
0.3033625711586966, 0.24108686430304316, 0.4930938693406046, -0.7442817221201244, -3.0455560658052097, 0.012877393381733968
0.3033809273740335, 0.24108093256145827, 0.4932871624491839, -0.7442513446580366, -3.045623978803151, 0.013094436533461519
0.3033896676902267, 0.24107762301411148, 0.4934793750140068, -0.7442098004936665, -3.045590308063355, 0.013917654709963295
0.30341882643455786, 0.24106812431522573, 0.49369004550641604, -0.74418310057277, -3.0456073093197102, 0.014426522401342935
0.30340524746946834, 0.2410607848017439, 0.4937989078052135, -0.744246591163696, -3.045569064086095, 0.014613425258173593
0.3034268263892315, 0.241064604569892, 0.493781030656936, -0.7441919602126664, -3.0455866500769444, 0.014697003696070214
0.3034277832499314, 0.24108915130197658, 0.49374738743549956, -0.7442016790284393, -3.0456164718805403, 0.014576479969676653
0.30343776317116244, 0.24108185836130405, 0.4937136020408924, -0.7442428296785099, -3.045617636592351, 0.014482538113515107
0.30343434785163476, 0.24108056244426163, 0.49368106407507306, -0.7443032655283479, -3.0456170292726292, 0.014328588666467088
0.30342821864118996, 0.24110083612001473, 0.4936347000974823, -0.7442048403026296, -3.045680304138554, 0.014231492004911951
0.30344569901063784, 0.24113321315274303, 0.49352805994449495, -0.744242298230055, -3.045653553555019, 0.014100313330973646
0.3034709247006426, 0.24114190287443024, 0.49342247260769545, -0.744275822986861, -3.04561832848566, 0.014104864584208511
0.3034604678310003, 0.2411654353695031, 0.4933278281146111, -0.744258394797814, -3.04560522032525, 0.013973158538549885
0.3034609179373011, 0.24116610262899413, 0.4933118986205644, -0.7442008891256069, -3.0456101854848794, 0.014007852573004239
0.3034669600692036, 0.241159271224882, 0.4933683383673783, -0.7442514739957946, -3.045588033205905, 0.014042977792763261
0.3034471486729663, 0.24113720279812803, 0.49339867116333036, -0.744212594241763, -3.0455269090281294, 0.014364281001155714
0.3034392302909645, 0.241136014527661, 0.4935303774733359, -0.7441337590250778, -3.045543188369299, 0.014523393149683627
0.3034322977041487, 0.24110269516142865, 0.49362628356254495, -0.7441389393376868, -3.0455728328443388, 0.014399364115507763
0.30345069652647183, 0.2411374406263364, 0.4936235177106765, -0.744143801819901, -3.04552657189523, 0.014777158715647592
0.3034497994426159, 0.2411166306486155, 0.4936874287511455, -0.7441055159054779, -3.0456082976938483, 0.014596725378020143
0.30345170557720214, 0.24113102354324922, 0.4936520133948162, -0.7440038235242468, -3.045587332689062, 0.014671341512332915
0.3034484373449688, 0.24112045752713268, 0.49363352620072926, -0.7440542937720761, -3.0455546380656395, 0.01469937592931605
0.3034595351672206, 0.24114405182021845, 0.49358888848235544, -0.744023111767457, -3.0455762536347133, 0.014647436133978693
0.30345582841694435, 0.2411250847206394, 0.49356784783685514, -0.7440902125489927, -3.045534856613459, 0.014693579607716351
0.30344480018097963, 0.24113264140947144, 0.4935622041965249, -0.7440355876380669, -3.0455486050479004, 0.014693095992690423
0.3034584432889039, 0.24113663116666545, 0.49355899937448167, -0.7440699783401423, -3.045530867089421, 0.014728475686153654
0.30346266250205167, 0.24113104783603134, 0.4935567041420934, -0.7440239847781187, -3.0455785344453212, 0.014689062287571128
0.30345173754737664, 0.24112105341884313, 0.493569987525831, -0.7440560452136552, -3.045549876332361, 0.014616265702910509
0.3034532393259911, 0.24112522732043293, 0.4935496917464318, -0.744080831927754, -3.045496254717777, 0.014749495970057291
0.30345864353085555, 0.24114088794698058, 0.4935669108214248, -0.7440786828401189, -3.0455653048541134, 0.014690128773322918
0.3034547434812644, 0.2411412068632373, 0.4935451099819309, -0.744042646240241, -3.0455766285838655, 0.014731873561291308
0.3034471606536857, 0.2411378176947683, 0.493573526944432, -0.7440949121278438, -3.0455500570720284, 0.014581249542299354
0.3034446961502539, 0.2411383231382472, 0.4935655561853741, -0.7439871161784731, -3.0455853632186902, 0.014647679560058005
0.30345801572476794, 0.24113026647296143, 0.49356094787079324, -0.7440274124520392, -3.0455935267848124, 0.014679304774337262
0.30345569186738647, 0.2411229458129183, 0.4935701193115885, -0.7440781443663943, -3.0455629124823824, 0.014647472958299282
0.3034575508290756, 0.2411275363123489, 0.4935541584209285, -0.7440906656634565, -3.0455348659868555, 0.01469365287165894
0.30346504601474594, 0.24112486890808887, 0.4935428730294548, -0.7440951172082876, -3.045554470010254, 0.014766369823503414
0.3034518211983425, 0.24114082127190148, 0.4935544707372827, -0.7440191347010044, -3.0455595014001773, 0.01471731405549848
0.3034598332016478, 0.24113475497442657, 0.49356238581438816, -0.7440616526240192, -3.045574047263992, 0.01467188064230404
0.30345055266914833, 0.24110965956755329, 0.4935684046806011, -0.7440961221374283, -3.045556145160295, 0.014605790114465127
0.3034594421823331, 0.24112241431813086, 0.49355625094910593, -0.7440394421387992, -3.0455608603519595, 0.014640461797981506
0.303456898185127, 0.24113243648154278, 0.49356211830046365, -0.7440602576065736, -3.0455674107499924, 0.014647576950188344
0.30345038731895174, 0.24113872991221927, 0.493555273351657, -0.7439665728875424, -3.045581049154223, 0.014683035762198761
0.3034405639565069, 0.24112650765597404, 0.49357328941500045, -0.7440584948697023, -3.045561105729163, 0.01462352253881785
0.303455828252551, 0.24111934026120627, 0.49355954582879713, -0.7440653378569018, -3.045588989329798, 0.014661222607665322
0.3034529233035148, 0.24114421419543872, 0.493563556270513, -0.7440394160899375, -3.0455614442384706, 0.014640213529670102
0.30345715873769025, 0.24112313704637067, 0.4935655525844337, -0.7440626848173822, -3.0455781860218947, 0.01465434831392899
0.30344702896124204, 0.24112613661494528, 0.4935631801105197, -0.7440223559096604, -3.0455721253073245, 0.014664964155984395
0.30344250055276695, 0.2411234268916335, 0.4935676113793571, -0.7439997428705266, -3.0455591731752882, 0.014633731345424231
0.30345259136545344, 0.24112610887505176, 0.4935539800346893, -0.7441027052989533, -3.0455020913341984, 0.014655657471301974
0.30344540981707663, 0.24112582898362808, 0.4935755569871748, -0.7441074223440846, -3.0456043228642518, 0.014615651319383402
0.30345073303100967, 0.2411295375528731, 0.49356443404910777, -0.7440979736637875, -3.0455653842415735, 0.014672110888172734
0.3034518183042709, 0.24113489702194643, 0.49355984008030157, -0.7440551504459075, -3.045548143035227, 0.014676350792547761
0.30345585305534484, 0.2411350512480571, 0.4935533451010244, -0.74404126229475, -3.0455724257837717, 0.014748406577364698
0.3034461077600784, 0.2411402787229118, 0.4935792014411463, -0.7440279425217482, -3.0455937018593233, 0.014577455893029993
0.3034560840222304, 0.24112734517002649, 0.4935587251984419, -0.7440516273891116, -3.045532735654117, 0.014686596325376064
0.3034572983654935, 0.2411312002203036, 0.49355791180318875, -0.7439838745469523, -3.045574717002767, 0.01474123599290707
0.30346024028111857, 0.2411254869129064, 0.493560962229144, -0.7440537026985787, -3.045541163153263, 0.01465167530956181
0.30343953414001146, 0.24113472461019284, 0.4935688689774338, -0.7440181776994008, -3.045554946065598, 0.014634029205719667
0.30345700311039836, 0.24114425089791547, 0.4935464319967594, -0.7440325766385778, -3.0455331368965908, 0.014704239268775544
0.3034546285672142, 0.2411369787847854, 0.49356323684881964, -0.7440431235763898, -3.04557617896209, 0.014630238153332292
0.3034544483842617, 0.2411269866401725, 0.4935825976112555, -0.744047563146084, -3.045595391787161, 0.014602136542960727
0.303448865083386, 0.24112496224733895, 0.49356885461871636, -0.7440466439885688, -3.0455936468472506, 0.014661353734006687
0.3034477221623843, 0.24112709668430476, 0.4935699803204372, -0.7440245793274071, -3.045580591619791, 0.014630140616053453
0.3034550340547426, 0.24113951135578948, 0.49355102964971226, -0.7440180075387349, -3.04555282746846, 0.014692975381879938
0.30343574011384256, 0.24112128801331414, 0.49358797636067253, -0.7435902951747123, -3.045625511216595, 0.014552590826142055
0.3034300997512998, 0.24112285096784725, 0.4935654518232734, -0.7440243905813844, -3.0454227878629654, 0.014677059086255584
0.30343201073162995, 0.24111429544825957, 0.49358790783319273, -0.7441111331820605, -3.045543752283947, 0.014641017771789909
0.3034321581514606, 0.2411204136644344, 0.4935879986933986, -0.7441309282176244, -3.0455457728261774, 0.014666131518579184
0.30342875393587915, 0.2411038112711047, 0.49359349798618957, -0.744142578912696, -3.0455152565142156, 0.014669561232873822
0.3034184331833183, 0.24110254784363042, 0.49358321404127276, -0.744075407482415, -3.045479248980524, 0.014718533930479807
0.30341197366605144, 0.24110667786552328, 0.493596862690985, -0.7440370076457671, -3.0454769358288547, 0.014610136265413447
0.3034192532990591, 0.24110785834596593, 0.4935854292995596, -0.7440384095970484, -3.045566135428333, 0.014725053331729535
0.3034269205416647, 0.2411054247048306, 0.4935798764705967, -0.744098397247347, -3.045576829844146, 0.0147805257031149
0.3034254032689405, 0.24109542608693563, 0.49358545619555194, -0.7440655125735098, -3.0455983691618034, 0.01472737713263201
0.3034287623835992, 0.2410805736193581, 0.49360334767738673, -0.7441032838270906, -3.045593045927228, 0.01460892199038951
