0.4829284393850015, -0.5353503671489992, 0.19662774086471507, 2.493178007102442, 1.8809483574675765, -0.06244557983605548
0.4829556354848897, -0.5353378330710579, 0.19660794692447814, 2.4931393245035265, 1.880965114116381, -0.06241794443460114
0.48294208302997815, -0.5353491777878897, 0.1966047492323095, 2.4931537532386017, 1.8809276881306733, -0.06241373984491291
0.4829610771222755, -0.5353299048102884, 0.19663768019244948, 2.49308143263097, 1.8809905892855299, -0.062385269025714514
0.4829601798105538, -0.5353401378216803, 0.19664771170680104, 2.4930374946353058, 1.880954349740109, -0.06236205015587329
0.4829266778534382, -0.5353722004551218, 0.1966090307071419, 2.493192084067127, 1.8808872792853948, -0.06245511705430879
0.4829584739980483, -0.5353401483166491, 0.1966241812625627, 2.493103816889631, 1.880936022926173, -0.06239891571355885
0.4829415811375185, -0.5353529265742812, 0.1966316608839943, 2.4930861890641864, 1.8809454383727071, -0.06245388846215502
0.4829523611191265, -0.5353479282596789, 0.19660578682268487, 2.4931179262186305, 1.8809710629521095, -0.062432019138723684
0.4829625112265727, -0.5353366265912454, 0.19662637765392904, 2.4930802914785235, 1.8809897910529663, -0.06246258651916754
0.48296907110917237, -0.5353377856868566, 0.19661235556994414, 2.493068408879513, 1.8810035131118619, -0.0624043109314669
0.48295481027221726, -0.5353371537102879, 0.19660680803721534, 2.4931038635316063, 1.8810327408796885, -0.06242331782862399
0.48295966188566714, -0.5353411046808169, 0.19663813787292808, 2.4930637534092837, 1.8809518746204872, -0.062389606460715466
0.48294228122741745, -0.5353520912621945, 0.19659921861743904, 2.4931668071925044, 1.880938597784489, -0.062459555382392534
0.48294142257764255, -0.5353500450293909, 0.19663685221741317, 2.4931288289808315, 1.8808595099916152, -0.06240740593854698
0.48295326889028745, -0.5353387105416813, 0.19661651972635052, 2.493136406253681, 1.8809389139102959, -0.062449166969876936
0.4829571586988486, -0.5353404587053776, 0.19664552558773454, 2.4930834661374983, 1.8809196976639064, -0.062407133811696346
0.48297224214781476, -0.5353322255323887, 0.19665218644074367, 2.492996079583302, 1.8809928722884195, -0.062416181347701896
0.4829538274179377, -0.5353586502608084, 0.19663326606760706, 2.493067166008372, 1.880929467995206, -0.06238547948023872
0.48293259285039947, -0.5353523719376385, 0.19662263095265517, 2.49317387420945, 1.880920589016925, -0.06241816226446596
0.482963519164151, -0.535334669933263, 0.19661346813921537, 2.493083240414372, 1.8810159121682104, -0.06243149663367635
0.4829542983122786, -0.5353367854948864, 0.1966356675521902, 2.493017279711019, 1.8810344520007043, -0.06239526776270777
0.48295240475976287, -0.5353451352564033, 0.19661657402511298, 2.493109329058744, 1.8810122755981442, -0.0624003385718862
0.48295201647363156, -0.5353490486109722, 0.19665104745161036, 2.4930395882745904, 1.8809554498525027, -0.06242138965185581
0.48296280289272026, -0.5353369060293798, 0.19662431886353707, 2.493062611313809, 1.8809750705848611, -0.062453346532893354
0.48295089314295736, -0.5353439332317785, 0.19658946077639666, 2.493147443906749, 1.8810191441465112, -0.06241498605392787
0.4829599879898098, -0.5353399837172907, 0.19662527406790176, 2.49309748996674, 1.8809307071160162, -0.06237602406673824
0.48294006386974203, -0.5353365359801455, 0.19663503710712377, 2.493135394071803, 1.8810101931731706, -0.062427406506397415
0.4829583259048984, -0.5353304733164634, 0.19660137827265814, 2.4931431643182935, 1.8809924098804343, -0.06244530456171042
0.4829439478966111, -0.5353520492770438, 0.19662308802605044, 2.493111153951326, 1.8809416357037008, -0.0624223229559844
0.4829272279710992, -0.5353589624664397, 0.19664620724094975, 2.493160736420527, 1.8808618879049512, -0.06239898381506659
0.4829700708243358, -0.5353399455142202, 0.196629894878, 2.4930898704596287, 1.8809488847083125, -0.06241652261159796
0.48296018412019676, -0.5353333531445312, 0.19661971745975665, 2.4931338318725, 1.8809610322538675, -0.06245354980232893
0.4829457913241232, -0.5353426521239205, 0.1966217567591375, 2.493088742950313, 1.8809713073656096, -0.06242243719414206
0.48294418568062736, -0.535350811772412, 0.1966023244604395, 2.493180666737742, 1.8809499852242042, -0.062427877480932537
0.4829673934545059, -0.535326908622595, 0.19659483587467008, 2.4931122925606397, 1.8810149881022522, -0.06244096254738805
0.48296306896870184, -0.5353315090610865, 0.19662071834037395, 2.4930992475308016, 1.8810050093891486, -0.06239494326667983
0.4829756269956758, -0.5353212717784753, 0.19664114319080986, 2.493007488443694, 1.8810260624159332, -0.062389416413694616
0.4829597326498553, -0.5353411020442036, 0.19665301437594668, 2.4931057874020954, 1.8809141597668395, -0.06239335804319335
0.4829455383992722, -0.5353491320073708, 0.1966346291988841, 2.493107584847591, 1.8809627992200615, -0.06236795396037159
0.48296203864751547, -0.5353321073625867, 0.19664000422710373, 2.4930724355418654, 1.8809586430780452, -0.06239392747830249
0.482953203408571, -0.5353249480398387, 0.19664259790218772, 2.4930766955922508, 1.881010968576782, -0.06240829522265459
0.4829626284436217, -0.5353202281501274, 0.1966384076233977, 2.4930877261438016, 1.8810199793909745, -0.06239445172949524
0.48294760018214083, -0.535346892292979, 0.1966188432921278, 2.4931059968504896, 1.8809369846927513, -0.06245834030667805
0.4829348749206804, -0.535365165884568, 0.1966296568677583, 2.4931409787808048, 1.8808693182367042, -0.06239478994020918
0.48296088417305866, -0.5353406606066667, 0.1966412894594896, 2.4930973756984547, 1.8809309759934256, -0.062375607780460134
0.4829560105701376, -0.5353353515771602, 0.19661633603071552, 2.4931354512545614, 1.8809618924553648, -0.062376875893489635
0.48296226482588644, -0.5353308610041195, 0.196651636762987, 2.493052613251052, 1.880991139381163, -0.06237578482847187
0.48296219729031137, -0.5353349888857206, 0.19663481289312293, 2.4931071811149184, 1.8809392608966848, -0.06243920629548974
0.4829440841983601, -0.5353535725238315, 0.1966242731360063, 2.4931220361328124, 1.8809020079620546, -0.06243549626362063
0.482969747848567, -0.5353397004927462, 0.19661673790440617, 2.493043603986167, 1.8810319104453983, -0.062422549795310305
0.48297340911914205, -0.5353331506860068, 0.19663408541568445, 2.4930560423777055, 1.880969310432326, -0.062430023228173995
0.48297229691325533, -0.5353361867893112, 0.19659411660979956, 2.493146960967065, 1.8809709398614558, -0.06236354672036017
0.4829692952661958, -0.5353269954431799, 0.19662396224033632, 2.493105388093097, 1.881009822069011, -0.06241735712495717
0.4829650699060581, -0.5353359034138935, 0.19664024235524724, 2.493100823272928, 1.8809340244274608, -0.06241618171770213
0.48295043113822894, -0.535343531290533, 0.19660113945311025, 2.4931806540923693, 1.8809740281354517, -0.06241418699472702
0.48297545656080015, -0.5353333858739612, 0.19663837593964859, 2.4930585403670094, 1.8809713943476944, -0.06241168523541981
0.4829389254126843, -0.5353479751930361, 0.19660137827265814, 2.4931445250949418, 1.8809929701591719, -0.062446339792343465
0.4829568114920246, -0.5353415483532125, 0.1966263319264405, 2.493149975323692, 1.8809011487164289, -0.06244386575893226
0.48294406571909393, -0.5353384643134305, 0.19661483144000788, 2.493145168667603, 1.8809448418476133, -0.06239538631049995
0.4829573302012529, -0.5353296713665628, 0.1966098591544405, 2.4931009640889297, 1.881030504740485, -0.06244098322503419
0.48295928699993845, -0.535343586331371, 0.1966297487409604, 2.4930788715947316, 1.8809397943494064, -0.06243049907339082
0.48295301059469675, -0.5353357038032305, 0.19664620724094975, 2.4930813947419517, 1.880966656418157, -0.06239880894922861
0.4829616967032973, -0.5353318613823261, 0.1966592440599992, 2.4930479322146812, 1.8809145813136616, -0.06237470904171876
0.4829533030405637, -0.5353373099051961, 0.1966057148647392, 2.4931435079096618, 1.8809927721999884, -0.06244551359676777
0.48294432290337597, -0.5353495676827292, 0.196631477137796, 2.493118524240227, 1.8809231126499832, -0.06238108025109603
0.4829679390123449, -0.535324549756073, 0.19659360515220778, 2.4930928895235476, 1.8810716012192201, -0.06240993337836537
0.48296940629279794, -0.5353352720753727, 0.1966210840258189, 2.493075202898968, 1.8809850020166496, -0.062362878089780395
0.4829571495171887, -0.5353376685041826, 0.19660903967854626, 2.49313299797271, 1.8809597980284907, -0.06239505241121303
0.48298200899190913, -0.5353277511612627, 0.196628755939801, 2.4930869527135373, 1.8809706406850357, -0.06242069488292693
0.48295520853598656, -0.5353488507425392, 0.19664361354497104, 2.493100011907772, 1.8808840225449366, -0.062384447842174506
0.4829528187040088, -0.5353355496428177, 0.19662376985265778, 2.4931749017486715, 1.880897407271805, -0.062412264707293844
0.4829349422405437, -0.5353447668705266, 0.19663530170833507, 2.4931421873415185, 1.8809188247017856, -0.062426475089763414
0.4829594909772152, -0.5353409817383028, 0.196647757852039, 2.4930459897629307, 1.8809373442006558, -0.06238008365883722
0.48296102049021633, -0.5353421838343394, 0.19664247456852496, 2.493063721903321, 1.880951953941035, -0.06238947383088438
0.4829581043289003, -0.5353288646801203, 0.19665674697651866, 2.493112061726634, 1.8809435806034691, -0.06240252253148761
0.48295598897762815, -0.5353395026589649, 0.19659917244523573, 2.4931460833641554, 1.8809706282874077, -0.06244100085061207
0.48293926637471823, -0.535346894347304, 0.1966205721318564, 2.493144794393461, 1.8809205885001021, -0.06240875172317248
0.4829408994901693, -0.5353605509268081, 0.19662768941461817, 2.49308677334733, 1.880897343134396, -0.062403564123004615
0.4829491907294223, -0.5353439750722194, 0.1966303843451168, 2.493091184225555, 1.8809734503269062, -0.06240414651344035
0.48296216086508764, -0.5353558341784234, 0.19665182435410689, 2.493068372932671, 1.8808822368550493, -0.062392833038138786
0.48295885500774377, -0.5353404257725062, 0.19660460222120457, 2.493139700558257, 1.8809653715994104, -0.06241815632400766
0.48295765459238676, -0.5353422278089977, 0.19659507422900419, 2.4931634529458995, 1.8809609117001738, -0.062463740653642644
0.48293522678626644, -0.5353572915346526, 0.19662085635970722, 2.4931156879740812, 1.8809695569330231, -0.06245041401444325
0.4829463145761114, -0.5353511719134011, 0.19661451520427237, 2.493158387144806, 1.880907529006834, -0.06239041160692537
0.4829330662176394, -0.5353609256492399, 0.19663257041307636, 2.4931349685367903, 1.8808883391204088, -0.06235871208379994
0.4829658828282121, -0.5353393413209827, 0.19664580992082423, 2.493053609691319, 1.8809680982104815, -0.06244811135911883
0.48294982627692523, -0.5353456721390987, 0.19662117855542402, 2.4930744240302376, 1.8809853285224345, -0.06257662084026498
0.4829411870942598, -0.5353581752143337, 0.19662770099132196, 2.4931072384971698, 1.880914426819664, -0.06253088814084491
0.4828311830490972, -0.5354340808024817, 0.1966258840364832, 2.4931835675549463, 1.8806859631704145, -0.06250160997372345
0.48270456483464685, -0.5355442078625308, 0.19657493768996295, 2.493395615350807, 1.880543110449831, -0.062286395975226456
0.4824614854195679, -0.5357320618317749, 0.19652293846947802, 2.4933033824952444, 1.8806325540194957, -0.061821111903499454
0.4820003110443775, -0.5360846362688885, 0.19638909401248444, 2.4932284686616413, 1.8811221554903974, -0.06102042496769947
0.48106040271345485, -0.5368120920772207, 0.19618318757119124, 2.4924958297617854, 1.8822064631203501, -0.06113938274857345
0.47936651540801134, -0.5381213650235488, 0.1958179470190141, 2.4915018918363665, 1.8837813126079923, -0.0621882801261603
0.4760846513779406, -0.5406203079137103, 0.19506770687033803, 2.491673157712227, 1.884544467924961, -0.06559138686161235
0.4702333103559131, -0.5450140501460683, 0.19350160284115178, 2.4948901793944342, 1.8835007642360366, -0.06839421185283308
0.4596525352811956, -0.552832877544345, 0.190693489446996, 2.5038705510684145, 1.8803661579903235, -0.04870541180268147
0.4617645781496156, -0.5506721122625754, 0.19084604090245777, 2.5086574197864584, 1.8852486409963658, 0.009299348056805464
0.4617101322903793, -0.5508078173559349, 0.19059928260832856, 2.5097147754725686, 1.883373050054716, 0.008313088913787885
0.46176377591770223, -0.5507625966091542, 0.19067655528634123, 2.5093345617924774, 1.8836032657061763, 0.007485747052817881
0.46178803907620625, -0.5507328876559495, 0.19092012505608275, 2.508947459234426, 1.883478447331796, 0.007536914604235043
0.46180919020603667, -0.5507179601579877, 0.19093115826598003, 2.5088255675183206, 1.8835504477324678, 0.0074011011787476705
0.46180856738583714, -0.5507144820252271, 0.190950131894211, 2.5088630886425998, 1.8835085268555798, 0.007438509061325608
0.4617783379901347, -0.5507314816513771, 0.1909337221822917, 2.5089275185464337, 1.8835818529940307, 0.007426446836714579
0.46178011086660786, -0.550735872648261, 0.19095528587336977, 2.5089370879267685, 1.8835420414196973, 0.0073939852922864
0.46178867040681343, -0.55072524077615, 0.19093483401514708, 2.508886584241879, 1.8835974795743533, 0.007338248246678533
0.461783383137313, -0.5507245985256176, 0.19092180702913591, 2.5090331453419146, 1.8835201332455904, 0.007411529750148484
0.46177284209266145, -0.5507350074764507, 0.19095518615394122, 2.5090137544574675, 1.8834355570546493, 0.007471820706759097
0.46188476618028873, -0.550820694769668, 0.1913322656932163, 2.508227572389046, 1.8829622331987481, 0.007790766736466404
0.4618316208948015, -0.5507966999078732, 0.19130328311776623, 2.5083063675360915, 1.8829744815651923, 0.007766904176193819
0.46173318431742294, -0.55069691310474, 0.19047888011284153, 2.50986041269086, 1.8840950024645797, 0.007157938541843771
0.46173977169820385, -0.5506674719761212, 0.19031515286427583, 2.5100208086467637, 1.8843555412586779, 0.007082489556625274
0.461762534216455, -0.5507004994482905, 0.19059477748091566, 2.5094785520507643, 1.8839001941877458, 0.007294684256790796
0.4617743263686666, -0.5507221221596056, 0.19088712778275885, 2.5091077867942744, 1.883552968016681, 0.007462233734086554
0.46177530677089285, -0.5507273448994201, 0.1909260058066351, 2.509002538406538, 1.883544405479292, 0.007433784427951921
0.4617717890720462, -0.5507283313452442, 0.1909228535228346, 2.5090589374970875, 1.883469487727878, 0.007529700544735603
0.461784224487475, -0.55072106038895, 0.19096871904727483, 2.5089091043451175, 1.8835211266516128, 0.007501246026192466
0.4618060362485531, -0.5507147596724714, 0.1909448632173965, 2.508974544188027, 1.8834996491455398, 0.007526980349388166
0.4617878668299646, -0.5507242545329152, 0.1909348730382398, 2.508957782341109, 1.8835340578237556, 0.0074857367656175075
0.46179449752845786, -0.5507370060754103, 0.19091840458474507, 2.5090086220847194, 1.8834781299074304, 0.007540962265905407
0.4617793798370655, -0.5507379324596113, 0.19089865244472723, 2.5090127523899093, 1.8835042593151592, 0.007495836433478601
0.46178811617753435, -0.5507416101934701, 0.190931211945589, 2.508905862675739, 1.883470707807817, 0.007434242106580433
0.46182289931487946, -0.550732638943071, 0.19094598059426415, 2.508816267118858, 1.8834494359033263, 0.007538359613490787
0.46181019788130634, -0.5507228214817987, 0.19091203097170073, 2.5089490895511077, 1.8835029495785043, 0.007474597124890383
0.46179408979751985, -0.5507311749084443, 0.19093984066261677, 2.5089387519003212, 1.883495640679759, 0.007479070897685203
0.4617795706764772, -0.5507409828150847, 0.19093548212181863, 2.508938842931413, 1.883496079002359, 0.0074786229678193
0.4618044556849684, -0.5507191766887152, 0.1909244048557521, 2.50895448048457, 1.8835307892387971, 0.007448883778421703
0.46179030041578667, -0.5507420586462477, 0.1909259319998647, 2.508960295853485, 1.8834411555579518, 0.007445208262515135
0.461809341830589, -0.5507362587442082, 0.19093910290079186, 2.5088893609175185, 1.883457892616622, 0.007460455786855856
0.4617939866555364, -0.5507340437157544, 0.19096125339968673, 2.5088907386592005, 1.8834358435587997, 0.007464648763242043
0.4618101244486211, -0.5507241283509591, 0.19093961637713638, 2.508913048575465, 1.8835470419420226, 0.007456676492076985
0.4617996650705775, -0.5507218705941597, 0.1909363966969967, 2.5089480456190083, 1.8835502506895494, 0.007504561201943602
0.4617894073043747, -0.5507339624955662, 0.19094185085237372, 2.509019649037752, 1.8834394661302825, 0.007526882024939897
0.46178539295660964, -0.550737680519866, 0.19092871300668765, 2.5089974513180078, 1.8834695550886444, 0.007430426146495755
0.46178011951099845, -0.5507457676048121, 0.19094409361575998, 2.5089896955776645, 1.8834168858362381, 0.007423744069901547
0.4617816474097858, -0.5507470281045569, 0.19096317707406418, 2.5089879635028343, 1.8834395122677607, 0.00742038015230765
0.4617910113943308, -0.5507313452444025, 0.19093751309398083, 2.508976516149378, 1.8834772809211584, 0.007434510029705011
0.4617910036716609, -0.5507411493069871, 0.1909087820780972, 2.509018041320186, 1.8834849151726387, 0.007441144236609049
0.46178649691303886, -0.5507400844687974, 0.19091178485824567, 2.5090255766244263, 1.8834671087097934, 0.0074043610177749915
0.46180051999337624, -0.5507298244349729, 0.1909373343556745, 2.5089731369166377, 1.883498206325198, 0.00741244844528057
0.4617827212093559, -0.5507480314346779, 0.19096231777419134, 2.508959718491423, 1.8834179338895871, 0.007431595882126983
