0.44533186874235, 0.32306144965394246, 0.651070489475726, 0.9348203604439332, 2.967460610558053, 0.009406222868717631
0.44533233265607425, 0.3230779096535164, 0.6510743016559363, 0.9347752483074632, 2.967436371198878, 0.009441728008031834
0.4453402569684524, 0.32308193026318793, 0.6510641953328166, 0.9347860759809757, 2.967472364046184, 0.009447761150414874
0.44533484038632687, 0.3230919233553905, 0.651065398024082, 0.9347789936089863, 2.9674467184188362, 0.009450138129001872
0.44532220509380693, 0.32307312561015816, 0.6510753577859953, 0.9347357103320669, 2.967436537362182, 0.009392423120616096
0.4453267726863235, 0.323083061064971, 0.651066062921879, 0.9347297579316931, 2.9674830878373553, 0.009381883523471267
0.4453387027375637, 0.3230753501971721, 0.6510715001937771, 0.9347410573950711, 2.967452232151263, 0.009423743798464213
0.44533647779267216, 0.32308575627404007, 0.6510630719944114, 0.9347662953967549, 2.967472427284107, 0.00942334823894449
0.4453198073771365, 0.3230672849676062, 0.6510839658083507, 0.9347446881419784, 2.967463471960484, 0.009473637356942174
0.4453216493764904, 0.3230982081981721, 0.6510647235756156, 0.9347664105181601, 2.9674726183906093, 0.009425051382338255
0.44533675486369545, 0.3230796800306055, 0.6510666319748458, 0.934807807826877, 2.9674821291223683, 0.009438957597476014
0.4453471529144295, 0.3230992694689928, 0.6510400963472122, 0.9347589391261285, 2.9675178216537295, 0.009329112115383955
0.44532837039242806, 0.3230847543074085, 0.6510754249934397, 0.934795248427611, 2.967436388195324, 0.009467276285131781
0.4453369407664754, 0.32306864809540375, 0.6510730724085627, 0.9347500503531476, 2.9674835592893514, 0.009446632211401958
0.44533415520842917, 0.3230671757766321, 0.6510766588484691, 0.9347887332437435, 2.9674827794343144, 0.009454968145182435
0.445335044541015, 0.32308420033808594, 0.6510607722954049, 0.9348042469607103, 2.967471032384072, 0.009390213016925185
0.44534178766496074, 0.32309324950239404, 0.6510110258776971, 0.9347678328331535, 2.967462765155918, 0.009497957961113487
0.445155659802629, 0.3229801748470246, 0.6510096730993522, 0.9343912800505115, 2.9673436125160344, 0.009644001269398675
0.4448306435233186, 0.32294389117590355, 0.651001921442669, 0.9332150617495127, 2.967387351742977, 0.010077787266549221
0.44435302401741156, 0.3228435777480352, 0.6510151232853506, 0.9320081558809402, 2.967367987243876, 0.010753665987199387
0.44379050499151496, 0.3226668489804485, 0.6510447545687215, 0.9305615379927361, 2.9672181147287002, 0.011820641651349604
0.44314965417613844, 0.32253561720256674, 0.6510331522869649, 0.9286812107122017, 2.9671658131282728, 0.012965867096685364
0.442365606746647, 0.32237449889921355, 0.6509781830559286, 0.9263366092507042, 2.96709937934141, 0.014003145485108453
0.4415694285968909, 0.32225792203881953, 0.6508471563668801, 0.9237390433233623, 2.9669231481101344, 0.015197757531640207
0.4404426316521136, 0.3219129821976245, 0.6510183046717953, 0.9208027692674939, 2.966658608215154, 0.017539747764817017
0.4393212128083238, 0.3216786972234839, 0.6510123656252319, 0.9174117547773485, 2.966476508616697, 0.019616276506177126
0.43814320181467437, 0.32152501071698125, 0.6508853400016755, 0.9138361361363065, 2.966206003604979, 0.021764329539851412
0.436938598404045, 0.32116266302078755, 0.6509783925582046, 0.9106478046972899, 2.9659038301534597, 0.023828041202242294
0.4360190916055467, 0.32098399439722974, 0.6508056888146801, 0.9076980764918665, 2.9659389832548553, 0.02504148181323738
0.4351642339505853, 0.32084287758558255, 0.6507480495490429, 0.9050142455836423, 2.9657471701871363, 0.026366559207002472
0.4343353540226793, 0.3205430051619602, 0.650851012169521, 0.90305486789468, 2.9654700421705766, 0.02790817077431037
0.43370980635082984, 0.3204469023779945, 0.6507807072337941, 0.9009619975463327, 2.9654278580171898, 0.02890337576218288
0.4331761279756918, 0.3203152634340633, 0.6508462622089728, 0.8993737638121705, 2.965117921031459, 0.03012937926728687
0.43276991441825013, 0.3202583047870832, 0.6507805475957162, 0.8982027709884164, 2.9651992724355085, 0.030623780303254484
0.4325102117932305, 0.32022870377673746, 0.6507363993639924, 0.8974301761022254, 2.9651199139101503, 0.031108923538749892
0.43231341938691686, 0.3201786991319775, 0.650745474998077, 0.8968275409662728, 2.965057335183207, 0.03145546858685238
0.4322379915978003, 0.3201415089984844, 0.6508010049611763, 0.896613790047822, 2.9649542094302554, 0.03177041301774597
0.4322444942471955, 0.32014738101241197, 0.650769598157468, 0.8966180567910371, 2.964973382146755, 0.0316619198357496
0.432264683398177, 0.3200920862068778, 0.6508125757271028, 0.8966548971721405, 2.9648851848915996, 0.031851447278120566
0.43251417964186734, 0.3198580999431073, 0.6507517214791294, 0.8976676852851113, 2.9646551310985467, 0.03174114596250314
0.43283860080810754, 0.31956294279185965, 0.6507348029832746, 0.898855874730256, 2.964354418895825, 0.03184089404059494
0.4332405004090309, 0.31925263714549057, 0.6507033853686586, 0.900200630146755, 2.963988892067956, 0.03202640630527684
0.4337219589868199, 0.31884166380710494, 0.6506582556246325, 0.9020286096250143, 2.963562653758579, 0.03218535938832117
0.43429490474356314, 0.31834401269833434, 0.6506120488507986, 0.9040473591912849, 2.963062061618684, 0.03236604868183201
0.434961348039468, 0.31778280070001785, 0.6505557748797508, 0.9064576221181723, 2.9624340369961315, 0.03264241704722426
0.43576488938682406, 0.31715435014353993, 0.6504529401192156, 0.909311632178509, 2.9617473111838, 0.03282312924700174
0.4365872647817402, 0.31644943272674425, 0.6503853490238843, 0.9122597267116496, 2.9609778533625493, 0.033106664443189875
0.43752275013731656, 0.3156397890963721, 0.650330158500182, 0.9157028832558605, 2.9600443006688133, 0.03356747481053412
0.4385962243921271, 0.314761647979944, 0.650200083351737, 0.919491189770293, 2.95903785059451, 0.03379961486482734
0.43973333396115283, 0.31380559567813104, 0.6500954621933768, 0.923577567689176, 2.9579204718071, 0.03418378035515539
0.4409161370198428, 0.31278178234256504, 0.6499896584330863, 0.9279959314099931, 2.9568983967608955, 0.034566190203621616
0.44222965334026426, 0.31171162950101705, 0.6498669589153295, 0.9326694326522829, 2.9556001380575307, 0.035039279096248675
0.4436612743853649, 0.31052546276975174, 0.6497035838447648, 0.9377434233605564, 2.954294679034656, 0.03539086050611225
0.4451649900401509, 0.30923782372867625, 0.6495893216909916, 0.9432085931837981, 2.9527960859761695, 0.035946086982827995
0.44667770845978666, 0.30798587813424755, 0.6494376132018681, 0.9486476036874136, 2.9513393577651277, 0.036411788828185854
0.4481501819248596, 0.30669855755421566, 0.6493657253229164, 0.953917215994083, 2.949889920785229, 0.03726744525810868
0.4497307341477291, 0.30529213005748473, 0.6492334362474099, 0.9597650746768587, 2.9481818978000094, 0.03758234814220289
0.451165329712761, 0.3040893099218901, 0.6491043302092426, 0.9648797572499808, 2.9468733555958697, 0.03815654099078972
0.4527342466008357, 0.30284861783569145, 0.6489053832028163, 0.9704320609711488, 2.945469991385222, 0.038586230257927845
0.4543667569803765, 0.3014384142118767, 0.6487762621142157, 0.9764140702878467, 2.9437432001424164, 0.03920209492258731
0.45585177377595476, 0.30019278841717917, 0.648623881067196, 0.9816888019376482, 2.9422503628461096, 0.039566274748290595
0.4573824889760864, 0.2989550890978249, 0.6484520195719535, 0.9870999086176303, 2.940754873754106, 0.04005630363492774
0.4589970619138396, 0.29763619653114515, 0.6482810187730557, 0.9927713124172207, 2.939088137681673, 0.040574887572230406
0.46048410300768317, 0.29634545863934525, 0.64817838679659, 0.9981333622345345, 2.9374934313387833, 0.04108428521859032
0.4619533451681971, 0.29506238049722233, 0.648086012992199, 1.0035768655584105, 2.9359092716466164, 0.04174087062178567
0.46348847726352066, 0.2937217097113289, 0.6479716750964959, 1.009088157690976, 2.9342309817954964, 0.04226616605865394
0.46501385235238046, 0.2924345230842483, 0.6478071220157979, 1.0145872749578746, 2.932766174838954, 0.04277391245282951
0.46653866856456083, 0.29122004335271096, 0.6476268614227952, 1.0198846213611283, 2.9312109617555966, 0.04315346170184332
0.46807190299805523, 0.2899103272491513, 0.6474950613271756, 1.0253061329047872, 2.9295494684217807, 0.043662922134069054
0.469639693116916, 0.28860121909377556, 0.6473078991589976, 1.0309918447272748, 2.9279904471685048, 0.04403684541717705
0.4711431552837791, 0.28736277231401913, 0.6471901155187313, 1.0362997239123017, 2.9264006596185004, 0.04468098160129661
0.47271997169549385, 0.2860253983162346, 0.6470606504385337, 1.0418778788990912, 2.92455551131122, 0.045167196272341247
0.474268788062869, 0.2846632081941955, 0.6469404542225377, 1.0476057102145555, 2.9227495279925795, 0.04576083242329573
0.4757599324090727, 0.28342294274768226, 0.6467969076694357, 1.0528596991933175, 2.9213547252153744, 0.04644843807771974
0.47729364043696615, 0.2821923215141303, 0.6466170150440864, 1.0582791948755013, 2.919623328177475, 0.04674393081900279
0.47885108437616547, 0.2808492184271574, 0.6464664909839644, 1.063745081898296, 2.917915570743482, 0.047183201016435236
0.48036238146908006, 0.2795439787386436, 0.6463482667958284, 1.0692721656964377, 2.916213895373794, 0.04768483663413955
0.48188449395175614, 0.2783492107636489, 0.6461906558823759, 1.0745778183327817, 2.9145472535459582, 0.048287720143561974
0.48341572186041654, 0.2770316855665723, 0.6460605355115122, 1.0799802173382342, 2.912758214515251, 0.04876635643963222
0.4849293559295902, 0.275662402342742, 0.6459674182762322, 1.0854264064025079, 2.910929488942171, 0.04934435672669308
0.48642401045675854, 0.27446308068163267, 0.6458067225714498, 1.0907315128194182, 2.9093176464109196, 0.04994424463020422
0.487951421820933, 0.2731556249846552, 0.645682819046721, 1.0961500519735254, 2.9075222665893814, 0.05037559290763762
0.48960692530325634, 0.2717869656140019, 0.6455179762897478, 1.1019728867317051, 2.9055211187383367, 0.050858405249052586
0.49109977611942257, 0.2705373482951288, 0.6453791331429151, 1.1073307061206172, 2.9038931583709555, 0.05139098256713023
0.4926093213779231, 0.26925946501630466, 0.6452393831969802, 1.1127934799878278, 2.902164843298008, 0.051971346956963066
0.49413248143869964, 0.2679134044995154, 0.6451151258963661, 1.118179435553421, 2.900325489877679, 0.05248969732077014
0.49568252617781705, 0.26663369598935255, 0.6449535521161505, 1.1236011135788928, 2.898473159760994, 0.05291515946544034
0.4971941914003014, 0.26543205793547964, 0.6448124610294826, 1.1290266593014868, 2.89680325618337, 0.05363871639598804
0.49870359452296015, 0.2641578647647885, 0.644657740169337, 1.1342269501696147, 2.895053063771202, 0.05392847073016641
0.5002939091993062, 0.26278033070133344, 0.6445023870909637, 1.1398544463841247, 2.8931097810775226, 0.0544237159559417
0.5017989880467646, 0.2615586724162984, 0.6443293716020418, 1.1451691073923265, 2.8913963551905524, 0.05487317610512611
0.5032436611694255, 0.2602575340702467, 0.644302749815224, 1.1504480437319544, 2.8894252529411095, 0.05573647888041947
0.5048203243145767, 0.25889259440030504, 0.6441492178319852, 1.1560454746140292, 2.8874534428538228, 0.05617240146346881
0.5064319474430897, 0.25759038535108164, 0.6439635016860888, 1.1615971031643366, 2.8855693614322595, 0.05659438034616179
0.5079045117613104, 0.25637265316903973, 0.6438068197622929, 1.1667837905018617, 2.8838853681954357, 0.05698901842181262
0.5094796979637078, 0.2551065720271118, 0.6436473365462203, 1.1721328112362877, 2.8819336803517306, 0.05750644966917414
0.5109891017291784, 0.25369300705373093, 0.6435633899074796, 1.1778256482180198, 2.879843708548035, 0.05805906552349017
0.5124886933907591, 0.2524751255512212, 0.6434345591073247, 1.1830971953459979, 2.878006405801703, 0.0587623851094876
0.514039018045523, 0.2512265265384255, 0.6432322348061444, 1.1884040092711914, 2.876152739709016, 0.059081220271141405
0.5155802720552957, 0.2498496960908882, 0.6431406874095648, 1.1938825534330566, 2.874073346527741, 0.059582083233197816
0.5170744094384969, 0.24868123201052772, 0.6429669675370259, 1.1989761387909705, 2.8722851879152085, 0.06012805905344977
0.5184056891123694, 0.24746698671263645, 0.6429058645709674, 1.2039285807559792, 2.8705566349878815, 0.06079574299009145
0.5197140894921344, 0.24636333877711708, 0.6427568804170674, 1.2084586024631356, 2.86885253800998, 0.06107312827738785
0.5209154426978068, 0.24533466858495714, 0.6426791072080518, 1.2127189306407617, 2.867178711512601, 0.061508660363142745
0.5220427289748503, 0.24443697117274796, 0.6425327545187925, 1.2166111939540567, 2.865840042664177, 0.06184565681433371
0.5230423998877629, 0.24365151785798497, 0.6424110461882381, 1.2200060871769007, 2.8647149454954937, 0.06214698683763121
0.5239135471436522, 0.24286033882446814, 0.6423752013306226, 1.2231110399221619, 2.863460883302244, 0.06253929882299229
0.5247550654154516, 0.24218030921204187, 0.6422589955356286, 1.2260339594770049, 2.8623980086863705, 0.06268195034044609
0.5254346648338147, 0.24151441292168327, 0.6422617892370501, 1.2286058927229364, 2.8613690767256967, 0.0630580259661109
0.5260717302792247, 0.2409479724436848, 0.6422126353471291, 1.2309498394199252, 2.860516676350286, 0.06319591586885612
0.5266792088407155, 0.24050386490504347, 0.6421300855823222, 1.2328674376695274, 2.8597449298935693, 0.06339952849495359
0.5271561698642268, 0.24010442527593964, 0.6420579948869403, 1.2345678367344848, 2.859184956115411, 0.06348732504749191
0.5275018757660787, 0.23984134149402858, 0.6420233220095383, 1.2358117774493882, 2.8587392710587918, 0.0636819337944974
0.5277562941641077, 0.23960534553145568, 0.6420202054328387, 1.236762675508534, 2.858363635985805, 0.06380250694010178
0.5279680769864117, 0.23946862933533516, 0.6419728878600213, 1.2373609091861062, 2.8581528109732726, 0.0638018077077274
0.5280437201684045, 0.23939131722333867, 0.6419559885662222, 1.2377461066013347, 2.8580616327491684, 0.0636917769142633
0.5280609833022244, 0.23936879542200742, 0.6419558829849611, 1.2377408851451606, 2.8580504873115546, 0.06368047651125174
0.528061273797701, 0.23934538466160524, 0.6419377843683, 1.2378246070776724, 2.858109873175275, 0.06349832527840756
0.5278984505295327, 0.23917202924824094, 0.6421075491516832, 1.23791627101363, 2.8580013343739594, 0.06368145277797016
0.5276560015002577, 0.23890897394101657, 0.6422636320471152, 1.2382723125768758, 2.8579493046350524, 0.06348575796866807
0.5273645897603089, 0.2386172737843261, 0.6424444502384893, 1.238426350394666, 2.8579459538463046, 0.06309576375942476
0.5269907669745749, 0.23824455159870853, 0.6427164133066939, 1.2386807400273407, 2.8578494756903257, 0.06288682296473709
0.5265448109741399, 0.23778232782067488, 0.6430000802637486, 1.23921064183736, 2.8577407748788337, 0.0623055032111764
0.5260797362091884, 0.23727324908592828, 0.6433286884921279, 1.2395564641193162, 2.8576796754651648, 0.061986020222385176
0.5254442628988927, 0.23662034227920764, 0.643738787042199, 1.2401678895648256, 2.8576354896428673, 0.061206110266884314
0.5247308894227949, 0.23588616447698538, 0.6442654716013432, 1.2406705466332653, 2.8574271652850545, 0.060859897330260516
0.5239499767139076, 0.23505953880608454, 0.6448345421123418, 1.241417665119246, 2.857236991883698, 0.06033627721301363
0.523171694745329, 0.23425265856161057, 0.6453289308379951, 1.2419846223085143, 2.857241455221512, 0.05933961993206716
0.5222882282167524, 0.2333487843724102, 0.6459170461581348, 1.2428356708929114, 2.857108159472162, 0.058418219247493595
0.521335252205662, 0.2323601095197008, 0.6465770512916, 1.2436110894293404, 2.8568940719730285, 0.05763970812217387
0.5203080495361508, 0.2312724932634196, 0.6472625189419944, 1.2444185152573903, 2.856814983122522, 0.05655094903435189
0.5191162915748224, 0.2300513057552122, 0.6481105813448125, 1.2454680755823933, 2.8564976137559417, 0.05570089780155941
0.5179456818188599, 0.2288501794818701, 0.648876605317295, 1.246491419485152, 2.8564685099299405, 0.054497393355586426
0.516726285035738, 0.22755322990213914, 0.6497001017762656, 1.247617341086309, 2.856243479204356, 0.05324969219703824
0.5155009010269787, 0.22623575833164022, 0.6505630253194207, 1.248793432926929, 2.8559485760333487, 0.05224574858358511
0.514198399776616, 0.22488704593663383, 0.6514607858823379, 1.2498478604069605, 2.8557062388316314, 0.05093163620476092
0.5129284098664656, 0.22355309322769779, 0.6523311119804127, 1.2510408280638732, 2.8554558328128885, 0.049844499895530726
0.511702651219338, 0.22226496965035497, 0.6531528202705269, 1.2521266380292086, 2.8552889002605606, 0.04856697026916933
0.5104363265082381, 0.22095086137514158, 0.653983409590309, 1.2532757339035552, 2.8552299770629883, 0.047189795819133774
0.5091356737488848, 0.2196175958520776, 0.6549138497576039, 1.2542104280006514, 2.8548932888402034, 0.04630216350919388
0.5079129947593453, 0.2183377536513636, 0.6557249737683608, 1.2553338640341691, 2.854770160471957, 0.04505784679404414
0.5067060781384252, 0.21704690282350342, 0.6565429995671456, 1.2565030192297495, 2.854462782635422, 0.043733577562514815
0.5054272492097216, 0.21572777218391456, 0.657414752691236, 1.2576503099798992, 2.85425576798589, 0.042514822819024356
0.5041306099044325, 0.21439241640622644, 0.6583158547308576, 1.258631125448662, 2.854089001145745, 0.041398679573368305
0.5028791781715597, 0.21307947116002451, 0.6591823227810277, 1.2598335998934413, 2.853815901450818, 0.04040988838900875
0.5016789473426722, 0.21180671878804969, 0.6599710846719432, 1.260990496911368, 2.8536828400055065, 0.03897274570886971
0.5004487954704495, 0.2105192433183312, 0.6607917964011776, 1.262083623693699, 2.853539248984359, 0.037724521120762404
0.4990526349600154, 0.20912531876603807, 0.6618152990184994, 1.263013084376724, 2.8531027168382654, 0.037058982452117605
0.4978549621770487, 0.20782591041521858, 0.6626399369604896, 1.2641680290341863, 2.852818291360939, 0.035820318623086336
0.49660046241477146, 0.2065159850377235, 0.6634568708013898, 1.2653646694557006, 2.852736920225298, 0.034358614579611514
0.49541424964630243, 0.20528100730554388, 0.6642283234583575, 1.2663855926139767, 2.8525667230617753, 0.03292593294031211
0.4940808748600987, 0.20390593979006838, 0.6651573960329775, 1.26751767185433, 2.8523844495906117, 0.03192655694594403
0.49284519812029326, 0.2026181036637694, 0.6660007255392676, 1.2685759292081542, 2.8521600714071416, 0.030749971515369533
0.49160200377502, 0.20127372165219937, 0.6668456825014729, 1.269781665662144, 2.8519062855298927, 0.02945142831283627
0.4904020785515782, 0.2000215085932063, 0.6676430819119247, 1.2708544202176817, 2.8517679819162387, 0.0282012738507454
0.4891275539308614, 0.19867808630979622, 0.6685380972329008, 1.2719474837446, 2.851490368143949, 0.02710279409009596
0.4878056860926344, 0.19733340361183227, 0.6694988797775233, 1.272946778882486, 2.851082640313276, 0.02636111041452896
0.48661308209056453, 0.19606661390197438, 0.6702958288774236, 1.274090532294978, 2.8508732896803686, 0.025056690653799937
0.4853464993800937, 0.1947565503054797, 0.6711288712995386, 1.275179242843147, 2.850784018317159, 0.023637471521880768
0.48409290990277554, 0.19341604981903746, 0.6719752970127174, 1.2763718353076825, 2.850553859306518, 0.022291165095805986
0.4827984504672385, 0.19208764382775886, 0.6728880939878213, 1.2774692178693932, 2.850236696375588, 0.021450298102231757
0.48151455036201957, 0.1907647111554095, 0.6737364738723894, 1.2785047737486919, 2.8501188111003977, 0.02007417743954632
0.4802567155256966, 0.1894558429597624, 0.6746393980607519, 1.2795725059263063, 2.849781107608706, 0.019201802957804142
0.47904471579405794, 0.1881781727832617, 0.6754561375853777, 1.2806427909051075, 2.8494995610756333, 0.01791768638428281
0.47784536250942816, 0.18692448893649388, 0.6762312389185993, 1.2818132142491245, 2.849458115553514, 0.016511028188478067
0.4765199418626382, 0.18553265656361378, 0.6771429179739499, 1.282925652182217, 2.8491420169802955, 0.015257030013561696
0.4752711079278486, 0.18425512469230362, 0.6779839589081951, 1.28402449165897, 2.848931532163901, 0.01402538768823497
0.4740311430123239, 0.182931981570266, 0.6788440279207765, 1.2850864754388336, 2.8486814725363314, 0.012987890952593575
0.4728033795797311, 0.1816461921830594, 0.6796769921538509, 1.2862593529193809, 2.848457359132397, 0.01170821385449601
0.4715518046347806, 0.18031503589402315, 0.6805133802316519, 1.2873779473366944, 2.848251253697172, 0.01033395266698873
0.47023408004054135, 0.17898802504845876, 0.6814195351275314, 1.2883707948945093, 2.8479910978147744, 0.009283628896293592
0.4689710492377878, 0.17765043588875717, 0.682311784274583, 1.2895789402221258, 2.8476540602519744, 0.008361492901783436
0.46774963933397584, 0.1763787260300172, 0.6831227251600439, 1.2906541189009642, 2.8474916722587924, 0.006966336790148501
0.46649939463536233, 0.17507064220941426, 0.6839509118242921, 1.2917389811818079, 2.8473491137069615, 0.005725958095652213
0.4653028871480755, 0.1737674072433288, 0.6847473977435925, 1.292836901368004, 2.847144773552049, 0.004257904525307298
0.4640113952819801, 0.17244124638939176, 0.6856353427409129, 1.294042117161531, 2.8468582579950747, 0.003116045498894445
0.4627045076641235, 0.1710777893145585, 0.6865502425393143, 1.2950059445056725, 2.84649376380761, 0.001938393068891748
0.46149404575170005, 0.1698164709469835, 0.6873816357185681, 1.2960716700874775, 2.8463486882545035, 0.0009329319279648556
0.4601755757748325, 0.1684510323898964, 0.6882871393082125, 1.2972431812413878, 2.8460353739446513, -0.00022363606451351648
0.45897990832592656, 0.16719879790561212, 0.6890808003578343, 1.2983182066023116, 2.8458749288023957, -0.0015933914457262031
0.4577277210493827, 0.16586454107798906, 0.6899607469522349, 1.2995119889957176, 2.84551283615987, -0.0026284642395895644
0.45641544285753105, 0.16454214570495931, 0.6908365718240216, 1.3005024074206737, 2.8453550593574346, -0.003918396652007872
0.4551701106409769, 0.1632548230754169, 0.6916936553510282, 1.3014497392651945, 2.84508910609241, -0.005057616528279004
0.45396221009705445, 0.1619422646796112, 0.6924970127493156, 1.3026981006654148, 2.844954350580769, -0.006422340308931825
0.45265747220847896, 0.1606078144309807, 0.6934113833876143, 1.3038063120061019, 2.8445885218527036, -0.007362115841023117
0.45148851289395997, 0.15935775633502655, 0.694175585906117, 1.3048862995565198, 2.844398610375353, -0.00888621760074624
0.45021653162268443, 0.15803140372863478, 0.6950560052508006, 1.3059717763106358, 2.8441264643624735, -0.010017236762035303
0.44895222893959397, 0.1567045074636401, 0.6959169458310389, 1.3070754166635967, 2.843894054814358, -0.011151419029879171
0.4476404417069406, 0.15533454001147373, 0.696822090800484, 1.3083216347980677, 2.8435723821615464, -0.01230389191296292
0.4463968526473087, 0.15403360664216334, 0.6976773451907594, 1.309419948721643, 2.843330048866661, -0.013446423821006801
0.44514574814803975, 0.1527209450745813, 0.6985398948715901, 1.31049871062553, 2.8430426737651997, -0.014571284032216802
0.44390497863555023, 0.15142361864463041, 0.6993732713586637, 1.3115331980218654, 2.842847596252413, -0.015896812805261104
0.4427532881099107, 0.15021280975334345, 0.7001703842209348, 1.3124493279036635, 2.8426023676573218, -0.01698455161554538
0.4416095272780968, 0.14902040738791972, 0.7009361102757481, 1.313514605471781, 2.842370509192761, -0.01815198088702494
0.4405245137311323, 0.14793886837410783, 0.7016876181632626, 1.3142166810657374, 2.8421320739447635, -0.018922095489591898
0.4395983220849736, 0.1469693434640708, 0.7023349204263338, 1.3150586357067735, 2.8419241257903294, -0.019694935442334083
0.43872027222561666, 0.1460196573351421, 0.7029073417403043, 1.315997291614169, 2.8418458001408187, -0.020864458551559623
0.4379213667112605, 0.14517935957687508, 0.7034565953981398, 1.3167970038450738, 2.841615358788451, -0.02154151009415626
0.4371806346136611, 0.14441684362267015, 0.7039680413391195, 1.317286040817618, 2.841470196011528, -0.02222667073357816
0.43647982935962193, 0.1436826244536231, 0.7044250580615086, 1.31786811608751, 2.8414404083301377, -0.023058537466212968
0.435930842102775, 0.1431012276624062, 0.7048000579790265, 1.3184732654536093, 2.8412542547840607, -0.023594643859715686
0.43538825603029313, 0.14254236808052148, 0.7051630975874431, 1.3189134964640497, 2.841204631231139, -0.024124846890463736
0.43497998097967927, 0.14208792706954546, 0.7054601545707962, 1.3193445551442997, 2.840977029030811, -0.02441861588422037
0.43459038570962566, 0.14170407155162912, 0.7057114313186785, 1.319500377598469, 2.8410989260075064, -0.02482396523781853
0.4343403968194317, 0.14141739366462014, 0.7058641413194237, 1.3198785447194572, 2.840977107092289, -0.02537459676326711
0.4341142105166021, 0.14120002327046327, 0.7060422508610998, 1.320004194111837, 2.840909436151164, -0.025317913444965194
0.43398762735724106, 0.14105742750547431, 0.7061219243222574, 1.3201593905166997, 2.840907452269913, -0.025477135561769584
0.43389389907324677, 0.14098555383774433, 0.7061863453482234, 1.3200935123321804, 2.840952709490373, -0.025510270432376955
0.4338631293939848, 0.14095087170240955, 0.7062214000513551, 1.3201519424601513, 2.840854084126738, -0.025419239970557006
0.43375820412669436, 0.14088063440335521, 0.7062425221470889, 1.3198845954372282, 2.84089743161402, -0.025339347099511043
0.4335058257068281, 0.14098050542900722, 0.7061672878129733, 1.3186679113973956, 2.8415272596235677, -0.025414330256289867
0.43318496337458584, 0.14117102757020417, 0.7060686435997183, 1.3165104729812875, 2.8425743005274713, -0.02537408738810088
0.432682219288042, 0.141300790757384, 0.7060388808484369, 1.3144467391815915, 2.8435012354165936, -0.025024549623178995
0.43218896190294753, 0.14153103983990994, 0.7058795420094596, 1.3113276498367472, 2.845004778018151, -0.02484086366854851
0.4315286461848478, 0.14179289035212003, 0.7057488929602586, 1.3079049450793654, 2.846611012206881, -0.024551405524946363
0.43074364254212794, 0.14208202540043596, 0.7055986194624932, 1.3037899042757264, 2.8486007218139306, -0.024353139207966754
0.42984604066636395, 0.14241324100880717, 0.7053828446311589, 1.2990803618960571, 2.8508743582601697, -0.024269970089212587
0.4287724492607664, 0.1427551892975785, 0.7053223824650426, 1.2936842434408218, 2.8531317701945285, -0.023035146941532945
0.42767914937285506, 0.1431259836420759, 0.7050744057388734, 1.2876740792398718, 2.8559871234695877, -0.022875912182693185
0.42648621888148364, 0.14362486879189987, 0.7047521197037838, 1.2809668404377887, 2.8591577211638937, -0.022653489975484522
0.4250668108127227, 0.14405132515989216, 0.7045701439632963, 1.2741240970803467, 2.8621877655039283, -0.021663903581357356
0.4236295892171013, 0.144579948058206, 0.7043252669973187, 1.2660663339160299, 2.86567741595572, -0.020820879730575847
0.4221186510580748, 0.14520699568593187, 0.7039606995371943, 1.2578266342948692, 2.86946157320686, -0.020394882047436492
0.4203506851427684, 0.1457369234205468, 0.7038001515426269, 1.2487232986731887, 2.8732559479031705, -0.018947621244915627
0.41870598003859805, 0.14643443016499827, 0.7033241291689513, 1.2393235975849723, 2.877578167737181, -0.018636328436572785
0.4167608973982409, 0.14704945589032883, 0.7030204918583374, 1.229200420947146, 2.8819674916099367, -0.017645060847912765
0.4149315652741904, 0.1477618180004677, 0.7026444098715424, 1.219184621235984, 2.8864332028960686, -0.017032869974241274
0.41289473245876707, 0.14831029217072395, 0.7024133979104547, 1.2089409957418513, 2.890535148123511, -0.01585108288242282
0.4111179980629738, 0.14903209223729114, 0.7019920109602101, 1.1990176046861696, 2.894878137289314, -0.01513079634534424
0.409174869869543, 0.14970478933175707, 0.7017767154110498, 1.188899485119303, 2.8988241350753277, -0.01358454775135083
0.40737886065420287, 0.150396752187627, 0.7013428183580609, 1.1791234034980842, 2.903098327547579, -0.012996352521577884
0.405591703699748, 0.15102767613023987, 0.7009450374102538, 1.1693516013194145, 2.9071360569791405, -0.012452353624104354
0.4036486593312181, 0.15170590012682023, 0.7006755603981651, 1.1588982348557695, 2.911230499680438, -0.011359772618012612
0.4018443701594838, 0.15242063103550732, 0.700256519341708, 1.1486750857289594, 2.915512242957811, -0.010728091596728655
0.39990928745208887, 0.15296294006392058, 0.7000640870916458, 1.138809860022399, 2.919192799507938, -0.00919489077219774
0.3980934523487163, 0.15369478583999863, 0.6996753831362544, 1.12880514760007, 2.923157731128105, -0.008496517314549534
0.3962537017306527, 0.15438283213923512, 0.699305578634122, 1.1185689518112103, 2.927154826574152, -0.0077953672580917035
0.3944317152618974, 0.1549365566896522, 0.6990111432387077, 1.1089666525437216, 2.930920464372155, -0.0068917963575751175
0.3927958227082616, 0.1556491971290045, 0.6986083185166018, 1.09960352040755, 2.934517791298723, -0.006205123986737847
0.3911261654207409, 0.15613323116782676, 0.6984580191042463, 1.0908657406962783, 2.937588344450909, -0.004982572625577861
0.3896898138318073, 0.1566414879244714, 0.6981552426798634, 1.0830837793361252, 2.940669205513468, -0.0044619266735778824
0.3884389566752668, 0.15714497578884126, 0.6978371605201881, 1.0761240308094389, 2.9433722153175816, -0.00410029725068431
0.3871642983957104, 0.1575385688320904, 0.6976862691400552, 1.0692466116182893, 2.9458036857831402, -0.003216391265327869
0.38605621868133666, 0.1579694539267546, 0.6974674588885355, 1.0632536566104163, 2.94797897691345, -0.0026970769584538927
0.38507348529124685, 0.15835007555328318, 0.6973030692651284, 1.057673063673875, 2.9499113910773627, -0.002058325694835165
0.3842176185288652, 0.15866077771410217, 0.6971198910773566, 1.0530172796688506, 2.9516592796742933, -0.0018247890317458478
0.3834784213758977, 0.15893414523247948, 0.6969328132980463, 1.0485242557749388, 2.953365567769611, -0.0016152614149458249
0.3827739280651513, 0.15913923352988543, 0.6968629252328169, 1.044915217664726, 2.9545719874886145, -0.0010175323292664767
0.3822244543913947, 0.15933744933952054, 0.6967526957923373, 1.0418763406857778, 2.9557143684446756, -0.0007540557929353978
0.3817818821505769, 0.15951247760329612, 0.6966788973372299, 1.0393478575424315, 2.9565545429156272, -0.0005988040581366709
0.38144264038376735, 0.15962230316241718, 0.6966227543319522, 1.03750534590088, 2.95731229736283, -0.000363524486572744
0.3812274078335044, 0.1597153509191739, 0.6965858634801037, 1.036275718484265, 2.95765778206382, -0.0002660898268446021
0.3811277019285166, 0.15973621054065382, 0.6965721772395751, 1.0358381781741728, 2.957825573839191, -0.00022913465590772015
0.38112566772986195, 0.1597712101169195, 0.6965401385421855, 1.0357185033313385, 2.9578812518144364, -0.00026099287428002824
0.3811061407218705, 0.15978751694176244, 0.6965472821546927, 1.0356328114601137, 2.957921755858361, -0.0002499811958159113
0.38110346131933653, 0.15977321331156197, 0.6965508865370093, 1.0355263083461863, 2.957959038369799, -0.0002507072218939312
0.3811142584703795, 0.15977432821284476, 0.6965427979291547, 1.0356137719699052, 2.957924344711398, -0.00027634373487033583
0.38109830002743517, 0.159773881906335, 0.6965373966645835, 1.035516807010482, 2.957992343429826, -0.000356902382823328
0.3810959612512896, 0.15977000506874942, 0.6965467009660697, 1.0355880922987772, 2.9579655559999862, -0.00024726199680090454
0.38112280139471466, 0.15978115320499522, 0.6965269251225145, 1.0356358062136655, 2.957930351994815, -0.0003085267573228051
0.3810936832431719, 0.15977153715672543, 0.6965512038673811, 1.0354906070918637, 2.9579717997251396, -0.00025134571285687605
0.3811303327735589, 0.1597946473202001, 0.696514142998457, 1.0355904493566228, 2.9579707470739907, -0.00033081600066901963
0.3811242779633858, 0.15978095187402458, 0.6965287145543292, 1.0355458258581378, 2.9579581312198013, -0.0003352951210017997
0.3811056905558861, 0.15977634777136573, 0.6965397470772023, 1.0355138804331825, 2.957980767339717, -0.00025757060836505694
0.3811052778698562, 0.1597807943841675, 0.6965341278443689, 1.0355148079925554, 2.9579834879177915, -0.00029872079533708725
0.3811015010015703, 0.15978248373926257, 0.6965374901126968, 1.0355288647641967, 2.9579677516381064, -0.0003085593812539575
0.3810916041245888, 0.15977119366239012, 0.6965548503701714, 1.0355061851810738, 2.957956602093852, -0.00019414405633886358
0.3811004629117299, 0.1597769463668901, 0.6965400015932801, 1.0354752918627368, 2.9579839013971228, -0.00026721790722393604
0.3811123249319149, 0.15977279555731988, 0.6965375382520137, 1.0355589821512405, 2.957937113052883, -0.00026134878644841454
0.3811026163785902, 0.15978334497318156, 0.6965377866971918, 1.0354701713295782, 2.9579682000423797, -0.0002612802774704908
0.3810850931403246, 0.1597659835241008, 0.6965652145185007, 1.0354646600845858, 2.9579510005427676, -0.00014682322075569037
0.381095838920098, 0.1597745411581373, 0.6965537640755199, 1.035502629006906, 2.9579444501162833, -0.0001624776367605374
0.3811001164549818, 0.15977384944757564, 0.6965512648565921, 1.035460938399389, 2.9579405940663497, -0.00022390853444090298
0.3811190697752903, 0.1597991519719678, 0.6965320998985519, 1.0354436878355557, 2.95800563941418, -0.0002581772045561312
0.38109922233916993, 0.15978058334466896, 0.6965535280955307, 1.0355316646952606, 2.9579131139371504, -0.00018187594795930444
0.3810943496870865, 0.15979768429746732, 0.6965579374677725, 1.0354117596168189, 2.957969278476261, -0.0001458068572074585
0.38111742671227783, 0.15978021198062556, 0.696526051667488, 1.0355247676217594, 2.9579544397717337, -0.00034462915543690705
0.3811183501688068, 0.159780338848621, 0.6965282959617973, 1.0355339549733025, 2.957980482818724, -0.0002734407234616356
0.38107756613461563, 0.15977556015985273, 0.6965598498981156, 1.0354796724458915, 2.9579379868981976, -0.0001976593692609295
0.3811042044473766, 0.1597859462545768, 0.6965487826916011, 1.0355190599825381, 2.957935045570312, -0.00018772331873625936
0.3811146558359052, 0.1598017131277181, 0.69653480751957, 1.035493012953114, 2.957974688583497, -0.0002255322912734039
0.3810972289690986, 0.15980339464748633, 0.6965420289029788, 1.0353796946866618, 2.957993154971113, -0.000245243243824043
0.38109624004468595, 0.15979037674090626, 0.6965546628763498, 1.0354411283511464, 2.957938104732424, -0.00016611952093506041
0.3810971220422766, 0.1597803496335757, 0.6965436541285057, 1.0355228438663466, 2.957947135341301, -0.00021937637734214467
0.3810998978799556, 0.15977977705541474, 0.696546774257485, 1.0354452272183485, 2.9579528088502363, -0.0002396560549420363
0.3810915526295532, 0.1597786358849953, 0.6965514882438872, 1.0354919499627981, 2.957972395882416, -0.00018402033062857087
0.38110311921071416, 0.15978094798191844, 0.6965434247221989, 1.035477663707192, 2.9579306643184977, -0.00024954531630374524
0.3811069756965972, 0.15977876154513815, 0.6965344120110116, 1.0355512379204694, 2.9579718035735443, -0.00023153933716753202
0.38112199688230386, 0.15979734303857468, 0.6965326503160456, 1.035481499536955, 2.9579398963941657, -0.00023883489581881097
0.3811088126742149, 0.15978817562458753, 0.6965555257367638, 1.0354746363239118, 2.9579191404218244, -0.0001491643311698419
0.3811060759879841, 0.15979625780374176, 0.6965421038734257, 1.0354548581614906, 2.957978448582929, -0.0001675272489237151
0.38112405647028186, 0.1597943324126132, 0.696520212983026, 1.035476556535697, 2.957986133728732, -0.0003088655185494014
0.38109116409527655, 0.15978301067865644, 0.6965526293074641, 1.0354866761441313, 2.9579567369885766, -0.0001780917880028385
0.381089252657554, 0.15978761437210914, 0.6965458692234501, 1.0354570439167066, 2.957987233844124, -0.00022556885051565892
0.38109266581279194, 0.15978289162356635, 0.6965470100239429, 1.035469710018815, 2.957965725087107, -0.00021945644012893046
0.3810973080551791, 0.15978514910526406, 0.6965535280955307, 1.0354783323860777, 2.9579317851706297, -0.000181948501382082
0.38109758266855054, 0.1597854243874372, 0.6965391697987896, 1.035415296795931, 2.9579807033329315, -0.00024552472691924084
0.38108205963748265, 0.15978321876715101, 0.6965629872634128, 1.0354663758215448, 2.957954503214482, -0.00012051188100122499
0.38110559279554557, 0.15977347543338058, 0.6965501722388115, 1.035514012560965, 2.9579193091321985, -0.00018222628980068165
0.3810795273589708, 0.15976289518397693, 0.6965780215553344, 1.0354582875066276, 2.9579302111840287, -5.702669052345515e-05
0.38111416285501837, 0.15978308049270992, 0.6965308138625541, 1.0355304695830228, 2.957968290077593, -0.00024164179036218327
0.38109274388949155, 0.15976464636197252, 0.6965585090695933, 1.0354618577195043, 2.9579416348765313, -0.00015659358867675712
0.3811105452279658, 0.1597896035521774, 0.696544049869425, 1.0354645333698986, 2.957950055300015, -0.0002137987521578035
0.38109873687237145, 0.15978291702595185, 0.6965546504715722, 1.0355007251272306, 2.9579384136678355, -0.00014650374240427933
0.38109586035999954, 0.15976709449982537, 0.696563886124484, 1.0355112778744993, 2.9579109141051876, -0.00012472806586685906
0.3810994408609307, 0.15977465569473523, 0.6965580186943356, 1.035440887869203, 2.957938181160619, -0.00016656047511248487
0.38109691269654256, 0.1597895324118035, 0.6965546691605636, 1.0354022178372306, 2.9579410342511614, -0.0001762074838288768
0.38108083064968584, 0.15978700776738164, 0.6965494734045873, 1.035403517178914, 2.9580059570257053, -0.0002256525093819548
0.38109682831214436, 0.159787558840348, 0.6965411302263915, 1.0354235663263391, 2.958005674767388, -0.0002416720959759046
0.38109451776936404, 0.15977622662639837, 0.6965605571259423, 1.0354502184719654, 2.9579638960766212, -9.459655961865548e-05
0.3810789898341126, 0.15977668465287906, 0.6965629573745366, 1.0354619279678416, 2.957944190323941, -0.0001977376820094537
0.3810853297778369, 0.15977972318416878, 0.6965662743002701, 1.0354662699129984, 2.957954263526806, -0.00012002899154398916
0.38106827521204034, 0.1597572760574797, 0.696588881039463, 1.0354455651868413, 2.9578928132190123, -2.7845260431225e-05
0.3811161624764946, 0.15979823701842344, 0.6965272029983656, 1.0354096955593337, 2.9580213847679726, -0.00023180202132199834
0.3811005255538049, 0.15978636656932785, 0.6965434183620202, 1.0354100310277365, 2.957965140977324, -0.00023964648974921898
0.3811164784890681, 0.1598046085509469, 0.6965253335433234, 1.0354882616883574, 2.958020954424864, -0.0002953272091402389
0.3810960573533381, 0.15976861356909883, 0.6965582546743408, 1.035500356415357, 2.9579385306421164, -0.00014680283119779405
0.38111522573308726, 0.1597812094248855, 0.6965316643784196, 1.0354210461900453, 2.9579988293104904, -0.00029342374613109507
0.38108627304062204, 0.1597824261152661, 0.6965674278203201, 1.035418855539377, 2.9579321867522186, -0.00013393273629294943
0.38108070880207756, 0.1597672054149266, 0.6965733638066292, 1.0355070049154111, 2.9578989699799916, -9.28072924481568e-05
0.38108719831121574, 0.15977986235940236, 0.6965528776319123, 1.0354333920832626, 2.9579753889662577, -0.000178309242679412
0.38108864670520204, 0.1597735784225354, 0.6965593469754995, 1.0354300148761006, 2.9579661801913093, -0.0001881136563750112
0.3810888859857982, 0.1597845426525642, 0.6965571322983322, 1.035442789719197, 2.957944212818519, -0.0001819596739557028
0.3810973406556732, 0.15977442208393375, 0.6965481447663625, 1.0354676801278884, 2.9579597349567064, -0.00020391486485218523
0.38109132151596475, 0.1597742751205946, 0.6965608303961905, 1.0354369367274343, 2.9579258803452433, -0.0001341319680035017
0.38110247178715906, 0.15978451824208612, 0.6965602585322402, 1.0354226742156238, 2.9579414119817855, -0.0001235206060069211
0.3811041795849434, 0.15979335482696175, 0.6965454207253653, 1.0354870624330659, 2.957956630701055, -0.00017806872589159602
0.38109087999707536, 0.15977948022991625, 0.696551482010951, 1.0354952473870536, 2.9579819340388847, -0.00017407672157271237
0.38110559279554557, 0.15977347543338058, 0.6965501722388115, 1.0354607687507362, 2.9579379504944203, -0.00018244216265512445
0.3811000928254942, 0.15978398705328722, 0.6965579374677725, 1.0355005307663507, 2.957938203983283, -0.00014587785677926804
0.38108700144621743, 0.15977834334203816, 0.6965585090695933, 1.0354619446940598, 2.957941600649463, -0.00015616241612951304
0.38110718659864196, 0.15977615267076617, 0.6965476479363745, 1.0354678479151034, 2.957959683251426, -0.0002040531151385384
0.3811031471175437, 0.15978789322910875, 0.6965344120110116, 1.035498168495252, 2.9579903810858084, -0.00023146772327992303
0.3811097785850543, 0.15978844455578917, 0.6965372648002368, 1.0355367420117962, 2.9579875637540605, -0.00022152912750337132
0.38109912542915136, 0.1597785421772529, 0.696553509382429, 1.0355236293492298, 2.9579478997587545, -0.00015236097488266874
0.38107674616754694, 0.15976409542117645, 0.6965668518507987, 1.0354065479341015, 2.9579542619328967, -0.0001407162577819447
0.3810981055292411, 0.15979329136987555, 0.6965445404861113, 1.0354147154347928, 2.95797828733079, -0.0002036884606646157
0.38110300212599285, 0.15977893209751834, 0.6965434057436924, 1.0354344667372724, 2.957978081942487, -0.0002198743002341452
0.38111780539768714, 0.1597934339645247, 0.6965348012112662, 1.0354961684096498, 2.9579843870656544, -0.00021577554497846166
0.3810874462187082, 0.15976317001879087, 0.6965587449545932, 1.0355036073545696, 2.9579481863545247, -0.0001367641109152884
0.3810940618652115, 0.15979138661440082, 0.6965535156907096, 1.0354138972105122, 2.957975513461054, -0.00016240437685544247
0.3811056812395005, 0.15979323572208454, 0.6965398013643468, 1.03543448247301, 2.9579780873743893, -0.0002195772217310205
0.381072414298214, 0.15975920193109017, 0.6965797267926225, 1.0354819465288563, 2.957882980018342, -7.001358169942234e-05
0.3810939734484728, 0.15977444020768133, 0.696560400600934, 1.0355056112666432, 2.957953915909145, -0.00015181782582904794
0.3810846016557646, 0.15978524261771945, 0.6965596314842025, 1.0354488987544606, 2.957960633464643, -0.00012057398729300314
0.38108725945232813, 0.1597954058897219, 0.6965615540954502, 1.0353873195152747, 2.9579566473930883, -0.000165434336940809
0.38109922688863646, 0.1597730450027248, 0.6965706356114066, 1.0354987299079952, 2.9578731545350214, -9.582745564664055e-05
0.3811010849850542, 0.15978345987284992, 0.6965501659048099, 1.0354819047641792, 2.9579413472274463, -0.00017203969419874368
0.38102842932801767, 0.15973975353338746, 0.6962610618887537, 1.035410744532979, 2.957924421545408, -3.635351789473172e-05
0.38105672403300433, 0.15974701835860353, 0.6945757833472707, 1.0354194406440913, 2.9579720038076913, -0.0001408711273540625
0.3811153985055534, 0.159806865556117, 0.6929251286540012, 1.0355258980926139, 2.9580845076905873, -0.00037380266915495514
0.38102852735724685, 0.15971787661715467, 0.6915033211936135, 1.0355889040652753, 2.9579707776503468, -0.00025265725274059494
0.3810316226523143, 0.15974522796744825, 0.6902018780597666, 1.035389118286986, 2.9577746781837195, 0.0003507871715484393
0.3810421372544294, 0.15975174143154092, 0.6886435036017208, 1.0353947111650377, 2.958033620361657, -0.0002207939943379899
0.3810640690369267, 0.1597546866565692, 0.6871204937141776, 1.0355736941591485, 2.957895061076342, 3.6797211497042482e-06
0.3809933322659318, 0.1597389372116487, 0.6856109541730715, 1.0355769497776024, 2.9579586534059663, -0.00010482384955671063
0.3810290864717215, 0.15973363980892524, 0.6841636435452801, 1.0356386356668184, 2.95784085580728, -1.1125261866223687e-05
0.38104096397442494, 0.15976054076514606, 0.6826495282868156, 1.0356368477333482, 2.958016878093388, -0.00034836698875379625
0.3810211213288256, 0.15975433438954906, 0.6812283106582729, 1.0356468789985969, 2.9579223437463873, -9.20611585499292e-05
0.38102308107409055, 0.15975409173434066, 0.6796144366241932, 1.0356784315887384, 2.958265515384302, -0.0008874862032901978
0.3810371115562544, 0.15975224362051124, 0.6781202320988574, 1.03561422048298, 2.958049850978194, -0.00039179130184041405
0.38103127040129287, 0.15976501805503285, 0.6766866437524547, 1.0357452933736602, 2.9582934699873986, -0.001000130413601242
0.381043656650613, 0.15977116700402574, 0.6751009768177378, 1.0357330733220669, 2.958370716921819, -0.0011691238478303268
0.3810213752009732, 0.15975261346630962, 0.6736416525556408, 1.035492972500858, 2.9582967166392002, -0.0008650632641786963
0.38099140396693265, 0.15974023215119537, 0.672079382171529, 1.0356261076634252, 2.9585326198544917, -0.0014588958870941236
0.38105353334974157, 0.15977683803961953, 0.6704764525556146, 1.0357329856006883, 2.9584854412464523, -0.0015049616766933296
0.3810484277427667, 0.15977030932996955, 0.6690370685508369, 1.0358195987979402, 2.9586519078492786, -0.0019334719446562577
0.3810151847750931, 0.15976253736034454, 0.6675006114942449, 1.0357572910792636, 2.958444824262836, -0.0014284706718305572
0.380953320816186, 0.15969576335798363, 0.6660218138778027, 1.0358341626812155, 2.958384461190427, -0.001384622458469214
0.38092331983121236, 0.1596889804683686, 0.6646343223863923, 1.035811691131153, 2.9586526287175117, -0.0019305939355845185
0.3809444237088882, 0.15969379176393037, 0.6632618926520106, 1.0357952652023943, 2.9585561804358274, -0.0017266308178691386
0.3809134639513759, 0.15965373975841066, 0.6618965663975548, 1.03583691028853, 2.9584053272164303, -0.0016890062764891899
0.3808740326797023, 0.15963291678702207, 0.6605881127977232, 1.0357293028601748, 2.9584674441843744, -0.0016787950501448447
0.3808602980679937, 0.15962387491528665, 0.659272008298108, 1.0357868102907128, 2.958625023224049, -0.0021010646832537484
0.38078876532320327, 0.15957637755712312, 0.6579934304505494, 1.0357944011813434, 2.958817383562123, -0.002529330793448299
0.380792135838131, 0.15959565724390495, 0.6567538784128968, 1.0358468104359329, 2.9589641664926165, -0.0028517549521456147
0.38082381573008073, 0.1596060394101121, 0.6555784228496087, 1.0357345265736393, 2.959100995765388, -0.0031923258744566843
0.3807374189846868, 0.15953255140057646, 0.6544948322643835, 1.0356651455471022, 2.959066156874308, -0.0030567864766612943
0.38059170317880675, 0.15941018337363758, 0.6535337833367264, 1.0355046352228694, 2.9588775127260396, -0.0025187100358526034
0.38059940892764793, 0.1594042497361307, 0.6525206173463838, 1.0354909753989963, 2.9591021449312143, -0.00307693230210162
0.38065565444958865, 0.15947870417542662, 0.6515295149894879, 1.0353326594180654, 2.959359444832572, -0.0034511757876260164
0.38035927975145956, 0.15922766291301266, 0.6510027485240211, 1.0350730097411749, 2.958831923440182, -0.0019253748282299363
0.38006705240359484, 0.15901440738495018, 0.6509183240042159, 1.0349456083819437, 2.9582130243343867, -0.0003284919710957686
0.37941835798220774, 0.15849342126916222, 0.6510964638281828, 1.0348234861053185, 2.957400679432886, 0.0017159644313976313
0.37921461311363525, 0.15831321022063288, 0.6509859296271168, 1.0346652924738386, 2.9571313369044705, 0.002475901479488706
0.3791738498780597, 0.1582845253308344, 0.651202970151116, 1.0346065528038058, 2.9566401381326552, 0.0036422340982025245
0.3791497399531845, 0.15826247303847485, 0.6511414816705055, 1.0345985103606896, 2.9564790542420005, 0.00395587923536294
0.3790757606484669, 0.1581891020052392, 0.6512569583101203, 1.0344010238913415, 2.9562276004383117, 0.00481077298271034
0.37901266535955547, 0.15814490077335927, 0.6510891822294714, 1.0342703173386405, 2.9560362605381307, 0.005364225115830492
0.3788253130598452, 0.15798527989593605, 0.6512780430732091, 1.033976721575798, 2.9557467183020076, 0.006174259847781702
0.37870547563289736, 0.15791630564098907, 0.6511790084951938, 1.0339439767939302, 2.95555745721235, 0.006852688469184828
0.3786873626777348, 0.15788524832613654, 0.6512151588159049, 1.033784251488891, 2.955296608753553, 0.0074869437342266806
0.37862523041607865, 0.15782607197643223, 0.6511975655748804, 1.0335143772130437, 2.955051380691136, 0.008345247596502148
0.3785076944640652, 0.15775223353821285, 0.6510743764231042, 1.0335522912778454, 2.954906147992911, 0.008688524582657613
0.37788759014170303, 0.15724429745678498, 0.6513082479236221, 1.0332888308848902, 2.9544790076797613, 0.009824890300418231
0.3777789051482985, 0.15715317504977017, 0.6511752604442921, 1.0333483837430002, 2.954210487202281, 0.01043633431004498
0.3776212646124899, 0.1570158199868143, 0.6511230519301447, 1.033189875085035, 2.9540748573146107, 0.010877709380924184
0.3774243338156047, 0.15687235159956378, 0.651097895436028, 1.0330233015871217, 2.953721024490114, 0.0118693692705934
0.3773190203596298, 0.15677089512016837, 0.6510256138290891, 1.0330552568564868, 2.9533737841105565, 0.01251111640958901
0.37711967726802836, 0.15661980586380086, 0.6509926182155367, 1.0329411498988077, 2.9531929280352465, 0.013057250256120487
0.3770651748796744, 0.1565687262123452, 0.6509907202743993, 1.032769812192407, 2.952954372313967, 0.013712381182439937
0.37704289160301946, 0.15654218238358272, 0.6508677817936516, 1.0326042443057686, 2.952847716337948, 0.01402111509009545
0.37702924044397274, 0.15650919689280626, 0.6508464765582914, 1.0328248825234185, 2.952738508269089, 0.013992374427032217
0.3770200434096884, 0.15649854738843774, 0.6508042302345879, 1.0328546300956898, 2.9526339764984804, 0.014280399511476785
0.3769193850772629, 0.1563988261692185, 0.6509381749532862, 1.032716484396164, 2.9524588234037488, 0.014760548831663915
0.3768829226372499, 0.15636575813532863, 0.6509301468731238, 1.0328861791823252, 2.952374972439863, 0.014715212444164112
0.37691016569181185, 0.15637721434408314, 0.6508567673376449, 1.0327044658765094, 2.952351118308765, 0.014810210650486441
0.37683167890507757, 0.15631161413629077, 0.6510203186537351, 1.0325852363583807, 2.9521112386499384, 0.015392208959272615
0.37682505903103214, 0.15630632870354622, 0.6509834624934351, 1.032786492100063, 2.95199387478749, 0.015503951131782349
0.3767915489495396, 0.1562731845468847, 0.6509405110431008, 1.0326141275437324, 2.951999846599832, 0.015764635064090708
0.3766771550198048, 0.15616130580550888, 0.6510119183510976, 1.0326261061947488, 2.95179624957523, 0.016155479589432205
0.37665692742427087, 0.15617079889888336, 0.6510226526767345, 1.032580198835547, 2.951582310805162, 0.016585807222663913
0.3766030486777436, 0.1561071136586105, 0.650874702855558, 1.0324683716880116, 2.9513944888615486, 0.01703696495317687
0.3764694878856138, 0.15600498069329718, 0.65101265922702, 1.0322296672560054, 2.9510151909516504, 0.018069511037646677
0.3763895117720912, 0.15594890363223377, 0.6508273913504238, 1.0322907771770133, 2.9508746946163065, 0.018379684352848535
0.3762346260435564, 0.15580588157105033, 0.6509659674244962, 1.0321315101717734, 2.9505003855140948, 0.019333853734323187
0.3761783649634357, 0.1557718326455789, 0.6509184181973674, 1.0322563554682118, 2.9503918957119795, 0.019451848389243607
0.3761319845483472, 0.1557260717367696, 0.650823758218808, 1.0319715367337419, 2.9502841455643525, 0.01985454945007325
0.3760769436419916, 0.15567334733156396, 0.650808934721547, 1.031942238026386, 2.9500603495726634, 0.020323715594242835
0.3759918869750628, 0.15560577412225887, 0.6508219609827288, 1.0318148964822442, 2.949711711940398, 0.021089818349633305
0.37595962214678263, 0.15556920449608821, 0.6508014839905312, 1.031692066506058, 2.949496771077964, 0.021714238667569705
0.3758023791935158, 0.15543919115595822, 0.6508594560280361, 1.0313816219520975, 2.949388990159913, 0.02237715558447527
0.37573326515974403, 0.155387154657159, 0.6507445674064373, 1.0314254023026395, 2.949132643879614, 0.022863383797206985
0.3755470521775589, 0.15523020227244902, 0.6508379701928821, 1.0311956802088567, 2.9487847392930684, 0.02377325755910571
0.3754369618238539, 0.1551156941160863, 0.6507520889621056, 1.0310509971769075, 2.9487516419930535, 0.024026545422801467
0.37536611054059493, 0.15506638497094638, 0.6507763726087455, 1.0311150012675316, 2.9484514102011143, 0.024700996218510823
0.3752750114529623, 0.15498174079712249, 0.6508011992954814, 1.0310887167832221, 2.9481777733656616, 0.02534775220879263
0.3751653257153087, 0.15489536167023715, 0.6507281775305196, 1.0308510985306651, 2.948030392195734, 0.026041463075083687
0.37510333265485485, 0.15483462100197853, 0.650646580220388, 1.030953753061447, 2.947848801959439, 0.0262387160896727
0.37506871344809933, 0.15481115185228506, 0.6506750796408538, 1.0308646440100768, 2.9478150911059258, 0.02648870877101181
0.37505212075924915, 0.1547903880307915, 0.6507226184484263, 1.0305932421846165, 2.947766114629448, 0.026776744967471164
0.3750473912665562, 0.1547926351047969, 0.6506900153646729, 1.0304527743293517, 2.947814798312863, 0.026774995071518086
0.37499466683035965, 0.15473863914786953, 0.6507574777296428, 1.0302563807542349, 2.9477572746820697, 0.027057759276437086
0.37497355184296594, 0.15469190161648091, 0.6507721880177453, 1.0301537049547904, 2.9476813469412795, 0.0273069536734629
0.37492345993203974, 0.1546300601039396, 0.6507216567378464, 1.030232737632125, 2.947553138800175, 0.027432778000976918
0.3748836995989075, 0.15458957509002136, 0.6507220941431624, 1.0301844283580428, 2.9473960814398312, 0.027759881318250655
0.37483202104098645, 0.15456021517607138, 0.6507323974515505, 1.0298476137568962, 2.9473189392392163, 0.028198791969307444
0.37473814243049747, 0.15447332626880017, 0.6507900711301741, 1.0300232847091377, 2.946941061378356, 0.028924830918972633
0.37470180648279383, 0.1544324882676771, 0.6507508028251142, 1.0300485247242883, 2.9468281820806226, 0.029161029246031235
0.37463859789878345, 0.15438815169186768, 0.6507009262052904, 1.0297071975157976, 2.9467934881953948, 0.029504314827491083
0.37459665898275496, 0.15436059290878257, 0.6506787290242582, 1.029425744777694, 2.9467032971035136, 0.02992799417234746
0.3745329812402635, 0.15428886434071362, 0.6507964129384312, 1.0294320771331158, 2.946354303693506, 0.030648511875599735
0.37448138853325014, 0.1542418666957245, 0.6507216263404304, 1.029287901312659, 2.9462584070638, 0.030976547766297623
0.3744261984507756, 0.154199040376383, 0.6508157325193266, 1.0291854439778956, 2.946061860788556, 0.031538069864877644
0.3744314475437723, 0.15416714393344505, 0.6507678789261918, 1.0290260155569046, 2.945851899461466, 0.03213254931824397
0.3743737744471218, 0.15414031659967123, 0.6507771727411292, 1.0290404346466935, 2.9456434903796294, 0.03263271293306908
0.3743455185094483, 0.15409880871324072, 0.6508094326486661, 1.028816614396873, 2.9454934401915382, 0.032973179388389603
0.37433054039998115, 0.15409205176937052, 0.650780054749755, 1.028887148006468, 2.9455266719360917, 0.033115501050193175
0.374299388660315, 0.15406295984223675, 0.6507120192931971, 1.0288072233994237, 2.945321172672711, 0.033540867285162534
0.37423595551435423, 0.15399169217394582, 0.6506906260487443, 1.0286933031290173, 2.9450744320134272, 0.0341171185600769
0.374215944682624, 0.15394452358642485, 0.6506534612267798, 1.0287587752043676, 2.9449011960586717, 0.03442116306691971
0.3742090838570968, 0.15394187863189485, 0.6506847793537157, 1.0287422132687096, 2.9446573501420676, 0.03492056697985528
0.3742175565289518, 0.15392477591000076, 0.6506479949705872, 1.0288540443024483, 2.944569638301107, 0.03502987256518389
0.3742149876830499, 0.15392123516554287, 0.6506327846153119, 1.0288285426241746, 2.944483975571525, 0.03520940927544616
0.3741983946004942, 0.15389458893723915, 0.6506304661360486, 1.0287829760563698, 2.9443361673660333, 0.035543461499748415
0.37419582336515955, 0.15387943037731946, 0.6506337161820172, 1.028790226493359, 2.9444263974350453, 0.03529684253574486
0.3742059002042542, 0.15388162362323848, 0.6506092561670787, 1.0288846690674947, 2.944477272135571, 0.035108138975409826
0.374179604539656, 0.15383103131660178, 0.65074049623582, 1.0288694557320197, 2.9442516165308676, 0.03549200052338552
0.3741778891815259, 0.15383540977277466, 0.6507109961778588, 1.0288953060322115, 2.9443961368180953, 0.03528047473864113
0.3742148162450558, 0.15382651839329511, 0.6506951260046125, 1.0289763982298559, 2.944213198500818, 0.03542392229551226
0.37420968242329455, 0.15384186182361986, 0.6506556186778851, 1.02893694938211, 2.9443353437547777, 0.03521405202327549
0.37419404196483314, 0.15383204976954165, 0.650653544294236, 1.028926376760839, 2.94423545890566, 0.035516806992498956
0.3741654746918609, 0.153788646868482, 0.6506490513475672, 1.0290118530828827, 2.9440659234087656, 0.03576470830277818
0.37418868794998583, 0.15380572800830303, 0.6506173713683275, 1.0289481442858888, 2.944111561753823, 0.03567540100174758
0.3741652800543992, 0.15376469791808803, 0.6506655263530734, 1.029008279808887, 2.944059115271614, 0.035778667541894696
0.37416195101359995, 0.15374412246977334, 0.6506828073466254, 1.0290080307257075, 2.9439956085795136, 0.03591971855994623
0.3741745875389524, 0.15374928186078068, 0.6506466437115106, 1.0290924899074023, 2.9440748175392346, 0.035843488031562926
0.37416878005621224, 0.15374679742982383, 0.6506347294573886, 1.0290036383169308, 2.943976042458357, 0.03589868796621224
0.3741429336677591, 0.15372476491931264, 0.6506496277194066, 1.0289339454795465, 2.9438784329706422, 0.03613919328186788
0.3741304353619976, 0.15371074206293098, 0.6505720030807105, 1.0289019299878899, 2.943829491496197, 0.03617165050684627
0.3741187720694351, 0.15369675610380046, 0.650600192153462, 1.0289618633181101, 2.94370850968116, 0.03643346836243334
0.3741355923683688, 0.15368514862562, 0.6506002053459898, 1.0290265599500046, 2.9435352781871313, 0.03660317866014697
0.37411500636270495, 0.15368067211197314, 0.6505991695111905, 1.0288869722598104, 2.943528154970801, 0.03672765528057546
0.374107424747526, 0.15366881577768965, 0.6505647109747268, 1.0289681172660685, 2.9435346750250866, 0.03664979231137544
0.37408013034455817, 0.15366017668621756, 0.650644950528699, 1.0288951271901658, 2.9434320396336675, 0.036974659612786176
0.37409409284672324, 0.1536415374504737, 0.6506132614534095, 1.0289489585228988, 2.9434118637170923, 0.03697369302862026
0.37407237492800893, 0.15361250846032576, 0.6506105481216696, 1.028991536148767, 2.943424662026064, 0.036910025709393786
0.37406423600423067, 0.1535968874835966, 0.6506453753919104, 1.0290967970964071, 2.9433883204201527, 0.03697830149067769
0.37406630029737564, 0.15358984713715487, 0.6506514979909427, 1.0290293894065583, 2.943299412336521, 0.03716182258430122
0.3740711173626197, 0.15357130041487205, 0.6506571826193557, 1.0290887172335867, 2.943302348261679, 0.03713950972499159
0.37407692897817724, 0.15357322829822648, 0.6506378733230235, 1.0291142854781274, 2.9433211588314276, 0.03700935267074157
0.37405295115267284, 0.15355837219692312, 0.6506275568448371, 1.0290983693973697, 2.943331189605337, 0.03710079043676322
0.37406869746243815, 0.1535459831412234, 0.6505913629646409, 1.0291632484256226, 2.9431572142669693, 0.03727160433323206
0.3740495821841762, 0.15353402735769447, 0.6505744980204754, 1.029085281862756, 2.943156005845213, 0.03726653321096835
0.37402716007369563, 0.15349797703851767, 0.6505765006738918, 1.0291520905456806, 2.943118905560739, 0.037431194421622876
0.37401588037357864, 0.1534939169284147, 0.6505621583355282, 1.0290831970011016, 2.943020690256007, 0.03753811600777708
0.3740133401107339, 0.15346521311958633, 0.6505594599237191, 1.0291861568727043, 2.9428449777053394, 0.03778499463857273
0.37402991444083006, 0.15345641006744984, 0.6505497127691551, 1.0292059431719882, 2.942847371363456, 0.03765901771943724
0.37403712123517563, 0.15345455015053905, 0.6505718720059834, 1.029146650269568, 2.9427177064094368, 0.037962238712267664
0.37403629592413246, 0.15346093143910047, 0.6505584036034956, 1.0292502546268336, 2.942797537165737, 0.03787299108875509
0.37403276317207557, 0.1534360807398385, 0.6505619304023169, 1.0292426751543782, 2.9427120676274705, 0.03796657174492042
0.3740251383189563, 0.15343138590593575, 0.6505698662877616, 1.02923769705732, 2.9426964180341733, 0.03803991691458285
0.3740419225179285, 0.15343276851535198, 0.6505440154779689, 1.029246785694459, 2.942658048132407, 0.038117386852388
0.37401248262620584, 0.15338272357791724, 0.6505373035950374, 1.0292846553707167, 2.9424628685661287, 0.03845729382890635
0.37400135518455985, 0.15337088298683485, 0.650491058370432, 1.0292896278209676, 2.9425375858656864, 0.03835103785923429
0.37400339993557574, 0.1533916912340828, 0.650473708548141, 1.0292188355217822, 2.94255938853092, 0.03839289352087994
0.3739837527327328, 0.15335092400792777, 0.6505020330853258, 1.0293441206054657, 2.9424629980336667, 0.03847719254609016
0.3740070794122884, 0.1533474959307278, 0.6504825263320702, 1.0293512330873973, 2.942483579304404, 0.03831971820652492
0.37400584780770973, 0.15335218303902318, 0.6504758830263301, 1.0293825390043654, 2.942584796286237, 0.03820329021553836
0.37399188177936465, 0.15331185698150776, 0.6504916227916431, 1.0294789653941152, 2.942522170608734, 0.03813101663561581
0.3739852808769034, 0.1532976970332469, 0.6504906562996277, 1.0295133884807945, 2.942635103979366, 0.03791517812194241
0.37401122721147245, 0.15329025107571478, 0.6504971584488938, 1.029576981823609, 2.942524612804307, 0.038010574771758995
0.3739996880551329, 0.15326635458548213, 0.6505487834716711, 1.0295535860979228, 2.942455531245711, 0.03811460760756638
0.3740314469279969, 0.15327418612987911, 0.6504890542357534, 1.029570845213564, 2.942441315920252, 0.037995202678351214
0.3740330688275195, 0.1532505495984661, 0.6504411193532291, 1.0295190511545256, 2.9422665513444577, 0.03825577787382995
0.3739888073791771, 0.15321097701604097, 0.6503589308481815, 1.029451871956874, 2.942229734032438, 0.038422165082742654
0.3739312276337687, 0.15315050169974995, 0.6503996480148234, 1.0293624732775228, 2.9420712426254196, 0.03877749018739423
0.3739372947122146, 0.15314661875408736, 0.6503614627707742, 1.0293364192266696, 2.9420450393596758, 0.038787125425661845
0.3738950202766364, 0.15311749026155447, 0.6504108215253679, 1.0292775086301902, 2.9419224432428, 0.03907617007890793
0.3738993924728536, 0.1530897946165537, 0.6504170184670859, 1.0293076169322486, 2.9418306746302996, 0.03922066076127949
0.3738920202937071, 0.15307451352899507, 0.6504251222805506, 1.0293836523567885, 2.941888077674869, 0.0392339116255291
0.37389547692980857, 0.15305977887500272, 0.6504233999359889, 1.029377766752894, 2.9418052260024514, 0.039287017010302766
0.3739077601300233, 0.15305170450514644, 0.6504133919625574, 1.0294880268904076, 2.941781092497017, 0.03925449979047487
0.373910019602274, 0.15304609343987635, 0.6504073583454145, 1.029449985903309, 2.9417199852603373, 0.03938623019969378
0.373913946250936, 0.15303273135136744, 0.6504196829794481, 1.0294976869539847, 2.941685560303188, 0.039458130327256036
0.37391376116649816, 0.1530134472500458, 0.650405752029735, 1.0295496840549774, 2.941663279886042, 0.0394317012885508
0.373916017058146, 0.15299287247360496, 0.6504036836892737, 1.0295125366680726, 2.941671038315497, 0.03947130552525671
0.3739242125824504, 0.15300988986281086, 0.650387890811735, 1.0294652222509995, 2.94170558075318, 0.039397696952563635
0.3739062198539301, 0.15298514634247246, 0.6504086382644327, 1.029551214617539, 2.9416717206647696, 0.03944051944521664
0.37391939177651046, 0.15298970665460723, 0.6503948639022225, 1.0295991987373927, 2.941697199243859, 0.03934550999061823
0.3739244804436476, 0.15300557242384752, 0.6503967795293943, 1.0295439217789146, 2.941709757241704, 0.03936137198860864
0.37391973298200987, 0.15298269176061174, 0.650418674247766, 1.0296561179830088, 2.9416947540672997, 0.03927321808494281
0.37391989256627495, 0.1529723296604972, 0.650393507449695, 1.0296892338119135, 2.9416721970417505, 0.039330272143898
0.3739171855048968, 0.15294670509376299, 0.6503946697085656, 1.029651252656936, 2.9415512319233326, 0.039492736383172494
0.37389874554341973, 0.15293933976020702, 0.6503664937823205, 1.0296310545872371, 2.9414790546477265, 0.03970579317555609
0.37388194722776513, 0.15290871518900928, 0.650331922634162, 1.0296015815557815, 2.94144615553203, 0.03966403000812977
0.37386765536182626, 0.152897376339492, 0.6503127993236051, 1.0296256987063197, 2.9413959659420024, 0.03975880429413205
0.37387254820035776, 0.15287513193359598, 0.6503266755464204, 1.0296923863863152, 2.9412950768971586, 0.03972911150976166
0.37386729991335976, 0.1528376053601441, 0.6503503579951355, 1.0297464332152568, 2.941222273542482, 0.03961042425688576
0.37388240062094574, 0.15285137585130287, 0.6503452583797038, 1.029660237585164, 2.9412619072356274, 0.039485560936864506
0.373875453387662, 0.15284005314549853, 0.6503398587137107, 1.0297820713429615, 2.941275786919619, 0.039360887150682734
0.373858435159234, 0.15282072058921697, 0.6503787697496339, 1.0297939354942705, 2.941320322938454, 0.03925049389351386
0.3738333528629541, 0.15280822511747552, 0.6504171246537598, 1.0297315784019299, 2.941380048697196, 0.03919837500661618
0.3738338573503232, 0.15280729369655904, 0.6504116260362572, 1.0297741638806805, 2.9413898553775617, 0.03910992449985713
0.3738295005141936, 0.1527919358802419, 0.6504243722461381, 1.029817246929259, 2.9413398630847687, 0.03918782957217926
0.3738380794598469, 0.15280322182507458, 0.6503994798142322, 1.0297499431730708, 2.9413106966615055, 0.039271833294490556
0.37385100800280036, 0.1528011693795307, 0.65037643699803, 1.0298440402607953, 2.9412918165810553, 0.03937517827008846
0.3738489817491782, 0.1527761296062604, 0.6503631332503753, 1.0298280718768773, 2.9411777315689416, 0.039505301708186405
0.37385748924666357, 0.15277109101386155, 0.6503255313282643, 1.0299278224383304, 2.9411779653212435, 0.0394267417072302
0.373852750244958, 0.15277645672270948, 0.6503119274936167, 1.0298352778954327, 2.94119624523855, 0.039389972166278535
0.37387622750651495, 0.15275173400795733, 0.6503099942210803, 1.0299831002040993, 2.9411679761850666, 0.0394340343886686
0.3738696581322166, 0.1527615790629362, 0.6502963899701004, 1.0298033709510637, 2.9412163239954108, 0.039396570413103175
0.3738671975830393, 0.15273452732841244, 0.650287913772004, 1.0299158024395687, 2.9411378570953293, 0.03944996294319203
0.37387645097730443, 0.15272098191673697, 0.6502734069006642, 1.0299157787348043, 2.941199613225205, 0.03937371458057626
0.3738478367430861, 0.15270565301554057, 0.6503185294299072, 1.029883735111781, 2.9412283697666854, 0.039368237170983575
0.37386167935916537, 0.15268995732759552, 0.6503550468500593, 1.0299735694774372, 2.941272865003031, 0.039262199328443055
0.3738631373130624, 0.15269290748474126, 0.6503500699524577, 1.029825342058078, 2.941299077944946, 0.03921483243459287
0.37388120663238084, 0.15270123378416753, 0.6503233978779731, 1.0299246300203013, 2.9412370851691048, 0.039278215236246763
0.373867176758009, 0.15266960578013059, 0.6503205450291566, 1.0300261721936448, 2.9411870090438743, 0.039242941892640305
0.37386501062366134, 0.15267067204965698, 0.650319362879682, 1.0299809936462945, 2.941230480304447, 0.03924686241969473
0.3738612639708421, 0.1526644700219722, 0.6503303962860482, 1.0299026841072576, 2.9412297192305297, 0.03937443992035061
0.3738690616079121, 0.15266939781034777, 0.6503309866232224, 1.029892781913917, 2.9413268797702066, 0.03912887070792591
0.37385172472890593, 0.1526336945862943, 0.6503646947947272, 1.0298686851389425, 2.941253734158348, 0.039207141724910466
0.3738635987591739, 0.15263857086649033, 0.6503573181040343, 1.029932708396968, 2.9412698325083073, 0.03915497133890026
0.37387023845954265, 0.15266158764828913, 0.6503504080458692, 1.029915533711671, 2.9412766286337497, 0.0391561412916514
0.3738661872498192, 0.15261688900140474, 0.6503713013442803, 1.0299811086067467, 2.941238206667012, 0.0391850615321781
0.3738722896170791, 0.1526085295204541, 0.6503599436723141, 1.0300370020349552, 2.9412290785635378, 0.03912724286741924
0.37389508918684783, 0.15263795804840966, 0.650323290007179, 1.0300234338478595, 2.941241498672757, 0.03924603725746822
0.3738985580135927, 0.15264102696100212, 0.6502889058821933, 1.0299064836358727, 2.941176687698075, 0.03934593976381951
0.3739024220249841, 0.15265004271093052, 0.650278116178652, 1.0298950240078837, 2.941201720485346, 0.03929930221805262
0.37389291829830473, 0.1526192485861089, 0.6502821447587496, 1.029886156750933, 2.9411756308837074, 0.039225403006429585
0.37390382322447996, 0.15263233071961166, 0.6502788718497814, 1.0299235314653414, 2.94110382244521, 0.03932647063139294
0.37391347816084447, 0.15262672725087328, 0.6502563262815109, 1.0298834536722206, 2.9410990068408496, 0.039331070302745304
0.37391922783722853, 0.15262994525664436, 0.6502441914826839, 1.029800345313064, 2.9411448926900037, 0.03925669452364061
0.37389437213658727, 0.15261586598660706, 0.6502561634526088, 1.0297802825951752, 2.9412078454421113, 0.03926550599374775
0.3739031517043388, 0.15262000218904548, 0.6502633013592235, 1.0297347871266427, 2.941188120167215, 0.03927665636812745
0.3739159493306344, 0.15260826847307815, 0.6502629304862173, 1.0299176716233267, 2.9411491429019243, 0.03912097657652226
0.37390714392296187, 0.15261045959350078, 0.6502790569894632, 1.029818558261967, 2.9412110950775348, 0.038990945895955
0.37391622149218456, 0.1525839172525143, 0.650279483269553, 1.0299107618260879, 2.9411950346935325, 0.038850100448948044
0.37390595095415724, 0.1525995395411721, 0.6502821020651038, 1.0297891546776294, 2.9412450061014552, 0.03883409501711709
0.3739166632752014, 0.15258144680532537, 0.6502918316332641, 1.0298792055659312, 2.9411569555990833, 0.03889210841768505
0.373932230057755, 0.15260290977321947, 0.6502585864300044, 1.0298328822580607, 2.941194145477533, 0.03877769787450673
0.3739266703239086, 0.15259570755657612, 0.6502663332986642, 1.0298369060081214, 2.941143906097112, 0.03882016579857212
0.37390875995084405, 0.15258165000667068, 0.6502650285278896, 1.029796970312176, 2.9412063753497333, 0.03870948085104873
0.3739334429717245, 0.15259381518792622, 0.6502451753853644, 1.0298261601564196, 2.941171318289921, 0.03873114448650276
0.373939345948996, 0.1525984456893723, 0.6502297715335769, 1.0298546531313424, 2.9411338065557096, 0.0387940672945973
0.3739375760064422, 0.15259108724909315, 0.6502367282392054, 1.029813182196205, 2.9411268438638847, 0.038839985908580274
0.3739213749791614, 0.1525796656594473, 0.6502524173235215, 1.029813672948779, 2.9411306379128894, 0.03886517490308988
0.3739089640789913, 0.15257304006502542, 0.6502713380244269, 1.0298144140266952, 2.941136985086136, 0.03878346950136782
0.37393287899660343, 0.1525668942923284, 0.6502572939119822, 1.0298705482014898, 2.9411271686270886, 0.03872471835166828
0.3739147459463187, 0.15255850081143485, 0.650264012201113, 1.0298169695658443, 2.9411454878252736, 0.03872510217605778
0.3739327263896398, 0.15255488999586633, 0.6502644352077807, 1.0298289850738689, 2.9411196522529885, 0.03877078901965678
0.373917040849728, 0.15253936090716386, 0.6502810243774657, 1.0297311420940447, 2.941187754912606, 0.03875792886129129
0.37393111638178844, 0.1525477924697343, 0.6502443911424232, 1.0295770418395238, 2.9412538871400193, 0.03865739546976685
0.3739402715032422, 0.1525462666176723, 0.6502544514877102, 1.0296140659609465, 2.941185150510882, 0.038715480501096335
0.3739340711743857, 0.15252496206901675, 0.6502444062587774, 1.0296466675827178, 2.941162744344313, 0.03877143263375624
0.3739577536912872, 0.1525390833211359, 0.6502417436787391, 1.029661936130739, 2.9411470233485457, 0.0388282422000314
0.373958535752866, 0.1525239765199742, 0.6502562170320233, 1.029638979710775, 2.9410109315344686, 0.03891384426099079
0.3739478264339761, 0.15252014092806973, 0.6502529351791865, 1.0296047906332297, 2.941026869291013, 0.038872196334939484
0.3739430410075587, 0.15251172652969125, 0.6502719601012745, 1.0296188067769638, 2.941010889298743, 0.038929239824295914
0.3739575103015399, 0.1525291922893359, 0.6502283050594871, 1.0296180675716935, 2.9410671984295447, 0.038803855955290116
0.3739549480036326, 0.15251388734541446, 0.6502596799020857, 1.0297241351219268, 2.9409713697550552, 0.03890478209035757
0.37394777088550857, 0.15249494523846838, 0.650267950176664, 1.0296481524297514, 2.9409788600524807, 0.038908941569883435
0.3739487454394624, 0.15250032427386978, 0.6502584355288835, 1.0296020531135701, 2.9410196541419147, 0.03881927921532983
0.37396024196297023, 0.15251541439357888, 0.6502309943021297, 1.0296461027408563, 2.9410326577332015, 0.03875772887675626
0.373942919848502, 0.15250434387791836, 0.6502821674165941, 1.029593757408828, 2.9409947951790794, 0.03895061749683805
0.37396524950274046, 0.15250472823069672, 0.6502310101393382, 1.0296753415162965, 2.9410009476563883, 0.03873699075297131
0.37396788409483234, 0.15249626292956356, 0.6502527468598333, 1.0296856379166024, 2.9409723710059428, 0.0388251024675788
0.3739585799626615, 0.15251547837423535, 0.650219884253714, 1.0296475260441802, 2.941035709404319, 0.03878340042013895
0.37396085034127474, 0.1525025263692012, 0.6502516604407309, 1.029574144555638, 2.9409902099656167, 0.03887146412605415
0.3739503235049455, 0.15250016420729906, 0.6502416792988137, 1.0296114074820548, 2.9409847156798716, 0.038856770325866354
0.37397029164866924, 0.15250551578452187, 0.6502306626694828, 1.0296757057789434, 2.9410008019640976, 0.038803626575510244
0.3739588090021504, 0.15251146934991175, 0.6502391339298794, 1.0295791603093878, 2.941006640505, 0.03879922722625366
0.37397306127920044, 0.15250631560252045, 0.6502268376365363, 1.0297080017891356, 2.9409791645702565, 0.038793913311449296
0.3739474701653989, 0.1524874757424628, 0.6502470027651687, 1.029653097534901, 2.940994365077445, 0.03883525079897775
0.3739661116007743, 0.15250987807620825, 0.6502406866323245, 1.0296095056031258, 2.9409784306221565, 0.038804666584504634
0.373975839205043, 0.15249685228942375, 0.6502256705175469, 1.0297093808914428, 2.940985024660942, 0.038777352024700056
0.3739565500041856, 0.15249458549895886, 0.6502564597591328, 1.0296452604355442, 2.9409690186351964, 0.03889836284431263
0.37395293658072976, 0.1524903868481152, 0.6502485556376515, 1.0296837151635545, 2.940966372023156, 0.038841171106612844
0.3739706592766847, 0.15251168331178885, 0.6502424074977922, 1.0296696107030365, 2.940982111633017, 0.03885159783965366
0.3739724339258746, 0.1525131270049654, 0.6502310401904754, 1.029605090863133, 2.941025218577147, 0.03880315396547388
0.3739669809271295, 0.15251934530365233, 0.6502275468220803, 1.0295901971324324, 2.9410411313577502, 0.03874683175099849
0.3739767259087723, 0.15251055527153032, 0.6502345416218502, 1.0295993191372124, 2.9410060602848973, 0.03884953281544282
0.37399195944955277, 0.15250087724627578, 0.6502199424171758, 1.0297545732297344, 2.940941237251778, 0.03877294176422001
0.3739577293294866, 0.15250467470205376, 0.6502417996874154, 1.0296161665631718, 2.941000643975819, 0.03878361250886677
0.37396741618937546, 0.15250773731940137, 0.6502418379254548, 1.0296311393258364, 2.940984907953752, 0.03884030793548683
0.37397689278939994, 0.1524976911013774, 0.6502287139162971, 1.0297287702917715, 2.940985355529281, 0.03876198125078441
0.3739718312982028, 0.15251267137956198, 0.6502218295498939, 1.029660355029595, 2.941013279064114, 0.038788234485308624
0.3739583769438426, 0.152490105288983, 0.6502564597591328, 1.0296452514525534, 2.940968711943775, 0.038897887169615744
0.373976064796301, 0.1525128445466705, 0.650230234747068, 1.0297012701747201, 2.9410201350172174, 0.0388085162341487
0.3739768383665633, 0.15250752526765807, 0.650227191421025, 1.0296815198744642, 2.9410196176214525, 0.038823408070268926
0.3739673515650972, 0.152519598298683, 0.6502348810944333, 1.0296018643738503, 2.941016337271193, 0.03879392979735835
0.3739647984897783, 0.15250434493883075, 0.6502371772608136, 1.029724435915691, 2.9409703162178706, 0.03876894929000324
0.37395005618730154, 0.15249402822560323, 0.6502455121864316, 1.0296467569555392, 2.940972346441455, 0.03885677977789337
0.3739376923411444, 0.15247515869585118, 0.6502624062732559, 1.0297185191614449, 2.940954475164713, 0.03890828956284119
0.37395754085856137, 0.1524881484037424, 0.6502404319337902, 1.0296736490870222, 2.9409972562629108, 0.038777980314790905
0.3739404490880251, 0.15249376022716304, 0.6502558355379464, 1.029598163273863, 2.9410068049910723, 0.03885112005729087
0.3739645270624757, 0.15250370501643473, 0.6502364365309964, 1.0296952393268042, 2.9410013660856733, 0.03885536310222671
0.3739592275905577, 0.1524850915413639, 0.6502397147862238, 1.029688047769092, 2.9409818199031883, 0.03883477445138113
0.37395772262200144, 0.1524955740158254, 0.6502358818667757, 1.029724245523706, 2.9409700677102757, 0.03883619055028716
0.37394082869518286, 0.15249409881153478, 0.6502597412514851, 1.0296232003493504, 2.94102603809694, 0.038788905456085106
0.3740588735867866, 0.1525175397059218, 0.6526994886921288, 1.0296513435416357, 2.9410317386410303, 0.03768118165097247
0.3741438799933734, 0.1525690195892992, 0.6547793245560757, 1.0295998698547175, 2.940911421717608, 0.037968324732697144
0.3741707942013609, 0.15259103909672375, 0.6566753346007607, 1.0295670792195273, 2.940963229224665, 0.037955291445687184
0.37422849574029227, 0.15262025306179172, 0.6585486806461701, 1.029668461405826, 2.9411352929355075, 0.03743068606698524
0.37429900426940155, 0.15265428281125304, 0.6601729320439538, 1.0296983425941424, 2.9413024439967286, 0.03683335346085128
0.3743619389866242, 0.15266783965170774, 0.6616362955102301, 1.0295842643245516, 2.941170485219909, 0.036814162672399994
0.3743922653804812, 0.15269046701365455, 0.6630406705380818, 1.0294963226381708, 2.94111465948654, 0.036878147422001455
0.37439476900013613, 0.15267720809565427, 0.6642553085355184, 1.0294479335369144, 2.941035522752479, 0.03719690927619169
0.3744454761616993, 0.15268657722003456, 0.6653933089999006, 1.029515448176859, 2.9409463407818857, 0.03721125096158444
0.374515741099016, 0.15271384854758666, 0.6664364778952262, 1.0295978503741705, 2.940957140342554, 0.03719048313927115
0.3745069353402452, 0.15270713794786972, 0.6675031074877609, 1.0294697853372081, 2.940793393283297, 0.03755972015202232
0.3744964108213419, 0.15270922996025313, 0.6684870424696086, 1.029351468490198, 2.940650957061719, 0.037975921856352464
0.3744945493088781, 0.1526887362396908, 0.6694305811369509, 1.029376042390607, 2.9405915380568244, 0.038090563637418584
0.37447765258159316, 0.15267393684096353, 0.670403722422141, 1.0293285323716017, 2.9404246615210323, 0.03850532856643909
0.3745145581189744, 0.15268271315624551, 0.6713664756855303, 1.0293741050400846, 2.940437378332599, 0.03840742908746657
0.37456290929342434, 0.1527169919780891, 0.6722708443998491, 1.029334868554491, 2.940483972915264, 0.03826640122240529
0.374579686082641, 0.15271923429455492, 0.6732729897405366, 1.0293873731475047, 2.940393484908907, 0.03863258152942338
0.37456571779730374, 0.15271431671988298, 0.6742764643185833, 1.02924922009508, 2.940190865996543, 0.03909595053255692
0.37454500574237815, 0.1526892924273416, 0.6752428008091563, 1.029206972086197, 2.9401089212850136, 0.039279024516515604
0.3745655183374411, 0.15270829166398292, 0.6762008533304812, 1.029156535914785, 2.939799484209918, 0.03998263186694066
0.37458181381596717, 0.15270021061416394, 0.6771823948248646, 1.0292289976917162, 2.939774787350798, 0.04008157190274978
0.37456985142468646, 0.1527029057283848, 0.6781045745686012, 1.0290302993421252, 2.9396209945906384, 0.04048030562291699
0.3745964141481405, 0.15270619582370296, 0.6789871018264879, 1.0291177817105173, 2.9395705266905536, 0.04055896403985396
0.3746403073497013, 0.15274069369144638, 0.679930583248564, 1.0290003083529335, 2.9394929279382036, 0.040856234312067946
0.3746938096760388, 0.15276210062248907, 0.680904418530755, 1.0289856256145276, 2.9393087437515635, 0.041244627090703576
0.3746805723334251, 0.15276954916621505, 0.6818364601087386, 1.0289080157183454, 2.939365332030803, 0.0412129699538451
0.3746913751602045, 0.15273116305723414, 0.6826951593047229, 1.028992790906879, 2.939306723903575, 0.041170751431818906
0.3747465849827741, 0.15277914767469705, 0.6835495019054527, 1.0289328784384675, 2.9391501084129508, 0.041569038596541055
0.37473146101220706, 0.15277496141808486, 0.6844865253054291, 1.0287966850077965, 2.939144761932616, 0.041617548262451565
0.37473609531447555, 0.15276185805408998, 0.6854530867226697, 1.02878086982723, 2.93895810483655, 0.04211194185238887
0.37477866568912954, 0.15277903351936767, 0.68644288226793, 1.0287331820052623, 2.938732536051477, 0.04258343825909164
0.37480422115915657, 0.15279012404753067, 0.6874909482029278, 1.0286220777014874, 2.938629873918364, 0.04286061530527009
0.3748066131568456, 0.15277154588585726, 0.6883471620596606, 1.0286043787945267, 2.9386209063278583, 0.04285494769436299
0.37478862906630356, 0.15274251703625816, 0.689294277742401, 1.028690623178523, 2.9384511374108206, 0.04313307550374992
0.37475424149748826, 0.15269891811514244, 0.6902337733901175, 1.0286548907302087, 2.9384587361312393, 0.04320404866077834
0.37474699286729896, 0.15268780970242116, 0.6910531863580659, 1.028634918013019, 2.938437534815962, 0.04316328647540975
0.3748012072765256, 0.1527189007643591, 0.6918996144998788, 1.028564779857915, 2.9382511745309845, 0.043529276062996586
0.37487949768057416, 0.15274822096211424, 0.6927334483476889, 1.028588931937066, 2.9382483027002633, 0.04347464481873235
0.37482804539611947, 0.15270403480777378, 0.693729752983121, 1.028533752525786, 2.938069874064191, 0.04401304094341819
0.37483468564790773, 0.1527052241151614, 0.6946892345647423, 1.0283946372994215, 2.937931568752808, 0.04422282138047056
0.3748490723908179, 0.15269784729896388, 0.695634287881971, 1.0283795115546068, 2.9376871963694606, 0.04450750859831096
0.3748564235740433, 0.15270066810657293, 0.6965189550239922, 1.0283476986184619, 2.937571540522229, 0.04475301607155615
0.37475195852609805, 0.1526174969480478, 0.6970880261142747, 1.0280621230282203, 2.9373514010047495, 0.045323684625336404
0.3748106786980723, 0.15266540217124538, 0.6969941600534415, 1.0282177337722092, 2.937400028800227, 0.04513257530360168
0.3748099871680624, 0.15264889048055466, 0.6969905494513845, 1.028249819153466, 2.9373780411236865, 0.04505428126085148
0.3748068483792827, 0.152655148948214, 0.6969835700660272, 1.0282265856342698, 2.9374285423072104, 0.04502716435770604
0.37478898624305523, 0.15264103805971632, 0.6969962939732751, 1.0281691250369291, 2.93743410861969, 0.04505749370863787
0.3748130423283754, 0.15266456689969432, 0.6969813391228987, 1.0281863702387912, 2.937424749920898, 0.04503319859377059
0.3748053656923982, 0.15264975970843545, 0.696999879046092, 1.0282250968856632, 2.937361992189129, 0.04507616020464419
0.3748178646602575, 0.15265237781962085, 0.6969801465913313, 1.0283031666555387, 2.937360038800363, 0.04498745995274621
0.37480490808935274, 0.1526613102798906, 0.6969916814924171, 1.0281979691002674, 2.9374000802416886, 0.04501373514618939
0.374786846448166, 0.15264382989279357, 0.6970091886826953, 1.02824464878624, 2.937362812628193, 0.045128410496536535
0.37480028278823757, 0.15264993319932615, 0.6969939440011083, 1.0282735217000207, 2.9373916742221002, 0.04507474018715913
0.37480797394437426, 0.1526358435549062, 0.6969939983688761, 1.0282554883146662, 2.9373338994607914, 0.04501283890525472
