0.4842971370248461, -0.5387657997958485, 0.17108723476460372, -2.4668746321949953, -1.9362949109188303, 0.06077271988577108
0.4842995570588555, -0.5387553743654704, 0.17110717210234502, -2.4669153835639586, -1.936277962800857, 0.06074658787458788
0.48430611603078966, -0.5387525066608038, 0.17109020308927145, -2.46685318334966, -1.9363258196583124, 0.06079126144095253
0.4843090408074482, -0.5387589583280499, 0.171109751368915, -2.4669585550742537, -1.9363084628466884, 0.060672008386859266
0.4843029406365343, -0.5387567997395276, 0.1711301470113848, -2.4669570173020348, -1.9363547708163653, 0.06070067730445428
0.4843134693595497, -0.5387428590915451, 0.1711386392811974, -2.466893513148447, -1.9363791164140463, 0.060711951838573905
0.4843022257559435, -0.5387452160596559, 0.1710943890796006, -2.4669029124158803, -1.9362914607851, 0.06072859546696247
0.48430304926834283, -0.5387486288186806, 0.17110204744388285, -2.466861264270951, -1.9363316142972913, 0.06076878645274962
0.4843043763707317, -0.5387551781075769, 0.17109899307391493, -2.466939705894276, -1.9362946023497716, 0.06067996337774834
0.4843061972290921, -0.5387484325753233, 0.17111422693843673, -2.466872600621195, -1.936386517676724, 0.060716069811423266
0.48429637765974803, -0.5387624330988895, 0.17111052638529653, -2.4669063157217956, -1.9363416815677097, 0.06071635780057221
0.48429735449893946, -0.5387425941469263, 0.17109878320624913, -2.466852361269792, -1.936301790373753, 0.06075815097810582
0.48429494786637994, -0.5387516519304191, 0.1711063945325345, -2.46683280281273, -1.9363813136591979, 0.06074618632219252
0.48430239204825526, -0.5387534562209129, 0.17114170805659032, -2.466915500806334, -1.9363244934143478, 0.06067881918023409
0.4843065871013644, -0.5387583086922033, 0.17112916445285675, -2.4669245936346185, -1.9363541213858875, 0.060689701351803446
0.4842953646919402, -0.5387672375023986, 0.1711228959684039, -2.4669988704775387, -1.936316325389025, 0.06077445339675561
0.4843040653061347, -0.5387494939743187, 0.17112282865944473, -2.4669092788182594, -1.9363667176723576, 0.0607489600097198
0.48431026240317054, -0.5387531287461228, 0.1711346640798635, -2.466971325455066, -1.936341996880484, 0.060718832823972856
0.4843134837260891, -0.5387429027528077, 0.17112675369406316, -2.4668810908218606, -1.9363938525495166, 0.06071235184692488
0.4843091445588092, -0.5387507904592693, 0.17112270827117126, -2.4668838216139073, -1.9363717844519188, 0.060716000062050725
0.48430115488257647, -0.5387566862808718, 0.17109976465701332, -2.4668800678120264, -1.9363218605640702, 0.06074659105480977
0.48430203770331864, -0.5387573977793677, 0.17112274714528636, -2.466920769406135, -1.9363286992992637, 0.06073435289002683
0.48429188879590157, -0.5387519337916442, 0.17110424043344055, -2.4668765089808806, -1.936296824307632, 0.06079090629348135
0.4842952000845674, -0.5387656545262598, 0.17113362601883111, -2.46695252343084, -1.9363523525418547, 0.060759206555072665
0.48430285028964426, -0.5387553148965581, 0.17109791573860167, -2.4669436158434523, -1.9362746290663786, 0.060702154717691116
0.48429229286839504, -0.5387604504377956, 0.17110605595850364, -2.4668818573883966, -1.9363002156354192, 0.06075022381997568
0.4843032541127611, -0.5387502310873095, 0.17109136164005911, -2.466836934981903, -1.9363840938099826, 0.06078339137629506
0.4842950429727086, -0.5387531335317401, 0.17109756934938286, -2.4668840310078313, -1.9363018777981005, 0.06076908240516412
0.48429283475087537, -0.5387637434464624, 0.17109695586921403, -2.466881180779613, -1.9363470483473666, 0.06077920524345944
0.4842989158888999, -0.5387548717234928, 0.1710946007441224, -2.466858828887394, -1.9363303516769335, 0.06075035594809357
0.4843178817652259, -0.5387383164766205, 0.17109243889691478, -2.466892610519488, -1.9363315467131461, 0.06076166107883187
0.484296564088352, -0.5387639936967606, 0.17108094661364215, -2.466892415808617, -1.9363073569917804, 0.06074667725755622
0.48431762199416195, -0.5387490493864209, 0.1711292818523085, -2.4669299169525734, -1.936359713081562, 0.06074517161123431
0.48430280356137884, -0.538759411835653, 0.1710957584141022, -2.466860481512789, -1.936331858191966, 0.06076872175747783
0.48429589876187473, -0.5387648641660213, 0.17112170153027295, -2.466938427685691, -1.9363656223549295, 0.060741306122850565
0.48431218211381427, -0.5387518881914943, 0.17108491621334684, -2.466877615684932, -1.9363193119356483, 0.06071006825142461
0.48430131490093803, -0.5387458207762623, 0.1710964139421895, -2.4668497727941823, -1.9363229247936014, 0.06075443926518297
0.48428274596239707, -0.5387733400245559, 0.17111939094702988, -2.4669388138006823, -1.9363192256094794, 0.060712101067961835
0.4843090177905583, -0.5387506936411521, 0.17109120216858786, -2.4668454422466635, -1.936343425416542, 0.06073228516273449
0.4843148642782346, -0.5387541011291708, 0.1711194301457829, -2.4669677546665496, -1.9363386118004904, 0.06068252123196491
0.48429728435118236, -0.5387507831140576, 0.17111711691665302, -2.4669292282044952, -1.9363111097148722, 0.06069787928998223
0.48429355234686444, -0.5387519405150372, 0.17109330644087056, -2.4668601785898554, -1.936331531754707, 0.060769115632986745
0.4843027049450522, -0.5387551780965768, 0.17111935169713965, -2.4669506333176394, -1.9363031591578561, 0.06069397278117774
0.4843170477788769, -0.5387376059890086, 0.17111314425726476, -2.4668902819398455, -1.9363537685644856, 0.06075715406072211
0.48428677682795274, -0.5387683778344534, 0.17109868778946657, -2.46690671444251, -1.9362722106932033, 0.06076886338108608
0.4842996976469245, -0.5387555144085628, 0.17112679256815488, -2.4669181319127693, -1.9363498897188076, 0.060730602033743065
0.4842975160844698, -0.5387551704498967, 0.1710913227395356, -2.466893981396395, -1.936308952015428, 0.060765245168414264
0.4842899010964246, -0.5387557489257198, 0.1711063164079412, -2.4668762022894115, -1.9363195428569735, 0.060709505270098975
0.48429487608090727, -0.5387502031930376, 0.1711148791651378, -2.466828807847604, -1.9364013659426764, 0.06072383941207751
0.48429511896793914, -0.5387518232980991, 0.17109442795426252, -2.4668922675194596, -1.9363074973881147, 0.0607467424578846
0.48429155286924647, -0.5387695182767454, 0.17110311893985733, -2.4668943168806705, -1.9363558805970487, 0.060716362898033636
0.484310153318794, -0.5387544180667587, 0.1711065143797671, -2.466877493330528, -1.936367418169595, 0.060757096481618394
0.484308824268917, -0.5387519973034716, 0.17110874987785885, -2.4669168683950864, -1.9363716778698072, 0.060727108865834566
0.48430180530065825, -0.5387668142928647, 0.17113458297267178, -2.466970513937042, -1.9363185626049808, 0.06070425788437597
0.48430261609369907, -0.5387550924731456, 0.1711093263047322, -2.4668716774572346, -1.9363624537641821, 0.060701867905050805
0.4842958937645581, -0.5387634615729583, 0.17109911004735762, -2.4669207032850653, -1.9363281502065723, 0.06073484484286814
0.48430906227210674, -0.5387407428642318, 0.17109554411165565, -2.4668429413916133, -1.9363889285485145, 0.0607428517629056
0.48430027514516927, -0.538751804648523, 0.171112988008338, -2.466882455326048, -1.9363470074847513, 0.06068327972158077
0.48430390276722607, -0.538750720173925, 0.1711257545475352, -2.4668650118703765, -1.936405073526088, 0.06077112332832578
0.4843037135865413, -0.5387588056565907, 0.17110315781429808, -2.466920626931031, -1.9363282087600815, 0.06073496781495477
0.48429020121976524, -0.5387725719298945, 0.17110655327996946, -2.4669132481906817, -1.936324347507634, 0.060775245516222216
0.48429247700162514, -0.5387592541307713, 0.17111306610682436, -2.4668971795771495, -1.9363351107648643, 0.06072001288719406
0.48428670539185625, -0.5387587980941294, 0.17112264997120927, -2.4669428195263414, -1.936345068827206, 0.06076359669330047
0.48430253054729655, -0.5387550100523965, 0.1710996865323547, -2.4668527913674594, -1.9363486173351658, 0.060709704066414454
0.48430213296641367, -0.5387588795069064, 0.17111392184865543, -2.4669009603110443, -1.9363375072305855, 0.06075694214671174
0.48427904251903575, -0.5387731159855831, 0.17110427974560938, -2.4668900421390743, -1.9363302556463278, 0.060760750264703255
