0.5548366862642817, -0.5041218912989257, 0.19423007275968032, 1.0715049739931735, 2.9312921133637806, -0.020251707707589675
0.5548353477145322, -0.5041086684511438, 0.19419554098019526, 1.071519195544891, 2.9313338132323943, -0.020216250208285505
0.5548198600504398, -0.5041225423550499, 0.1942421319743409, 1.0715661334149675, 2.931297324825911, -0.0202607513814933
0.5548127385507541, -0.5041378035849595, 0.19422432546957186, 1.0715928314242247, 2.931260610551447, -0.020251965378215022
0.5548250819504498, -0.5041141039847098, 0.19421410300070557, 1.0714544254199627, 2.9313737067973924, -0.020230458708226
0.5548117470735863, -0.5041370570668702, 0.19420523948321447, 1.0715671201002617, 2.9313572158573518, -0.020221682175339876
0.554816061870479, -0.5041186917151821, 0.19420743829575993, 1.071567232346725, 2.931356370056943, -0.020221179931440673
0.5548298625746063, -0.5041186120924008, 0.1942163897175852, 1.071539483859356, 2.931332826534412, -0.02025204270957617
0.5548056131850749, -0.504124960326885, 0.19421072997699504, 1.071587031739171, 2.931355179388415, -0.020257842001802546
0.5548355864710737, -0.504110070426719, 0.19420199369083113, 1.071527946682958, 2.931358717918933, -0.020225063972286357
0.5548278910328485, -0.504117280778947, 0.19420089236753382, 1.0715157280645429, 2.93137827124999, -0.02023966245561947
0.5548141644734382, -0.5041267417096806, 0.19424091575625585, 1.071585268980035, 2.931297313248002, -0.020220047630857472
0.5548133543830535, -0.5041288528967235, 0.1942153117712271, 1.071539141157243, 2.9313328015024696, -0.020253096119908397
0.5548296810303193, -0.5041074329667359, 0.19422294306285623, 1.071521217701405, 2.9313394125565853, -0.020251802176381378
0.5548143033081776, -0.504140161433692, 0.19422988896382595, 1.0715550366171522, 2.9312652049969663, -0.020274873678618098
0.554837021196236, -0.5041030347583043, 0.19421531929345634, 1.0715399231744782, 2.9313348458518496, -0.02026980054177592
0.5545450315395472, -0.5040382275004844, 0.19402217169520836, 1.07290806350077, 2.9344632280732053, -0.020949681118098147
0.5545513565575153, -0.5040604106227651, 0.19403944097308842, 1.072887004949525, 2.934288807244559, -0.020957347888096604
0.5545618323107635, -0.5040469616546617, 0.1940303681233489, 1.0728715825933344, 2.9343594724177873, -0.02095291077065968
0.5545604595912652, -0.5040447322805204, 0.19401487121066824, 1.0728819127178246, 2.9343893481347645, -0.020922058875986208
0.5545498152176223, -0.5040428069716969, 0.19401910981807263, 1.0728766633776614, 2.934428395484022, -0.020985890222316072
0.5545577796788599, -0.5040442386162026, 0.1940325388222092, 1.0728400951557824, 2.9343830062384004, -0.02094898081034856
0.5545697111973091, -0.5040349087530633, 0.194034868936595, 1.0728185047710004, 2.9343748532235128, -0.02101193182016874
0.5545698872086045, -0.5040337427671313, 0.19403161063249744, 1.0728311181039996, 2.934354850109302, -0.020998042183952393
0.5545526100577817, -0.5040421069935759, 0.19403137674688684, 1.0728590780181135, 2.9343794717816807, -0.020967018144584956
0.5545584891561431, -0.504043413969052, 0.1940557419563865, 1.072862336462691, 2.9343346355790896, -0.020943364298397018
0.5545595349934365, -0.5040347837129984, 0.19404464454795997, 1.0728537228634993, 2.934365392964762, -0.020952733865698955
0.5545560938289253, -0.5040363625441511, 0.19403234036435493, 1.072890761040282, 2.9344105894008687, -0.02098953069650908
0.5545327787823524, -0.5040505289812215, 0.19402354712803813, 1.0729381799450313, 2.934375289034585, -0.020958441605388033
0.554494131784264, -0.5040388677904935, 0.1940127252008091, 1.0738523707027778, 2.934444400556974, -0.020709712186011434
0.5532093882545244, -0.5044611181392, 0.19329473706735315, 1.0782453831605787, 2.9405689488689966, -0.01807568299306898
0.5522484386530231, -0.5041814637092673, 0.19231613424284905, -1.08169076781532, -2.9488684540043972, 0.014870216248527026
0.5521467154657408, -0.5042303413216019, 0.19224669234459446, -1.0815928213564197, -2.9482411554393524, 0.015420503895397631
0.5522460098837734, -0.504186165838126, 0.1923183477695482, -1.0817221685831788, -2.948790620039415, 0.015097947943872944
0.5522799232160743, -0.5041932816394886, 0.19235446875710666, -1.0817880532362936, -2.949014549787884, 0.015111830917868191
0.5523097713229177, -0.5042139140815215, 0.1924095273527089, 1.0819511149354721, 2.9493312543155086, -0.015121379337507228
0.552522225795385, -0.5043179529926685, 0.1926458240418246, 1.081147679421408, 2.946961459875609, -0.016103887803716965
0.552832756534518, -0.5045539974659023, 0.19309923942046492, 1.0797410857673564, 2.9429141519387576, -0.017768054908157305
0.5533515660098738, -0.5049297002244295, 0.19377997745710743, 1.0774667065220374, 2.936309897344783, -0.02040209046005986
0.5535556535965509, -0.5050606255572931, 0.19400010133453513, 1.0765513209622863, 2.9338438241942146, -0.021425856478263998
0.5535651556352473, -0.5050478687510457, 0.19401082575888645, 1.076503972657488, 2.933879853698077, -0.02145718324560728
0.5535708739025508, -0.5050278131256669, 0.19402689423294883, 1.0764800005397606, 2.933869073872003, -0.021424933649697272
0.5535522684560449, -0.5050596253788426, 0.1940066371153394, 1.0765735918070203, 2.933850851457755, -0.021439220834078135
0.5535542582103857, -0.5050756798637974, 0.19408971053872495, 1.0765870704770413, 2.9336057859988185, -0.021580971785334316
0.5536676882279058, -0.5049069111196136, 0.19402237060420988, 1.076340024235432, 2.933725818320469, -0.02064502635125175
0.5531118433770916, -0.5049600741675693, 0.19684788579909607, 1.0754387311914841, 2.9300544825689547, -0.0234171053199801
0.5495181968512234, -0.5024829528777165, 0.21011337152543128, 1.0734029019953188, 2.9244348474604616, -0.024857183619192143
0.5477570558879682, -0.5021084472749738, 0.20942220529844682, 1.0755349254634963, 2.926239245224686, -0.024142007545448246
0.5464377512828643, -0.5015314761565098, 0.20804991503855153, 1.0775198143718263, 2.9298924393107804, -0.022372917516409383
0.5441267171220957, -0.49994666029077117, 0.20226830779050642, 1.0816782926378432, 2.9417784615611082, -0.01790581306353535
0.5425573954655785, -0.498926561748674, 0.19863173985720836, -1.0840995960732507, -2.94839977719798, 0.01505522549284066
0.5421612668395865, -0.49866428474596813, 0.20269865933540931, 1.0820261185618283, 2.942657202748692, -0.01735123572381362
0.5422631960645747, -0.49870915870000815, 0.20309090055599197, 1.081465222976606, 2.9411147498748997, -0.01807343358379898
0.5425531124147471, -0.4989114877175391, 0.20345683843827705, 1.0802172732815214, 2.93753470099857, -0.0194129812797599
0.542721284437181, -0.49898857585575446, 0.20358422094488962, 1.0795605130051855, 2.9358737926979326, -0.020155508714895135
0.5427360149531022, -0.498997332455666, 0.20364455462789763, 1.0795461393849053, 2.9356642071138337, -0.020212038511948863
0.5427441153165229, -0.49899245147802473, 0.20366234813071354, 1.0794374875037576, 2.9355802876167227, -0.020256819910542935
0.5427889857470022, -0.49901411217614183, 0.20369135054654533, 1.0792604560831272, 2.935127012321289, -0.020462479228106303
0.5428835555780519, -0.49911747231819187, 0.2038326876336068, 1.0788694622398962, 2.933722702972992, -0.02096076258773039
0.5429512890843315, -0.49915488776226186, 0.20390458331918748, 1.0785187356026449, 2.932999001120027, -0.02128669801832083
0.5429456377751276, -0.4991616041706947, 0.20392575699548066, 1.0786043848074227, 2.932904840439887, -0.021308102730733344
0.5429629847710536, -0.49916150375890783, 0.2039406472959045, 1.078535001856644, 2.932877470317969, -0.0213075188717386
0.5429684753559612, -0.49913505218385246, 0.20394753146493688, 1.0784738466684896, 2.932927978341672, -0.02131638103978781
0.5429643275858722, -0.4991506138093691, 0.20392838062315596, 1.0785456115029481, 2.9329075404435323, -0.02127609179244535
0.542962532649139, -0.4991401873329601, 0.20393653347307122, 1.0785192347893102, 2.93294538389716, -0.021284974801144472
0.5429646166252835, -0.49915346672194616, 0.20394058522807298, 1.0785147227478018, 2.9328750054064106, -0.021330345763916923
0.5429641318557107, -0.49915437127242757, 0.20395898670050647, 1.078540889093006, 2.932893407615987, -0.021338875966161946
0.5429702778862955, -0.4991441411347679, 0.20392838062315596, 1.07851047390469, 2.9329204625368406, -0.021276093342709492
0.5429476297361586, -0.49916289023911653, 0.20394671983725454, 1.0786038401192681, 2.932904457198648, -0.021307735271647112
0.542959801222609, -0.4991475673263931, 0.20393997808649192, 1.078594330091791, 2.932877479229193, -0.021279714108285556
0.5429745795491073, -0.49914965233137587, 0.20393047131563524, 1.0785090384728369, 2.9329150719272916, -0.02131659026303405
0.5429574626112901, -0.4991590719720716, 0.20391821387259504, 1.0785907617394666, 2.932922126886028, -0.021303557459652345
0.5429574455946907, -0.4991472558492086, 0.203960832585117, 1.0785560742650586, 2.932881763702758, -0.021302282693140998
0.5429671032917502, -0.49914460517707154, 0.20391243870411171, 1.078577431504893, 2.932939643644075, -0.02129861946159663
0.5429483294177423, -0.49916473032403086, 0.20392263297024732, 1.0786055630476852, 2.932907405010272, -0.021326386925466272
0.5429628490475655, -0.4991509058192639, 0.20392723849396022, 1.078568012997795, 2.9329145375101286, -0.021289590072830135
0.5429573554745241, -0.4991511520388658, 0.2039400148007218, 1.078546346471794, 2.932907301212532, -0.021352877217867175
0.5429630216886521, -0.49916541606975157, 0.20392505384861243, 1.0785189152322638, 2.9329424565287927, -0.02134471831251164
0.542955299630831, -0.49915365791097227, 0.20391010878467247, 1.078581579918522, 2.9329542160743047, -0.021235764882356407
0.5429535318143779, -0.49914593477642993, 0.20394082708173988, 1.0785867484601839, 2.9329110199642368, -0.02130733741830972
0.5429491399333981, -0.49915477084698984, 0.2039463894407726, 1.0785838691156449, 2.9329028685095198, -0.021330213665666356
0.5430074923605088, -0.4991812881407053, 0.20414496802012963, 1.07833440725634, 2.9323663909559547, -0.021513181369551996
0.543013978287713, -0.49916857131594683, 0.2041633163784641, 1.0782888581500794, 2.932404289526661, -0.021562766434938468
0.5429846398189728, -0.49916696587546067, 0.20410749128763903, 1.0784864021334468, 2.9325736634864548, -0.021437829872592993
0.5429343734769185, -0.49913432615147085, 0.20397759681851915, 1.0784956166357715, 2.932935020114964, -0.02133045481981969
0.5429532359798662, -0.4991353580955147, 0.2039993241838646, 1.078469594599616, 2.932804396458985, -0.021360545314770305
0.5429484972971512, -0.49914124483105027, 0.20392530987057203, 1.0784882530457034, 2.932969534793924, -0.021281534803004626
0.5429545277570577, -0.4991269332915797, 0.2038699020682285, 1.0786174463818734, 2.9330519503939048, -0.02127301240790933
0.5429322116792309, -0.49915252201358007, 0.20387104392620492, 1.0786299900385554, 2.9330325854482204, -0.021260254410588448
0.5429632393052946, -0.49913018241046964, 0.20386476795330447, 1.0786114159955056, 2.933035829924028, -0.021240950980292092
0.5429456125999182, -0.4991602571767342, 0.20387839796999202, 1.0786133223188823, 2.9329857675050937, -0.02125966447281737
0.5429562006624434, -0.4991503297666998, 0.20385875072559276, 1.07856214241864, 2.9330630145634946, -0.021296856163566004
0.5429505472462898, -0.4991452648248509, 0.20386268694283496, 1.0786411783128522, 2.9330063551237524, -0.02128677982853498
0.5429580055875912, -0.4991332045325149, 0.2038592612265662, 1.0785684692604414, 2.933079169932705, -0.02132807857367905
0.5429646648310088, -0.4991220198020236, 0.20385157218941605, 1.0785427750049599, 2.9330643014338182, -0.02125991521302187
0.5429422008832466, -0.4991382762043935, 0.2038556539999713, 1.0785889978654581, 2.9330846871830243, -0.02124708903667092
0.5429572638292547, -0.4991288034895819, 0.20388679067035287, 1.0785316494928636, 2.9330338815564003, -0.021291243613050848
0.5429516797268813, -0.49914602682453024, 0.2038540007185019, 1.0785574947500962, 2.933049937673523, -0.021283270927573362
0.5429526111799458, -0.49913882077561555, 0.20387687325555595, 1.078561649211955, 2.933004144594627, -0.021336737861626362
0.5429443643201246, -0.4991647546884302, 0.20386655706743975, 1.0785647129678468, 2.933001476723172, -0.021645862844846115
0.5429367750944318, -0.4991688069670528, 0.20386975682122174, 1.0785902700987362, 2.933012843639637, -0.021773003214967016
0.5429549663368112, -0.49916811549080337, 0.20387813372779134, 1.0785930280337874, 2.9328572493060854, -0.021635452770884668
0.5429575660889, -0.49913427895146956, 0.203867008347139, 1.0785192347166368, 2.93305101629519, -0.021364354632964766
0.5429796027229772, -0.4991320834370723, 0.20383598227618088, 1.0783818712658402, 2.933158862671347, -0.021556640884421142
0.5429415608923351, -0.49916013842190393, 0.203872748661852, 1.0785906566522907, 2.933071853995817, -0.021732002235491536
0.5429283159485598, -0.4991470583336456, 0.20382887878937628, 1.0786268422419942, 2.9332515594062047, -0.021144733351449688
0.5429199776787145, -0.4991866831417135, 0.203866325812905, 1.0787350083368172, 2.932979245276172, -0.021573427952155406
0.5429412158328594, -0.4991771721802377, 0.20387136454323984, 1.0787037898756857, 2.932835580569514, -0.021589704978203877
0.542946691614326, -0.49919792310706024, 0.2038898865821972, 1.0788142171192707, 2.932745515771256, -0.021855943434111173
0.5429198414154371, -0.4992273367123738, 0.20389966790962963, 1.0787399516925564, 2.9328584140928595, -0.022211874121423864
0.5428982741658652, -0.4992005478868715, 0.20381016870578217, 1.0789398859623673, 2.933266071839494, -0.02186654938480301
0.5428986519695865, -0.4992222782564414, 0.20388095565389494, 1.0789486019262926, 2.933064461243331, -0.02193632851125251
0.5429111674715181, -0.4992264865826788, 0.20385208125640192, 1.0789144329793496, 2.933065141167123, -0.022344918246735422
0.5429199839894374, -0.4992097331618297, 0.2038583764485307, 1.0789774902079052, 2.9330269921708774, -0.022175915962642654
0.5429212899816752, -0.49923331667020593, 0.20383378912590464, 1.0791375640973149, 2.9329706727467486, -0.022193598315534677
0.542923179369593, -0.4992173376072423, 0.20373966431093984, 1.0789480036178591, 2.9333374047361613, -0.021994891557997
0.5429308758665108, -0.49922265865008203, 0.20373698005391136, 1.078952654707236, 2.9332362130575076, -0.022030467727538892
0.5429212354295135, -0.49924372586532917, 0.20376578876302492, 1.078690876815065, 2.9332736818964196, -0.022304286149104537
0.5429059056590789, -0.49928185392784635, 0.20371164485600063, 1.0786434621192291, 2.9334512881467347, -0.022961366828397875
0.5428993412379773, -0.4992970999663226, 0.20371525574024488, 1.078649038941849, 2.933456725673538, -0.023247412929546192
0.5428751166353809, -0.4993039734889362, 0.20371008061048743, 1.0788064151401267, 2.933675830272203, -0.02333915467714477
0.54286600037553, -0.49931095677759874, 0.2037344960907734, 1.0787104626526742, 2.933678925596263, -0.023543677734816127
0.5428629830452979, -0.4993034800619637, 0.20371091851049253, 1.0786672416022371, 2.9338934614863623, -0.02355047654529542
0.5428811843940289, -0.4993039990984466, 0.20370478975002962, 1.0786279936460488, 2.9338437021297854, -0.02340042028815116
0.5429093906761917, -0.49934301493805744, 0.2038447350697684, 1.0787732551961897, 2.9335254302138365, -0.02347091152235962
0.542898478701268, -0.4993250916581686, 0.20379628264823788, 1.079101582537254, 2.9335676458038695, -0.023103431739938472
0.5429193408381067, -0.49933540477722593, 0.20382274097742134, 1.0794029085988877, 2.9332330386100454, -0.023274705961524034
0.5428963567287799, -0.49933358265355976, 0.20380557077453504, 1.080035600845578, 2.932909823341432, -0.022571974533776396
0.5428693664143432, -0.4993479377782025, 0.20378949392346338, 1.0805853020628309, 2.9328947062279904, -0.02252017444742788
0.5428644252633241, -0.4993760263812856, 0.20376724957660092, 1.0817404013712402, 2.9325465836657036, -0.02294310891218652
0.5428345760300335, -0.49938432776107067, 0.2037783002723854, 1.0831446300775536, 2.9322985912708677, -0.023101485591187052
0.5428270045244653, -0.4994114445235266, 0.20380134594980695, 1.0851863736371972, 2.9318799438210283, -0.02344166997459303
0.5428688394697542, -0.4994047737426342, 0.20374494829728754, 1.086993129432118, 2.931767504021485, -0.023187537772527373
0.5428575785866248, -0.49941192724670597, 0.2037588357201836, 1.0889376347346114, 2.931658627724522, -0.022875098511998922
0.5428330377001626, -0.49942496525776403, 0.20371476260781243, 1.0911671580144233, 2.9312768768730555, -0.022679301775055796
0.5428335572479531, -0.4994120620284355, 0.20371753625683134, 1.0931172593555445, 2.9306569504063176, -0.022738706187165524
0.5428361594366686, -0.4994368294921904, 0.20366184105496477, 1.0952017874205333, 2.930309862266646, -0.022608626454858706
0.5428323249667122, -0.4994465564495792, 0.2036577161560429, 1.0976513944530237, 2.929921002192062, -0.022594752435864437
0.5428466871246312, -0.4994496053507067, 0.20358475577018154, 1.09961293947369, 2.9293334943629485, -0.022585362721793286
0.5427884748610721, -0.4994685543512392, 0.20356320496580257, 1.1022002168933214, 2.9285696633941427, -0.021801541019233005
0.5427612149321875, -0.4995247841123796, 0.20354954025908728, 1.1043866828053408, 2.927410707779585, -0.020979618505178457
0.5427364852821275, -0.49953413111651135, 0.20353465891122516, 1.1061681788676965, 2.9269269576352444, -0.021131074969936704
0.5427334924609094, -0.4995319584971596, 0.2034927520095795, 1.1085182271802012, 2.9262015465235773, -0.02105594664055427
0.5427493627812688, -0.4995337105718418, 0.20350107540664716, 1.1107373110891998, 2.925164072103959, -0.021123105655722042
0.542735812597498, -0.49954804994938445, 0.2035087460298724, 1.1133320531570927, 2.9242330749445125, -0.02112105627995336
0.5427302450834364, -0.49956398320868045, 0.20349061069409807, 1.1155676139297557, 2.923399924292358, -0.021384712047481998
0.5427264280411254, -0.49955473231656167, 0.20348022860352788, 1.118283709099724, 2.922470148485521, -0.021383088374512596
0.5426741437079474, -0.4995750243644332, 0.20347629262962688, 1.1210150788706976, 2.9220135817842885, -0.021680762798480812
0.5426772230951037, -0.4995674428012439, 0.20347245127066096, 1.1235856836389926, 2.921341232120105, -0.021573028937997514
0.5426966776656206, -0.49957604585419085, 0.20334631502023026, 1.1263814828466139, 2.920796879891336, -0.021164483251367036
0.5427020236269867, -0.49959071954566353, 0.2034287474220987, 1.1289706367140364, 2.9201214697300015, -0.021207084192545814
0.5426616631962313, -0.4996368100889105, 0.2034559140533244, 1.1318687188889751, 2.9195321646035457, -0.020702480232156144
0.5426208599784127, -0.4996801810246072, 0.20346106955162152, 1.1347317565489028, 2.9191804352297237, -0.019952451715309374
0.5425999438714191, -0.4997977113039372, 0.20346582400369845, 1.1374741807027955, 2.9184773411466214, -0.019892228569492642
0.5425319310033222, -0.4998999524869276, 0.2034911023240626, 1.1404171707153992, 2.917556152689283, -0.019973232227789257
0.5424997220670102, -0.49998546581251135, 0.20344817667390425, 1.1429792474049276, 2.917050674853993, -0.020448751789060582
0.5424514084708609, -0.5001227953222243, 0.20354633985692003, 1.1459056435149026, 2.9159782796656, -0.020578531383958536
0.542416179731655, -0.5002259140888248, 0.20348257935349548, 1.148595231032698, 2.915302053123823, -0.022149610345978735
0.5423939020174389, -0.500293216090761, 0.20352411917411778, 1.151014055711051, 2.914507106766227, -0.023292334106365612
0.5423722779640233, -0.5003431350140586, 0.20356078760292518, 1.153945262298821, 2.9133028004423718, -0.022540842431020558
0.5423693410802256, -0.5003653523965278, 0.20356341579933446, 1.1563311968040937, 2.9121843881564535, -0.022159977503591916
0.5423447794031593, -0.5003760587096906, 0.20353705413454587, 1.1591588826240853, 2.9115430906383892, -0.02193238876248736
0.5423539141654309, -0.5004551178367524, 0.20353781043944302, 1.161464625274113, 2.9100340337968844, -0.022393986803476307
0.5423579216622, -0.5004597369673949, 0.2035130839710341, 1.1639670136682545, 2.90935136100932, -0.02339130952529824
0.5423563881048952, -0.5004202421613071, 0.20345813683310762, 1.1659000826345443, 2.9089874435530523, -0.023462427320835335
0.5423839809172573, -0.5004160516353706, 0.20357504550595135, 1.1681433102504601, 2.908582536286449, -0.024516517262468663
0.5424155712597966, -0.5004208576498428, 0.2035871667910231, 1.1694898489520742, 2.9076323387478267, -0.02438702071619269
0.5424215438429689, -0.5004319907220437, 0.20362221650557927, 1.1704970842870956, 2.907642112993066, -0.024365085477062003
0.5424210560840291, -0.5004272732278614, 0.20364802001560936, 1.1715416198285744, 2.907481383305773, -0.024373223182132166
0.5424722238472138, -0.5004295865586063, 0.20366839696051905, 1.171874228476248, 2.9068779758321637, -0.02434336719823052
0.5424373422282074, -0.5004676870774372, 0.2036445572511199, 1.1719483535739037, 2.9069460156093774, -0.025214828425502867
0.5424447689598056, -0.5004555225102167, 0.2035629425542382, 1.1719776723577056, 2.9077625450905176, -0.0251888817498087
0.5424523882426989, -0.5004339761891254, 0.2035519351883979, 1.1716643812571625, 2.9082139987125784, -0.024859331892628105
0.5424809864588569, -0.5004753121633068, 0.2035636853226938, 1.1713983672602044, 2.907553747367047, -0.02540552546201354
0.5424593182880618, -0.5004616751562327, 0.20353839521089362, 1.1712761012626114, 2.9079143599183364, -0.025636176705452783
0.54240545417401, -0.5005086585584508, 0.2035507743687841, 1.1715934685693967, 2.908485960855671, -0.025724840555362158
0.5424550079181234, -0.5004940387167288, 0.20351909103514107, 1.1715735527988276, 2.907902644479323, -0.025659343298531815
0.5424464117213337, -0.5004842615205175, 0.2035309044469448, 1.1715960993744425, 2.9079107419834753, -0.025596124999711662
0.5424254102018532, -0.5004974000667362, 0.20356743830954913, 1.1715330727730562, 2.908330200200586, -0.025569364972155104
0.5424553124113831, -0.5004673138159138, 0.20354721997764558, 1.1716191279313244, 2.9083004174768345, -0.025145238384981405
0.5424628884438681, -0.5004826136920592, 0.2035704759397138, 1.1716127498363798, 2.907856741925086, -0.025264453299228645
0.5423901656510499, -0.5005345874712013, 0.20354543604730369, 1.1715220283832546, 2.908200419670689, -0.025267722121386265
0.5424060160387583, -0.5005331481619043, 0.20356850125035125, 1.1714080380608582, 2.9084292868291266, -0.025344591903600024
0.542419843444942, -0.5005283192542276, 0.20365011784575024, 1.1711536217849245, 2.9088217267645757, -0.025521382052485764
0.542420694494478, -0.5005449658526969, 0.20368978406141425, 1.1712112324961792, 2.9087671105889927, -0.02529994990625123
0.5424195625212214, -0.5005800196620057, 0.20371365509514702, 1.1710075015622115, 2.9085004073058904, -0.025160145941194843
0.5424171553869845, -0.5005824856947508, 0.20371833528866579, 1.1709945747796369, 2.9084078534831446, -0.02540155991108666
0.5424381248670426, -0.500586319907306, 0.2035992535088775, 1.1709010628835221, 2.90848017822969, -0.025087018885783244
0.5424352307035066, -0.5006103437844263, 0.2035899787330146, 1.1707531573212908, 2.908094592042679, -0.02482465144480234
0.5423893432331602, -0.5006360082176409, 0.20361554263746154, 1.1708590310016627, 2.908162064919112, -0.02484790298117428
0.5423831467375675, -0.5006331396135778, 0.2036000985468308, 1.1708163176423645, 2.9082069062943186, -0.024859090043824743
0.5423822023347837, -0.5006298125684373, 0.20357693435343768, 1.1708784306623299, 2.908265086807941, -0.024795053137358785
0.5423900952788421, -0.5006255419903577, 0.2035592161639222, 1.1708873476367372, 2.908289651267988, -0.024805718695132224
0.5423875043699129, -0.5006346814226244, 0.20358227160719292, 1.1709490040084296, 2.908239376905564, -0.02481286921577505
0.5423994071265102, -0.5006187175285863, 0.20358823835985201, 1.170920410766698, 2.908219141462769, -0.024784059830820312
0.5424055062090319, -0.5006123962620319, 0.2035957243566652, 1.170764859231902, 2.9082325348300917, -0.024799878699035577
0.5423837535913516, -0.5006321760515648, 0.20358249713093726, 1.17094475541995, 2.9082280132177822, -0.02481703579598127
0.542368151296083, -0.5006531271429123, 0.20356476432181417, 1.1709185284858186, 2.908265104974536, -0.024809858188543272
0.5423809137163601, -0.500628956017314, 0.20357252701855197, 1.1708958186623595, 2.9082580040134713, -0.02479512332017084
0.5423880874054716, -0.5006351034883949, 0.20359359366743165, 1.1708840699807257, 2.908227542623738, -0.024824768963669183
0.5423948396166669, -0.5006287188555202, 0.20357357900837134, 1.1708656505142219, 2.908285845334266, -0.02480929321275397
0.5423869120969186, -0.5006220344203401, 0.20356442601739658, 1.1708946530503228, 2.9083097219407152, -0.024779150087332256
0.5423837497704443, -0.5006321743269505, 0.20360565242059525, 1.1708623124154416, 2.908223288993012, -0.024828716586853247
0.5423836903863555, -0.5006295290188112, 0.20357806082277327, 1.1709255508797578, 2.9082306090761927, -0.0247805093827772
0.5423737936068221, -0.5006425074970018, 0.20355917267826462, 1.1709371567411988, 2.9082620058930253, -0.02475073372230346
0.5423809769653571, -0.5006316030791648, 0.20357696333427405, 1.1709151961212683, 2.9082553378245417, -0.024831649359897387
0.5423960123182546, -0.5006150811035519, 0.20358017192251177, 1.1708798193312222, 2.908271428525968, -0.024754055033340924
0.5423874310017475, -0.5006346453304507, 0.20356939358357184, 1.1708836346944882, 2.9082782248026695, -0.024809637343189396
0.5423721579316981, -0.5006440486265059, 0.2035559351526962, 1.1709178065769226, 2.908262588292524, -0.02479154819409258
0.5423826632298848, -0.5006340568880957, 0.20355924517140914, 1.1708726327990981, 2.9083011407495447, -0.024842619614862775
0.5423926092998951, -0.5006246080290997, 0.20356359452421455, 1.1708679664097559, 2.908292279564264, -0.024768930620299723
0.5423758417761445, -0.5006451789418497, 0.2035682237856573, 1.170990057278479, 2.9082425011950335, -0.02476889220320694
0.5423874900360295, -0.5006373464210896, 0.20360459711556153, 1.1709257880039292, 2.908177916359894, -0.02487286885295336
0.5424002073693768, -0.5006232205066692, 0.20359170445970853, 1.1708762281590224, 2.9082072463638307, -0.024850882179890788
0.5423884331819903, -0.5006139229062095, 0.20355126431453116, 1.1708610844976393, 2.908325431097531, -0.024798148194721304
0.5423676386484138, -0.500651465594809, 0.20357344232771507, 1.1709307440375558, 2.9082448352460837, -0.02479510359071102
0.5423761499921053, -0.5006401829466989, 0.20357925966554227, 1.170855759683702, 2.9082572456252134, -0.024858214374709187
0.5423832789625087, -0.5006331571788611, 0.20355923058900977, 1.1709238763770344, 2.908277562579272, -0.024823988049385792
0.5423833905009761, -0.5006332199255659, 0.2035958334058601, 1.1708889908634226, 2.9082402553160023, -0.02483926166628535
0.5423787728634996, -0.5006261790651478, 0.20355564263749515, 1.1709117378858638, 2.908299867380488, -0.02476136203387818
0.5423721126741523, -0.5006452924473004, 0.2035723160287351, 1.1709185085102727, 2.9082648879006157, -0.02480958697675568
0.5423961930993302, -0.5006204821292489, 0.2036068077645763, 1.1708062665028733, 2.9082357776632186, -0.024850826872883206
0.5423860557003207, -0.5006337302261848, 0.20356476432181417, 1.1709011915784107, 2.9082715781412523, -0.024809556640213677
0.5423899004372834, -0.5006324077551718, 0.20358032442993595, 1.1708506471004783, 2.9082459300262946, -0.024766099465848422
0.5423902076111592, -0.5006242600117367, 0.203561281644517, 1.1708773875804015, 2.908316776950947, -0.024779229695292292
0.5423924157836724, -0.5006270259270416, 0.20358343276570576, 1.1708214541053512, 2.9083290737256258, -0.02480137641164557
0.5423676285879225, -0.5006433852376028, 0.20358890934076573, 1.1709866799567274, 2.908339937084593, -0.024795957271398956
0.5423963476659538, -0.5006223703050324, 0.20359034738398615, 1.1709356005244207, 2.908156487617856, -0.02457151205319749
0.5423993616258288, -0.5006179743019136, 0.203562454085697, 1.1709886218721415, 2.908088777758329, -0.024337280583219545
0.5423798444256983, -0.5006349424271505, 0.20356569768440919, 1.1710825481666705, 2.9080692509891772, -0.024465611881287593
0.5423617726561482, -0.5006422164218802, 0.20356512402604257, 1.1710616612885256, 2.908227823444282, -0.02440024440665554
0.5423918266981125, -0.5006392771132642, 0.2035868408028565, 1.1711219985835148, 2.9078641770069282, -0.02415947395727365
0.5423583915972717, -0.5006459724000979, 0.2035292171964016, 1.171166973253725, 2.907976221400002, -0.024235878302924042
0.5423572601826944, -0.5006602721961233, 0.20353065807922976, 1.1711214265330991, 2.907859863566601, -0.02402982658522867
0.5423605404350653, -0.5006317263789188, 0.20355319294737126, 1.1711328659367777, 2.907945391785647, -0.02401980997766366
0.542337414931239, -0.5006608456291975, 0.20352353761506164, 1.1710226615272934, 2.908228395058065, -0.02429194226810113
0.5423096589949492, -0.500658967997552, 0.2035091495077253, 1.1711436059455866, 2.9083406909428997, -0.024031052045690872
0.5422890493349274, -0.5006883042695293, 0.20349749918591153, 1.1712035608612565, 2.9083829252272286, -0.02449024580685138
0.5422786802199243, -0.5007154228662026, 0.20348360700198984, 1.1711708403108931, 2.908401690613605, -0.024527777901358058
0.5422692610921046, -0.5007365905137025, 0.20347412909007087, 1.1710701300343538, 2.908494413975776, -0.025068538123708635
0.542203027259116, -0.5007524887897982, 0.20339700309057088, 1.171222461954249, 2.9086859046631246, -0.024800644436639274
0.5422069541535972, -0.5007675774770531, 0.2033927841060621, 1.1716540501930321, 2.9083445584576983, -0.024563306212007745
0.5421916107983796, -0.5007858117028917, 0.20339832305866481, 1.1719956062068608, 2.9083938231891335, -0.02477206508878278
0.5421296136212483, -0.5008201997992706, 0.20336445800623917, 1.1726729987793243, 2.9083724592356375, -0.02488427768623523
0.542144796280215, -0.5008214672818839, 0.203359441892374, 1.1730910555396883, 2.9080481378595593, -0.024642963756114623
0.5420812938876262, -0.5008776473666423, 0.2033526675375986, 1.1745982836186004, 2.907566793242139, -0.024655445482188842
0.5421235725181109, -0.5008872507836368, 0.2034153811526941, 1.1754189062646045, 2.906566802580008, -0.024262215441973885
0.5421050288935779, -0.5009061839214046, 0.20340440753617106, 1.1776923782694027, 2.905671842960494, -0.024243347215998433
0.5421014274043277, -0.5008922646585098, 0.20336769207187191, 1.179665011943084, 2.904998041881395, -0.023716551736452554
0.5420763198006523, -0.5008828199859584, 0.20331564534543653, 1.1818028015500106, 2.9044391151613067, -0.023267107050696817
0.5420868014612868, -0.5009412592755408, 0.20333858756399417, 1.1842790993774952, 2.9032271079638456, -0.02360420506779486
0.5420860568318077, -0.5009922336396343, 0.20337663094838818, 1.186918049632744, 2.901854214160052, -0.024426739074571543
0.5420700578756971, -0.5009822692369067, 0.203346027467244, 1.189584315023303, 2.9011387962149295, -0.02447229330734085
0.5420637833708987, -0.5010148496059913, 0.20338636563492563, 1.1923982319675124, 2.8998607778083088, -0.02503058769726024
0.5420449876251059, -0.500961537193534, 0.20336939930503048, 1.19506293320721, 2.899012753041788, -0.023583972271066036
0.5420669531068282, -0.5009802881829015, 0.20336384036854044, 1.1985171245782713, 2.897574670344912, -0.023627912427449667
0.5420735372402824, -0.5009805500424214, 0.203337714341868, 1.2015107695905778, 2.8965029408088676, -0.02381198150354953
0.5420441274790077, -0.5010036037268857, 0.2033205074530472, 1.204228655250365, 2.8956662813818097, -0.023427510126630958
0.5420294763942797, -0.5010097306580977, 0.20332756099278743, 1.207972721843173, 2.894150885898283, -0.023014514595500482
0.542012284670087, -0.5010392144593863, 0.20331691183037273, 1.2111146325368085, 2.8928388507673186, -0.02313454445487811
0.5420216528743138, -0.5010482714716443, 0.20322932343824984, 1.2143736683782378, 2.8921321080942177, -0.0231407720550645
0.542043746853347, -0.5010757653093743, 0.20336622025954543, 1.2176421721109933, 2.890840385264199, -0.023289858573111027
0.5420060335461611, -0.5011208145479328, 0.20338484784168923, 1.2209505748794474, 2.889673268196085, -0.024549716787413415
0.5420086174769273, -0.5011291242362135, 0.2033897177368339, 1.2240128674442978, 2.888359182177575, -0.02494356442485199
0.542012465472656, -0.5011395293590386, 0.2033667736235431, 1.227254765178907, 2.8870426752107368, -0.025028424296291218
0.5420430980472642, -0.5011323074004949, 0.20342834359160553, 1.230050371353763, 2.8859451522951693, -0.024434395729686934
0.5420287899615956, -0.5011647121613539, 0.20350952656554588, 1.2334608928687336, 2.884552816972619, -0.02424823789253403
0.5420536677666538, -0.5011412379652435, 0.2035071468702987, 1.2358368508602044, 2.8838594720881963, -0.024186363556469897
0.5422163638191619, -0.5010643712736038, 0.20359716847629078, 1.2374111720444736, 2.8820606756367084, -0.02297720882700635
0.5421556749495492, -0.5011220277347128, 0.2035486906441469, 1.2403481873156699, 2.8807225144215565, -0.02426688606840694
0.5422030608425993, -0.5011178629309606, 0.2035752887665615, 1.2411202997022324, 2.879925525918036, -0.024312881814870613
0.542199860588734, -0.5011314867525357, 0.203650546708845, 1.241946941933775, 2.879412221026609, -0.024579204940486127
0.5422103827687953, -0.5011614193458659, 0.20361889409496536, 1.2420997130530866, 2.8790327027429985, -0.024836821007800523
0.542228352926979, -0.5011625629902114, 0.20356495946589068, 1.2424159785169469, 2.878411108584171, -0.024796963352452798
0.542228570454432, -0.5011642647857231, 0.20355968274170486, 1.242225777178128, 2.8783421416376282, -0.02485850764499278
0.5422095927086569, -0.5011646496439319, 0.20352845628398808, 1.242231583579643, 2.87835098008629, -0.025047349710733625
0.5422035716736023, -0.501181571562647, 0.203497956919238, 1.2422496377611614, 2.878394764680953, -0.025034206029100364
0.5422203337220876, -0.5011307339950296, 0.20348187921514954, 1.2421921464303138, 2.8785053941454266, -0.024877338922257207
0.5422256647862652, -0.5011571729850939, 0.20355529316487417, 1.2423584747480707, 2.878216019058347, -0.024953025750492283
0.5421923892831755, -0.5011647753404502, 0.20348742752908316, 1.2423258292843573, 2.8784351167717968, -0.02488079717705905
0.5422199837882743, -0.5011400491720496, 0.2034761634444857, 1.2422398050290677, 2.878521808012457, -0.024848039318435978
0.5421935816974169, -0.5011640140428721, 0.20349737993725844, 1.2423258976829703, 2.878586237988161, -0.024820057723038295
0.5421912795836095, -0.501165313848065, 0.20350369459525625, 1.242164108879438, 2.878489532736102, -0.02475182717293339
0.5421871856553834, -0.501154335905543, 0.20349999809382333, 1.242281073227929, 2.878680673813389, -0.02457086124424056
0.5421889062865145, -0.5011591290581764, 0.2035490595854217, 1.2422854374458683, 2.878795971451028, -0.0244420557999088
0.5421700023802354, -0.5011677139691585, 0.20352470753054844, 1.2424032979205293, 2.878834485431104, -0.024418123480148803
0.5421755009214937, -0.5011941104659908, 0.20352322725435426, 1.2423430215710731, 2.8785884975703175, -0.02435923312455708
0.5421805033311106, -0.501214809041524, 0.2035561140528303, 1.2421737314807662, 2.8784239103832556, -0.024367128828394216
0.5421822371686561, -0.5012107155389964, 0.2035680195787783, 1.2423762344486058, 2.8783258549376547, -0.024292319459027385
0.5421363421347785, -0.5012269244865586, 0.2035472221209552, 1.2424518538508686, 2.8786559974962853, -0.024423325865909902
0.5420971517569809, -0.5012662697932376, 0.20355247841717766, 1.2424995864817527, 2.8787764070326074, -0.024270999243802445
0.542096575459386, -0.5012975837889011, 0.2036166312560002, 1.2423359406632202, 2.8788744456540147, -0.024262852503805582
0.5420576589246444, -0.5013317077147363, 0.20360896515655716, 1.2422803908016702, 2.8788878540532936, -0.024381753210074495
0.5420740418470418, -0.5013515549563704, 0.20361289679213052, 1.2421708966354135, 2.8785728762596072, -0.024137573499733844
0.5420620396883494, -0.5013497059037376, 0.2036124426953166, 1.2423151801865282, 2.878727338955072, -0.024173225654861324
0.5420339153249505, -0.5013924662368107, 0.2035933381438695, 1.242415507985752, 2.8786680668822164, -0.024464757502456604
0.5419915207119729, -0.501419176022667, 0.20358518385667657, 1.2423488099677777, 2.878850187207009, -0.024615188395887538
0.5419796870904603, -0.5014439904067256, 0.2035669539046858, 1.2424888479569287, 2.8788357166428624, -0.025080061118287127
0.5420115576457648, -0.5014537699244648, 0.20347793999787395, 1.2424857480022888, 2.8789242977972362, -0.025038641033878064
0.5419407757403496, -0.501502366711991, 0.20346260937479002, 1.242668828797945, 2.879030176137532, -0.024702984885986483
0.5419319277818357, -0.5014988255250404, 0.20342802805276114, 1.2426331336185379, 2.8792366910124247, -0.024842652628727736
0.541923136577321, -0.5015020780070104, 0.2034544476579621, 1.2427044427098877, 2.8791643686976705, -0.024834247978258606
0.5419352906532021, -0.5015264255848759, 0.20347633500617424, 1.242784770660588, 2.8788183485357757, -0.024689515981356363
0.5419031083778804, -0.5015309429126328, 0.20347213808834777, 1.24297320452374, 2.8790288193226816, -0.02468578954706864
0.5418888238005302, -0.5015728218792782, 0.2034496262746994, 1.2429358442326979, 2.878838625499854, -0.02472445594324922
0.5418480618631036, -0.5015905400263976, 0.20341674182972375, 1.2430179210164034, 2.878729596782486, -0.025089713825391997
0.5418615177015478, -0.5015716016529609, 0.20342320242337464, 1.2431620981448464, 2.878685682213152, -0.025140562878114822
0.5418736028111298, -0.5015772088342458, 0.20340386582645037, 1.2430763753724503, 2.8787174848869976, -0.02540998546611699
0.5418689063903279, -0.5016079294453628, 0.2034354295423861, 1.242906761167308, 2.8782641076769044, -0.02481017103593328
0.5418242419119882, -0.501593671374575, 0.20340292040948343, 1.2430312711947038, 2.879061466029093, -0.02513149761701223
0.5418397997861499, -0.5015716867892286, 0.20342630089042, 1.2428125755243389, 2.8795227182214798, -0.025183754438986072
0.5418216712123805, -0.5016041924601711, 0.20342457000538683, 1.242940383908454, 2.8793816899749065, -0.02555083625346099
0.541798451971501, -0.501627998995323, 0.20345889666414957, 1.242760163437054, 2.8795829144425484, -0.02578417754232385
0.5418453392938538, -0.5016128559780358, 0.20343658704884351, 1.242457917043748, 2.879193242567452, -0.025546587000646007
0.5417869585365402, -0.5016269602776227, 0.20343188381050978, 1.2426885756935422, 2.8795653637342564, -0.025283872800447967
0.5418017592776061, -0.501610739911292, 0.2034128691962182, 1.2427254251162543, 2.8795591287701985, -0.025052106318964217
0.5418080474661815, -0.5016476280065605, 0.20345413835165538, 1.2425763700339774, 2.879046930975217, -0.024904503063365082
0.5417942679390549, -0.501669696073854, 0.20338848591830425, 1.2425332203607493, 2.878641989366011, -0.0246985997768246
0.5417788326219353, -0.5016964064245005, 0.20342052426837792, 1.2426581765202105, 2.8785524475667748, -0.02463110912386832
0.5417644061752607, -0.5016903550852629, 0.20340022459964915, 1.2426448079536454, 2.8787643680572774, -0.024785376872662225
0.5417786169261768, -0.5016887041263778, 0.2033810377721962, 1.2426251006891358, 2.8784175516564914, -0.02471134206402073
0.5417645759728086, -0.5016831381397401, 0.20334871253087344, 1.2426507335985293, 2.878478058829514, -0.024750011386258205
0.5417600217097528, -0.5016879704908512, 0.20334209047277668, 1.2427511123347466, 2.878422746440935, -0.02486756289124872
0.5417649678468726, -0.5017047931053361, 0.20336828178047694, 1.2426488262786413, 2.8781774757773952, -0.024679722108381895
0.5417310348548403, -0.5017215827587105, 0.20333245454404072, 1.2427224408850956, 2.8782571488339554, -0.02461239818576368
0.5417305837995523, -0.5017403262082609, 0.20336047430838708, 1.2428154708861014, 2.8783281112695045, -0.02517236428301318
0.5417049765182593, -0.501748770215275, 0.2033369547742374, 1.2430054057667619, 2.8786393344034367, -0.02544657400957946
0.5417203918276838, -0.5017634116025546, 0.20335141962487488, 1.2428484315353205, 2.8784944374743957, -0.025867632823026943
0.541735212229323, -0.5017965694297498, 0.20333243908984527, 1.242994429393889, 2.877899556664811, -0.02618463136055933
0.5417053365320693, -0.5017844306275885, 0.20325022348466396, 1.243037614833477, 2.8779025751554763, -0.026143028268047774
0.5416740184078855, -0.5017586315955707, 0.20323842194795846, 1.243224266529061, 2.8783150084983924, -0.025950614520615426
0.5417238593928787, -0.5017646094383315, 0.20328329394697153, 1.2431619196067614, 2.878361848624727, -0.026000578080532046
0.5417118450243772, -0.5017742119841898, 0.20330812371904616, 1.2433306127100823, 2.8786818270468233, -0.02585349365397319
0.5417165064862892, -0.5018104541187455, 0.20331090555777415, 1.2433391521667005, 2.878758878695615, -0.025545039625032497
0.5417206255450864, -0.5018317506670349, 0.20334122198593166, 1.243305607827147, 2.878628373403261, -0.025546045227963075
0.5416942515919779, -0.5018382714229406, 0.20322402364160103, 1.2431906460263802, 2.8783879111117203, -0.02566792712294067
0.5416536795367767, -0.5018635521912209, 0.20320923261831972, 1.2433942181585784, 2.878485944438869, -0.025770192782217115
0.5416566847783897, -0.5018652843508014, 0.20323844281557238, 1.2433372594713117, 2.8786536066199813, -0.025424958786743616
0.5416744358728658, -0.501904872937443, 0.20324494895025308, 1.24328755820489, 2.878036850019771, -0.025218355122986168
0.5416530421549134, -0.5019088597877328, 0.20328896421410686, 1.2433251473655018, 2.8778894420147547, -0.024909944126433693
0.5416206028258342, -0.5019341196788595, 0.20324159633691896, 1.2434610191622673, 2.877627762244195, -0.024566338785161724
0.5415995611519391, -0.5019664508704657, 0.20323991881081532, 1.243523349325652, 2.877479406005855, -0.024657400260720688
0.5415576255870092, -0.5019824006148227, 0.2031931284986853, 1.2436330596261091, 2.877737934988739, -0.025071131337254388
0.5415622416605806, -0.50199749266327, 0.2032003073983708, 1.243835436649028, 2.8775360901081686, -0.025120411622187814
0.541545152118544, -0.5020161143497, 0.20319045525240015, 1.2437745439559529, 2.877586651554906, -0.0250956920801659
0.5415426380245357, -0.5020278101814145, 0.20319115366109022, 1.2435471129567925, 2.877515999423838, -0.02563949210190276
0.5415450947626762, -0.5019991504679137, 0.20318576642423414, 1.2434363165121807, 2.877651508381376, -0.02517712404900489
0.5415369463921357, -0.5020226033640234, 0.2031753090015037, 1.243441802570903, 2.8776125417119838, -0.025302208723931314
0.5415266943077882, -0.5020354584381955, 0.20317331979485195, 1.2434250826385047, 2.877565254952527, -0.025603842801332242
0.5415005890406873, -0.502023870340767, 0.20317205836139138, 1.2436137417563755, 2.8778292392562133, -0.025604107699792426
0.5414780306142678, -0.5020616636944877, 0.20315273836178688, 1.2437140651377094, 2.8777287495675665, -0.02546771636580512
0.5414440041192226, -0.5020684796128215, 0.20316169864833125, 1.243764512430781, 2.8779481133356954, -0.02568813418951588
0.5414902345334802, -0.502089494656375, 0.20322946253077823, 1.2433561659298205, 2.8778434786033382, -0.02576475457075507
0.5414839658287357, -0.5020893493650992, 0.20324486379495174, 1.2433457913527672, 2.877720699977016, -0.025704196833229026
0.5414608503743904, -0.5021023071372894, 0.20320584572803482, 1.2435599132305533, 2.877892190100841, -0.025899303422024844
0.5414477558978456, -0.502102297326508, 0.2031948191135835, 1.2435743206586298, 2.878118929516469, -0.026274201464464617
0.5414421595930973, -0.5020944723702665, 0.20321490503888737, 1.243577576591233, 2.8781823934581583, -0.02604675517300342
0.5414677692224327, -0.5020964010802456, 0.20319848045897024, 1.2435333003622495, 2.877973026911318, -0.026033026524336415
0.5414492206799788, -0.5020942740033313, 0.20319198947437905, 1.2435366873646676, 2.878037833045069, -0.025710157038286163
0.5413991032684196, -0.5021221245863133, 0.20318133173049965, 1.243715196863623, 2.878228337711565, -0.02561815792956828
0.5414036997338761, -0.5021283862281309, 0.20316404418258904, 1.2436639814191308, 2.878204817242016, -0.02536420592102168
0.541388565832567, -0.5021439713209086, 0.20317934067855636, 1.2437589037722334, 2.8784359441673923, -0.0255179638313965
0.5413688830776949, -0.5021725953157484, 0.20323409085251695, 1.2436938509317168, 2.87872165906947, -0.02575218465618266
0.5413671311456553, -0.5021754155406606, 0.20316928152676147, 1.243663156871517, 2.8787935962491416, -0.025795068055130186
0.5413563876681445, -0.5022075749656193, 0.20321487680024097, 1.243670983936278, 2.878663473975736, -0.025943052084158345
0.5413473382316637, -0.5022106017537408, 0.2031971981695477, 1.243623428089586, 2.8787462285678314, -0.025907855278874743
0.541357393785457, -0.5022030223378213, 0.20317975963123167, 1.2435609983719753, 2.8787920033097056, -0.02584658123556414
0.5413547961277746, -0.5022131090249093, 0.20316466243580267, 1.2435620789273625, 2.8787941384833573, -0.025865346533052683
0.541329797660814, -0.5022255033322952, 0.20318923946111833, 1.2436679290159431, 2.878705728570487, -0.025838390903265854
0.5413514370109109, -0.5022108992934349, 0.20318517962472563, 1.2435182773115048, 2.8787364927048307, -0.02588615354343324
0.5413163343988084, -0.5022611306872838, 0.20318904827879328, 1.243416699487444, 2.878729758071702, -0.026206286176472804
0.5413480434524423, -0.50224291393238, 0.20320934962942314, 1.243428361355398, 2.878605848000328, -0.02642860163155936
0.5413372362574154, -0.5022248476406301, 0.2031568491586866, 1.2437871556701472, 2.8786937336593015, -0.026056053082659028
0.541292147165956, -0.5022363323768125, 0.20316438801533301, 1.2437497660936458, 2.879000001907774, -0.026129984933780086
0.5412792630318727, -0.5022629510333734, 0.20317398697615952, 1.2436443486623263, 2.879128182075421, -0.026776212577597446
0.5412909038006768, -0.5022669986187231, 0.20314603757634989, 1.2437191504579985, 2.8790622538251656, -0.026728234839198332
0.5412872949852899, -0.5022656970680591, 0.20314023291449584, 1.2436094637818005, 2.879241745229312, -0.02671182426782008
0.5412840545079235, -0.5022846749593737, 0.20317461304098913, 1.2437236693387592, 2.8790250962815516, -0.02675657647334898
0.5412736343898606, -0.5023105276886004, 0.2031211619084706, 1.2438075539556503, 2.8790299069784075, -0.02676579871648608
0.5413086680319769, -0.5022986028047305, 0.20319140208396277, 1.243815805054482, 2.8790138873990645, -0.026250967715482822
0.5412955441579185, -0.5023197993173193, 0.2031520801341192, 1.243993758552887, 2.879093252319075, -0.026647651163479745
0.5412712896901458, -0.5023577589588075, 0.20306801071320932, 1.2438982934093172, 2.8792028507178213, -0.026651319566064403
0.5412895731265266, -0.5023636090880099, 0.20308196238065668, 1.2439881409563394, 2.8791179917155327, -0.027025591640133868
0.5413045327078385, -0.5023657022569428, 0.20310576381042483, 1.244085382030836, 2.878854136780365, -0.027276001353328014
0.5412198152319854, -0.5024184158737967, 0.203040005956131, 1.2445711005720241, 2.8792350828296103, -0.027955447014424324
0.5412260665187304, -0.5024510723209908, 0.20309056972960865, 1.2445588614948673, 2.8788617528869236, -0.02769540496741286
0.5412433655249612, -0.5024618157493077, 0.2030900136372803, 1.2446133701237698, 2.8785986587426002, -0.027588715493076815
0.5412327806071481, -0.5024730310870683, 0.2031030843852128, 1.2458122702705703, 2.8780549333136425, -0.027551630882771485
0.541183191742632, -0.5025554289858221, 0.20314561886479843, 1.2477021637276153, 2.877462224108232, -0.027633946696463043
0.5411774096746986, -0.5025540413004614, 0.20322218745127574, 1.2504336437025454, 2.8761984029534347, -0.027678616088501057
0.5411965560577181, -0.5025684376635, 0.2032923803575794, 1.2531032969125608, 2.8748252642318444, -0.028045146896138455
0.541128109449296, -0.5025791170856436, 0.20352154854099722, 1.2572526806513833, 2.8731079374510533, -0.028376384620594344
0.54113202269216, -0.5025789343955597, 0.2037582530315493, 1.2613716835900306, 2.8710190895904906, -0.028692271214617752
0.5411972275568478, -0.5026002323306564, 0.20397584673130167, 1.26550871070597, 2.869189220468521, -0.02819135979545574
0.5411841771941529, -0.5026336865399672, 0.2041136481497272, 1.270098086627711, 2.867012788869035, -0.028204253224553787
0.5411726280843249, -0.5026518744981643, 0.20434471539888402, 1.274898941761994, 2.8646145890525587, -0.02847140309341226
0.541164119015203, -0.5026426072881185, 0.20448751297374035, 1.2783696445906043, 2.8631201564018385, -0.029008015692797894
0.541231331266932, -0.5025743095525461, 0.20472564911552904, 1.2811178673973513, 2.861475457093639, -0.028824925586768718
0.5411769046338134, -0.5025673842752665, 0.20487173462067962, 1.285943112678465, 2.8592307647907687, -0.029102255779047174
0.5412378962416914, -0.5024479030633365, 0.20481324341572163, 1.2874394082480205, 2.85871629135406, -0.028863498759871032
0.5412441833991029, -0.5024547922594236, 0.2049935576917656, 1.287337366288074, 2.8588393802216387, -0.03302561947464484
0.541241336929291, -0.50237778945817, 0.20501425137231946, 1.2862706753494195, 2.85945947286225, -0.03267225420872313
0.5412347352842849, -0.5023491256010808, 0.20500289426764412, 1.28541757460863, 2.8602523960533115, -0.032232573398548695
0.5411735131303231, -0.5023203111410762, 0.20502969904439722, 1.2836664385245147, 2.861378172947888, -0.03204292975561065
0.5410449728081655, -0.5022170075932282, 0.2049185179293611, 1.28183314352233, 2.8637222834254934, -0.03146416971209013
0.5409633532768875, -0.5021497777098235, 0.20502240644931405, 1.279288923093263, 2.865488029097019, -0.031771458441535914
0.5408111291945378, -0.5020769065582142, 0.2049688154644169, 1.277084480266353, 2.867833383472344, -0.0312837017087741
0.5406910372110226, -0.5019711312903903, 0.20497235996297525, 1.2744458417688689, 2.870564647421818, -0.030873542797492628
0.5405894167244731, -0.5019185314740313, 0.20498983474703952, -1.2712763461420724, -2.871966561239973, 0.03028367758847345
0.5405296393756347, -0.5018725860954916, 0.2052111250401408, -1.268180888047022, -2.8726609947177923, 0.029421896223493595
0.5405707358610623, -0.5018586674619071, 0.2053975614686939, -1.2643419602623476, -2.8737671089031878, 0.027737939252367227
0.5405617417198029, -0.5018808628681845, 0.20542599655979896, -1.2597904518033711, -2.8757661200193883, 0.027222385234652993
0.5405977035021984, -0.5018163755878049, 0.20547882309096788, -1.2563121062139433, -2.8764208838675196, 0.026629174480888244
0.5406435809432134, -0.5018046519934459, 0.20545631919013527, -1.2526860982077221, -2.8774642848009737, 0.025860477887354457
0.5407667679766384, -0.5017368513049187, 0.20543587517174614, -1.2481472631120045, -2.8793149787182495, 0.023923470130535352
0.5409289399547403, -0.5016980744254365, 0.20549000210812998, -1.2434668684358605, -2.8813565510067294, 0.022061566254003025
0.5411020785119501, -0.5016664691880521, 0.2053918362626495, -1.2389223556762352, -2.8840389927497303, 0.021467901118075765
0.5412904191311102, -0.5016475050472703, 0.20534142090543475, -1.2335247250239205, -2.8863502197119852, 0.021486265518520835
0.5414554954452272, -0.5016141438284715, 0.20524818937449318, -1.2296246301617237, -2.887408941814107, 0.021056158997194818
0.5416783311477572, -0.5015839774979808, 0.20518094001968337, -1.224795440293838, -2.889889259751048, 0.01960697510152755
0.5418098684608569, -0.501593174031514, 0.20509807531996166, -1.2211039191095672, -2.8915942268278836, 0.018784549363564752
0.5419986068989278, -0.5015460996167362, 0.20484661051286232, -1.2165156753899853, -2.893403755892824, 0.017884882325467113
0.5421383965654233, -0.5015247271205441, 0.20456881922251574, -1.2114515901301577, -2.895435794503664, 0.01755326406267533
0.5422452518960229, -0.5015132282270299, 0.20445116206632646, -1.2070281469491226, -2.897625349066832, 0.016735824506044772
0.5422805444489128, -0.5014938405006867, 0.20433597308013776, -1.2024116577108137, -2.899417913054347, 0.016216750473527802
0.5423252746412365, -0.5015057109031867, 0.20422758139155478, -1.1974583954603994, -2.901897457233186, 0.015602309648267825
0.5423184758828511, -0.5015809508157233, 0.2043028800507501, -1.193296647698628, -2.904410348953136, 0.016239414381797865
0.5422530967013341, -0.501592966223666, 0.20420173263918281, -1.1898625064022332, -2.905185938951996, 0.01656111375734317
0.5422353871640294, -0.5015926281339655, 0.2041557821255337, -1.1879756115434383, -2.905475336435479, 0.015347343912787071
0.5421932634342786, -0.5016720832514824, 0.20416137294707876, -1.1867486021157576, -2.905849963802457, 0.016732349907320226
0.542176056786255, -0.501635001775225, 0.20405449980491147, -1.1850213533818041, -2.906306451259573, 0.016751618277032518
0.542165988174525, -0.5015661601494915, 0.20371793963537804, -1.184943523802339, -2.905592325487216, 0.015922370317565694
0.5422142699837557, -0.5015177633330041, 0.20368247876976112, -1.1844416010688479, -2.9059990026268774, 0.014947452354084366
0.542184673909523, -0.5014458414052239, 0.20360970878280754, -1.182661262130776, -2.9061461628293626, 0.013856056335726884
0.5420661590988273, -0.5014249518313743, 0.20347568983528408, -1.1811639354352945, -2.905703244017593, 0.013943242397061332
0.5419516295005732, -0.5014068111453572, 0.20335300275455634, -1.1796120252899704, -2.905991301692441, 0.013467508465387938
0.5418228997455763, -0.501318022546445, 0.20325284720451103, -1.1772013302111755, -2.906469451111351, 0.013132298902062104
0.5417786575614238, -0.5013333732849068, 0.20317086108760038, -1.1757396615691735, -2.9070625071850573, 0.013170385725011807
0.5417453709461002, -0.5013301375465317, 0.20291448127857686, -1.1742664245611785, -2.9080480125580457, 0.014188980120840265
0.5418651328080727, -0.5012163351502753, 0.20268702658014903, -1.1740917287825325, -2.907963891508679, 0.013913508642601272
0.541867542922847, -0.5011535638308313, 0.20242197777496962, -1.17380161434241, -2.9078967532728046, 0.013223907514218801
0.5420303300956165, -0.501122010683171, 0.20202091486603935, -1.173837480996824, -2.9083546086522913, 0.01113176857208797
0.5421542176120339, -0.5010785307320954, 0.20161814879256543, -1.1729956140944662, -2.909046607695739, 0.010291018561929969
0.5422568825202032, -0.5010756805936755, 0.2010716299275735, -1.1740312578650054, -2.909151259640819, 0.010939286609654882
0.5424340792291458, -0.5010043041356604, 0.20055519271972685, -1.1739881348187569, -2.9104227822730055, 0.011457774302653913
0.5425863291564172, -0.5009613766215284, 0.20003637081432568, -1.1744267106737307, -2.9110360159502338, 0.013272402365505517
0.5427066115681081, -0.5009523986226376, 0.19963317400359862, -1.1740660797053581, -2.91251967278487, 0.014684192813343544
0.5426713526777647, -0.500936087488437, 0.1991402834095892, -1.1752149419625986, -2.9123377376959794, 0.017047617377702003
0.5426849270115475, -0.5009105242200761, 0.19872393250733386, -1.1750314985913384, -2.9126883646590422, 0.01863640154484267
0.5425859234220083, -0.5009275739432458, 0.198332274900203, -1.174981389448176, -2.912098031081438, 0.020919209489728117
0.5425136864072023, -0.5008936676268773, 0.19807959353325827, -1.1745847572272212, -2.9118982216197145, 0.02351247964139107
0.5423919382574383, -0.5008663825742855, 0.1978659194912773, -1.1751252883106686, -2.9110362803693133, 0.024427027097966538
0.5422237651080426, -0.5008296991080896, 0.19749769650411997, -1.1754001156988063, -2.9106012136488255, 0.025297758024863386
0.5421749398348475, -0.5007801253152704, 0.19720890933580418, -1.1753962300855687, -2.9108528827421596, 0.026373356572860683
0.5421787479518742, -0.5007897793528369, 0.19708480545380538, -1.1767165918699993, -2.910206083754053, 0.025971707171919798
0.542173045817761, -0.5007932744231332, 0.1968960984143201, -1.1783177524893766, -2.909777145456573, 0.025989577780559468
0.5421369150986294, -0.5007797178728621, 0.1966224309570563, -1.180843933087948, -2.9093879054216165, 0.02649185800422514
0.5421306702180878, -0.5008049490561441, 0.1963718310999885, -1.184170335518258, -2.9086262481176517, 0.026475099537718833
0.5421222032879848, -0.5007565948501337, 0.19603828627758452, -1.187247673567899, -2.9084190362311095, 0.026317248680117276
0.5421037965815655, -0.5008174435987957, 0.19570976942536047, 1.1900016351603007, 2.906621215373418, -0.027149379419482735
0.5420715207799158, -0.5008084490492397, 0.1954799306466402, 1.193689391335863, 2.904234985730213, -0.02741040388958262
0.5420673785353725, -0.500836601338268, 0.1951986156040106, 1.1966912525738609, 2.9022387432593693, -0.026525039933537043
0.5420297829670503, -0.5008328622153364, 0.19490217918675812, 1.1999373223335148, 2.900117307156764, -0.02734959877266827
0.541969365887779, -0.5008710118451863, 0.1946715156249289, 1.2041803022738518, 2.897706900769298, -0.02850919262404846
0.5419749279611581, -0.5008831117250142, 0.19440057011828607, 1.2079218152060984, 2.8959942597225785, -0.029120690676021615
0.54194640519317, -0.5009433211800344, 0.19419724324763146, 1.2116177670395032, 2.894342527532827, -0.031208870040722394
0.5419416239186455, -0.5009483502321568, 0.19394849842959072, 1.2164457118808607, 2.892162829076939, -0.031506546790149935
0.541948365913539, -0.5009784714024387, 0.1937107319706642, 1.220731900026539, 2.890293404561959, -0.032180982805820026
0.5419545488329371, -0.5010119132512316, 0.19353390838917672, 1.2248323117728415, 2.8885283079494446, -0.03259616794739135
0.5419389522468306, -0.5010369901545827, 0.19329157513476308, 1.2287294119997283, 2.8868473482605133, -0.03356623049585995
0.5419528406065734, -0.5010492318159859, 0.19307692604211985, 1.2329450300490368, 2.8849525229306776, -0.0345340755482158
0.5419771252415604, -0.501018086565218, 0.19290864752548473, 1.2364668912309587, 2.883387441933551, -0.036139746909072894
0.5419787784680692, -0.5010649063272129, 0.1926348282348788, 1.240228754420271, 2.881426017720724, -0.036718756505946824
0.5419520036778345, -0.5010624799557948, 0.19244416249868004, 1.2436124460035871, 2.87948451800189, -0.03735209575701677
0.5419250454946527, -0.5010757685084412, 0.19224675659880514, 1.247590438675176, 2.8771726102222637, -0.037475088659751944
0.5418914106617263, -0.5011212233163901, 0.19198208979145595, 1.2510372489880797, 2.875230452175023, -0.038552382418046115
0.5418809843618019, -0.5011339211484679, 0.19181347513297933, 1.2555699221720384, 2.8725804979697798, -0.039277572516161596
0.5418196957258395, -0.5011895350296123, 0.19155825486721487, 1.2592257739618808, 2.870861183645373, -0.04022702416388329
0.5418300438432012, -0.5011711915047486, 0.1913981673011729, 1.2634782374620697, 2.8683327461742185, -0.04075284313771335
0.541804011720093, -0.5012380696152621, 0.19123982104155132, 1.2672324019623324, 2.866551062191299, -0.042285845528706185
0.5418070156512024, -0.5012454322189279, 0.19117896476299961, 1.2711664521815709, 2.8648027135896776, -0.04233883926160443
0.5418331434267137, -0.5012295657095281, 0.19094449284262086, 1.274980018007212, 2.863122786383694, -0.043663993670503706
0.5418737271263652, -0.5011548241414693, 0.19064982982351086, 1.2771180183112387, 2.8620124347816, -0.044643592761260203
0.5418544892699416, -0.50112683059927, 0.19033713133754743, 1.279820622422936, 2.861498731673469, -0.04501532114872264
0.5418888156784502, -0.5011439137643878, 0.19034112844690582, 1.2805385167386973, 2.8607724013567775, -0.045165259406413895
0.5418698055508471, -0.5011189239576715, 0.19009706206292604, 1.2826433412921063, 2.8602430791279256, -0.045494364008054386
0.5418588094374639, -0.50108385541215, 0.19000761976306452, 1.2824585973982408, 2.8606082687442127, -0.04624553483439798
0.5418069539828635, -0.5009606811652695, 0.18977356338999554, 1.2817508702795097, 2.8621259813291324, -0.046687229364869354
0.5417196298413764, -0.5009063393752338, 0.18961990752941074, 1.280390360433221, 2.8636573665861698, -0.04655230648025607
0.5416436513702441, -0.5008585387898002, 0.18946645732987857, 1.2781072579436403, 2.8654292905516265, -0.04598628298678752
0.5415417878914931, -0.5007620100052707, 0.18926750803715348, 1.2756737117291805, 2.8673236038595724, -0.04571021449616326
0.5414963528885277, -0.5006955968033842, 0.18919236497869035, 1.27317351715835, 2.868968279401362, -0.04522991762589972
0.5414684078473786, -0.500659450932223, 0.18910520284957133, 1.2696216818495427, 2.870969774517234, -0.044892831688510555
0.5414612729361765, -0.5006058989873857, 0.18902884144692336, 1.2655667071302834, 2.8731496538310743, -0.04395563898291502
0.5414808703263237, -0.5006192414748201, 0.18889231061424686, 1.2615851548795527, 2.8750432489659667, -0.04378494214533311
0.5414986462489073, -0.5006212780026181, 0.18871730062911077, 1.2567553954379123, 2.877318781427038, -0.04254537970872993
0.5415208292768926, -0.5006015892329009, 0.188569588232439, 1.2522623126845052, 2.8793173390552576, -0.04158236871246068
0.5414924542418744, -0.5006244738750715, 0.1884087933643062, 1.249306684555961, 2.8807527170203637, -0.0407936865277216
0.5414590973627296, -0.50070657254888, 0.1884010081102156, 1.245344634827063, 2.8825207133368034, -0.03955419950807387
0.54140077399967, -0.5007318987006735, 0.1882865098541468, 1.2406828678035535, 2.884970381557018, -0.03840475793679795
0.5413391389501145, -0.5008504709770287, 0.18826828047764682, 1.2377989557130076, 2.885966950373075, -0.038347500893168435
0.5413356954749178, -0.5008020865728013, 0.18820767684196718, 1.2357612803528746, 2.8871108302620136, -0.037918614313733744
0.5413357340934003, -0.5008002783307829, 0.1882068962766564, 1.234724825323276, 2.8876615957816667, -0.03817900941437621
0.5413356307756187, -0.5007967103266979, 0.18820037118724525, 1.2345038743668595, 2.8877234714977997, -0.03767291452224416
0.5413042324720994, -0.5008432256660071, 0.1882580430013659, 1.2348943849950145, 2.887743535371056, -0.03769581241390059
0.5413166338829691, -0.5008212150291308, 0.18819308781772542, 1.235079991451035, 2.887951983012758, -0.03778954652295104
0.5413331257630991, -0.5008534199748321, 0.18813228598965248, 1.23483555948774, 2.8880477143061802, -0.03779387878289078
0.5413428288725824, -0.5008311103808666, 0.18811322266118247, 1.2349527137676153, 2.8880408411039475, -0.03751451424793781
0.541314429637952, -0.5008793796283292, 0.18811794348204303, 1.2353085300991338, 2.88771610898206, -0.037312758242303595
0.5413133759074795, -0.5008773928249326, 0.18812070523573532, 1.2353152346106422, 2.8876879242821296, -0.03699529886956357
0.5413154350705163, -0.500880391214395, 0.1881509822787286, 1.235339375193619, 2.887699831344204, -0.03685463431654582
0.5413035233038653, -0.5008853243226803, 0.18813756941876406, 1.2356222256609357, 2.887696982097696, -0.036860118503281164
0.5412966321970285, -0.5009001310251917, 0.1881408173646439, 1.2358164825096245, 2.887723949837469, -0.03711530477813416
0.5412831440904533, -0.5009472660646462, 0.18821164886459224, 1.2358506213786642, 2.8876575473201225, -0.037338060925008715
0.5412741165469318, -0.5009571253556814, 0.18826061867507327, 1.235915818132012, 2.8876715000271598, -0.03724882730620264
0.5412636423605317, -0.5009884107903508, 0.18828336183774538, 1.23553349391515, 2.887832757249373, -0.037192832732217664
0.5412637665781848, -0.5009884240965421, 0.18828862113735298, 1.2354948027226698, 2.8878885457359575, -0.03718200679746582
0.5412529862631358, -0.5010165665187435, 0.18826272936853297, 1.2356875680328776, 2.8878122483093787, -0.037237824324792626
0.5412638023274888, -0.5010301159146348, 0.18831031228400827, 1.2356194703736163, 2.8879514050527404, -0.03714906094458128
0.5412648538921568, -0.5010268626685103, 0.1883179826736052, 1.2356754334427364, 2.8879381639552766, -0.03724121544037694
0.5412686154711038, -0.5010162296706672, 0.1883035714878161, 1.235578961129796, 2.8880522241022857, -0.03718354915580218
0.5412687201639745, -0.5010136566916359, 0.18826970710957247, 1.2355690527210543, 2.88812883711089, -0.037126309539883634
0.5412691721816314, -0.501013903344709, 0.18830786741956762, 1.2355253230309675, 2.888122211073119, -0.0371324033402176
0.5412508631977605, -0.5010225254050643, 0.1882694931147993, 1.235616505808175, 2.8881471357056583, -0.0371158559629669
0.5412614668957453, -0.5010191874338565, 0.1882706114543123, 1.2355648680007862, 2.8881698779357143, -0.037115604896510404
0.5412750599093376, -0.5010060506175348, 0.18828706820725766, 1.2354945048493189, 2.8881971241846665, -0.03709692477483643
0.541265763548295, -0.501020786618745, 0.18829047467983384, 1.2355332583805854, 2.888142403656116, -0.03710736513424173
0.5412632223170272, -0.5010295448307998, 0.1882771604321289, 1.2355766471430192, 2.8881493939973266, -0.03710058643455624
0.541260252243531, -0.5010170504568962, 0.18827818138209437, 1.2355808666864978, 2.8881600595072547, -0.03709719593851124
0.5412647607712074, -0.5010306386515522, 0.18829941856223414, 1.2355848293025797, 2.8880684428690566, -0.037121282937778055
0.5412601248769657, -0.5010182515431131, 0.1882914203409316, 1.2356118779351994, 2.8881359707394174, -0.037118770565904555
0.541269449073559, -0.5010023035811205, 0.18825960386013618, -1.2355320265117862, -2.888189667829604, 0.03709033106780591
0.5412537407630061, -0.5010310088431918, 0.18827624973778848, 1.2355922040320886, 2.8881382775068, -0.0370635435673455
0.5412492837291051, -0.5010306155006916, 0.1882694971827639, 1.235602681120735, 2.8881639713511875, -0.03709387569458356
0.5412725601505235, -0.501014918651669, 0.1883014754377037, 1.2355372410928804, 2.8881014127474502, -0.03711778116367809
0.5412542159730591, -0.5010340025847743, 0.1882884348496706, 1.2355764089604981, 2.88809807113941, -0.037114599342205935
0.5412600050693656, -0.5010287139289308, 0.18830149966229298, 1.2355554925405707, 2.8880963548081926, -0.037136180516281064
0.5412722308369972, -0.5010251703316039, 0.18829395498658624, 1.2355244047286562, 2.8881201357823003, -0.037114349549691845
0.5412573212300459, -0.5010150685724478, 0.1883042338957359, 1.23556756599219, 2.88812739456583, -0.03710717184053691
0.5412519935528259, -0.5010324446117729, 0.1882980688484432, 1.235601997785706, 2.888112464420096, -0.0371073502933249
0.5412538656243141, -0.5010245507093842, 0.18832127229099924, 1.2355162403839197, 2.8881001362068353, -0.03713946984516638
0.5412440194829937, -0.5010471352599006, 0.18831771244079337, 1.2355714667289905, 2.8880856358550395, -0.037098803716292816
0.541240803842804, -0.501024884537009, 0.18829325028815386, 1.2356109052434088, 2.8881347243330144, -0.03710048476225415
0.5412882972850861, -0.5010151203197177, 0.18827642471929187, 1.2355162206184778, 2.888098060107347, -0.03712160677118978
0.5413673485107733, -0.5011514232804476, 0.18826886640283755, 1.2353725823151027, 2.8880861997272995, -0.03758035137943864
0.5414105444054377, -0.5012384102195305, 0.18821387383970437, 1.2349937609108383, 2.8881536567134543, -0.03753146743947166
0.5414591803659338, -0.5013227568706284, 0.18832668447355166, 1.2360216495853547, 2.88743506952145, -0.037276503016254604
0.5414476064605708, -0.5013468800247185, 0.18829499094559574, 1.2369074550609098, 2.8870621212048935, -0.03727322159135055
0.5414689782959533, -0.501329445719977, 0.18829300189670106, 1.235997726846611, 2.8874269083160846, -0.03712926284144335
0.5414553414473285, -0.5013615792122429, 0.18829433408323265, 1.2363873385296225, 2.8870838325741444, -0.03700548548287195
0.5414581490423852, -0.501355374350214, 0.1882660366735164, 1.2355552055600585, 2.887636373728025, -0.037145047129180306
0.5414045725408065, -0.5014250708451649, 0.18826173171093222, 1.2355786390000383, 2.8875401633479125, -0.037169697619869484
0.5414255710529216, -0.5014119535706205, 0.18825546748252364, 1.236062877261659, 2.8871820651764706, -0.03696170009101143
0.5414036488697881, -0.5014616923774377, 0.18820908206808196, 1.237300733484717, 2.8865121951928288, -0.03762789714423401
0.541366819587485, -0.5014878226144168, 0.18825969120516434, 1.2359325403248402, 2.8871450756653187, -0.03790521749749917
0.541420787768232, -0.5014484985238349, 0.18823687822388205, 1.2354758232590426, 2.887166190741253, -0.03776316859639205
0.5414148209618563, -0.5014484018996102, 0.1882414740537297, 1.2357562139698168, 2.8870162599423854, -0.037216403471621216
0.5413795255843921, -0.5014469883450484, 0.188223675711773, 1.2344311283996086, 2.887863350171813, -0.037010966941704505
0.5413527108233815, -0.5014809251840951, 0.18819476648727707, 1.2340826634654685, 2.8883518030449675, -0.03768336786729443
0.5414187753340121, -0.5014799644082295, 0.18824495473557173, 1.2335712976386355, 2.8879309777397193, -0.037648768207073254
0.541435711181419, -0.5014473893139294, 0.18820312105353926, 1.2330845609488839, 2.887833743513303, -0.03708642604776897
0.5414953415754168, -0.5014273750446907, 0.1882200597717707, 1.232942966388981, 2.887525132101701, -0.037225586611212176
0.5415612790096437, -0.5013979062006709, 0.18802240195810566, 1.2299043363168392, 2.889476195801653, -0.03598694628127871
0.5417033798478437, -0.5013644495237813, 0.18801267833657953, 1.22730792135279, 2.8905430944299964, -0.035658632135962244
0.5418672474271606, -0.5013977047201389, 0.1880452309582551, 1.2218887090590447, 2.892673085433372, -0.034743208776131865
0.5420265962084867, -0.501376603698555, 0.18802289113015952, 1.2165725424375207, 2.894918246943882, -0.03303373080039244
0.5422013883156229, -0.5013433350745301, 0.18795570065045233, 1.2121376497741794, 2.897043442807861, -0.03107370013072702
0.5423689546724215, -0.5013502988410121, 0.188025330757188, 1.2041345336500011, 2.900064935102014, -0.029785024091798118
0.5424550559685722, -0.5012930391200474, 0.18796713221999298, 1.1981286932636805, 2.9025581124723048, -0.028266813286912794
0.5424992854621264, -0.5012980052949978, 0.18787951936597433, 1.1903117757672323, 2.905888710049872, -0.027583439213523877
0.5425240006409177, -0.5012583938064057, 0.1878689784454286, 1.182376844055199, 2.9091211974975364, -0.027088901263613338
0.5425614567600899, -0.5012382337650484, 0.18782983074994294, 1.1752221426487919, 2.9117622023609595, -0.026362960367796957
0.5425727296164331, -0.5012166613504976, 0.18776989569252556, 1.168583384813945, 2.9147622777919016, -0.025241169532700124
0.5425899680010106, -0.5012658287886789, 0.18781198825968695, 1.15973886334421, 2.918617288031231, -0.026023668527944965
0.54254831292051, -0.5012733952874772, 0.18772405959342842, 1.154989945694657, 2.921166439311955, -0.027130854595794625
0.54257245913115, -0.5012317885841853, 0.1877193757936883, -1.1465766475070522, -2.924673545119004, 0.02555301323824675
0.5424183618503876, -0.5015844412065853, 0.18740838518968903, 1.136295486808298, 2.9024845933377676, -0.027732786916200618
0.5425232857328808, -0.5011731666370849, 0.1873175995123303, 1.1294150897342703, 2.9170072290606073, -0.02267549730002058
0.5424230154146817, -0.5015399862537061, 0.1876661100626321, 1.123468490486549, 2.9166751852510826, -0.02528621083731588
0.5423522840490607, -0.5014942283121172, 0.18766577796960315, 1.119810287575127, 2.9197511873926487, -0.025910478318957247
0.5422652415350057, -0.5014214217742488, 0.18761823640953273, 1.1127278218685202, 2.923452839465544, -0.025141234968457528
0.5421084105613685, -0.5014082337965657, 0.18763710671506384, 1.1097159122730458, 2.925645167423335, -0.0272693685736668
0.5420122535565006, -0.5013482686387665, 0.18764618751774342, 1.1057421692793004, 2.928007524756889, -0.027565204331366715
0.5419446087210095, -0.5013265063408094, 0.18774305756611276, 1.1039383424762532, 2.929295982962641, -0.028347924358598196
0.5419142764869795, -0.5012907740680024, 0.1876626646378296, 1.1020417098153568, 2.9307341257630886, -0.028362643583440816
0.5419195924156458, -0.5012627849867679, 0.1876806933655463, 1.1017549081861753, 2.9314594216485665, -0.028012820420388784
0.5419052730265007, -0.5012363707409345, 0.18767110990035485, 1.100720844446623, 2.932541622449214, -0.027700236259115094
0.5419212907379669, -0.5012345284099151, 0.18759476750442083, 1.0989537522287383, 2.9339094790679923, -0.027600562750559506
0.5419340649175306, -0.5012222550132546, 0.1876123130677252, 1.0962851612679791, 2.9356790412462526, -0.027055393717430237
0.541913527045527, -0.5012286444562815, 0.18760773551157317, 1.0927622298356507, 2.9375449693267925, -0.027344014458880093
0.5419080872023558, -0.5012699957877499, 0.1877726951436124, 1.0912955499690165, 2.938582094143588, -0.025842512206043562
0.5419012383207384, -0.5013161997642057, 0.18781929595342992, 1.0876144732203104, 2.9403652041182906, -0.025538369152036357
0.5419448405377049, -0.5012982463586598, 0.18790858088796403, 1.0864921761372053, 2.940702148180693, -0.02502898972249299
0.5419406254655798, -0.50133378088218, 0.18790780576187127, 1.0868397769910336, 2.9403734122498255, -0.02550512916596879
0.5419354933928043, -0.5012780288996143, 0.18786560498640573, 1.0869210561611085, 2.94048120583984, -0.023603702887340455
0.541934715913292, -0.5011772646137002, 0.18777623846201452, 1.0880166770856368, 2.940466627171794, -0.021836173074988818
0.5419688875080216, -0.5011736994025654, 0.18782320358660765, 1.0908571101509579, 2.938929856670075, -0.021125737200795674
0.54201969430513, -0.5011048813009161, 0.1878646222703258, 1.093027704789979, 2.9378897677547022, -0.019517109690974522
0.5419966180347605, -0.5011454007902593, 0.18787264321111494, 1.095730282062674, 2.937272741198904, -0.018494704981689678
0.5420583365655549, -0.5011531604909472, 0.18783938000833358, 1.1004477005171642, 2.9353969919201925, -0.018317327819833366
0.5421265165655729, -0.5012358229630899, 0.18782454539668159, 1.105486788361183, 2.9335786547741547, -0.01849557083532712
0.5421992438299287, -0.5012880770284102, 0.18778869311420338, 1.1106624922077353, 2.931306929916936, -0.018618493617570047
0.5422281321513585, -0.5013789225666343, 0.18780870028435492, 1.1155549013913975, 2.9291241085789426, -0.01959161231709506
0.5422423858102661, -0.5013839555864935, 0.1876928685432765, 1.1228470297612352, 2.926310872353295, -0.01902435122869406
0.5422410127576391, -0.5013789724379336, 0.1876552353904058, 1.1290608421674213, 2.9237662564283005, -0.019293908904870646
0.5421981378306023, -0.5014211002030917, 0.1876741506503938, 1.1364690649509586, 2.9209854704721883, -0.01964658046981648
0.5421768311548063, -0.5013693160729871, 0.18759573876453745, 1.1431157945153303, 2.9189188879865893, -0.019206468484992485
0.5423001248714561, -0.5013542275809149, 0.1877384849401842, 1.149910447587939, 2.9153575162448884, -0.019706920992637853
0.5422676530222318, -0.5013725869745521, 0.1877053214275021, 1.1562090480242548, 2.9131504510158974, -0.02002187342615384
0.5422901168818721, -0.5013867747823278, 0.18774947993345323, 1.1587236674968227, 2.911867405558924, -0.02084660876313131
0.5423054810828375, -0.5013609508653492, 0.18775502913279124, 1.1610026286306367, 2.9111578508677183, -0.020558142306412702
0.5423100657550347, -0.501399059622204, 0.18779137229910117, 1.1613080552371373, 2.910643302345763, -0.02041292514312637
0.5423433897664225, -0.5013568326000528, 0.18780212876178468, 1.1614692242091038, 2.910543901981323, -0.020095619685922956
0.5423535887324276, -0.5013805469990462, 0.18782661638845916, 1.1621873032722678, 2.9097924220874654, -0.020010097744477137
0.5423145975978523, -0.5013773589846333, 0.18778505441224946, 1.1630537816470645, 2.909837266062148, -0.02053357159731484
0.542285684375548, -0.5014354866840937, 0.18775283020206407, 1.1644340129589108, 2.9092180449356455, -0.02137382988252871
0.542301647391115, -0.5014094230362648, 0.18775335922253006, 1.1643811086260758, 2.909295303846612, -0.021125540533398268
0.5422849822980246, -0.5014192021524031, 0.18774570126094683, 1.1641195737716608, 2.9093979244140566, -0.021281820854416864
0.5422787383172465, -0.5014334781048129, 0.18771658339106842, 1.165032544075294, 2.908997783875531, -0.021250183649871107
0.5422823860631429, -0.501438773402384, 0.18770007119766077, 1.1648680890083518, 2.9089395312169457, -0.021022437296535756
0.5422796466229706, -0.5014071198824747, 0.1877187962581218, 1.165570928925025, 2.9086446148434364, -0.019967557950028667
0.5422315634996833, -0.5014571638481078, 0.18775471448604839, 1.1656328190338836, 2.9089679510003923, -0.019991261742282232
0.5422115670834279, -0.5015021619139595, 0.1877344895520466, 1.1683054117711293, 2.9076966248982026, -0.01996387911488358
0.542158642483252, -0.5015394050351216, 0.18773374176249036, 1.1727297838189996, 2.9059175469119687, -0.01945984634840038
0.5421438195892427, -0.5015978074148706, 0.18773543779554416, 1.1782282622270224, 2.9035556927288972, -0.020314426551784535
0.5421168127776879, -0.5015887235280468, 0.18770708028804292, 1.1838512993999437, 2.9013179343380306, -0.020554656072530323
0.5421131370575647, -0.5015835742253195, 0.18767911410840007, 1.1903116790217465, 2.898705742622881, -0.020316280790890356
0.5420903903117338, -0.5016484916692011, 0.18768121023846632, 1.196131720296218, 2.896174205405045, -0.021797891525837026
0.5420651696256977, -0.5016747425592322, 0.18767271059264645, 1.2024550363365263, 2.8935655138396728, -0.022083238341002
0.5420190809024952, -0.5017340793221029, 0.18767237839175305, 1.2093184367379686, 2.890770551617986, -0.02319073497260189
0.5420203011534788, -0.5017397846280445, 0.18763274291522983, 1.2149430552283986, 2.8884249852020205, -0.023994795462912385
0.5420027418683251, -0.5017224078795094, 0.1876054664542624, 1.2216529918228185, 2.885781566552187, -0.02367248675040158
0.5419959354510816, -0.5017764639430118, 0.1876239304988606, 1.2281754100120648, 2.8829364295264246, -0.02527757801642426
0.541944758187893, -0.5018248827085693, 0.18760153976530744, 1.2347379799909932, 2.880538802158576, -0.02695843221696991
0.5419535982574454, -0.5018156790811042, 0.18759084410568988, 1.2405224370053862, 2.878262780700495, -0.028792735755310436
0.5419689985018994, -0.501834071760168, 0.1876123631669246, 1.2489617592472528, 2.874431294050952, -0.02875233992000498
0.5419560329638603, -0.5018872400145876, 0.18764626102311796, 1.2553115281142593, 2.8713781708525477, -0.029684915571997154
0.5419328551441144, -0.5018985873718644, 0.1875478228568634, 1.2604186018229997, 2.868766535240785, -0.030287680306671807
0.5419588982749732, -0.5019008871706967, 0.18754521999801174, 1.2662616944284522, 2.865541299189356, -0.03064626663473722
0.5419963678972272, -0.5018817551100553, 0.18749835266062642, 1.2697480892736395, 2.8630153304093535, -0.030665064723447114
0.5420299037483044, -0.5018380807282278, 0.18739258347415005, 1.2709438822567467, 2.8625570175521324, -0.030905596223662346
0.5420946370255725, -0.5019316406872699, 0.18746977681327714, 1.2716426945861468, 2.8608714873581627, -0.03286146309416675
0.5421030739319419, -0.5018301294568638, 0.1872574504602496, 1.273286358657121, 2.8599268189718625, -0.0328678893322693
0.5421078044121068, -0.501822866016734, 0.18727698506022347, 1.2714822003347548, 2.860674651026834, -0.03274339631560329
0.5421019913316117, -0.5018083560433668, 0.18725776965530402, 1.2724898438600933, 2.860317819979395, -0.03256079378480829
0.5420858887693873, -0.501863199504948, 0.1872828200012351, 1.2700760860813278, 2.8613201395238828, -0.03385284471896403
0.5420896839936619, -0.5018238563640466, 0.18723882421828605, 1.2665594303861059, 2.8629060632546084, -0.032962450224110415
0.5421034011183739, -0.5018340167208277, 0.18727365961757353, 1.2639266942156797, 2.8640412639111195, -0.03346533978557137
0.5420692567548467, -0.5018782149126391, 0.18725124741192303, 1.2598296673464848, 2.865996729858376, -0.034127142310889334
0.5420877613748359, -0.5018131800744262, 0.18722179738101605, 1.2559587987264471, 2.867814370048393, -0.03300424442327218
0.5420963082601971, -0.5018167009662027, 0.18722505940013046, 1.2512321458415097, 2.8696858227527926, -0.03320776590182537
0.5420956873325107, -0.5018086604424593, 0.1872243003165641, 1.2479191959719396, 2.870981108847418, -0.03224644959719372
0.542096810549719, -0.5017913997611513, 0.18722203242888058, 1.2444792696998201, 2.87254853322179, -0.03168339687640234
0.5420534817896496, -0.5018099058985144, 0.18719480499462693, 1.2419175780572418, 2.874275259821391, -0.031482303599859485
0.542039743896132, -0.5017909070361155, 0.18714090308069792, 1.237618490582059, 2.876623085691884, -0.030944518770893152
0.5420430247612397, -0.5018007765845215, 0.1870727234376403, 1.2329600949543191, 2.878907372792046, -0.029474405065935013
0.5420460948609619, -0.5018642646856708, 0.18711292334149557, 1.2282745431869337, 2.881029148662808, -0.030065136704697813
0.542058209956572, -0.5018353636050694, 0.18715607047507968, 1.2233850540142008, 2.8836159011123206, -0.03035651355316025
0.5420411577779887, -0.5018533479479391, 0.18707745244404778, 1.219513558980739, 2.885567464064079, -0.030107161600321144
0.5420539999452278, -0.5018012687857725, 0.18705151891596783, 1.215672170694816, 2.887525806617688, -0.02885367989991384
0.5420745945723411, -0.5018167218661458, 0.18695743736463707, 1.2114540287141449, 2.8895954336395957, -0.027900090536780855
0.5420904989972463, -0.5018353907608859, 0.18679924147527402, 1.2058975842965607, 2.8921828549833513, -0.028129839196357982
0.5420690056904208, -0.5018524303153864, 0.18669432902534583, 1.200539123866228, 2.8945852842444326, -0.027503984773429267
0.54205809688007, -0.5018783194481076, 0.1865797373105441, 1.196758417047727, 2.896378960064774, -0.026870536201791154
0.5420924986847858, -0.5018556470742802, 0.18639446579264554, 1.1912702259716643, 2.8989526922523288, -0.026602834153940474
0.5420535789865549, -0.5019038014595097, 0.18627525363123945, 1.185617112650392, 2.9017584893860486, -0.02758208763072701
0.5420554179939029, -0.5019305734810597, 0.18607863586575554, 1.1817628092639334, 2.9039090779270786, -0.028427668861887072
0.5420497221910326, -0.5019056439100056, 0.18589519419758585, 1.175435121809531, 2.907153296453013, -0.0277966919164869
0.542085084822801, -0.5018850124312427, 0.18575954147741794, 1.1694710124799241, 2.90972717296579, -0.026971239767914216
0.5420944787056355, -0.5019192642458908, 0.18564953322362818, 1.162809277801451, 2.9123994698396687, -0.02725604428327779
0.5420929586541107, -0.5019036527079127, 0.1854640910440632, 1.1570128524768355, 2.9151594941182726, -0.026319270244760478
0.5420977261764548, -0.501894083541932, 0.18526774370597318, 1.1503218055583198, 2.9182140715577174, -0.025416045036723386
0.5420920440419158, -0.5018930054489612, 0.18505304120897653, 1.1453926303975328, 2.9207169407523934, -0.024680782056163593
0.5420939238975155, -0.5018653748060798, 0.18472292017850286, 1.1388009086261563, 2.924166297938777, -0.02323205281155949
0.5421204647200251, -0.5019061704811134, 0.18458723330825844, 1.132178134423917, 2.926886006055035, -0.021995336902716663
0.5421555770958139, -0.5019101675263625, 0.184380224626016, 1.1252646584410468, 2.9299428685088866, -0.02175477682924083
0.5421433688339026, -0.5019073736041382, 0.18414391424609122, 1.1205086095529015, 2.9322936784786733, -0.020435921837086524
0.5421865481720013, -0.5018633199326863, 0.18403725311869842, 1.1151822892162069, 2.934285907323631, -0.019385822049925644
0.5422211027149378, -0.5018155368508135, 0.1838308388007669, 1.1090205037802776, 2.936519315727355, -0.0177643972370241
0.5422035120794978, -0.5018344402790755, 0.183705222283873, 1.102780557751312, 2.9387275488057907, -0.018126361552184993
0.542236300635471, -0.5017847331195916, 0.18350201476847278, 1.098757404142188, 2.9402905997453286, -0.016440355968251354
0.5422334443916105, -0.5018330686639021, 0.1832546202463566, 1.0958754891947282, 2.941512165968647, -0.015415615576221522
0.5422303695331405, -0.501825843827289, 0.1831135148598084, 1.0915793234666091, 2.943012929255371, -0.01554349857600555
0.542187759849967, -0.50186345822734, 0.18294324119073116, 1.0897048983888025, 2.9437964261151786, -0.015714814443482567
0.5422077280925043, -0.5018957248401942, 0.18292402796712812, 1.087097044109807, 2.9445388286888647, -0.016228941109823855
0.5421935987151619, -0.5019285591296908, 0.1827020316611563, 1.086770876376347, 2.9448330463055163, -0.017101182967788457
0.5421290099810014, -0.501982644330999, 0.1826600196619219, 1.0865595782996393, 2.944905563447832, -0.017454366456897612
0.5421476307355094, -0.501995395633873, 0.18261594630007044, 1.0861930455774311, 2.9447547163848133, -0.018181111015782216
0.5421419405470121, -0.5020153557381224, 0.1825890476776571, 1.0855690997334557, 2.9443336235927204, -0.018288364171056243
0.542146382618601, -0.5020127312617602, 0.182380944999781, 1.086870748185961, 2.9441716930178674, -0.018249756566178943
0.5421125757374349, -0.5020467003154114, 0.18224810968950025, 1.0917494973624393, 2.9417571069293236, -0.018498952742807818
0.5420798280178987, -0.5020402483619044, 0.18215296196207253, 1.0960230162374096, 2.9397414212956985, -0.017926008140776873
0.5420528284828056, -0.502070201133544, 0.18210856804540704, 1.1007057460315088, 2.9374589111010954, -0.01864272198382499
0.5420388178529801, -0.5021397814010762, 0.18208216526056137, 1.1069834352663301, 2.934099872167585, -0.01995722806809635
0.542007982317066, -0.5021483360549013, 0.1819981718819251, 1.1114027227171688, 2.932214838720945, -0.02013069855575711
0.5420404351653949, -0.5021472876960174, 0.18201947063939283, 1.117641030265734, 2.9293471858122433, -0.020079793926134515
0.5419593354795896, -0.5022371088028391, 0.18192527619768267, 1.1235153717922048, 2.9271817907099043, -0.022607752745470923
0.5419640676849441, -0.5022703313071055, 0.1819285819778099, 1.1269498286887762, 2.9257083234301726, -0.023855065705853384
0.541964220189097, -0.5022597400648766, 0.18192833301521472, 1.134851995090192, 2.922740749388384, -0.024091290000845502
0.5419594460935045, -0.502208551549116, 0.18186010293035018, 1.1416456426104589, 2.920346112347927, -0.024511611198370954
0.54206744438349, -0.5021489674917482, 0.1819138376760382, 1.1480071415700979, 2.917417946783515, -0.02592291942583267
0.5419952987431204, -0.5021434889318916, 0.18196066148470338, 1.1519476112254554, 2.9158128628027575, -0.026705867209382752
0.5420066958209192, -0.5021261357891518, 0.1819236901086414, 1.1555485135672015, 2.914499533620513, -0.026439388357852416
0.5420733020282943, -0.5021097205475299, 0.18198811180442512, 1.1563588048749125, 2.913566556414829, -0.026187531706361858
0.5420318121460354, -0.5021444733786612, 0.181953072155467, 1.158119301098029, 2.913100820493195, -0.027025672418788598
0.5419937061970893, -0.5021809309801295, 0.18197487434933282, 1.156764862341361, 2.9135490745740498, -0.027350256650660234
0.5420114108417681, -0.5021590211931257, 0.18194333022409692, 1.156988616518943, 2.9133472862137264, -0.027040668056776223
0.5419908738022381, -0.5021694971243091, 0.18197410949704093, 1.1567826993861718, 2.9137744271443276, -0.02668069724367703
0.5420018671179964, -0.5021819843854041, 0.1820372771578352, 1.155155271337201, 2.914462267514191, -0.02690472227695432
0.5419830203681375, -0.502169064819718, 0.1822254117375606, 1.1556142081857153, 2.914083650821584, -0.02711472113068886
0.5419887108194112, -0.5021796552613952, 0.18241250832588277, 1.156323068457055, 2.913359074521824, -0.02719120592336676
0.5419469566148687, -0.5022082033675532, 0.18243725307414627, 1.1567609889480313, 2.9138146382837893, -0.027983670514553558
0.5419188513964708, -0.5022431421253043, 0.18249767890030535, 1.1553165646960464, 2.9145143187853852, -0.02796935140128184
0.5419167534775793, -0.5022400123426324, 0.1827353025326269, 1.1555148834939197, 2.914304670462423, -0.02798533653325665
0.5419421882136922, -0.5022575954907852, 0.18284436040350277, 1.1562592983768776, 2.913557418619021, -0.0282770592067816
0.5419398794878301, -0.5022825836188602, 0.18301573228938534, 1.1574002619698553, 2.9126281884646548, -0.02895638731724332
0.5419422654206622, -0.5022358820792767, 0.18308922082385418, 1.1569923567465097, 2.9124706993216884, -0.028196122684933565
0.5419436895475359, -0.5021843886783373, 0.18318509810391373, 1.1560651930914154, 2.9135041145129748, -0.02738980087643354
0.5419240453257126, -0.5022115758830434, 0.18329302016889396, 1.1563020351106896, 2.913389565021265, -0.027527128578092662
0.5419052620944077, -0.502177412012607, 0.18335488911894676, 1.156296510038733, 2.913593247427083, -0.02746072474884259
0.5418937173324213, -0.5021974825799549, 0.18344518828051493, 1.1563841287734944, 2.9140960319634495, -0.027707101773630154
0.5418788673784563, -0.5022186155943987, 0.1835210714311155, 1.1565588081054994, 2.914132047641821, -0.027977672925180466
0.5418595478329835, -0.5022503499795247, 0.18373592153479648, 1.158140440102085, 2.91304825150975, -0.02845603927372708
0.5418355113460321, -0.5022788639599874, 0.18382825769827585, 1.1610195702904997, 2.9116654157444044, -0.029318919673238297
0.5418206704399825, -0.5022705508017284, 0.18389427572952813, 1.1614104869659718, 2.9120127690902384, -0.02934644823783157
0.5418103837700018, -0.5022859204081938, 0.18407521731774626, 1.161841113221056, 2.9112010387147023, -0.028776564277139007
0.5417792379555696, -0.502296235166504, 0.18415017069869732, 1.1613445311515995, 2.911377829161473, -0.02878527928369023
0.5418062043469585, -0.5023139647800512, 0.184271440161203, 1.1622611911230072, 2.911144212789621, -0.029194240833169457
0.541768207515475, -0.5023165475832192, 0.18436121901808192, 1.1618116417070512, 2.911603725275146, -0.029374795638919145
0.5417444353930229, -0.5023324628830056, 0.1844104731846696, 1.1612517457876004, 2.9123107784376168, -0.02939541624357983
0.5417605140424248, -0.5023717833816858, 0.1846458092599062, 1.1603872891047975, 2.911662150358439, -0.029807155022116286
0.5417417174080018, -0.5023349725864561, 0.18467453573823134, 1.160125042720837, 2.912903003615743, -0.02942521189387258
0.541753503365364, -0.5023193054791001, 0.1847115599733572, 1.1595349823629222, 2.913101831531147, -0.029247449948039787
0.5417760144777105, -0.5023138633892014, 0.18471906980173636, 1.159401239748036, 2.912906339741435, -0.02917373651029288
0.5417566535411336, -0.5023533609955677, 0.18473282660241097, 1.1600295195813397, 2.9125947575586504, -0.029497140359606093
0.5417614374187044, -0.5023408267336047, 0.18475776200556654, 1.1594417242707251, 2.9127961684237045, -0.0294333755985468
0.5417277802863077, -0.5023743027842261, 0.18468668065946212, 1.1598444843293798, 2.912895721030932, -0.029868088895384906
0.5417762633102929, -0.5023273010742985, 0.18470649181521626, 1.1589780942490897, 2.913007806163957, -0.029236390973940936
0.5417665057341572, -0.5023740880087667, 0.18476427089072212, 1.160276154770615, 2.9120903232632074, -0.028895991145943215
0.5417308122188622, -0.5024061855425253, 0.1847514765060401, 1.1591209663376139, 2.912733531051588, -0.029823237164054377
0.5417452150204976, -0.5023923530649332, 0.18477669065181798, 1.1597172182480786, 2.912401479050677, -0.02965719846136404
0.541711366454591, -0.5024247765958353, 0.18473078671968396, 1.1607128198248808, 2.9119880645832614, -0.030311104905905738
0.541704146025901, -0.5024007992609941, 0.18471453280088754, 1.160661869149153, 2.9122285944598088, -0.030279774380089233
0.5416911789986542, -0.5024101315297445, 0.18468678466071325, 1.160340948512614, 2.9125985987649066, -0.03047378101647059
0.5416771333144809, -0.5024071056918245, 0.18469739351909711, 1.1610198513267715, 2.912374775955281, -0.03055099014168507
0.5416612349635925, -0.5024251846097952, 0.18470215655550012, 1.1613163579992256, 2.912300507651985, -0.030957717129594
0.5416687841992963, -0.5024528239028005, 0.1847525542812088, 1.1614415853925322, 2.9123109217720606, -0.031109133821240725
0.5416692088426791, -0.5024684141708572, 0.18476883374289768, 1.1619193886749613, 2.912123121871348, -0.031795638706030485
0.5416893098378223, -0.5024465999138265, 0.1847357521393534, 1.1601577118571615, 2.9128421819679504, -0.03128254685930904
0.541680818675322, -0.5024519883727466, 0.18474759207300118, 1.1594785735457567, 2.912962850167132, -0.031027461445282466
0.5417022813893246, -0.5024597280374385, 0.18477733955518438, 1.1591925830651768, 2.912888055764476, -0.031452683064567444
0.5416743284219662, -0.502491147619914, 0.18478729594198653, 1.1590343869846744, 2.9129440370677617, -0.031571592736057585
0.5416279900418522, -0.5024821496052586, 0.18470910244929487, 1.1582743613772093, 2.9139615280261104, -0.03200149324495783
0.5416010213468178, -0.5025122714633311, 0.18470934366983588, 1.158030491118706, 2.914260354317069, -0.032649482122351935
0.5416373676147241, -0.5025207089720127, 0.1847662457477512, 1.1581501515650943, 2.913730034385282, -0.032244270589236755
0.5416487935534713, -0.502480546083566, 0.18472895941681194, 1.15679492689828, 2.914464661174193, -0.03180567988646591
0.5416248854034119, -0.5025093932597227, 0.18475829073065478, 1.1574206744291307, 2.9142052476703757, -0.03184410193878544
0.5416343330599069, -0.5024934167675738, 0.1847417566219062, 1.1575406742028713, 2.9142043600836076, -0.03180920865071372
0.5416543025361321, -0.5024855412072018, 0.18477925898282546, 1.1575946245912199, 2.914080714228505, -0.03184021321189011
0.5416394938251103, -0.5024890648575021, 0.18473614443882713, 1.157629941900996, 2.9141774315084565, -0.031691444930392484
0.5416428968798328, -0.5024861223438806, 0.18475590490691618, 1.1576702998203396, 2.9141211584676596, -0.0317802496479243
0.5416174811624064, -0.502501707607725, 0.18472962451696928, 1.1578312669226911, 2.9141223967408894, -0.03177853947130659
0.54163393439767, -0.5024984901781238, 0.1847581948943566, 1.157694861701342, 2.9140807150128327, -0.031751856738906375
0.5416380721300014, -0.5024907613239576, 0.18476570822829091, 1.1576253434238923, 2.9141090712868536, -0.03175165408529727
0.5416300281413474, -0.5025023339089711, 0.18474726184938683, 1.1577471073361196, 2.914111155091009, -0.03183095880978967
0.5416213013177995, -0.5024963995464012, 0.18473836337714553, 1.1576897302829057, 2.9141721680198702, -0.03181940369301287
