-0.2936639696874731, -0.4937896031479487, -0.11316380013926582, -1.7277754208433649, -2.5904235264850533, -0.0030389944991042177
-0.29366703556441437, -0.4937884976440979, -0.1131637158909576, -1.7277403291830964, -2.5904049485104874, -0.003025786710505092
-0.29366890921357225, -0.4937971824798443, -0.11316062531423374, -1.7277625714979286, -2.5904043721599956, -0.0030301067421580445
-0.29364527157517495, -0.4937801531108066, -0.1131731429422861, -1.7277279987390575, -2.590454654487111, -0.0031166039269533616
-0.2936531925355715, -0.4937962515331766, -0.11316674230344209, -1.727761874769742, -2.590404525484792, -0.0031062484248333124
-0.2936609830678841, -0.49377780238286784, -0.11317029902680611, -1.7277477476981375, -2.5904171547689607, -0.0030894219538078866
-0.29368066122562025, -0.49377970178653285, -0.11315936130814246, -1.727780065999965, -2.5904312140194894, -0.0030631056247759875
-0.2936716608971485, -0.49378474663959876, -0.11315300581377236, -1.7277641713489544, -2.590406737608634, -0.003012591185618801
-0.2936615052778218, -0.49378908248756703, -0.11316944434035126, -1.7277883768711582, -2.590442702194751, -0.0030479137019235073
-0.2936672500992858, -0.4937753675962876, -0.11316913297641115, -1.727765052095406, -2.590409243202707, -0.0030709509441801987
-0.2936617140191211, -0.493800197954554, -0.11315438186250647, -1.72775716627279, -2.5904288449234216, -0.002998296138455659
-0.29365810367479833, -0.49380358277230346, -0.11316506418209779, -1.7277268407053417, -2.5904174736122507, -0.0030070318974853944
-0.29365802648678185, -0.49377589587669785, -0.11318887914531411, -1.727755420122044, -2.590429544404501, -0.0031516417876427945
-0.2936651095369671, -0.49381321369840325, -0.11314233882536455, -1.7278158657479674, -2.5904144901754766, -0.002948114411977936
-0.2936666329487381, -0.49379729830622837, -0.11314994300199872, -1.7277929619928305, -2.5904156727232928, -0.0030208527617182207
-0.29367357593787097, -0.4937730145858742, -0.11319087786349623, -1.7278232608350026, -2.5903629795554024, -0.0031070644855948396
-0.29366985609743657, -0.49378610236554865, -0.11316380013926582, -1.7278373997340108, -2.590382158812935, -0.003038474039120919
-0.2936572517925557, -0.49380454791645256, -0.11314881053924396, -1.7277507522577062, -2.590419185035248, -0.002994083383228505
-0.29366026554604446, -0.49377575985965644, -0.11316521134137161, -1.727780536931074, -2.5903987507273585, -0.0030708984613401534
-0.29366646008052094, -0.4937730861609102, -0.11317584226718794, -1.727763189430552, -2.5904068738605437, -0.0030889155136061674
-0.2936546875292931, -0.49378008757459113, -0.11317584226718794, -1.7277788288391303, -2.590396372809078, -0.003087619222674115
-0.293673136704936, -0.4937751376356161, -0.11317319002842849, -1.7277870625171758, -2.5904086007543854, -0.003075706710719041
-0.29366641943026567, -0.49379008274890757, -0.11315820072029076, -1.7277158604188254, -2.5904353366696538, -0.0030315751868991263
-0.293664766792187, -0.49378534618844505, -0.11317901205806133, -1.7277378124569125, -2.5904029919315326, -0.003121005041084908
-0.2936660480077436, -0.4937957034690452, -0.11314010243585089, -1.727762003928912, -2.5904365096003, -0.0030214248318897064
-0.2936833863744279, -0.49378078064919023, -0.11316152948062139, -1.7278498052588942, -2.5903668331562892, -0.002998727753205018
-0.29367400540128863, -0.49378812943821354, -0.11316327776301097, -1.727800612482208, -2.590361348927889, -0.003043312530010338
-0.29369014233201063, -0.493796813033403, -0.1131597309784404, -1.7278143757959263, -2.5903803819426874, -0.0029768858955967624
-0.2936615594239887, -0.49377623747267607, -0.11317878469712941, -1.7277496427931356, -2.590388039216088, -0.003156731580559685
-0.29366492120594767, -0.4938093065017229, -0.11315460870542769, -1.7277453342338163, -2.5904437959266184, -0.0029625685764945574
-0.293663741176998, -0.4937824450940822, -0.11317498313235214, -1.7277843289927033, -2.5903719445323685, -0.0031202318580943822
-0.29367994579864715, -0.4937913570532836, -0.11316696939225913, -1.727780808084679, -2.5903990421427032, -0.0030720748875802946
-0.2936506760742925, -0.493775197846291, -0.11319048308599364, -1.7277708320226766, -2.590418969575043, -0.00315154657752598
-0.2936730631886119, -0.49379194001507043, -0.11315997012399048, -1.7278190045474644, -2.5903874644294165, -0.0029982489962099316
-0.2936946625738813, -0.49377485956836586, -0.11316782902833258, -1.7278843066020495, -2.5903509184001874, -0.0030397705040916454
-0.293679410096288, -0.49378314057224654, -0.1131733330095861, -1.727802182129676, -2.5903635372518536, -0.00302573294590803
-0.2936847201930162, -0.493763468422866, -0.11317472106462521, -1.727873974797897, -2.590336441927245, -0.003070653099639386
-0.29367918530084786, -0.4937890588713259, -0.113170708549855, -1.7278481140386361, -2.590364415217798, -0.0030162057030106177
-0.2936881602550793, -0.4937799458270214, -0.11316231378139087, -1.727859903540591, -2.5903812375433133, -0.0030450405626369897
-0.2936897438138845, -0.49377775931711976, -0.11317226785399796, -1.7277709570518003, -2.5904158892160023, -0.0030185125134066767
-0.29367492228516867, -0.4938005837982359, -0.11315692426603825, -1.7277791315845958, -2.5904282340417444, -0.0030043279403072502
-0.29367337231163676, -0.49377575718857025, -0.11318392831845939, -1.7277852151985598, -2.5904062002287485, -0.003093664748916955
-0.2936865791461451, -0.49378994694573025, -0.11316468209986137, -1.727799898532038, -2.59039341539287, -0.0030355945079667836
-0.29369829388376517, -0.4937819534466268, -0.11315841071487161, -1.7278504766083684, -2.5903666671793495, -0.0029998499210888395
-0.29368056659463326, -0.4937897176923642, -0.1131695593986029, -1.7278279059135246, -2.5903674783805672, -0.00299399678577694
-0.2936810431166351, -0.49378061827649083, -0.1131855734436836, -1.727855561118501, -2.5903767215785707, -0.0030803890436834716
-0.29370315540948405, -0.4937820929135292, -0.11316249591573749, -1.727894546149741, -2.5903653419039645, -0.0030088489652978557
-0.2936786424072642, -0.4937874962700709, -0.11318400272951167, -1.7277960156946874, -2.5903883366204834, -0.003072400051262042
-0.29367105926967585, -0.4937861207280585, -0.11317897730954657, -1.727815203090778, -2.590382642342085, -0.003034133643484255
-0.29368045772396173, -0.4937993698364317, -0.11316205770841384, -1.727799427056824, -2.5904253976795633, -0.0030263723092158463
-0.29367451803375927, -0.4937927219686325, -0.11318168754119048, -1.7278087514104021, -2.5903729872764543, -0.003030423931103125
-0.2937034694420473, -0.49376980637459217, -0.11317964926427998, -1.7278609544708914, -2.5903172759372155, -0.0030635097573901006
-0.2936811019310202, -0.4937946633116405, -0.11315913859859665, -1.727815478608996, -2.5903829777272867, -0.003035581654510042
-0.2936948982287616, -0.4937957596540021, -0.11316929715868523, -1.7277969531898916, -2.5904199977477447, -0.002986125514759792
-0.2936714378284831, -0.4937735390191792, -0.11319837154942627, -1.727830942969627, -2.5903753529115727, -0.0031708143287128526
-0.2936707366258607, -0.49378855716173403, -0.11317973351319574, -1.7277716665465679, -2.5904187883478884, -0.003076193424416448
-0.29369923030186446, -0.4937675553733145, -0.11318778768492184, -1.7278768850497426, -2.5903415538751386, -0.003112948388393851
-0.2936953080115512, -0.49377996545581226, -0.11317708114356588, -1.7278580071648215, -2.590378876611744, -0.003063509826300873
-0.2936879655587373, -0.4937825258285572, -0.11318292083700807, -1.7277869221159181, -2.5904400991916483, -0.003068702100428279
-0.29370552634841707, -0.49376854045943414, -0.11318630143239676, -1.7278678797395046, -2.5903616232902786, -0.0031189880371663525
-0.2936928682910718, -0.49378342681009285, -0.11317583085689939, -1.727855858067185, -2.5903418864842203, -0.003030535772126556
-0.29369991029418374, -0.49380024143455026, -0.11315467216190098, -1.727767372152847, -2.590408439757489, -0.002918981397091925
-0.29369691811736887, -0.493781189749369, -0.1131868938663276, -1.7278669047746098, -2.5903587210198102, -0.0030586935686399384
-0.2937053097728252, -0.4937672146132989, -0.11326757543872705, -1.727901688386434, -2.5903444312417365, -0.0030811666139303373
-0.2937086460881905, -0.49376576022107943, -0.11342491975840954, -1.7278735066227207, -2.590304265386243, -0.003139494226826442
-0.2936910758996752, -0.4937375657220543, -0.11369217944771948, -1.7278141320284341, -2.5902897828454017, -0.0034678671090254136
-0.2937027181740472, -0.49374889676132794, -0.11389740962363326, -1.7278589236020474, -2.5902561706317266, -0.0034663791630258588
-0.29371267568778403, -0.4937486582453243, -0.11410242917479897, -1.7277923915714868, -2.590289243628029, -0.0033502642109704624
-0.29372410593480647, -0.4937728988428198, -0.11433413832737102, -1.7278569933190635, -2.590217667619693, -0.0033199260273883147
-0.2937270926899775, -0.49376974855616385, -0.11459161308953494, -1.7278087216462064, -2.5901819224964155, -0.0034153849737453934
-0.29374533259990243, -0.49377568779272824, -0.11487525199918139, -1.7277803915375538, -2.5901667794329146, -0.0030204202594080053
-0.29372958475840266, -0.4937497785312799, -0.11516622729382732, -1.7276302011667781, -2.5901099363911553, -0.0028749212989701996
-0.2937667993837835, -0.4937275344546638, -0.11543380149884619, -1.7277390574474392, -2.590066304071385, -0.0026172435387508872
-0.2937548257540002, -0.49371150547924514, -0.11572332348135432, -1.7277880722659231, -2.59010010754665, -0.002233097988279259
-0.2937549740820687, -0.49366764570505645, -0.11601824348565769, -1.727906083995531, -2.5900694501645916, -0.0019435151557872078
-0.29376207014105743, -0.49366791727711556, -0.11628289667474119, -1.7279458173307225, -2.590151932840536, -0.0014208258888956508
-0.29375173422899703, -0.49363903368632056, -0.11657424978507684, -1.727981953252033, -2.5901695636519593, -0.0012434299340616489
-0.29375390754672265, -0.4936326646115658, -0.11684376569368325, -1.7279173361657454, -2.590234015810909, -0.0008683548115441985
-0.2937743488043133, -0.49361144208718327, -0.11706595814005874, -1.7279879907338593, -2.590167365793102, -0.0005549043270165554
-0.2937896454306514, -0.493603496509075, -0.11732541684031307, -1.7279070966044674, -2.590044013979924, -0.0002878794075470365
-0.29379494608370493, -0.49361327902125524, -0.11756354907449597, -1.7278779587513524, -2.590065471738458, -0.00017431009748581874
-0.2938135601967005, -0.4936377445099367, -0.11778124337916618, -1.7279323977169716, -2.590011196941345, -9.155158803094812e-05
-0.2938348752740562, -0.4936423233425396, -0.11800223014203856, -1.72795152457011, -2.589938487981001, -7.262648094579178e-05
-0.2938603524105535, -0.4936627206066561, -0.11824264536989902, -1.7279629103971728, -2.5898883424689974, -4.040130846422403e-05
-0.2938694834767025, -0.49365695832439566, -0.1184859307249024, -1.7278918796431084, -2.589845856720484, 0.0002164406209155519
-0.29388231881241406, -0.49361441560867597, -0.11878537815845809, -1.7279050343892406, -2.5896977771996315, 0.000376711140860821
-0.2939062493284835, -0.49360698453456253, -0.11906230776865369, -1.7278771069498535, -2.5895884577381936, 0.0005134193989045196
-0.2939202346382317, -0.49360888245176593, -0.11933856246561399, -1.7277695487076998, -2.5894580639163847, 0.0008076070749808396
-0.293923242258072, -0.4935961187744266, -0.11959972570143071, -1.7276527180217158, -2.58938307045467, 0.0009700975494812802
-0.2939610918997435, -0.4935597144495091, -0.11985827637158877, -1.7276605174110184, -2.5891943972190394, 0.0009695117096294269
-0.29395500091182564, -0.4935762649903298, -0.12011354128628388, -1.7275780612183562, -2.589170384619417, 0.0012065499690241553
-0.29396492542373903, -0.4935595288051048, -0.12038273955776374, -1.7274909105257035, -2.5890717031925385, 0.001427551119170134
-0.29399228880267675, -0.4935434428633956, -0.12064914098749564, -1.7274790578249601, -2.5889518773491185, 0.0014866035198379344
-0.2939791103671888, -0.49354024959147513, -0.12092264727605527, -1.727277821549204, -2.5889189651738906, 0.001731784929360282
-0.2939790209035666, -0.49347845500449466, -0.12122922483553122, -1.7272030926394228, -2.5887095324926404, 0.0018130608623772035
-0.29401393861452585, -0.49350174630469845, -0.12147416356537871, -1.7272202983091942, -2.588595635842066, 0.0020764758611607438
-0.29402638872199854, -0.49349182776335615, -0.12174646464932606, -1.727189276809048, -2.588516434318054, 0.00212718564314077
-0.29405970096494694, -0.4934797789136309, -0.12198213777821121, -1.7272234310549959, -2.5884289612753353, 0.0023583315964858533
-0.29408543787496655, -0.4934706537886644, -0.12219962326511882, -1.727259884420416, -2.588346861271827, 0.0025473382574355825
-0.29406543001898855, -0.49345990402413986, -0.12243948853307816, -1.7270600627266257, -2.5883489842007643, 0.002666040976265466
-0.2940901655877102, -0.4934640714704709, -0.12269988476205188, -1.727158116178951, -2.5882918222944844, 0.0028147068878236503
-0.2941196407497399, -0.49346149910815984, -0.12293813912247757, -1.727104220752567, -2.588242446337141, 0.0029361675544362824
-0.29413620332573515, -0.4934876192330354, -0.12319312463778395, -1.727058884045381, -2.5881071871990415, 0.0030282110390464374
-0.29417954624329395, -0.49346970225127484, -0.12344176818272329, -1.7270122447059462, -2.5878043464495515, 0.003171482692414079
-0.29418815153608274, -0.49343488031117577, -0.1237110943239173, -1.726975119188334, -2.5877806006854547, 0.0033390444688418115
-0.2941930697131516, -0.4934084081014323, -0.12397677871633778, -1.7269658915108803, -2.5878293962784684, 0.0035162485512617845
-0.2942432806651168, -0.49338591855686026, -0.12424948012889846, -1.7271309896851226, -2.5877681696677364, 0.003804180172067876
-0.2942566335105032, -0.493343604563959, -0.12451515146013077, -1.7271742468943387, -2.5877950788909674, 0.004053302169937343
-0.294267052167412, -0.49332385608376916, -0.1247855067565651, -1.7272326655072403, -2.587746508665415, 0.004190801280399277
-0.2942916330348624, -0.4933063031852035, -0.12504152916616246, -1.7272657113957042, -2.587756009328791, 0.004464388434191175
-0.2943143409551781, -0.49325229691308486, -0.12534381662914396, -1.7274568485845867, -2.5877009991645123, 0.00472947054430119
-0.294321599155474, -0.49324353585997704, -0.12562053163998285, -1.727467409854594, -2.5877113242848844, 0.005010535234962231
-0.29435047684232646, -0.4932152720810701, -0.1258670551283663, -1.727458369965535, -2.587657513114061, 0.005352037814310517
-0.29437297100743914, -0.49322325293533026, -0.12613197997542738, -1.7275166407050355, -2.587605248356345, 0.005624308199564866
-0.29441171929632404, -0.49320991300865663, -0.12639871809033368, -1.7275614552362764, -2.587472833921355, 0.005579335743261995
-0.2944324538265882, -0.4931997892340718, -0.12666473245651083, -1.7275761682677715, -2.5873898799957575, 0.005851157238320534
-0.2944585651237993, -0.493176157078135, -0.1269095399416568, -1.7276802934903304, -2.5874038721057904, 0.00616575456071267
-0.2944609999831653, -0.4931166607490457, -0.12718184733510296, -1.727744303741124, -2.5873645433115944, 0.006298516829772672
-0.29446999159214854, -0.49311552622962646, -0.12740327035225857, -1.7277922657403544, -2.587392164472054, 0.006720594136247829
-0.29451238386129824, -0.4930793486607836, -0.12764943408879578, -1.7278629689980647, -2.5872970106803677, 0.006808293966849038
-0.29452128952165574, -0.49306335805894447, -0.12788940725864476, -1.7277914274207424, -2.587188926578545, 0.006954605075875149
-0.2945654267426198, -0.49303438000503647, -0.12813959647381384, -1.727950973052734, -2.587086298653808, 0.00723845633209312
-0.2945847869443809, -0.4930091350390095, -0.12841228239250915, -1.7279179956218889, -2.5870662902509376, 0.0074413040397092916
-0.29459152118584764, -0.4929964450729623, -0.1287169153524982, -1.727933992999649, -2.586923601259492, 0.007483816388017536
-0.2945728966699645, -0.49296448519815333, -0.1289731582709681, -1.727886285061533, -2.587014448666897, 0.007752060220964954
-0.29460414016070935, -0.4929220894765573, -0.12925887157407243, -1.7280271740088575, -2.5869198117566543, 0.00794142429247909
-0.2946428529136399, -0.49288411911342034, -0.12951984809913233, -1.7281162867046373, -2.5868809060146485, 0.008161234061013748
-0.29466693571863345, -0.4928512068425064, -0.12981470428364944, -1.72817716694603, -2.586898762442826, 0.008428894154827313
-0.29468754190275126, -0.492843014109932, -0.13009898587104235, -1.7282508985244096, -2.5869004058942258, 0.008813381731850178
-0.29470969376708595, -0.4928017365385595, -0.13034619813500517, -1.7283347299817637, -2.586886092859296, 0.009067096185296136
-0.2947165817459021, -0.4927847186657693, -0.1306346865126451, -1.7283861454089195, -2.586924103480017, 0.009329588742838492
-0.29476126278675435, -0.49275695465404984, -0.13094504398302229, -1.7284877524036077, -2.586838009882269, 0.00950422649155188
-0.2947912776493134, -0.4927206705648393, -0.13123898113159324, -1.7286276727116892, -2.586806194268963, 0.009790851992803757
-0.2948497009776503, -0.4926803888630024, -0.131526606237311, -1.7287716898918641, -2.58674740088748, 0.010024271128978746
-0.2948649596515206, -0.4926258284696908, -0.131809236451771, -1.7288832184064529, -2.58674137455709, 0.010269076961932131
-0.29490667825630723, -0.4925900792842211, -0.13207185637561478, -1.7289989222054483, -2.5866433143351366, 0.01042645732218018
-0.2949399081793636, -0.49260071556244334, -0.1322851204545419, -1.7290735750276014, -2.586646275521785, 0.010732606337373973
-0.29495303093409264, -0.4925611761129488, -0.13256432921952366, -1.7291676276046262, -2.5866489859059985, 0.010960328476747928
-0.2949465938580507, -0.49255797329114887, -0.13280221021811092, -1.7291570411162682, -2.5866340433435857, 0.010948056757531043
-0.29495640286248015, -0.4925743575297549, -0.13298892244449464, -1.729150155864889, -2.5866202784693124, 0.01110720112360939
-0.2949949475946919, -0.49256352704100637, -0.13320245139362302, -1.7292114295662302, -2.586578972424756, 0.011046984634189674
-0.2950332736011412, -0.4925348774226361, -0.13343824395466053, -1.7293009671641664, -2.586545387721093, 0.011054401288642993
-0.2950667526947556, -0.4925369610284554, -0.13364653952729005, -1.7294353612734643, -2.5864102577391956, 0.01107001544673393
-0.2951062479951902, -0.49252220638402394, -0.13387140646442924, -1.7294679935657138, -2.586359747397628, 0.011018411936814933
-0.2951118757957491, -0.4924848532786207, -0.13415222014917197, -1.729491019848157, -2.5863335288149014, 0.010751387978792456
-0.2951568918101579, -0.49246279698296935, -0.13441156760401257, -1.7295833364911923, -2.5862385305474875, 0.010759051706985408
-0.29517317290728806, -0.4924216326089369, -0.1346899547121485, -1.7296445915406915, -2.586224168444487, 0.011017016108530564
-0.29519242932689416, -0.49238585187858885, -0.1349786341075041, -1.7297458769807346, -2.586139024997811, 0.011116829293471601
-0.295226435205014, -0.49237386240552056, -0.1352230015469009, -1.7297084123542912, -2.586020500758576, 0.011006849654809105
-0.2952616153086083, -0.49236962555493763, -0.1354343066545506, -1.729892071954606, -2.5859914080602984, 0.011053590179134173
-0.29526071386129327, -0.4923585189056601, -0.13570553805541577, -1.7298710524442664, -2.585962089275758, 0.011009290875195456
-0.2952996937097727, -0.49232495155777817, -0.1360041143703571, -1.729934743652393, -2.5858929891818705, 0.010898269308362846
-0.2953406731348995, -0.4923108997063806, -0.13626398203195614, -1.7300072187504965, -2.585801552960037, 0.01085279108269218
-0.29535875297683206, -0.49231908988843165, -0.13651484356275576, -1.7300347255934077, -2.5857752673195904, 0.010834867332363711
-0.29538397812905043, -0.49224337698844545, -0.1368400340283147, -1.7300424459117552, -2.5856949988237536, 0.01054858612724883
-0.29542171427326147, -0.49219617175597086, -0.13711045338580397, -1.7301233713361241, -2.5856428151128834, 0.010831366053926943
-0.2954471054339463, -0.49218792088807, -0.13733969947129077, -1.730242243881219, -2.585713732274528, 0.011107825116473964
-0.2954597377375504, -0.49216369558797834, -0.1375994816368832, -1.7302306077146699, -2.585729901121421, 0.011102388784954561
-0.2955030379885684, -0.4921120846896776, -0.13788889220065847, -1.7303858192376325, -2.585631873670171, 0.010925091253986672
-0.29553221761903803, -0.49212264344006945, -0.13811970663166112, -1.7304142161073313, -2.5855734268320214, 0.010974734463208694
-0.2955322603389222, -0.49210330542388553, -0.13838799879761804, -1.730385315453173, -2.585567856860773, 0.010788720572322753
-0.2955477438901284, -0.4921147378385117, -0.13861388746833347, -1.7303786581286331, -2.58562361659421, 0.0108479248695662
-0.2955558277368259, -0.4921041781735296, -0.13888400759302238, -1.730166950982929, -2.5858079203994655, 0.010866322900133665
-0.29558475213933044, -0.49207794152629064, -0.13915220150591012, -1.7303682656756711, -2.5858390152371538, 0.01090952377504801
-0.2956208434996984, -0.4920632321450807, -0.13936806072273916, -1.730555080392207, -2.5858481506539905, 0.011018333561889568
-0.2956373468546502, -0.4920323014974722, -0.13969189878224622, -1.7306343260197654, -2.5858704379239863, 0.010818831124599812
-0.2956457196762449, -0.49200554816778874, -0.13995564255609166, -1.7306731866778717, -2.585924846228657, 0.010963558404207393
-0.295678629419695, -0.4920018614776706, -0.14018096859416865, -1.7308363708455257, -2.5859636939121975, 0.011145857081854053
-0.29568470647620915, -0.4919938119039745, -0.14043474783302282, -1.7308994928851134, -2.5858925715295746, 0.011096327166828842
-0.29573097037434254, -0.49198448470704115, -0.14068371364529447, -1.7309415508460815, -2.5858570148041347, 0.01100010200509994
-0.29575913171699403, -0.4919608691956901, -0.14095704685831636, -1.7310024694518829, -2.5857840997522175, 0.01085465363046912
-0.2958110741047261, -0.4919399786386389, -0.14120017782538413, -1.7311578664203533, -2.5856780928014422, 0.010948883781654999
-0.2958581681047965, -0.4918879330951182, -0.14148490165310357, -1.731219740050957, -2.5858048796374815, 0.010927732889216678
-0.2959090807415669, -0.4918459505005456, -0.1417864137017736, -1.7313806076242595, -2.585845795188392, 0.01079961154340543
-0.2959431247290088, -0.4918073249490292, -0.14209930927551068, -1.7314244409790298, -2.58594570708701, 0.010811537075128403
-0.29593349230026866, -0.4917859728935535, -0.1423804844961017, -1.7313516079928064, -2.5862649330112943, 0.011105144318545288
-0.29591788417912307, -0.4917260227220645, -0.14267043379439392, -1.7313983795075665, -2.5862682903686247, 0.011169914214363032
-0.29590224785400876, -0.491723343013006, -0.14292998870124035, -1.7312593325581582, -2.5863635382440835, 0.01112893947806828
-0.2959231638102697, -0.4917202363445911, -0.14319055855265433, -1.7312032242256703, -2.586382975658854, 0.011056528208745062
-0.29593436102085235, -0.49175676143717106, -0.14335561325568758, -1.731106576632533, -2.586502644565051, 0.011207948120344906
-0.2959445294258319, -0.4917808993374228, -0.14340986863045713, -1.7311517991065737, -2.586557460597003, 0.01175730866838329
-0.2959783529137531, -0.4918195570729669, -0.14338611476241456, -1.7311477076028594, -2.5865248811772243, 0.01293676660251602
-0.29601758021023106, -0.49183603116033114, -0.14341498871563804, -1.7310919533999634, -2.5864482054716134, 0.014101515258561638
-0.29602397229167565, -0.4918515312143745, -0.14346731139388197, -1.7310277498413287, -2.5864070715602536, 0.014703188947566805
-0.2960481556931577, -0.4918517897097982, -0.143482799831598, -1.7310794846879147, -2.5863684043113344, 0.01533466127635459
-0.29605792755004584, -0.49187248489117275, -0.14352091263475764, -1.7310371248825247, -2.5864515295759705, 0.016294103758242827
-0.29607950281818135, -0.49187203012376723, -0.14356951698234588, -1.7311112169405503, -2.5863744260574717, 0.01712678137231431
-0.2960996548687918, -0.4918778910466554, -0.14361228535595072, -1.731072695312919, -2.5864298289053442, 0.018034254079418197
-0.29611506401251253, -0.4918875633733995, -0.1436678961051728, -1.7311091889414336, -2.586369128369138, 0.01865913911634851
-0.2961423373816421, -0.49190142996502123, -0.14368559959581115, -1.7310465163914228, -2.5862879359692403, 0.019539767597850793
-0.2961548843578226, -0.4919068975758533, -0.14367883758647704, -1.7309854063220411, -2.586274542552902, 0.020474383949208055
-0.29619775397583403, -0.4919279881855097, -0.14366070073780723, -1.7309974419688152, -2.5861580251033307, 0.021848975893603666
-0.2962162479093131, -0.49189789581476284, -0.14367145056682343, -1.7308988707388735, -2.5859919183250266, 0.022627447803305407
-0.29621298651842765, -0.49192213719329586, -0.14373453512608186, -1.7309306650824772, -2.58598765267183, 0.023389785242078378
-0.2962563010305095, -0.4918881561713489, -0.1438198531587273, -1.7309405763439398, -2.5859506631926727, 0.024065872471425595
-0.29625832691597154, -0.4918904112709634, -0.14387287936447807, -1.7308628185412962, -2.585948507559976, 0.024847062108858384
-0.296280599398691, -0.49191793660748084, -0.14390621268621995, -1.730746395802412, -2.5858513373261562, 0.02578136195649775
-0.29630585597423265, -0.4919136331234631, -0.14397551834329533, -1.7308278751628103, -2.585854661355658, 0.026450056940488152
-0.29630253590165806, -0.4918984248057961, -0.1440479409956423, -1.7307392168313358, -2.58580873052533, 0.02703689474946167
-0.2963249965793071, -0.4918983916317858, -0.14410322852625343, -1.730726098582145, -2.585697394524068, 0.02795501959593239
-0.29635283864562617, -0.4918494938105533, -0.14417265509177296, -1.7306491623245053, -2.585563508504251, 0.028601281403978673
-0.2963267409950438, -0.49180657351604, -0.14422146216020104, -1.7305889604336178, -2.5855619107707093, 0.029131037795140997
-0.29633034422212906, -0.4917330215725071, -0.14423512349655063, -1.7305966140543143, -2.5854299996123355, 0.02951456133472688
-0.29626478884801927, -0.4915433843814455, -0.14426884462805115, -1.7304197872126519, -2.5853659187878963, 0.02968247984863076
-0.29620192789669963, -0.4912472836688977, -0.14423688771497356, -1.7303138917844834, -2.5851352658832254, 0.03002298690686908
-0.2961232220873096, -0.49094494740388356, -0.1441535921909117, -1.7301796738624249, -2.5848692916085985, 0.03013263228226284
-0.2960630451970968, -0.4907645758863185, -0.14405417852274605, -1.7300684405262605, -2.584764651379654, 0.03047413432255511
-0.29598139316408933, -0.49061317546762084, -0.14403006268317656, -1.7299439518130293, -2.5846793198206397, 0.030623854471406642
-0.29595306141207783, -0.4904746529662873, -0.14408075450376306, -1.7297824010649854, -2.584508153911479, 0.030575595011668354
-0.29595098118146873, -0.4904693377865528, -0.1440699579599628, -1.7297186634817507, -2.5844760311951234, 0.030655514820150588
-0.29596334725805484, -0.49048775784075943, -0.14411925496181432, -1.7296451559265509, -2.584434986643256, 0.03056761601543493
-0.29594749082597793, -0.49047348682248315, -0.14425989583398377, -1.7295829979792634, -2.5843841421963893, 0.030310274067425362
-0.2959694033740392, -0.4905011339727335, -0.1442801959353609, -1.7295994380168394, -2.584336095106174, 0.030435652459699387
-0.29598131916422926, -0.49049428580167004, -0.1442767518347514, -1.729657438417867, -2.58434813229398, 0.030725868217274604
-0.2959722064343852, -0.4904531873909203, -0.1442704392465025, -1.7295595178399437, -2.5842257280930365, 0.03109002569656802
-0.29586067316123765, -0.49027475945097143, -0.1443060297688108, -1.7292497333318995, -2.5841920827016, 0.03143229544579915
-0.29571191007488795, -0.4900919963368313, -0.1442565859680042, -1.7289308688053524, -2.584148014492214, 0.03166897540773139
-0.29556368557543355, -0.48984708535332844, -0.14420308444654079, -1.7286512290620293, -2.5841051207600003, 0.03164819086779386
-0.2954528768214482, -0.48971291153271956, -0.14416772789916155, -1.7284362388617627, -2.584083983707684, 0.03181647013071339
-0.2953701606811482, -0.489550630222509, -0.14422277964325672, -1.7283146667845568, -2.5840096411323548, 0.03171307449449205
-0.295336426950755, -0.4894722431649652, -0.1442493022702721, -1.728212835485095, -2.5839897399998084, 0.03181604572478253
-0.29531952859735655, -0.4894782853286549, -0.14425613068592347, -1.7282209519878111, -2.5840376273563677, 0.03178179552595426
-0.29531539163282733, -0.4894861061839754, -0.14432069789015314, -1.728143357832838, -2.584088010062878, 0.03178122761020708
-0.29532298720790273, -0.4894967791996357, -0.14431334291976225, -1.7282619866332158, -2.5841216766305184, 0.03216844189501023
-0.2953197523884955, -0.48951677493726814, -0.14429628138729808, -1.7282505687190972, -2.584257285134521, 0.03264360525884163
-0.29530447868731624, -0.4895324466978048, -0.14428596291220974, -1.7283219031989268, -2.5843836845148784, 0.03312728814280685
-0.2952364394230654, -0.48939011176202124, -0.14432680252009358, -1.7282530994529892, -2.5843838938318897, 0.03314087503097553
-0.2951595868660118, -0.4892338274169039, -0.14437911334685966, -1.7281453647544274, -2.5843613152237936, 0.0331325132944439
-0.2950117027046057, -0.4891279033097292, -0.14438374698388992, -1.7279489414588913, -2.584500555065161, 0.033442354314574145
-0.29489205964483434, -0.48891983383338017, -0.14444746821892362, -1.7278126912428236, -2.5845664351704514, 0.03358451808039604
-0.29478391940311816, -0.48875562602531525, -0.14440590917881102, -1.7276247307771515, -2.584550203537622, 0.03380400264374982
-0.29476914787622166, -0.4886310847170561, -0.14436055576675286, -1.7275702864808045, -2.5844869673146107, 0.03434800438382711
-0.2947203361141033, -0.48855873012943396, -0.14435187152499349, -1.7275829588843874, -2.5845938669850206, 0.034847311452367115
-0.29467902061366835, -0.4884711305136117, -0.14437107457483236, -1.7276478292570012, -2.584622684048268, 0.03501744298935104
-0.29456086893975164, -0.4883750171168051, -0.14437859075329426, -1.7273705409155895, -2.584739799296969, 0.03523338217704681
-0.29446677836488705, -0.4882784682449347, -0.14443648389936337, -1.7272734179342235, -2.5848634121355203, 0.03533232166452785
-0.29441805507646746, -0.4882168772356897, -0.14444432737892732, -1.7273347804046177, -2.5849916438010108, 0.035376705409069634
-0.29441579138834284, -0.48824661568347, -0.14445647058253766, -1.7273378953117182, -2.585063327287018, 0.03537391654938886
-0.29440946708925453, -0.48824493474552333, -0.14451683614258692, -1.7273189000282891, -2.585067282085748, 0.03541494781216067
-0.29441773874123484, -0.4882641163671864, -0.14450040323101238, -1.727422979930157, -2.5851444656988574, 0.03582836381664469
-0.29442575436731866, -0.48825605230449826, -0.14448485500428182, -1.7275458776041002, -2.5851836716776755, 0.03626854515254603
-0.2943931075298818, -0.48822688897306066, -0.14449955532629657, -1.7274050287435048, -2.5852345379983954, 0.03645275371671844
-0.29432420970692824, -0.48814595385820686, -0.14451514830122297, -1.7273086533194384, -2.585220322455174, 0.03669003325318884
-0.29419223240481357, -0.4880007010216333, -0.1445629976927101, -1.7270097439432255, -2.585248328667106, 0.03657505857094383
-0.2940874166879898, -0.4877980791403244, -0.14460306476314863, -1.726894936801839, -2.5851434291086606, 0.03674807529838379
-0.2939315444724853, -0.48757375368930755, -0.1445878905088926, -1.7266387672856756, -2.585359003475021, 0.03711746385954977
-0.2938013165279212, -0.4873439401788105, -0.1445410535356755, -1.726416585058889, -2.5852604140586943, 0.03733133404058732
-0.2937524092345546, -0.48723219785398436, -0.1444835050065942, -1.7263474478926422, -2.5852438000537012, 0.03782871934258376
-0.2937274324256337, -0.4872168689846375, -0.14450395606256347, -1.7263817056552428, -2.5853533216679843, 0.03816964280503083
-0.2936998840078134, -0.4871449834562706, -0.14451079615689688, -1.7264169978939785, -2.585372300387859, 0.03825352858527645
-0.29359266115378285, -0.48707272320442085, -0.14451710975287868, -1.7262388479078479, -2.5854739668089293, 0.03841546780422141
-0.29355348279604176, -0.4870150506577029, -0.14455536934660507, -1.7260717618831667, -2.5854584720949516, 0.03837868098629203
-0.29355058362966646, -0.4870263641729027, -0.14463398085653428, -1.726076213262841, -2.5854358471215013, 0.038271044344634984
-0.29355547206955823, -0.4870263752036023, -0.1446490473223771, -1.726092216986739, -2.5854870822955536, 0.03846075268911034
-0.29355296538205994, -0.4870452960350764, -0.1446284051228658, -1.7261168385576622, -2.5855778533826683, 0.03890357507822108
-0.29350318705545847, -0.4869907846083396, -0.1446460172490747, -1.7260656622554402, -2.5856672665937577, 0.03906027237838878
-0.29337594664113464, -0.48688176000718925, -0.14466642128795176, -1.725781425366451, -2.585744874561344, 0.03919495201064386
-0.29326274532684043, -0.48673755480926145, -0.1446839943647913, -1.725599520297137, -2.5857321734561483, 0.03954636213198568
-0.29313129261705045, -0.4865444019930348, -0.14467616352622872, -1.7254432353622726, -2.585796496822608, 0.03984821347385049
-0.2929862567169923, -0.4863369029537277, -0.14470488663442801, -1.7251860951284073, -2.585816179724496, 0.03993701581369494
-0.292911786844813, -0.4862320922395483, -0.14467899566601553, -1.7251392793933271, -2.5858687859526825, 0.0404096763876494
-0.2929064372682779, -0.48624045913003394, -0.14468495653661195, -1.7251395199968058, -2.5859297382574353, 0.04067813303620773
-0.2928665528725818, -0.486133045614045, -0.14471708273693273, -1.7251423604742477, -2.5859682735256433, 0.04075890406286935
-0.29279515778473664, -0.48605721421217934, -0.14472792212907062, -1.7249968952494488, -2.5860173004854605, 0.04083275328760271
-0.2927359250739691, -0.4860048896580827, -0.1447562963457322, -1.7249169548990484, -2.5860653607584783, 0.04089463798568591
-0.2927388580179647, -0.4860259995159277, -0.14474106734888426, -1.724971673044844, -2.5861389740351366, 0.04118533218412195
-0.2927473170287533, -0.48601702414375303, -0.14475636688738386, -1.7249685337318863, -2.5860689150445095, 0.04111241768588667
-0.29273399150842766, -0.4860087722770419, -0.1447712508906283, -1.7249395045296287, -2.586126540357995, 0.041081410746048805
-0.2927136847812172, -0.4859783677991106, -0.1447609051687272, -1.7248868893864968, -2.5861425384090557, 0.041316229982976176
-0.29265439629121354, -0.4859189283036754, -0.14478418319699626, -1.724882063796035, -2.5862029978437255, 0.04139662415529397
-0.2925371632597524, -0.4858262759721581, -0.14481874259108532, -1.7246644409694187, -2.5862786665557294, 0.04151868020976479
-0.29250730705277295, -0.48576216284140106, -0.1448399693851484, -1.724510600147434, -2.5862418782831953, 0.041751890504395116
-0.2924618018728649, -0.4856111723490156, -0.14485082235182295, -1.7245453096132328, -2.586255849746978, 0.0419878234107821
-0.2923369486280784, -0.48546290622159755, -0.14487578761748598, -1.7243712933035453, -2.5863602213507852, 0.042281030672180794
-0.2922322052761211, -0.48528428114823274, -0.14492143870583998, -1.7242527890683481, -2.586410540601311, 0.04265466663927983
-0.29219628729362057, -0.4851891809112864, -0.14491242418896513, -1.7241671126953522, -2.5864031103530345, 0.04315050540294377
-0.29202278205547033, -0.4849487928539529, -0.14488761521932483, -1.7240026851471362, -2.5864543337504107, 0.04351785720409531
-0.29188689341477403, -0.4847527649672827, -0.1448187058347983, -1.7237831261128194, -2.5865225541542944, 0.043850686479515025
-0.2917938045051739, -0.4846246879800165, -0.14479239001327987, -1.7236524429587723, -2.5865263959896705, 0.04397474099243237
-0.2917059489109109, -0.4844874194398158, -0.1448032786103358, -1.723513783359516, -2.586618817314268, 0.044165723523932165
-0.29166227716871385, -0.4844319662053784, -0.14480225129094482, -1.7234991688436205, -2.5867228673233655, 0.04446268964217119
-0.2916444959230015, -0.4844473769291126, -0.14480108414473997, -1.723506413123289, -2.586765277972806, 0.044564002170268006
-0.2916470612997984, -0.4844177661628254, -0.1448780439187485, -1.7234913680199782, -2.5867495774666365, 0.04434263822636536
-0.2916458274096869, -0.4844372921917408, -0.1449810499592344, -1.7233835860403883, -2.58672472548716, 0.04421800142157702
-0.29164133795227437, -0.48445491468568813, -0.14502907508886995, -1.7233862805603033, -2.586693849649919, 0.04430617060971642
-0.2916405091032019, -0.48446223558843016, -0.14500828322097586, -1.7233743935353418, -2.58672854710855, 0.044717849296597854
-0.2916252239915649, -0.48442504839761386, -0.14500935195200615, -1.7233646339822246, -2.5866659593935735, 0.04517804862281585
-0.2914866715912018, -0.48425102563864, -0.1450700171021581, -1.7230597597584612, -2.5867126864877066, 0.04532558585122975
-0.29130091286091897, -0.48406505993026294, -0.14505327648722316, -1.7226104826556194, -2.5867748520086327, 0.04542369308657756
-0.2911537284521386, -0.4838065869512507, -0.14501802080534917, -1.7223557325051992, -2.586639081035931, 0.04521595873065398
-0.2910264517990158, -0.48361083524250975, -0.14500240180104434, -1.7220251143624359, -2.586644011778288, 0.045361803411914856
-0.29091226559539307, -0.4834774406717557, -0.14502458926646772, -1.7218507160427947, -2.5866803674116046, 0.04559985648289474
-0.2908247684486669, -0.48337676363595505, -0.1450721342749322, -1.7217637518683446, -2.586787717671717, 0.04564441443903348
-0.2908410454079964, -0.48338298727562135, -0.14506014827979016, -1.721830338403929, -2.586808700546217, 0.04602369865019236
-0.29084339423114763, -0.48341591500536074, -0.1450124602977204, -1.7218917681278325, -2.5868848401249793, 0.046523039574115604
-0.2908407411573106, -0.4833944999812081, -0.1451025876257378, -1.7218841677235805, -2.586881315751351, 0.046314697320039074
-0.2907640357970364, -0.4833889540482545, -0.14514335999804057, -1.721665899966622, -2.587020163195296, 0.04645256227160726
-0.2906980597199602, -0.4832901843682457, -0.14514861869818446, -1.721589233233815, -2.587067943917588, 0.04670368265791144
-0.29063955491203286, -0.4832090537532783, -0.1451830600603897, -1.721623061462314, -2.587115843218481, 0.046950921949740806
-0.29062183774281247, -0.48317449416209013, -0.14517753394590582, -1.721600553570852, -2.5871718846249476, 0.04728183717523619
-0.2905064688343731, -0.4829980214670678, -0.14518890915008978, -1.72148147273606, -2.5871893883962813, 0.04762861515156036
-0.2903652226534737, -0.48285349110787046, -0.14525002468322676, -1.721188733555948, -2.5873188400981086, 0.04778716236611272
-0.290228151185298, -0.48266993701412403, -0.14528251935438266, -1.7210209088223023, -2.587431848851223, 0.048075618838770075
-0.2901326271760088, -0.4825228902516787, -0.14523304004491758, -1.720992791737082, -2.5874503000699254, 0.048424857743090764
-0.29010126661227176, -0.4824988575604179, -0.14524344333605377, -1.7208799724965425, -2.5875360596549637, 0.04883970505871299
-0.2900464050905959, -0.4823505142906484, -0.14526133956765208, -1.7209056368751965, -2.587603594595404, 0.04909816408710964
-0.2899655031299009, -0.4822526489815392, -0.1452892519499547, -1.7207537417414025, -2.5876097234771036, 0.04924517544728889
-0.2898642147425176, -0.4821252149279636, -0.1453190487322009, -1.7205545158584383, -2.587678995929776, 0.04932488501715623
-0.2897880291055578, -0.48206370463888537, -0.14531967717180963, -1.7204886210926615, -2.587774022842717, 0.049713024016493565
-0.2898004442855557, -0.48200479604259844, -0.14532601602579942, -1.7205911451531046, -2.5877842284303023, 0.050011598877526806
-0.28967995225257204, -0.4819026937558775, -0.14533933845255298, -1.7203828182481296, -2.587873808634139, 0.050164731896099324
-0.28957643244334885, -0.4817761509242749, -0.14539175755666373, -1.7201993420732917, -2.5878683056023424, 0.05020830884824806
-0.28949853328874003, -0.4817185620480233, -0.14540323673382768, -1.720056793835504, -2.58804854544774, 0.050544985508995194
-0.289449990922444, -0.481702171234168, -0.14538939337891701, -1.7200309460634406, -2.5881640001889488, 0.051032144220887504
-0.2893247602625322, -0.4815718167009154, -0.14542434649363445, -1.7198442182313929, -2.5881827442254277, 0.0512036498182756
-0.2892023236984407, -0.48143447496515385, -0.14543593886403913, -1.719540248824072, -2.5882237408226603, 0.0514861932842568
-0.289121879345078, -0.4812866913526571, -0.1454483849488609, -1.7193318306141518, -2.588210553726095, 0.05157009324702438
-0.28901751396964726, -0.48111308723476287, -0.14544932931317156, -1.7192287441547902, -2.5882270926173145, 0.05162820111922847
-0.28898532697113016, -0.4810400080453089, -0.14545516184610685, -1.7191308396054266, -2.5882397290624075, 0.051853189398231865
-0.2889875622464538, -0.4810591513502086, -0.1454304533491341, -1.7192195374789139, -2.5883243056461653, 0.052343851388687024
-0.2889326831761601, -0.4810346607276746, -0.14543606911219512, -1.7191422078725211, -2.588373201162398, 0.052500594528693934
-0.28883525512739855, -0.4809106455952717, -0.14548940178216918, -1.7189044419364805, -2.588420686121952, 0.05247903404051514
-0.28877422721070733, -0.4807952526147403, -0.1455189330360711, -1.7188091298609403, -2.588311272978006, 0.052516301899195844
-0.2886285071986365, -0.48072639066940515, -0.14553300207517628, -1.7184148817179823, -2.5884838745695364, 0.05277701281289911
-0.2885762122660003, -0.4806515558386888, -0.14555422501237456, -1.718420687137143, -2.5884901899273087, 0.052929539319447015
-0.28857323470868335, -0.48062584880862685, -0.14554907984185228, -1.7184259226350254, -2.588554819463886, 0.05325004368804218
-0.28847909962504975, -0.4804711856643691, -0.1455751109990127, -1.7182343052714115, -2.5885002835689246, 0.05332728007248186
-0.2883555071212993, -0.4803447776819516, -0.1456147599647652, -1.7180468824276005, -2.5885471314514423, 0.0536629693908637
-0.28823365246975036, -0.48019675313988425, -0.14560626850494365, -1.7178806566111244, -2.5887280720760635, 0.054006820670778465
-0.2881591928969879, -0.4800683102067866, -0.1456016251090715, -1.7178239581868164, -2.5887691477651074, 0.05438738247433975
-0.2881377922973729, -0.4800125707458252, -0.14558400977966013, -1.717809686689302, -2.5887984575183585, 0.05485911482280767
-0.2880068896652919, -0.4799014388971168, -0.14562865436984188, -1.7175303392257264, -2.58884871411603, 0.05494462972358388
-0.28792146466464547, -0.47979899828011724, -0.14563767135694355, -1.717319294285241, -2.588833290958946, 0.05499415378944919
-0.2878116813829745, -0.47971906458250646, -0.14565239111559056, -1.7170860274068982, -2.5889151431231974, 0.055174045900007185
-0.2877322607728186, -0.4796665885977125, -0.145648268994657, -1.716947002459582, -2.5890638388713625, 0.05559795263152029
-0.28770373966218704, -0.47957019166557013, -0.1456834338324199, -1.7169435653448977, -2.589022819645362, 0.055706379477880194
-0.28760424546148555, -0.47946563626013844, -0.14570481844231614, -1.716710695286711, -2.589037294452661, 0.05584753624356909
-0.2874856124056154, -0.47935921854470154, -0.14572092336618772, -1.7165168604034429, -2.5892092567216025, 0.05620080093485248
-0.28737859723064285, -0.4792431404917482, -0.1457364415036689, -1.7164182801481718, -2.5892923471802547, 0.05648652868869883
-0.28741696719114584, -0.47921657949327495, -0.14571731439277813, -1.7165015942163837, -2.589232613917964, 0.05690433647770001
-0.2873041288655118, -0.47907690136678516, -0.14573473138362397, -1.7161890128575752, -2.5892558936838626, 0.05722943262981848
-0.28717582353483617, -0.4789183912992346, -0.14575664667399713, -1.715973278246802, -2.5891993445776094, 0.05727866737074909
-0.28705358979830575, -0.47878163182502, -0.14575919015249805, -1.7156843959905752, -2.589201596867909, 0.05730306677323161
-0.2869451007433145, -0.47867441436656566, -0.14575825758535688, -1.715402684698371, -2.589274791633737, 0.05751349312464526
-0.28682738298539334, -0.47858998683734677, -0.14578737212068546, -1.7151876232211345, -2.5893500961074474, 0.05772932354895211
-0.2867492250535846, -0.4785264418682319, -0.14579997733182093, -1.7150739485978894, -2.5894760503540324, 0.05794646593440279
-0.2867541745375759, -0.47854374522678833, -0.14579406447916934, -1.7151108859428723, -2.589520820723154, 0.058267179549395885
-0.2867612196241516, -0.47854745167735313, -0.14578017747740352, -1.715139886855282, -2.5894570139186484, 0.05843509222734509
-0.2866771751689499, -0.4784986164644971, -0.14579561062413082, -1.7148728450859432, -2.5895245649326015, 0.05848997993483494
-0.2865823613634875, -0.4784198098330347, -0.14582993191737667, -1.7146127518054874, -2.5895293950240124, 0.058640006699111964
-0.28649022968306076, -0.47832968169089524, -0.14584740895027742, -1.714449418504227, -2.5895519133507023, 0.05874768769607303
-0.28636551994165466, -0.47823129284831006, -0.1458833420833099, -1.7141325023997578, -2.589610687469359, 0.05881859133099593
-0.2862895061836746, -0.4781026918531139, -0.14590720322333828, -1.7140552135680078, -2.589658978136945, 0.05899211688240101
-0.28627328116049855, -0.4780246559528891, -0.14590208752023184, -1.7140477219516579, -2.5896985132011605, 0.05947479945100276
-0.2862101285823747, -0.4779274477095086, -0.14592488931325925, -1.7140401577088915, -2.5897821170989204, 0.0597773086468568
-0.28606510132756574, -0.47776892634356877, -0.14593796025426103, -1.7137870082002116, -2.5898587020279584, 0.06021038284712936
-0.285957247375294, -0.4775744749126224, -0.1459445923639777, -1.7137015210329063, -2.589889670488861, 0.06060241171778871
-0.28583433805604175, -0.477403674583204, -0.14593419210010528, -1.713487890999883, -2.590030219217035, 0.06096670123880793
-0.28572604324863965, -0.4772819258636937, -0.14593147135880888, -1.7133582249511292, -2.5901604398505396, 0.06141429881696769
-0.2857152034488189, -0.4772365568914578, -0.1459150840087993, -1.7134950612169373, -2.590156166323283, 0.06175109892551352
-0.2856280896380007, -0.47713958262965556, -0.14595058701974248, -1.7132616736996642, -2.5901804490929345, 0.06160281625969336
-0.28557414336747944, -0.47703156390743484, -0.14599339487213864, -1.7130819341649368, -2.5900747081340767, 0.06159768627195264
-0.2855726045619915, -0.47705422710946443, -0.1459656302557293, -1.7130758166247422, -2.590084963411555, 0.06197736745325459
-0.28553273609732394, -0.4769808213780251, -0.1459803742956857, -1.7130440406776541, -2.5901366680644187, 0.06208286783881533
-0.28539289001810886, -0.476931066030569, -0.14599449058159536, -1.7126441948383118, -2.5902335408844444, 0.06221930241631037
-0.2852906530594347, -0.4768441673615675, -0.14604611853147068, -1.712443928723719, -2.590236833368184, 0.06224389263222346
-0.2851979656150251, -0.47675673476888025, -0.14605734237928894, -1.7123585237874928, -2.5903683076099115, 0.062606346352072
-0.28519434389522086, -0.4767455843050278, -0.1460343010446618, -1.7123436709809237, -2.5904621525070928, 0.06311233916612304
-0.2851204454430388, -0.47663640496740267, -0.14605849779573454, -1.7122063059092483, -2.590420782426947, 0.06321255395701822
-0.28500892433934494, -0.4765077881808091, -0.14609529135723215, -1.7118968587387626, -2.5904533135746877, 0.06334391552126674
-0.2848861185475256, -0.476352567789357, -0.14612536716222643, -1.7116681114217653, -2.5904732997160567, 0.06354105199014261
-0.2847334471910361, -0.4762063649566219, -0.14615431789473107, -1.7114071749333846, -2.590610129730907, 0.06386483438108313
-0.28464927708331844, -0.4760428768826942, -0.14612938947881335, -1.711311766555992, -2.5906141625567876, 0.06449405686759334
-0.28454694117686513, -0.4758776428648452, -0.14608726322906945, -1.7111991992302278, -2.590707466955724, 0.06479541801171776
-0.28442213404783123, -0.4757995867627413, -0.14607539492133292, -1.7109895462126905, -2.5908521534238877, 0.0651798566468233
-0.2843227526380835, -0.47566530139394964, -0.14613600035978377, -1.7107835370323887, -2.5908523902089455, 0.06499728378271458
-0.2843152676329477, -0.47568957570787807, -0.1461018476204081, -1.7107283346674889, -2.590915603774018, 0.06550374055534197
-0.28423630030573815, -0.47559816192447724, -0.1461363655358916, -1.7106340036435521, -2.5909061816685948, 0.06560655933709274
-0.28415001137970497, -0.47552960583384324, -0.14613437374253796, -1.7103972956000126, -2.590915188861236, 0.06569414909721638
-0.2841365156439406, -0.47549363135054085, -0.14615940065343935, -1.7103401693874367, -2.590893329483856, 0.06578731777070779
-0.28411232270613396, -0.47547230457574213, -0.14617666440321722, -1.7103146859878033, -2.5908837924225954, 0.06589294771500105
-0.2840557827735293, -0.4754433244081902, -0.14621726263011575, -1.7101795472857937, -2.590979696530406, 0.06602637624948585
-0.2839806485860543, -0.47537322556630707, -0.1462192392501985, -1.710125916550516, -2.5909959064105452, 0.06617119134688942
-0.2838634787048534, -0.4752697428777335, -0.14627572828037883, -1.7099552906237268, -2.591067212643011, 0.0664566118171662
-0.28384819076033313, -0.4752444649183994, -0.14626876596240385, -1.70996469723716, -2.5911059924955917, 0.06672802716733432
-0.2837539985397988, -0.47508498507873664, -0.14629029454346187, -1.7098636406093632, -2.591014236774795, 0.06693400451817252
-0.2836174565622872, -0.47493012701114856, -0.1463125238998953, -1.7096562230716488, -2.5911604567781046, 0.06735516986281988
-0.28350886087838484, -0.4747443975561279, -0.1463312663968689, -1.7095188460027921, -2.591108077493078, 0.06774681588391014
-0.28337365444179574, -0.47452655207649647, -0.14633490046619207, -1.709360115764572, -2.5911658029843427, 0.06801289800764039
-0.28324960018688855, -0.4743188518494156, -0.1463310721839384, -1.7093182091271117, -2.5911316302163447, 0.06826723281495448
-0.2831590446249231, -0.47420543608635274, -0.1463333957298345, -1.7091956149821999, -2.5912675559472085, 0.0687853201320029
-0.2831162477610075, -0.4741454458982018, -0.14633640176414317, -1.7091019749058864, -2.591317253957995, 0.06907453092837837
-0.28299949938829655, -0.4740022894269578, -0.14638428593912248, -1.7088439154123485, -2.5913002828480303, 0.06902317192021999
-0.2829316258596972, -0.4738922192494097, -0.14638697540726062, -1.708622937557576, -2.5912587599634773, 0.0692347144379516
-0.28281078441156954, -0.4737842162788148, -0.14642183081038374, -1.708382823289277, -2.5912960340958255, 0.06939315427199153
-0.28275427097460165, -0.47365668819672807, -0.14644619434904707, -1.7083100518299428, -2.5912814332245886, 0.06956502289138758
-0.2826068922683405, -0.4735201523184085, -0.14647621010737408, -1.708048117119125, -2.5913866009699404, 0.06978253809801073
-0.28258666611855, -0.47342943039414087, -0.1464819166604073, -1.7080712200574282, -2.5914048982104596, 0.07026565827309336
-0.28248078876056126, -0.47328037230815495, -0.14650627050906603, -1.7080035103889426, -2.591501622323113, 0.07050180478753672
-0.282377015511004, -0.4731680196104084, -0.1465101735975523, -1.7078634957795402, -2.591646448244422, 0.07100222882879334
-0.2822780297259309, -0.47303595453417585, -0.1465312368395234, -1.7077171435570344, -2.5917620120550593, 0.07113160029605171
-0.28223195077279933, -0.47297995940710974, -0.14653622562852187, -1.7076686220384798, -2.591746708146188, 0.07137742888771
-0.28221994278879814, -0.47296370521111475, -0.14653737424067542, -1.7076170305940062, -2.5917534809367013, 0.0717486562336249
-0.28210882637792045, -0.4728762462384668, -0.14655786953106745, -1.70742502107277, -2.5918274961639924, 0.07196140705803937
-0.2820068028999895, -0.47278207435210773, -0.14659215846736387, -1.7071453998236266, -2.591873875402909, 0.07202542800121746
-0.2819233033965768, -0.4726519236660761, -0.14661226262868157, -1.7071635620963916, -2.591766216365288, 0.07206358683362683
-0.2817927877266561, -0.4725363708761239, -0.14664993939926338, -1.7068588440126433, -2.5918706436379284, 0.07228885573499472
-0.2816664555324209, -0.47237577149658133, -0.14667356164084272, -1.7067105206459972, -2.5919783860131513, 0.07253722057088613
-0.28160323619573063, -0.47230630193808887, -0.14668001323904167, -1.7066345955245685, -2.5920591990916866, 0.07281584857276857
-0.28159755064420083, -0.47223758969777174, -0.1466751261929513, -1.7066967925583165, -2.5920642601735695, 0.07337215370357247
-0.2815239183333097, -0.47212073323595, -0.1465455383603871, -1.7064618464693913, -2.5919979587102437, 0.07363269144816025
-0.28139735008222444, -0.47194066688197345, -0.1463380940862868, -1.7061771363189024, -2.5919713423097015, 0.07357036683159668
-0.28131588062780355, -0.4717911121166374, -0.14614542178798287, -1.7060904808265849, -2.591979168519164, 0.0735299222439402
-0.2811798017231131, -0.47164986144224497, -0.14600455674692, -1.7061080752147753, -2.5917744289325757, 0.07337895974990896
-0.2810433546172598, -0.47153170807305134, -0.14583919272312112, -1.705593137474542, -2.5919422720919156, 0.07331888333675808
-0.28094911981363346, -0.4714204940183476, -0.1456870491439288, -1.705481838324929, -2.5919457083894812, 0.07323277242333617
-0.2808499957790544, -0.4713054033218278, -0.14550925284989047, -1.705167874882963, -2.592046194216113, 0.07320912586196714
-0.28072890612826884, -0.4712015969675855, -0.1453472512076638, -1.7048792843011789, -2.592116095493848, 0.0731761966105123
-0.2806403476231345, -0.4711206740159285, -0.14517363891683038, -1.7044474211751386, -2.592232093229868, 0.07322640467458426
-0.28052866994899184, -0.4709798084843506, -0.1450668873346329, -1.7042911073354388, -2.592070243816189, 0.07293792646342852
-0.28050883220655615, -0.4709553802714627, -0.14490096624049495, -1.704218636235404, -2.592048121067953, 0.07320876331197858
-0.28052872060835965, -0.4709917655929787, -0.14470964427104752, -1.7040294723461455, -2.592143699705882, 0.07364907500666569
-0.28052251256616595, -0.4709401978837698, -0.14460230011090597, -1.7038429744180097, -2.5920976783550316, 0.07352644406733687
-0.2804468048703777, -0.4708733070760571, -0.14445440227403733, -1.703581012810166, -2.592170887202445, 0.07353968497731533
-0.2803773887035095, -0.47070365529736874, -0.14430713983185378, -1.70354254105684, -2.5919808092388967, 0.0733828542023792
-0.280264171362977, -0.47060660274629434, -0.14418848214884844, -1.7031684252821815, -2.5920968495123686, 0.07321674234525646
-0.28014055497122736, -0.47047758093456904, -0.14407556935720098, -1.7031026739920776, -2.592006923773941, 0.0730036266688832
-0.2800578306943608, -0.47034932059209605, -0.14394032641209123, -1.7030097577958998, -2.5919401402310327, 0.07283978139825811
-0.2799466911505475, -0.4702647895646418, -0.1437777150686536, -1.702813715367548, -2.591913173445515, 0.07284031100063951
-0.27985936777060677, -0.4701433569885914, -0.14363995468410043, -1.7027038711674958, -2.5920286879859673, 0.07265729651741712
-0.27975535295637566, -0.46999520213571294, -0.14351458754427493, -1.7025371571529653, -2.5920942962098263, 0.0723905297862488
-0.27961899893689074, -0.4699081600067152, -0.14340498061200277, -1.7024240952437353, -2.592135380862493, 0.07224136583454321
-0.27952523997784906, -0.46978118768811783, -0.14329420038445814, -1.70224346373617, -2.592250262044016, 0.07195886644702336
-0.27937758530727397, -0.4696702828114738, -0.14317931434658815, -1.702016481756344, -2.592392838704442, 0.07172359941972879
-0.27927855918839983, -0.4695360481697016, -0.14306774986365905, -1.7020226110847345, -2.5922744367913455, 0.07153931786389789
-0.2791283574001717, -0.4694313511702312, -0.14293874390579034, -1.701718707667164, -2.592435810171324, 0.07129244202398187
-0.27904269181090435, -0.4693273291084655, -0.1427947944919886, -1.7015323243669547, -2.5925972897187894, 0.07126273988087772
-0.2789076718474497, -0.46922649876262174, -0.14269256772839353, -1.7015660198246811, -2.592557159035032, 0.0711122447626396
-0.2787871316967373, -0.469071123247084, -0.14258818048305197, -1.7012206062465731, -2.5927562168239877, 0.07087373533670029
-0.2786531389058136, -0.4689443764260044, -0.14248482650106176, -1.7011524951975627, -2.592906624623088, 0.07069718405178696
-0.2785344325669833, -0.46881524676902997, -0.14238997631997644, -1.7008496076407122, -2.593244807322125, 0.07040442732905437
-0.27840093457729204, -0.4687123505124979, -0.1422899814306595, -1.7007924734335829, -2.5934088541597844, 0.07026008307334919
-0.2783197000137315, -0.4685703341647042, -0.1421622297261312, -1.700849964897234, -2.593439466017802, 0.07013020653445146
-0.2781945905717853, -0.4684862507329097, -0.1421291943173003, -1.7005393470738868, -2.5938743336860846, 0.06977163685639218
-0.2780845658587588, -0.4684331292812221, -0.14209435898571665, -1.700615298427785, -2.5939379333844346, 0.06953986940386646
-0.27799696800827584, -0.4683435036834238, -0.14209964307733156, -1.7005084214696407, -2.5942439596392584, 0.06912263677652919
-0.2779006173243462, -0.46828131085050734, -0.14210554007340545, -1.7003726515417774, -2.594640463899805, 0.06877928706222564
-0.277871689157159, -0.4683106947475162, -0.14208316382079006, -1.700516178661335, -2.5949418195730747, 0.06867571100294702
-0.2778400278696242, -0.46829471189719224, -0.1421012716093592, -1.7008286647659725, -2.595205764532779, 0.06839857047453292
-0.27779273536254123, -0.46831622797501693, -0.1420996478739235, -1.7008954458626229, -2.5954929274415557, 0.06825948572885761
-0.27778343339070216, -0.46829953112458433, -0.14212398437996093, -1.7009605212054497, -2.595639662247377, 0.06808417745400151
-0.27777097946410756, -0.46831701454538427, -0.1421192479092455, -1.7010801847875083, -2.595795041750581, 0.0680696802810587
-0.2777576080472748, -0.4683045387294362, -0.14211935040222226, -1.7012639013145863, -2.59595114662772, 0.06796346946925319
