0.49680431947314146, -0.5670208064014577, 0.19089703537657965, 1.8743515707276701, 2.494870389590197, -0.002039603246317598
0.4968282968233571, -0.5670160670567613, 0.19088268047529783, 1.8743529596995985, 2.494808807652596, -0.0020249849605305723
0.4968157643400359, -0.5670198956143115, 0.1909070273168391, 1.8743465769691063, 2.4948006852794946, -0.0020634184005774384
0.4968257590819111, -0.5670059272060599, 0.19089232987625335, 1.8743447144540615, 2.494892933056559, -0.0020746822766428406
0.49680723412136624, -0.5670261806992289, 0.19090587330625775, 1.8743997600936375, 2.4947765761211067, -0.0020805846525117225
0.49681392158990473, -0.5670051777849627, 0.19089573808657875, 1.874381910606463, 2.494848138214979, -0.002038475936466373
0.496803230008644, -0.5670286877095447, 0.19092143858378297, 1.8743436937830795, 2.494829683212884, -0.0020055422276963183
0.4968198738702305, -0.5670074238027151, 0.19089476386151996, 1.8743213850105602, 2.4948613193891513, -0.0020042349884359834
0.49681030146573146, -0.567013770038046, 0.19091595817110343, 1.8743301908017949, 2.4948417778221383, -0.0020424849002192245
0.4968064347821753, -0.5670119264765812, 0.1909294565925079, 1.8743165835366835, 2.4948232207436782, -0.0020634509060065446
0.49681750582028394, -0.5670081810346481, 0.19090894829953428, 1.8743367976117957, 2.494882039791914, -0.0020386678929652322
0.4968149904848275, -0.5670060865253793, 0.19091017937346844, 1.8742623734114419, 2.494908237159705, -0.0020419762695869812
0.4968195760769055, -0.5670099420498805, 0.190914727090339, 1.874374278699692, 2.494838370005615, -0.0020391845988644514
0.49680339767334025, -0.5670200217658107, 0.19090592022447278, 1.8743598741859404, 2.494849254009459, -0.0020404441644256833
0.49683771276577665, -0.5670143876683215, 0.19090911983456266, 1.874190899855695, 2.494654671596988, -0.001916499091332982
0.4968251949978677, -0.5670268220268537, 0.190919196831623, 1.8741660257899917, 2.4946508933329, -0.0020685955149114914
0.4968498977521133, -0.5670147462899523, 0.1908970573937635, 1.8740505241195569, 2.4947824816192172, -0.001785563501189375
0.4968352850233689, -0.5670293610884357, 0.19091717541311137, 1.874050208544741, 2.4946577786662085, -0.0016835162197244185
0.4968368653474406, -0.5670204955366214, 0.19091289555441274, 1.8741185316370494, 2.494591914593422, -0.0017021640914644733
0.4968584910004857, -0.5670366733732463, 0.19093625046718102, 1.8738889566226378, 2.494410556531329, -0.0015447076064271903
0.4968520770081988, -0.5670352488161525, 0.1909305366053372, 1.873866647041746, 2.4944387847472633, -0.001750126429069405
0.4968573039720029, -0.5670525381320474, 0.19092747457400147, 1.8738282749905188, 2.494446145583011, -0.0019208307083633783
0.4968381438104459, -0.5670258179988832, 0.19090272886546097, 1.8739775408917432, 2.4947461173154153, -0.0017567985154721465
0.4968535940671775, -0.5670715128030587, 0.1909144805821034, 1.873756856162384, 2.4943494869103637, -0.0019155545632544078
0.49683901150382054, -0.5670672249833524, 0.19087963400417127, 1.873910784429705, 2.4944267273237157, -0.002161121046601168
0.49680235978902265, -0.5671275439293335, 0.19089203320904838, 1.8739474014242232, 2.494196641076378, -0.0019923338615359734
0.4968225568712204, -0.567123392073837, 0.1907671952148711, 1.8740313142066205, 2.4943129420426327, -0.0016991498159770542
0.49681657059609763, -0.5671339770539474, 0.19072594934791667, 1.8740295104919689, 2.494399617300306, -0.0018997145420996792
0.49678354089662674, -0.5671437266156789, 0.1906627056604986, 1.8739779450230865, 2.4944192231831392, -0.002092061534183031
0.4967163396671705, -0.567184604948618, 0.19062609739337458, 1.8741526511640656, 2.494626614176441, -0.0019744225127673
0.49674110862945753, -0.5671976403311664, 0.19067097059964017, 1.8739450661936141, 2.494283819160325, -0.0019019998450556163
0.49671532474819285, -0.5672142081776725, 0.1906344514069383, 1.8740189451342237, 2.4944714910489507, -0.002239023789492885
0.49671570332364473, -0.5672415499971082, 0.19068813916699573, 1.873656429955366, 2.4943567075154136, -0.0023106347344770423
0.496744129289946, -0.5672358418541472, 0.1906933726842529, 1.8733623342491432, 2.494341136179551, -0.0020892114462489897
0.4967486643929713, -0.5672373677970468, 0.19069886720163795, 1.8732454186218235, 2.4944111787696115, -0.001755450666635269
0.4967358135024632, -0.5672835631323667, 0.1907213594741627, 1.8730287417915334, 2.4941774928241935, -0.001921219026895051
0.4967023527988593, -0.5672892502999557, 0.1906531325091927, 1.8731454089543056, 2.494522832957883, -0.0018705039060632036
0.4967069135039478, -0.5673140954449756, 0.19056301936357867, 1.873215069391111, 2.494461263204822, -0.0016858792498484745
0.4966849265350914, -0.5673253428074362, 0.19052894621677452, 1.8733587021679268, 2.4946198504665986, -0.0019080995078684776
0.4966772516738882, -0.5673280967936626, 0.1904986728320402, 1.8733477000299839, 2.49478484279459, -0.002326451581677502
0.4966691434994156, -0.5673568287905149, 0.19050509911227814, 1.8734829578031478, 2.494436064748894, -0.0021957562789122805
0.49666279218504067, -0.5673433433888481, 0.1905100268711703, 1.8736630855568344, 2.4944956995291503, -0.0019163343978703792
0.4966678422856238, -0.5673456019744498, 0.19048538547388977, 1.8736551953342564, 2.4944502533030417, -0.0020516115185559057
0.4966751542441548, -0.5673398849537845, 0.1904925261564363, 1.8736090873575606, 2.4944475435305926, -0.00220365493585331
0.4966817534496209, -0.5673427577877337, 0.19050274583928084, 1.8736468056171982, 2.494342217301841, -0.002171858709529354
0.4966587531183836, -0.5673578887000066, 0.1905149566926973, 1.8736295942185468, 2.4943482001814545, -0.0023225249098282694
0.4966628891593121, -0.5673850953320762, 0.1905061027853945, 1.8735645078469632, 2.494286615951426, -0.0024821619612898278
0.4966814656758163, -0.567352543154705, 0.19051970506588287, 1.8734898083444524, 2.49434807900466, -0.0023126896392288167
0.49675264811636577, -0.5673506994831323, 0.19058226046461388, 1.8731402272228337, 2.493819925700804, -0.001851802585998817
0.4966945628802385, -0.5673960516185634, 0.1905667270432226, 1.8731204552077678, 2.493881574709011, -0.0021701492929309483
0.49664155271909444, -0.5674513985163305, 0.19054870665837528, 1.8732371968657353, 2.493928655153616, -0.003020868449838458
0.49666931445830037, -0.5674128387895313, 0.19053733961222927, 1.8731932886396598, 2.4940327369788386, -0.0026591903140847075
0.4966911129703107, -0.5674119910380422, 0.19057781857487008, 1.8730952364503266, 2.4939003749070974, -0.002730570124957792
0.4966310980321915, -0.5674383030895509, 0.1905455571456791, 1.8732807198520105, 2.494165296352703, -0.0035607303013312913
0.4966494558213606, -0.5674289902106358, 0.19054248838740429, 1.873320531667, 2.4940663098435656, -0.003395847136858446
0.496624984441121, -0.5674011911399217, 0.1904624962704759, 1.8735215596111272, 2.494531139352623, -0.0031046905495180897
0.4966432054625301, -0.5674307359348844, 0.19053103041776717, 1.8732839639149332, 2.494203559534605, -0.0034824990149640435
0.4966028371017691, -0.5674624590943361, 0.1904933273447762, 1.87357244422917, 2.49426380244312, -0.004170467569207285
0.4966095096622543, -0.5674350394174363, 0.1905003251395403, 1.87353552417071, 2.494507820661475, -0.003723363839524295
0.4965948884479863, -0.5674410610829504, 0.19046660521575773, 1.8733612491525418, 2.494771379051905, -0.003960025666185764
0.49658422339176816, -0.5674506316778313, 0.1904769482390045, 1.8735148788529978, 2.4945643377446847, -0.004208398367642741
0.4965873231017095, -0.5674549696598172, 0.19047916994318606, 1.8734882010552476, 2.4945627024370887, -0.004079483666048969
0.4965857068472833, -0.5674656140617709, 0.19050378192605988, 1.8734484385929244, 2.494480625488819, -0.003938934279248293
0.4965889614747687, -0.5675005744829134, 0.1904952081674044, 1.8734890652266611, 2.4946035028924918, -0.003740340281063819
0.4965294257160787, -0.5675322454696526, 0.19046461598136538, 1.8737214773062956, 2.4946856468567686, -0.004338000181027875
0.49657555929657565, -0.5675468182882485, 0.19052532989937782, 1.873711096767142, 2.4944523190417653, -0.004335008482774841
0.49659499706912236, -0.5675263221190637, 0.19047156832219175, 1.8737578906252952, 2.494610792730105, -0.004300875138339512
0.49659712505060755, -0.5675591381384719, 0.19049607587445108, 1.873865074567205, 2.4946866841026782, -0.004697879894166459
0.4966024786046736, -0.5675682535477446, 0.19050915781835415, 1.873828418916387, 2.494477781379561, -0.0047724698753943825
0.49662285167032266, -0.567551286527035, 0.1905173510602069, 1.8738668846101993, 2.494313515468485, -0.0044824101819655035
0.4966304100577668, -0.5675930084425024, 0.19055353595888147, 1.8735494952927112, 2.494036740985159, -0.004675415505084171
0.49660764489169523, -0.5675922472445868, 0.19049677508451218, 1.8735267315482156, 2.4941267535679663, -0.004915193453045737
0.49660750583300206, -0.5675671483573026, 0.19047056351930047, 1.8735878410760392, 2.4943042556913935, -0.004878597388483942
0.49661787466531165, -0.5675513733754777, 0.19046918661565274, 1.8735723865073504, 2.4943815213395184, -0.00470475824335111
0.49658264618432246, -0.5676134712940909, 0.1904004405619574, 1.8736359170804924, 2.4943337628476363, -0.004988793394077076
0.4965536583817231, -0.5676196067219869, 0.19038965614836748, 1.8737679752146323, 2.4945028642492706, -0.005528531726587833
0.496599031669588, -0.5675900590845884, 0.1903944177555423, 1.8736138147580141, 2.4944916195929654, -0.0051080123585994265
0.49663222703789567, -0.5675824826449103, 0.19039548833941103, 1.873548899963258, 2.4942475575328946, -0.004961715813973327
0.4966037793513724, -0.5676107939404205, 0.19036917347549537, 1.873641862306426, 2.494151312186811, -0.0050396589614438245
0.49659323900509006, -0.5675963984299867, 0.19034602434580639, 1.8739465074627404, 2.494241183716138, -0.005403977985620659
0.4965909509178445, -0.5676150409134046, 0.19034477186424922, 1.8739252837074756, 2.494181466017708, -0.005373280879246055
0.4965806560466105, -0.5676000508055257, 0.19026493860131707, 1.8740234848568267, 2.4944700160915, -0.005420833162954708
0.49658040368001616, -0.5676324648624684, 0.19028672620188639, 1.8738790875294267, 2.4946462158951612, -0.005847815715969271
0.4965845768917044, -0.567620292751073, 0.19024547164849007, 1.8738692137161466, 2.494762190324473, -0.005634535545150218
0.4965776054495003, -0.5676572753472936, 0.19019289332678702, 1.8739712968914242, 2.4947428358195305, -0.0055749948381536504
0.49656363532651826, -0.5676584614902396, 0.1901883656499297, 1.8740977098752183, 2.494693359275656, -0.005589249731767422
0.4965500251726042, -0.5677061798310346, 0.19016987696029783, 1.8740531645436898, 2.494915109916972, -0.005745644848515887
0.4965377630584602, -0.56770955561391, 0.1901853362334614, 1.8739594761550389, 2.4949789555760344, -0.005616676366701117
0.4965720132655493, -0.567708980919513, 0.19021508734221865, 1.8740587206522614, 2.4949597517356166, -0.005534198104960931
0.4965942664731336, -0.5676845796589692, 0.1902128299625296, 1.8740615862171894, 2.495161284724012, -0.005105677160528366
0.4965468607773608, -0.5677193530774223, 0.19021290873323873, 1.8741410710416992, 2.4950820331548162, -0.005015217650671144
0.4965580664578726, -0.5677673692197297, 0.19018411678589742, 1.874075651031502, 2.4947422928002494, -0.004767198152129089
0.4965596645569068, -0.5677301688154365, 0.19009483720960488, 1.8741964194038403, 2.495194874441671, -0.004537792641142733
0.4965306008607973, -0.5677624191978717, 0.19008193510139385, 1.8744814136330348, 2.4951368803860743, -0.004654970516977735
0.49657793096520997, -0.5677614074476751, 0.19000759215813473, 1.8743512126399344, 2.495209501132285, -0.004733390858567165
0.4965144443273524, -0.5678097747985925, 0.19003193691566175, 1.8746782796440864, 2.495038301363022, -0.005605003219119286
0.49656397309635253, -0.5677628811484943, 0.18998279224678297, 1.8745292663785271, 2.495256783334773, -0.0050546333164264755
0.49652277734926065, -0.5677994124638273, 0.18999945241235022, 1.87455345830187, 2.4952481313281107, -0.005523132488601751
0.4965215353766216, -0.5678169927321147, 0.19001361326567123, 1.874621132649817, 2.4952764943563643, -0.005609538307610974
0.4965424997044368, -0.567811061687102, 0.1899956018579229, 1.8745245022398551, 2.49533487103846, -0.005611410808271635
0.4965090190375488, -0.5678190879277555, 0.18997857548415473, 1.8744365765813524, 2.495559451784544, -0.005770459514690235
0.49649843611869204, -0.5678139489565263, 0.18994910879962693, 1.8745664883186541, 2.495637273052544, -0.005961912683015227
0.4965285619702124, -0.5678226954939483, 0.18999651258835076, 1.8743867747524148, 2.49549166618356, -0.0057595550325426565
0.49654511064781415, -0.5678037281505484, 0.18999455177972524, 1.874320888710028, 2.495497786710071, -0.005800175502968086
0.49652687880307295, -0.5678375067157689, 0.1899962948473153, 1.8743422682547277, 2.495303589739746, -0.0058337106098762265
0.49652542098969976, -0.5678551484347372, 0.18997095706393008, 1.8741892307184524, 2.495408266596498, -0.005931133417300949
0.49650282930703477, -0.5678646431389189, 0.18996525563426658, 1.874254926564894, 2.495430655509816, -0.006150227962591611
0.4964843842665072, -0.5678615314224528, 0.18986773955429392, 1.8744422353520067, 2.495874474078009, -0.006124214600087619
0.49650295969376873, -0.5678492816247114, 0.18987052523820935, 1.8743980718808375, 2.496002320309439, -0.006209762019843408
0.49650345215364, -0.5678500155931933, 0.18987281390929223, 1.8742595729855591, 2.4960691104416997, -0.006064799245314876
0.4964878535738257, -0.5678583050249041, 0.18985702470727092, 1.8743730343269327, 2.4960947907408313, -0.006186834762816834
0.4964878818680517, -0.5678657624418764, 0.18987932040884528, 1.8743506470146887, 2.4960343105120795, -0.006136558256714975
0.4964885319031332, -0.5678441476870364, 0.18983861503827626, 1.874314267939335, 2.4963318117719875, -0.006135280654507149
0.49649444021801215, -0.5678697266025057, 0.18985291947308122, 1.8742285107468355, 2.4961175383869008, -0.006270234619838622
0.49647540077120944, -0.5678824314462156, 0.1898442606195368, 1.8743205624904589, 2.495985477060922, -0.0064995190283942935
0.49647452827125804, -0.5678755489983289, 0.18984265592170463, 1.8744461929534502, 2.4960293068965322, -0.0065620629101757885
0.49648678840627286, -0.5678891935557098, 0.1898441723064034, 1.874444625189518, 2.4959347825400586, -0.006456937894626174
0.49649791639409196, -0.5678781174811931, 0.18983216669111483, 1.8745757050483016, 2.496083961676274, -0.006323460348430751
0.4965074844465987, -0.5678785062139788, 0.18982491044728667, 1.874775500212409, 2.496004770362622, -0.006521012837025414
0.49646381448006266, -0.5679068174075513, 0.18983400121199256, 1.8747326169055594, 2.4960719868066277, -0.006614412998773207
0.4964518555503767, -0.5679332456797083, 0.18982628312423397, 1.8748335062312298, 2.4958928988364524, -0.006640956814422755
0.49650942371497525, -0.5679120380922241, 0.18967657412633449, 1.8748217825117721, 2.496059286650997, -0.006779555061712864
0.49651209344192615, -0.5679024109349686, 0.1896920356691112, 1.8749595584685979, 2.4960894571995986, -0.006766761865533389
0.496534357371245, -0.5679257220555448, 0.1895579055555976, 1.8750416842240445, 2.4961658237039726, -0.006813603061478458
0.49651749324838534, -0.5679518929336052, 0.18956809651755457, 1.8750887576899622, 2.4960675402891703, -0.007043194620649805
0.49652677652675703, -0.5679321130305671, 0.18955352753699165, 1.8751076056708091, 2.496124824812968, -0.006981031968261446
0.4965217565697616, -0.5679353475409432, 0.1895449698805599, 1.8751073296093677, 2.496062051720365, -0.006930198232665673
0.49652291999940457, -0.5679595072676065, 0.18953184659086217, 1.8751737745963675, 2.495960161205951, -0.0070837537666868355
0.4965077804886368, -0.5679719472110188, 0.18951402192138664, 1.8751054645190806, 2.496110988880555, -0.007564519959242738
0.49648732967814796, -0.5680019818542569, 0.18955049347364292, 1.875083861961583, 2.496173407422789, -0.007879646435628019
0.4964869596552057, -0.5680043978656895, 0.18949304770381645, 1.8751629617168897, 2.4963112062075217, -0.007902272254740633
0.4964898044041276, -0.5680273067876372, 0.1894460896198179, 1.8753093542757677, 2.4962885279165827, -0.007857800677531177
0.496461908296506, -0.5680607956034237, 0.18935288024684474, 1.8751898693651659, 2.4963781124599485, -0.007844685232097796
0.49648185928849764, -0.5680547918189524, 0.18941244676993535, 1.8752540948628647, 2.496314893037613, -0.0075433025810630345
0.49643656887234866, -0.5680987448039772, 0.18942354252458538, 1.8755509738085674, 2.496137770861751, -0.008155770335601826
0.49643540148945375, -0.56809041885103, 0.18937867520254972, 1.8755864041266537, 2.496345306943158, -0.008044579946450909
0.4964270569510576, -0.5681087538802663, 0.18940653132209778, 1.875507744632393, 2.496324981551847, -0.008538116369128849
0.4964087656184476, -0.5681235134769231, 0.18937964418668274, 1.8756480094129662, 2.496388045572407, -0.008618403971847695
0.4964152112996128, -0.5681185665315158, 0.1893935481012349, 1.8756828123600202, 2.4964675456914716, -0.008627915384090997
0.4963990250898866, -0.568133566212756, 0.189402485666045, 1.875712663540348, 2.49644159643391, -0.008852927246460796
0.49642993003569, -0.5681262191726395, 0.18943725520199475, 1.8758081113168392, 2.4965123489902425, -0.008707764764063942
0.4964160276633885, -0.5681538944856989, 0.18943672882674203, 1.8757242322239822, 2.496428499156119, -0.008777214575179522
0.49643636837096816, -0.5681683518664091, 0.1894914355473789, 1.8756314415791502, 2.4961738178317976, -0.008913819084712832
0.4964505598500066, -0.5681584398891845, 0.1894419740989659, 1.8755019002548563, 2.4964076480384203, -0.008924159737955203
0.4964426753897621, -0.568171682822335, 0.18939828196717276, 1.8753975821861208, 2.4965448987992604, -0.009183784691920336
0.4964399222430861, -0.5682030603439993, 0.18926879456401238, 1.8756705064030077, 2.4965036211673532, -0.00915309765897458
0.4964462402063325, -0.5682141068650187, 0.18926264459016293, 1.8753801844451319, 2.4963521270709643, -0.009559396334704016
0.49643037111202243, -0.5682307199961925, 0.18925760486360274, 1.8753639332969614, 2.4964524483988755, -0.009797036168229821
0.4964108891856184, -0.5682574556779806, 0.18923561703548658, 1.875453152980523, 2.4964426584602672, -0.010055314919548638
0.496382954130223, -0.5682827081734689, 0.1892190711924359, 1.8754662949934822, 2.496367033219815, -0.009931159540988305
0.49639495619163554, -0.5682988342403411, 0.1892574904589817, 1.8753005077082627, 2.4963539256543443, -0.010485147004893683
0.49639927263138445, -0.5682695512171233, 0.18922440028683513, 1.8754457827929483, 2.4964331691239097, -0.01003871205010397
0.4963837401180958, -0.568278867981094, 0.18917340063552937, 1.875555240932919, 2.49655227413135, -0.009855423875838149
0.4963781303987083, -0.5682961901565162, 0.18918384975760116, 1.87565502338324, 2.4963409131022902, -0.00984641706320732
0.49638969142071787, -0.5683221018433445, 0.18918873615933618, 1.8756152447714458, 2.496253999043209, -0.009911880809221884
0.4963848617168797, -0.5682971924882381, 0.18912552664483917, 1.8758091875191474, 2.496454007237296, -0.0099214985018054
0.49640861850187895, -0.5683022455494201, 0.18910145353943725, 1.8758542891133825, 2.4962668503195826, -0.009577154970292923
0.4963980221435944, -0.5683090681342169, 0.18907068347428216, 1.8759722975926905, 2.4963315900944507, -0.009621355549261015
0.49637830912037284, -0.5683411068907249, 0.18903654787200053, 1.8759236754991648, 2.4962945173442446, -0.009648608312375908
0.4963999230433451, -0.5683084296580152, 0.1890877527583879, 1.8757975507897735, 2.4963857599389, -0.009292081243519322
0.4963916899413745, -0.5683107138598323, 0.1890693508634806, 1.875860557931785, 2.4964951366508785, -0.009710462236482635
0.4963650299711524, -0.5683149303038209, 0.18898589492501905, 1.8758461205863464, 2.497010160183352, -0.009880372240328625
0.49636430827903194, -0.5682993749497024, 0.18896566976603002, 1.875872646641972, 2.497332713542363, -0.00981629508563718
0.49637203878209923, -0.5683029680611191, 0.18894868486283725, 1.8759831152904292, 2.4972694119633854, -0.009308420842096434
0.4963515084599707, -0.5683572106963826, 0.18893756260811645, 1.8759887271415552, 2.497273562618904, -0.009478148466395084
0.4963478866462956, -0.5683732277408075, 0.18893641605339775, 1.8757998362455233, 2.497398434514643, -0.00942588403946961
0.49634041384003963, -0.5684055963509859, 0.18894187892071712, 1.8759668134641019, 2.496989765446539, -0.009484132863503145
0.49631292467125243, -0.5684379176158759, 0.18892280627234176, 1.8758115755045293, 2.4970315154547995, -0.009456426532979081
0.4962965630114806, -0.5684204937197087, 0.1888942731737679, 1.8759804133663178, 2.4971408132629906, -0.009081439211172907
0.4963026696584491, -0.5684229993537322, 0.18891125725699764, 1.8759824217868533, 2.4970176051790696, -0.009053462782337532
0.49632009313780656, -0.5684542892815047, 0.18891600065541353, 1.8757871419284649, 2.4967487928159864, -0.009143667110705998
0.4962837544087948, -0.5684240716620227, 0.1888618978003371, 1.8760462979855945, 2.4971980548387216, -0.009111078522333442
0.4962242313109878, -0.5684945597436488, 0.18887682549275286, 1.8755006872679314, 2.4974929936856074, -0.009485022658315401
0.4962420723124178, -0.5684922885436821, 0.18890062768828356, 1.875508047218735, 2.4971740621461667, -0.00834866634655565
0.4962108184970902, -0.5685254701143911, 0.188833084188307, 1.8757601473299017, 2.4972922096717545, -0.008493207914846798
0.49616531079683246, -0.5685450752207115, 0.18877784199230982, 1.8757549982831097, 2.497687241977669, -0.00908302300635868
0.49617778586651434, -0.5685387594396423, 0.18873424054971608, 1.8758318042028455, 2.4976035979093116, -0.008860537448115397
0.49616240767086944, -0.5685592346804629, 0.18877419806252269, 1.8758913465233733, 2.4975281560852385, -0.008843555843475574
0.4961666930590248, -0.5685762201118417, 0.18878025973678852, 1.8758722924101314, 2.4976931058352405, -0.008850509521270564
0.49615170866581915, -0.5686153754699294, 0.1887891679109155, 1.8756052262794394, 2.497636517011567, -0.00939841018435204
0.496186336521675, -0.5685955550291031, 0.18875685992850297, 1.8756335458440847, 2.4975531029310316, -0.00906594826930499
0.49617319676047356, -0.5685927032417389, 0.1887542297678686, 1.8758051482162679, 2.4975641385608096, -0.009165146032630555
0.49611156149310276, -0.5686577740989909, 0.18876766488861918, 1.87596225768344, 2.4973945113625757, -0.009320076820526104
0.4961127445109835, -0.5686634677898217, 0.18877134143590182, 1.8758947834755408, 2.4973357903409608, -0.009235783300543466
0.4961032673386171, -0.5686821841803706, 0.18872469320070875, 1.876125245463851, 2.497292068595325, -0.009730251200413494
0.4960954090367658, -0.5686997022852834, 0.18871538449082703, 1.876134887217564, 2.4973319981797446, -0.010045443328433512
0.4961082821589607, -0.5686962433874829, 0.18873272215217848, 1.8761368819560729, 2.4972080649340747, -0.010016645775318203
0.49609865704945266, -0.5687213102028653, 0.1885812916833467, 1.8763050015091634, 2.497433370895161, -0.01012256851127112
0.49608480243259856, -0.5687093356599743, 0.188541785372407, 1.876251238062243, 2.4977966931765327, -0.010567236748092852
0.4960828653010321, -0.56872120960868, 0.18855036159005292, 1.8763639388659856, 2.4977275875806173, -0.010583417471873347
0.49607711368681073, -0.5687555358612113, 0.188584072401742, 1.8764239740115893, 2.497296109958573, -0.010968578261396782
0.49608449950534395, -0.5687709485960198, 0.18861264720689536, 1.8763104945138736, 2.4971098619970027, -0.010952965606815968
0.4960674881493347, -0.5687837802483263, 0.18860921114454618, 1.876129167348415, 2.4973025431378293, -0.011157487558349855
0.49606082721082695, -0.5687812242133731, 0.18856411830715603, 1.8762055633516335, 2.4973449021749694, -0.011037852965026622
0.49603648843705167, -0.5688155367870625, 0.18859146831867768, 1.876207774201435, 2.4972810102082508, -0.011305430858041228
0.496061191270103, -0.5688032921158828, 0.1885901944306025, 1.8759107723390178, 2.497221413808648, -0.011348159641689021
0.49602975223215495, -0.5688152467446963, 0.1885412351368343, 1.87629124586626, 2.4972065995890245, -0.011063529323363326
0.4959972252642164, -0.5688433038800347, 0.1884843899667218, 1.8761228039329638, 2.497130660387816, -0.01119684629395747
0.4959999251917022, -0.5688144385840039, 0.18846477932307085, 1.876331641876091, 2.4972891645134863, -0.011225679605868214
0.49599055229886213, -0.5688399150330474, 0.18844702958096093, 1.8763757059377635, 2.497188177797847, -0.011362207010820274
0.4959820852283193, -0.5688530065837021, 0.18843042687884487, 1.8762073392698064, 2.497336005651868, -0.011476252981686544
0.49598534931763205, -0.5688821290260132, 0.18845246155094245, 1.8760209675516206, 2.4971421790178012, -0.011691468730664836
0.4959480744032321, -0.5688947286441679, 0.18843252376585537, 1.8761723301041018, 2.497288552592238, -0.01148431639884176
0.49594339526500986, -0.5689177354282, 0.18846592955180955, 1.8761294685784329, 2.497037974907671, -0.011544105510325484
0.49592675380883844, -0.5689340263147935, 0.18845911680330169, 1.876123876979832, 2.497092460046613, -0.011634934190554109
0.4959144214012805, -0.5689216183628061, 0.18839700070312312, 1.8762556121493257, 2.4972696834143706, -0.011744622835666402
0.49592807869041544, -0.5689276243618051, 0.188376744096125, 1.876194886973041, 2.4972825490943604, -0.011672980643123053
0.4959181774805204, -0.5689693104376986, 0.18833873391624703, 1.8762285940996823, 2.4971011441463484, -0.011874118391793791
0.49594122898120646, -0.5689461990547001, 0.18832956028444084, 1.8762759831014326, 2.4971354490113944, -0.011773452539361448
0.4959306321046369, -0.5689756304895908, 0.18810742816130377, 1.8764857602806297, 2.4973533948827598, -0.011785478038104267
0.4959777783677502, -0.5689794566507068, 0.18792323791617946, 1.876378261680603, 2.497329153304497, -0.01177928902329439
0.49597740435934057, -0.5689929747057636, 0.1875642304330111, 1.876540348485263, 2.497576468932822, -0.011626607425294287
0.49602005792242365, -0.56901828097322, 0.18733855732893218, 1.8765156435664205, 2.4975362337388267, -0.011636035089011733
0.49599798859051053, -0.5690741092394398, 0.18690894283286297, 1.8765162229655203, 2.497524564762659, -0.011686744029433243
0.49602260226518646, -0.5690885662740371, 0.18653094128367437, 1.8765141818670317, 2.4976056123539165, -0.011745545628529216
0.4960559949708119, -0.56911747165894, 0.18609773554790776, 1.876659066982997, 2.4977897709454604, -0.011880718915608778
0.49602036445240005, -0.5691596253169192, 0.1855660154349888, 1.8764347447550251, 2.4974301126262337, -0.012089626353783176
0.4960315042958984, -0.5691695249403039, 0.18504136965735998, 1.8764344730685034, 2.497215262121247, -0.012568584687160283
0.4960222415024837, -0.5692196167005176, 0.18444893466666565, 1.876559959158482, 2.4969807348572344, -0.01302446894627029
0.49598534088061275, -0.5692336122689541, 0.18384173918314967, 1.8764952295794786, 2.4970604565055803, -0.013301447500828914
0.49598097354571996, -0.5692796737359979, 0.18329904747746156, 1.8764623195895695, 2.496999754888805, -0.013341785565717471
0.4959536491940668, -0.5692811891871808, 0.18260868626419519, 1.8763527516530403, 2.4969269030082213, -0.013204942595295822
0.49593726937132965, -0.5692681147057529, 0.1820479414388725, 1.87613295509499, 2.4968257157426055, -0.013542184198147393
0.4959326843746912, -0.5693223094371614, 0.1814724776725612, 1.8755840408000852, 2.4964930158781824, -0.013884235291646637
0.4959159230787681, -0.5692994297211714, 0.1809543676702291, 1.8755834417105686, 2.4963166196726907, -0.013929924905552114
0.4958998858863779, -0.5693067761050549, 0.18047317985712086, 1.8755800563653127, 2.4958848080928, -0.013920262154646545
0.4959253216162773, -0.5693201830030523, 0.17987848147181867, 1.875425952333393, 2.4957188960433045, -0.013976986063371876
0.4958870577865719, -0.5693068426399421, 0.179232441474192, 1.8751924660546269, 2.495596590640671, -0.014244163950191086
0.4959215133561024, -0.5692909944152673, 0.1787590782927638, 1.8751550129250543, 2.4955059730375284, -0.013965288986324929
0.4959155685755955, -0.5692826054544863, 0.17826865378691092, 1.8752642768420815, 2.4957069539016943, -0.01389830382043705
0.4958986377389885, -0.5693055896866627, 0.1776988735998433, 1.8752167427065498, 2.495722949087985, -0.013766249888509923
0.495892071687996, -0.5693075702874096, 0.17724674840050905, 1.8754551909190673, 2.4958192645072126, -0.013528887696565975
0.4958111482792051, -0.5692390349376028, 0.17672071155342625, 1.8758369991044341, 2.4962979273450765, -0.01347947332702729
0.4957780868397554, -0.5691912032309676, 0.17626463487091482, 1.8763002001362303, 2.49664041024699, -0.013169903323439435
0.4956607121272268, -0.5691329604153675, 0.17580590417525635, 1.8766788572699524, 2.497116932596392, -0.013045807687275417
0.49559748313931673, -0.5690512919998745, 0.17524885686221675, 1.8770700516857295, 2.4977047472430067, -0.012930762507788946
0.49551587766458605, -0.5689737740318135, 0.17469331343480238, 1.8774717391937874, 2.4981156710925623, -0.01277348395154195
0.4955010707224539, -0.5689071621702964, 0.1741773010275662, 1.8775205582951424, 2.4985565067156457, -0.012335591900361827
0.49554364340811596, -0.5689445717435653, 0.17367026800358137, 1.877803014948777, 2.498710811380721, -0.012165596362146635
0.49556019170578236, -0.5689220871709876, 0.17319075133632272, 1.8781810310302312, 2.4990017918576006, -0.011640107826879046
0.49556365099459615, -0.5689072130430928, 0.17274020929793196, 1.8782704041468847, 2.499500567678336, -0.01121160426150647
0.4954986776461768, -0.5688609921108831, 0.17237486430007387, 1.8784466130848023, 2.49989152359738, -0.011141255696799895
0.4954587890948419, -0.5688029714355528, 0.17209065395218437, 1.8786151387222185, 2.500183110761171, -0.010795172100179782
0.49540594958750656, -0.568746599719813, 0.17196010740392584, 1.8787853811092432, 2.500287442262372, -0.010629306702534648
0.49537607875638556, -0.5687380128537992, 0.17176706726220511, 1.8791223332309779, 2.5002988405984623, -0.010516835603959688
0.49536377853325675, -0.5687651023820544, 0.17161781534669734, 1.8792484258041275, 2.500548650788741, -0.009292073655411298
0.49534502619816656, -0.5687890808229937, 0.17156906291681134, 1.8793212294145938, 2.500240615398477, -0.008751901545452457
0.49529485436318854, -0.5687965224113162, 0.1715088653925777, 1.8795417896405568, 2.5004807702788754, -0.0084575981580708
0.49530351996963146, -0.5687949513325969, 0.17152734103956482, 1.8795068798309853, 2.500367060684912, -0.008656042309472116
0.49519943323131277, -0.5687519720455173, 0.17150878301753752, 1.87973417440655, 2.5004567258108334, -0.008467217313420745
0.4951213749689913, -0.5687085104016387, 0.17156510368396397, 1.8797231183635816, 2.500569525753082, -0.008459312918940276
0.4950589630301181, -0.5685890008205488, 0.17167787057660694, 1.880227421364187, 2.5012330871489747, -0.008293053456136339
0.4949621931591706, -0.5684511147505706, 0.1713967738718628, 1.8806521295388892, 2.501969664085154, -0.007799292193624483
0.49483971332149246, -0.5683037773195259, 0.1711468469206779, 1.88120766702104, 2.5033293458963093, -0.00758237571453025
0.4947711744625256, -0.5682677583346394, 0.171089816570671, 1.881517455569936, 2.503401910990936, -0.0073891810116060615
0.4946908381521074, -0.5681545084895427, 0.17084498892012215, 1.8819347774560926, 2.5039711720587365, -0.0067384871063534
0.4946277116605593, -0.5680177875205876, 0.1705686318641594, 1.8821957298547103, 2.5042955398788074, -0.005762622164900037
0.49455507070025984, -0.5678683322067547, 0.17019974017120237, 1.8822687297570007, 2.504646451032696, -0.004892984504921865
0.4945550244099364, -0.5678378320320651, 0.16978858043230197, 1.882383679283003, 2.504543759612946, -0.004020391786947522
0.49458743457480336, -0.567821254989892, 0.16931652891616322, 1.8825777330870923, 2.504837170195445, -0.0029409638388599516
0.4946492620139877, -0.5677621909270263, 0.16875950675708348, 1.8824183612734997, 2.5048392969777367, -0.001309691273537125
0.4945788522455737, -0.567809523856063, 0.16805898333461414, 1.883585141632627, 2.504191372119876, -0.0005322824469135299
0.49457055753583207, -0.5678713353356086, 0.16764358811120086, 1.8838694132971905, 2.503398314983265, -8.299841180382195e-05
0.4945548313534896, -0.567911488377066, 0.16714755006286863, 1.8842222758634377, 2.5027554761203965, -3.182665788446236e-05
0.494529338109691, -0.5679744918981126, 0.16669870313800672, 1.8839078116744825, 2.5025379586988183, 6.632323156825536e-05
0.49444641231878417, -0.5680620905003869, 0.16631433880850555, 1.8838782706176405, 2.502177669083583, 0.0007363007457834263
0.49445318446737013, -0.5680699306876674, 0.16600540022682447, 1.8830056265753456, 2.5025416926626143, 0.0011488823571630157
0.49440696652982985, -0.5680912404033611, 0.16578367042034098, 1.88353388736059, 2.5016634575943595, 0.0006352767721793224
0.49438471660277655, -0.5680525090833101, 0.16569745624277363, 1.8823363015994097, 2.5021827636420366, -6.513286453881676e-05
0.4943594144264877, -0.5680798151639075, 0.16566756495677426, 1.8817456733138926, 2.502610073458784, -0.0005602696291576132
0.49435943254371806, -0.5680646584770045, 0.16566558424765854, 1.8811931998898754, 2.5036623683330745, -0.0009417258636040822
0.4943494901704348, -0.5680744152838179, 0.165639196519812, 1.8808818308254949, 2.504466636110711, -0.0017595538821399694
0.4943338879816499, -0.5680878184652463, 0.1656456761856855, 1.8798471287866445, 2.5055314397280224, -0.0020982317962459462
0.4943666736725272, -0.5680643891970507, 0.16564953970797405, 1.8789730194130108, 2.5059952736556257, -0.0015927041056146322
0.4943904264302546, -0.5680446343683442, 0.16562814567295245, 1.8781056367253772, 2.506910776541303, -0.001518854463551245
0.4943954389500831, -0.5680334310491275, 0.1656158602727922, 1.8770706941032866, 2.507725538800698, -0.0011643263416269277
0.4944012497019949, -0.5680708738379908, 0.16550696924967245, 1.8758644511507165, 2.5085847365190497, -0.0014409128525081467
0.4943809266900671, -0.5680832236146041, 0.16540671068979404, 1.874721789294319, 2.5093072475097205, -0.0020068696430491253
0.4944004608300844, -0.5680818672039668, 0.16516138069758685, 1.8734157675706404, 2.510258018953027, -0.0013085814804721157
0.49439942270718756, -0.5681172865968708, 0.16498130101845856, 1.8726672349873097, 2.510444807591693, -0.0005803490900223953
0.4943572873481091, -0.5681359498882846, 0.16477913089504034, 1.8719781081844087, 2.5108009351627736, -0.0006990569483110681
0.49438160662637126, -0.5681506544748184, 0.16457533221630818, 1.8707937236592376, 2.5118197106027105, -0.000453967057471012
0.4943258121261878, -0.5681956463822556, 0.16452819082465922, 1.8700862989142957, 2.5123159026072996, -0.000445002348235559
0.49434234648607595, -0.5681951245656016, 0.16441275319073198, 1.8687914278998305, 2.5134053828197547, -0.0005563935988871554
0.4943706801996316, -0.568190684975267, 0.16436065546615433, 1.8681789261409383, 2.5140018704760516, -0.000171365054906082
0.49443072371064106, -0.5681626717178337, 0.1643151203048914, 1.8672590151740684, 2.5145961368215217, 0.0005484752825831279
0.4945228386815012, -0.5681140242403782, 0.16422739579046833, 1.8655207081404324, 2.5160646770354065, 6.643162211110882e-05
0.49461900062639563, -0.5680979454917067, 0.1641508569733212, 1.8649379096897525, 2.5164789199800985, 0.0005883741118793668
0.49472036613454407, -0.5680440703277089, 0.16420533388263134, 1.8645573427080202, 2.516498042015541, 0.0002454453704947312
0.49484948626678354, -0.5679898640033684, 0.16422778318862474, 1.8643543795784125, 2.5166402344336403, 0.000867196471254132
0.49497385942050964, -0.5679088846739563, 0.16408793268871308, 1.8640802171895703, 2.5171211845510406, 0.0007228676532258555
0.4950733190014176, -0.5678645906110179, 0.1640330777435189, 1.8636078004611423, 2.51739705622854, 0.0007142027313479716
0.4952169732313367, -0.5677724839450059, 0.16402782278516076, 1.8621604830045582, 2.5182466343327237, 0.0004249784660032343
0.4953542870695924, -0.5676741092947812, 0.16402177503960044, 1.8624110987616918, 2.517911871495807, -0.0002987322084058751
0.495510950475597, -0.5675830940270379, 0.16395887986688654, 1.8622873722838191, 2.5183780826462003, -0.0005626245093198689
0.49572062735398703, -0.5674462612096369, 0.16391787220731446, 1.8618614522160812, 2.5188103167572713, -0.0010387227872396352
0.4959562772063082, -0.5672797939859285, 0.16398730203068776, 1.8617111159336266, 2.5189503201661947, -0.0017618090184445528
0.496117946786528, -0.567213063554966, 0.16411600170157534, 1.862370436924232, 2.518642982521638, -0.002298127414801327
0.4962422604712307, -0.5671473643699267, 0.16422701866305173, 1.8621801342722653, 2.518858396414339, -0.002812975281440103
0.49632531987783035, -0.5671128849218783, 0.16433471472477, 1.8627768580944757, 2.5187859286047054, -0.0032604275004685795
0.49638970992867903, -0.5670917593361617, 0.16460245171021914, 1.8624063780716582, 2.519308429043329, -0.0031748532312316268
0.4964061301531897, -0.5670778450109277, 0.1649437682801759, 1.861995627612069, 2.5197049080173333, -0.004042981243531608
0.49636777582075686, -0.5671223999447869, 0.16534503212892093, 1.8635263347694966, 2.5189125745473113, -0.004257922232253403
0.496398963701829, -0.5670986901857679, 0.16566204682242883, 1.864359710269779, 2.5188566555705654, -0.004174878671187199
0.4964115148422108, -0.5671234295497761, 0.16601209205681758, 1.863837398219481, 2.519170358619672, -0.0042127004767019945
0.49640709066495625, -0.5671371036501665, 0.16639852137576916, 1.8647318061847733, 2.5190733876998417, -0.003940107262104791
0.4964502642271654, -0.5671259973475915, 0.1668552232175143, 1.8642329674151858, 2.5195213948195896, -0.003772386832609988
0.4964198811966517, -0.5671532866022542, 0.16714174222797537, 1.8641330554459552, 2.5193250673144645, -0.004035703425512529
0.4964291420118716, -0.5671423408291273, 0.16747423526233313, 1.863390694845322, 2.5200712549300377, -0.004087878215180133
0.4963806505878856, -0.5671860971002625, 0.16775073209265334, 1.863368747554195, 2.519853984454328, -0.004461031706409293
0.49634488249744624, -0.567193531150002, 0.1680278703613001, 1.8629085239560028, 2.5201887761027506, -0.0043447503980608435
0.49632998653773, -0.5671877376528701, 0.16841104960682715, 1.8625815627824367, 2.5204234147509395, -0.003980233916415796
0.4963381263594054, -0.5672568275639394, 0.16884382892116354, 1.8629417942678421, 2.5205477205746285, -0.004307755041560604
0.49634681315396884, -0.5672857108235722, 0.16929503039338267, 1.8627650542917433, 2.520378703276617, -0.004305882309333454
0.49635055967330305, -0.5673043545949477, 0.16968916445732657, 1.8623089609602064, 2.520271222104293, -0.004395780852866598
0.49631596176986603, -0.5673299677165441, 0.1700411619081252, 1.8619287983579036, 2.520651191000589, -0.004813145907490854
0.4963172203194053, -0.5673210615617512, 0.17041182805062863, 1.8613234400839973, 2.521204279057853, -0.004834629367269856
0.4962823710617238, -0.5673553485986796, 0.17084912192844745, 1.8607452623210636, 2.521503548443161, -0.005234269380525693
0.4962807009613204, -0.5673434675315084, 0.17124881700635486, 1.8605052212817117, 2.521530620677905, -0.0057286479388626394
0.49628566608590496, -0.5673755270559149, 0.17166032995177358, 1.8595753776202828, 2.522050297749053, -0.00596420925022909
0.4962789761682264, -0.5674045335261024, 0.17219408940864422, 1.860044375976224, 2.5218808659836403, -0.005951042150762427
0.49627215380948103, -0.5673863600874713, 0.17246584237607837, 1.860811791325182, 2.52192499561523, -0.006203044383454628
0.4962670569600337, -0.5673739747558186, 0.17280036919923594, 1.8616787768234482, 2.5219483392128117, -0.006354902953447449
0.4962598529405589, -0.5674091487284755, 0.1732943313528368, 1.8626413415728156, 2.5214946795205515, -0.006728700772983275
0.4962916130450013, -0.5674180881157246, 0.1737286172568802, 1.8631301972951733, 2.5218967275154736, -0.007058692259137621
0.4962660698110862, -0.567445308634774, 0.17417452580685572, 1.8643549887498505, 2.5210001840236416, -0.007550675362633673
0.49627670130639934, -0.567469353136612, 0.1745763586134569, 1.8653093353757777, 2.520986300636894, -0.007699293411248332
0.49632667989097684, -0.5674304482932491, 0.17510225401174384, 1.8653583376873955, 2.5214252209674486, -0.007679422424038417
0.49635602936659734, -0.5674305550485034, 0.17553324565750145, 1.865345266728129, 2.521553476415683, -0.0068851264825286335
0.49634897929373967, -0.5674489661138816, 0.17595483598029982, 1.865404727608971, 2.5214559511188943, -0.006747674187544411
0.49635763373969766, -0.5674285938300322, 0.1763195979880195, 1.8654893083955155, 2.5218447102807824, -0.006037428270793018
0.49637693654427517, -0.5674091428778105, 0.17673391490440873, 1.8655591917704089, 2.5219560269120613, -0.006030528292350105
0.49640237759344613, -0.5674496581715635, 0.17728851700919318, 1.8656518643063618, 2.5219090480144546, -0.0056556969051466096
0.4963974711346606, -0.5674496335318755, 0.17778103027855618, 1.8658434534789246, 2.521932202049809, -0.005703241388517044
0.49639918658558374, -0.5674863490128057, 0.17829382337253877, 1.865700107655011, 2.5218447924976037, -0.005727263928308034
0.49639564930258134, -0.5675076875722844, 0.1787335908393879, 1.8657439134253384, 2.5217581752258527, -0.0055892166856696445
0.49642663827162065, -0.5675189712745773, 0.1791966511136292, 1.8656885395674316, 2.521759764955863, -0.005712800183338107
0.4964155946643971, -0.5675411557657218, 0.17968705931666934, 1.8658238857178389, 2.521446520747181, -0.005682225663664268
0.49641012841060556, -0.5675160751803408, 0.18006360884408218, 1.8660614037856533, 2.521724515475339, -0.005536279397492834
0.4964310624274182, -0.5675053480228456, 0.18050710524724, 1.865854729893335, 2.5220640708311937, -0.00515092516815616
0.4964422672556272, -0.5675172474341424, 0.18095105519549914, 1.8663659549546403, 2.5221766010976494, -0.005149451997748255
0.49643122273321494, -0.5675527930075083, 0.1815241745577436, 1.866382724036509, 2.5223490938765956, -0.004496224424021939
0.49649574260904744, -0.5675793500612514, 0.18213107996570035, 1.8661662528682035, 2.5222604490483187, -0.004616587813605447
0.49647399374764944, -0.5676054152857225, 0.18258372779162718, 1.866126546208087, 2.5219887680540403, -0.005387178597171604
0.49645822183447674, -0.5676479654883607, 0.18312112697505767, 1.8660941057633247, 2.52176572149971, -0.005528146462763996
0.4964425766407672, -0.5676692715508764, 0.1835767124453536, 1.8660143952033468, 2.522054776918168, -0.00566539083553545
0.49645912263512243, -0.5676805430084293, 0.1841346865202508, 1.8655275053489948, 2.5218811422863188, -0.005212873791371242
0.4964693997222907, -0.5676928132870035, 0.1847397914890332, 1.8657689311608414, 2.522074401820875, -0.005237801973857316
0.49646577883391485, -0.5677471225338715, 0.18521727162891222, 1.8654547002842095, 2.522165650833254, -0.005389861270470034
0.49644767360517433, -0.567733248962782, 0.18574103919577958, 1.8656150162589504, 2.5226003166445836, -0.004911391624021119
0.49645851130195423, -0.5677319591554325, 0.18631702178685738, 1.8656638499483102, 2.522653619336601, -0.00492615331469481
0.4964406697596379, -0.5677882702744591, 0.18680306521914533, 1.8654875738197148, 2.5224860084525167, -0.004961231175181471
0.4964994764762416, -0.5677999530297839, 0.18725072803126006, 1.8653324783153717, 2.522900565072424, -0.004751936210463656
0.49644580842345204, -0.5678171519802855, 0.1877006742804233, 1.8652195537410166, 2.5231737481438468, -0.004950398258312835
0.4964920346374757, -0.5678232783420545, 0.18819430113488125, 1.8649224722315265, 2.5233249185235422, -0.004831308472276137
0.496469603608903, -0.5678496567521228, 0.18870781720756655, 1.8646784839771675, 2.523031185639557, -0.005165388557760893
0.4964944710849276, -0.5678569612780457, 0.18925724320196882, 1.8646257960451718, 2.5233288507960387, -0.0052774302253234505
0.496501651112369, -0.5678900301618514, 0.18989070197070834, 1.8646995411205187, 2.523158821596596, -0.005648979472688574
0.4964848424305048, -0.5678874718195644, 0.19035266575681237, 1.8645722831506366, 2.523156223412185, -0.005816638369529142
0.4964712756424736, -0.567901319313098, 0.1908087364258674, 1.8644896908982067, 2.523120500260044, -0.005701754296740923
0.49642274732788727, -0.5679304038480063, 0.19132092029987732, 1.8644050939764476, 2.523019344241652, -0.005724214252484595
0.4964326298659932, -0.5679656290776751, 0.19181250487798127, 1.8641620191955575, 2.522697551017462, -0.005344772273793576
0.4964088726147241, -0.5679860859260328, 0.19224898269461932, 1.8646567522111999, 2.5227570555345125, -0.005236480269089921
0.496404398946746, -0.5679981299835356, 0.19264691410216, 1.8642899829816533, 2.522902729503553, -0.005145971570802816
0.4963942826616595, -0.5680025504661471, 0.1928061211102901, 1.8651437322584816, 2.5238111845221822, -0.004430024677388978
0.4963932147821936, -0.5680290791567343, 0.19312340512316026, 1.865430489180356, 2.5237675078056965, -0.004782656524201109
0.49641673910462286, -0.5680297877160734, 0.19330480719364865, 1.8654399223230058, 2.523754169536913, -0.004684069330133549
0.49642533385641163, -0.5680236039600826, 0.19358139254362203, 1.8652713472015272, 2.5236248199157347, -0.004682451697119967
0.4964362975560331, -0.5680023348565278, 0.193713686278199, 1.8652225730227479, 2.5236909408961896, -0.004431551761411977
0.49644653635681946, -0.568056471837785, 0.19382322444107128, 1.8651353364964167, 2.5234124124466417, -0.0044418813443883685
0.4964563204619859, -0.5680649076694144, 0.19386543541068943, 1.8649646178346082, 2.5231752549035718, -0.004625912367718415
0.4964254508088547, -0.5680497807323306, 0.19381034110244938, 1.8652372996541107, 2.523294548095959, -0.004747778959879523
0.4964086680409919, -0.5680651935013386, 0.19381896040658173, 1.865501318450475, 2.5232406659334545, -0.005129060989621595
0.49642434712796213, -0.5680847351159011, 0.19383647732301598, 1.8651333372990602, 2.523116341389864, -0.0052418492290779795
0.4964290009714781, -0.5680877125228956, 0.19381376820315707, 1.8650610076036087, 2.5228859759881725, -0.00525013322998952
0.4964024616788498, -0.5680908620294352, 0.19382756031686488, 1.8650945047296499, 2.523190695309467, -0.00525696324933355
0.4964165725044153, -0.5680748324798961, 0.1938062247910998, 1.8653113487526358, 2.5231690955377792, -0.005338105887465075
0.49641718469233065, -0.5680348997581691, 0.19380645459816992, 1.865353674028045, 2.5235530385139557, -0.004772101021003829
0.4963776578308259, -0.5680411966424317, 0.19370894621456622, 1.8655181584660425, 2.5231974458063133, -0.0048532780169639024
0.4964243981170992, -0.5680129047108474, 0.19378792348119195, 1.8659168182277774, 2.523918295117368, -0.004339767777945065
0.4964080150456931, -0.5679804468810177, 0.19381020021509845, 1.8662596336949069, 2.5244612067353196, -0.004188661543239704
0.49642633031940253, -0.567929368980486, 0.19389166333389785, 1.866680355635036, 2.525211684464714, -0.003689850329270724
0.4963434290162004, -0.5678949931164631, 0.1938276168552809, 1.8673567669122657, 2.525667579017689, -0.0031673538562256368
0.4963156506848216, -0.5678239109202488, 0.19374719299261958, -1.8676145858346702, -2.525966593417694, 0.0029307685911800587
0.49632729615098486, -0.5678195361804065, 0.19379880844337805, -1.8677467923535167, -2.525955491888803, 0.0027490464092344955
0.4963289123931615, -0.5678282934096998, 0.19379455049548722, 1.868019799772522, 2.52584519339244, -0.0028601232844263484
0.4962872590465691, -0.5678060121684202, 0.1939449909708503, 1.8679796617727458, 2.525762974782684, -0.0027355754536401975
0.49631580198209113, -0.5677908098623107, 0.19394176310030664, 1.8677278726067705, 2.525895617418284, -0.0028351174790300277
0.4963130526123864, -0.5678625312120973, 0.19398375495215492, 1.8675120842642539, 2.525564907983219, -0.0033895868701656596
0.4962514103272838, -0.5679193084200364, 0.19398590320400366, 1.8676877403707042, 2.525486005195877, -0.0037432985549623993
0.4962622058344697, -0.5678623820673326, 0.19390687462927336, 1.8679364821305227, 2.525830806756484, -0.0028271756875305133
0.49629051010022524, -0.5678553331323276, 0.1939507097476492, 1.8678659862589237, 2.525606082237184, -0.002436893979810475
0.49625189945414366, -0.5677994117349217, 0.19383721345149874, -1.8680361660177551, -2.525809074608727, 0.0020952519419463345
0.4962020743997306, -0.5678463100826754, 0.19380816817703855, -1.8679117498849518, -2.5256422044700333, 0.003411038264046308
0.4962273158433455, -0.5678897448751603, 0.1938928609222342, 1.867894778410818, 2.525705993080552, -0.003748439588640003
0.49628380095434077, -0.5678686418331863, 0.19394366814753486, 1.8676670609412884, 2.525425713506826, -0.002713657164366816
0.496298464226036, -0.5677476206083529, 0.19383813214900308, -1.867785337882733, -2.5256961343144892, 0.0021044886309621413
0.4962214269025713, -0.5678630545650091, 0.19384552272696287, -1.8677190162264334, -2.525949862556259, 0.0038977617078983047
0.4962457242825267, -0.5678226189902744, 0.1938263250899464, -1.8678218608650643, -2.525930514570743, 0.0024688953838035346
0.49628068211678433, -0.5677690766227241, 0.19379035873064623, -1.8676862890232173, -2.525782837673392, 0.00212565490162199
0.4962394848467437, -0.5678586443912997, 0.19383356354061199, -1.8678229338954988, -2.5259937825173053, 0.00364535025830725
0.4962688969761089, -0.5678080611885649, 0.19379312811051644, -1.8677952054827853, -2.5259258212023914, 0.0026372697576770897
0.49625335004174204, -0.5678361583891212, 0.19381893972771255, -1.8678382517808279, -2.525920685843122, 0.0031865816207559275
0.49625265367034627, -0.5678283529922155, 0.1937896820373957, -1.8677531408754682, -2.5258698304444085, 0.003081896127813741
0.4962923358773944, -0.5677646120278235, 0.19378951084566728, -1.8677232272160709, -2.5258624617774714, 0.0020981906378253973
0.4962704668279187, -0.5678389208746599, 0.1938113973450503, -1.8678545142378724, -2.526003604514802, 0.003346779622219824
0.4962591079617009, -0.5678196600964709, 0.19378312585714705, -1.867788416207892, -2.5258853190483777, 0.0028973516369565568
0.4962776692103392, -0.5678192772831333, 0.19379303850383936, -1.8678146119609043, -2.525919444194593, 0.002996577038262709
0.49632164397092704, -0.567742796288713, 0.19378743168491122, -1.8678359994186822, -2.525825523317596, 0.0013284875157633035
0.4962140984068897, -0.5679028967158506, 0.1938079024962867, 1.867876032232361, 2.525967749373722, -0.003896913312048696
0.496304864499003, -0.5678170226595808, 0.193817104037922, 1.8677352008978132, 2.526030034218356, -0.003447579173169654
0.49627454562961487, -0.5678366520017606, 0.1938170577042604, 1.8678534211106146, 2.5259054559849914, -0.0028093422219414464
0.49632172293535126, -0.5677202769841222, 0.19372982169224962, -1.867531108052459, -2.5256392157348113, 0.001460442169381049
0.49624535713827267, -0.5678265550108516, 0.1937668405769408, -1.8676852757078162, -2.52568500414168, 0.0037397199678277575
0.49627869626838833, -0.5677938016649795, 0.1933364499397369, -1.8672035105966485, -2.5250094358293675, 0.002536445198889103
0.4963639630898587, -0.5678601955286791, 0.19351253671772023, 1.867841656401869, 2.5260093010753435, -0.0028820424538919865
0.4963816443909252, -0.5679660445979121, 0.19428314040476324, 1.8670204167243838, 2.524793307320572, -0.003922209932285228
0.49631202283648845, -0.5677223974520546, 0.19390935416354899, -1.8676511580718513, -2.52570789685228, 0.0020754809087354187
0.4963196769045158, -0.5678705709046347, 0.19403841572516, 1.8674456061428741, 2.5254407618795662, -0.00374416848793217
0.4962648151752168, -0.5676738671556711, 0.1936747852696083, -1.8673572470479143, -2.5253759763725605, 0.0017650951488397046
0.49626447492492887, -0.5678526035159928, 0.19380050388761316, 1.8677178112281565, 2.5257795029294297, -0.003775185178816368
0.4962480088455471, -0.5678078942800896, 0.19382615074957554, -1.8677232660624, -2.5257379382512504, 0.003160854427079977
0.4962974227746181, -0.567808908815429, 0.19384145941900055, 1.8678156911330108, 2.5259184625383777, -0.0028102408396739917
0.496311048551819, -0.5678135563177439, 0.1939154012584209, 1.867649019597274, 2.5257540330735995, -0.002741195501101715
0.49628449263651836, -0.5678190471071098, 0.19389904421118873, 1.8677905612805576, 2.5260138054078354, -0.00308471978081586
0.49627858456132334, -0.5678691398121567, 0.19392503125468183, 1.8678646783746164, 2.5257955992711927, -0.0033633112405388904
0.49634803190566584, -0.5678294280631389, 0.19397219648723696, 1.867612067049769, 2.525576307095505, -0.002551069576703028
0.4963023685508053, -0.5678346311513552, 0.19392494040651634, 1.8678134014148489, 2.5258537831505348, -0.00294635148998822
0.49622977816488395, -0.5677765315089395, 0.1937738320795638, -1.8676211363464454, -2.5257570086653427, 0.003100705645972399
0.49625330938622403, -0.5677957630675674, 0.193758459555652, -1.867779109984689, -2.5259029467418315, 0.0029560742565214525
0.4962729792970464, -0.5677981310666126, 0.19382667127373476, 1.867796861325589, 2.525956112738023, -0.002940941035330681
0.49628408163526605, -0.5678378493886983, 0.19387916903093114, 1.8678352661507862, 2.525947307954481, -0.0030314611372385682
0.49631206257165045, -0.567823852423665, 0.19390373459447063, 1.8677701487166218, 2.5258890687973783, -0.003003109311988229
0.4962991377360083, -0.5678595523879849, 0.19396943094719815, 1.8678122762887015, 2.5257247575105044, -0.003013884696841026
0.49631170645187583, -0.5678586728439158, 0.19394404114535996, 1.8677680547739708, 2.525727326522009, -0.0030172602054576343
0.4962960337240935, -0.5678569210065529, 0.19395944941402285, 1.8678040432624756, 2.5257456631212913, -0.003012787184762697
0.4963246181661079, -0.5678256897002938, 0.19391498840635196, 1.8677339281537757, 2.5259032353088537, -0.0030416250974294643
0.49622883950306235, -0.5677687328938249, 0.19375049146720616, -1.8677063540052585, -2.5257440703886918, 0.003011767187903387
0.49623175438232325, -0.5677858172389126, 0.1937535967696363, -1.8677712384592662, -2.525767733274016, 0.003056144646548284
0.49627476052978564, -0.567834307908538, 0.19387248304771035, 1.8678850990219473, 2.5258545564737616, -0.003093794756102482
0.49627947851160437, -0.5678240134258902, 0.19383572841635763, 1.8678754189014157, 2.5259691390357926, -0.002895814222650225
0.4962857309025311, -0.5678240453295055, 0.19387260041038826, 1.867860472123124, 2.5257888966424416, -0.0026864044480397757
0.49631447211541024, -0.5678034541381513, 0.19385247298022495, 1.8677863496871365, 2.5259105703031035, -0.002548454483927337
0.4962832563005674, -0.5678398660773919, 0.19389029109178485, 1.867845654822161, 2.5258322087970146, -0.003230305654370048
0.49626940815583237, -0.5678221742914983, 0.19384556053649052, -1.8678391654169297, -2.525953078865303, 0.00313258718811125
0.4962669458108136, -0.5678103227691466, 0.19385432374091655, -1.8678626641561071, -2.5259226757999005, 0.0028480197119561796
0.4962714222739723, -0.5678049316532304, 0.19384422078995678, -1.8677841170495164, -2.5258806739309128, 0.0030273679106866186
0.49628528860232796, -0.5678083055900345, 0.19386323851043843, -1.8678367442308819, -2.525981661753853, 0.0029269960852522144
0.49629177900114696, -0.5678024345705244, 0.19386435972422056, -1.86783289760515, -2.5260084082918857, 0.0027780763700212103
0.49626379344143645, -0.5678075588614321, 0.19383973816177322, -1.867804368892612, -2.5258764644566583, 0.00283979886865095
0.49625993641671884, -0.5678311009202578, 0.1938844485910146, 1.8678987822377657, 2.525937636058688, -0.0028960920952849785
0.49625804494258857, -0.5678400995770566, 0.19386014727967907, -1.8679047257830041, -2.5259159847498744, 0.003189773964675232
0.4962668099620751, -0.5677807215139044, 0.19378035582398437, -1.867566504914455, -2.5256861018300003, 0.0027304097377442243
0.4963104883871053, -0.5678000582743743, 0.19381803035796977, 1.8677608086723496, 2.526003478945865, -0.0025423313523662678
0.49623854697761355, -0.5678188253956058, 0.19377006514797906, -1.8676082876643942, -2.5256476556411407, 0.0030886758865821006
0.4962628175651219, -0.5678147725157734, 0.19382754884902567, -1.8677980161715864, -2.5258049737140653, 0.0026249092579717225
0.49629704110065187, -0.5678245849331964, 0.19387483543532513, 1.8677226918977696, 2.5258870482397384, -0.0028755100260264934
0.4962798708004011, -0.5678315601066636, 0.19385140686097718, 1.8677988128644345, 2.525927775312112, -0.0029989522183854534
0.4962770187373202, -0.5678304847945276, 0.19385126476227638, 1.8678577937858551, 2.5259449680452035, -0.0030121661870409363
0.4962959987874422, -0.5678176206023136, 0.1938446787107454, 1.8677576226011223, 2.525999309420358, -0.0029386748474342942
0.4962878649871965, -0.5677945625552456, 0.19381976619223315, -1.8677271459429265, -2.5259921104747014, 0.0028646470094852074
0.4963156042899115, -0.5678026746905552, 0.1938413306161337, 1.8677806361634872, 2.525966855537968, -0.002675780269855035
0.4963024505862967, -0.567805655068978, 0.19383008730074003, -1.867838955186537, -2.5260147170922163, 0.002855511758366077
0.49626853356584333, -0.5678302812824766, 0.1938211562082581, -1.8678484219754614, -2.5259337037611496, 0.0030939445772467785
0.49627217874331225, -0.5678515782467529, 0.19385927670956546, 1.8677812283151356, 2.52593467922761, -0.003660002941208801
0.49634110447718477, -0.5677701373861527, 0.1938570988598772, 1.8677321598941756, 2.52583598304177, -0.0021255941963375376
0.49623919286504553, -0.5678188743220683, 0.19379611735778526, -1.8675824261884777, -2.5257383894303755, 0.003396979415182403
0.49626299165415577, -0.5677874378691384, 0.19378478893590567, -1.867517132871302, -2.5257145914132915, 0.002861695803515745
0.49629731269711713, -0.5678481833620294, 0.19388969230534156, 1.8676384723232415, 2.5257061358695494, -0.0030490149209675874
0.49625790251483176, -0.5678399786307563, 0.19383659414269558, -1.8678075624065331, -2.5259427892979596, 0.0031859965336239224
0.4962762067673808, -0.5677573063470996, 0.19377910026949538, -1.867488939435433, -2.5257087141433083, 0.0023120011456100684
0.4963009865383242, -0.5677653379590766, 0.19375461033993843, -1.8675258337989198, -2.525880993285583, 0.0024635838030008374
0.49632098663045565, -0.5678766225804658, 0.19389511290671996, 1.867535421575455, 2.5253684272219474, -0.0036538952200654297
0.49627097189527203, -0.5677456013106639, 0.1937509211356981, -1.8675256310402553, -2.5255382935258925, 0.0022046027112570706
0.4963070230418166, -0.5678402246053466, 0.19382936631112355, 1.867781749164215, 2.5257096828511636, -0.003134286526894536
0.49629750600446587, -0.5677601081453627, 0.19379492543530155, -1.867776118713933, -2.525776222107564, 0.0021312633770911673
0.4962761558206685, -0.5678354763083102, 0.19382136358197724, -1.8679015734824211, -2.525908539439701, 0.0038506467102428807
0.49632621724047155, -0.5677886152625797, 0.19382574842741754, 1.8679187711703054, 2.5259001705963633, -0.0025218348650111857
0.4963111366603044, -0.5678376548559303, 0.19383812245133314, 1.8677813774235743, 2.525773476193942, -0.003203687346724034
0.49629199309001076, -0.5678130234731569, 0.19383680577271048, 1.8680010688092452, 2.525854187867263, -0.0027656620748355456
0.4962760764580127, -0.5678255880822523, 0.19384113510778303, -1.8680145414258063, -2.5258735824419816, 0.0027974521673990093
0.49629430010805015, -0.5678089756098194, 0.1938345489209785, 1.8679415476114525, 2.52593221052272, -0.002838000975226259
0.4963000914059097, -0.5677948072667476, 0.1938545291063276, 1.8678757066854894, 2.5259693896583735, -0.002895428916480096
0.4962941952218792, -0.567816319809171, 0.19383347477747961, 1.8680016228614114, 2.525854871274168, -0.0027843569307290247
0.4962931515351197, -0.5677486919318265, 0.19375433726502814, -1.8676376292203842, -2.525592574926277, 0.0021609817915102126
0.4962718390225491, -0.5679311352553787, 0.19394499265665135, 1.8676333068037676, 2.525408696644096, -0.004302374428832263
0.49632957805587224, -0.5677895787506166, 0.19386942461351034, 1.867879491199163, 2.5257515446564676, -0.002047336554320142
0.4962739564435332, -0.56778424434184, 0.1937881232776628, -1.8676162944509045, -2.525690253953533, 0.002545312491864949
0.4962570293369123, -0.5678042112389181, 0.19376338854816558, -1.8674576016070872, -2.525853336552273, 0.0030034647696956297
0.4963163922525164, -0.5678437356560618, 0.19388764969331185, 1.86762409249409, 2.525653100560859, -0.0032436580176011566
0.4962977032111137, -0.5677396700921538, 0.1937574850332467, -1.8676062243250418, -2.525551473580499, 0.001985355566397473
0.49626821654508235, -0.5678617106274096, 0.19386284664750278, 1.867818958695182, 2.525794404865445, -0.003538318368577653
0.4962989115840318, -0.5677827326581479, 0.19382307850002137, -1.8677723026734432, -2.5258962702255774, 0.0024242826167258725
0.49629255164730984, -0.5678347636768956, 0.1938304574521212, 1.8677910071417076, 2.5259154093090608, -0.0032087122402991034
0.4962900739899045, -0.5678429504751217, 0.1938382734654501, 1.8678902205701295, 2.525796491432494, -0.003193989075631686
0.4962925433511677, -0.5677906743007504, 0.19384211755252595, -1.8679109656072266, -2.525831328757344, 0.0022951880656826226
0.49628663374008997, -0.5678445079321208, 0.19387707437742635, 1.8679486627460165, 2.525718121544948, -0.0031019298357928735
0.4962798509501669, -0.5678581352655837, 0.19386823236826112, 1.8679414135935657, 2.525771045064531, -0.003663884357980259
0.4963128561023418, -0.5678053859018142, 0.19385363255440663, 1.8679878851251097, 2.5258051582613947, -0.0022798255888749073
0.4962870334448736, -0.5677884703940282, 0.19382176332722462, -1.867809769489126, -2.5257900971243834, 0.002473321225007595
0.4962522020164695, -0.5678059110316998, 0.19382058526987658, -1.867649061491797, -2.5257029757746863, 0.0029257515570053063
0.4963046094232618, -0.5677928814905808, 0.1938188762019152, -1.8677666541124462, -2.5259817466130374, 0.0028097977430731414
0.49627803907665685, -0.567815468047291, 0.1938006016793261, -1.867768849320044, -2.525891305649215, 0.002782688480894212
0.4962723096975825, -0.567795877616208, 0.19376256614307816, -1.867511152097236, -2.525861643412049, 0.002724837474893182
0.4962862144851831, -0.5678770171574387, 0.19386878164634727, 1.8677189177287805, 2.5256546842406653, -0.0037090861292694882
0.49629146593329676, -0.5677776968712391, 0.19380067812889537, -1.8678281793930744, -2.5257202419626785, 0.0024307410290985583
0.49629843080222935, -0.567788352237488, 0.1938409097279622, -1.8679309382178697, -2.5258575144235347, 0.0023558655076837396
0.49626397506041553, -0.5678711847016881, 0.19386281024602647, 1.8678869050029951, 2.5257600031099936, -0.003555701902917479
0.496287759686421, -0.5678436452607306, 0.19386150494587992, 1.8678876898496828, 2.525889869559225, -0.0032224740783385695
0.496314345988444, -0.5677964623004919, 0.19385908784338315, 1.8678769304276421, 2.5258440062704284, -0.002302880861736026
0.49630285992299616, -0.5677895680091615, 0.19386336445621355, -1.867762574965495, -2.52597687568268, 0.0029400416319212363
0.4962504493409498, -0.5678385956457528, 0.1938199034544329, -1.8676955343616206, -2.525825374325439, 0.0035448180815784705
0.49625004884501894, -0.5677915632840681, 0.1937959582794525, -1.8675530624426777, -2.5257630420142076, 0.0026044996500510045
0.49629421354088327, -0.5678011646702387, 0.19376281885753888, -1.8677455635265914, -2.525984626539186, 0.0022622445635736405
0.4962941844903039, -0.5678799012197212, 0.19384739880381405, 1.8678514664966472, 2.5255155611819027, -0.003505874187100873
0.49624367530713653, -0.5677883425735147, 0.1937700632602907, -1.8675918756969359, -2.5255944898408305, 0.0029314890925715787
0.49629450347489423, -0.5678072053756696, 0.19381133511113852, 1.8679206538212492, 2.5259037954195493, -0.0023518796593000883
0.4962932966173919, -0.567827079959168, 0.19385033267020438, 1.8678591669816924, 2.525850187630952, -0.002945490351383119
0.4962617568941853, -0.5678339056807601, 0.1938115772199174, -1.8679025407674588, -2.5257555448729354, 0.0028920579119924702
0.4962781644254667, -0.5678445840352331, 0.19385133357427403, 1.868010245779275, 2.5258030162956384, -0.003033527436424067
0.4962593948244351, -0.5678553628472048, 0.19383682453105605, -1.8679695046735978, -2.525906663080535, 0.0035338776324488974
0.49630203244773563, -0.5677900822421227, 0.1938188513920521, -1.8679313838147462, -2.5258884429920174, 0.002340401035917268
0.49628934706556066, -0.567797495415979, 0.19381989738092478, -1.8679053633445686, -2.525853663429542, 0.0027317093613656736
0.4962890156563106, -0.5678160210479897, 0.19381419820439785, -1.867842103315535, -2.5258946678133904, 0.002825553823030589
0.49627864286323803, -0.5678116527532695, 0.19378827396742235, -1.8678325678655803, -2.5257879518795816, 0.0027208670700907484
0.49627427712593214, -0.5678005429979802, 0.1937851401510335, -1.8677485358136927, -2.5258324234075613, 0.0027761358510501894
0.49626683529512616, -0.5678147509088706, 0.19380761928629953, -1.8675731380718958, -2.5260386905365455, 0.0027451457475952622
0.4963026140901923, -0.5677697579004524, 0.19377388978960022, -1.8675737370588021, -2.526006477783123, 0.0025165461213174545
0.496253694897524, -0.5678174468834356, 0.1937817235400208, -1.8677026440604991, -2.5258031207206817, 0.0030721314860038475
0.4962364287559512, -0.5678228292923987, 0.19375225298143567, -1.8676279349982712, -2.5256728761439717, 0.0031684435211808593
0.49631003605666035, -0.5678353596343731, 0.1938271084406819, 1.8676007231877636, 2.5258765730645774, -0.003187976636086727
0.496313568360273, -0.5678696924309773, 0.19388370485352263, 1.8677501190878991, 2.5254107293951793, -0.0030122320126168265
0.49627390022248796, -0.567820211703953, 0.19380986205945827, -1.8679656238476214, -2.525745418752023, 0.003046689092350747
0.4962645696343393, -0.5678385127593829, 0.19382345903628928, -1.8678870195019017, -2.525860852823517, 0.003089536770060031
0.49629877197161065, -0.5677884232834528, 0.19378731146323092, -1.8677775224462265, -2.5259020042638736, 0.0025015327083340025
0.4962924753707066, -0.5678308868988355, 0.19382547089949845, 1.8678464257881247, 2.525928733575263, -0.002845029786252475
0.4963015888010054, -0.5678238509923073, 0.19383585230055936, 1.8679261486945868, 2.525846047809552, -0.002960242642413829
0.4962965118286463, -0.5678222527422636, 0.1937997448212768, -1.8679193995554544, -2.525902351316822, 0.0029830491738791743
0.49628416570406403, -0.5678365491907857, 0.19381554235899262, -1.867940469657157, -2.525930528627292, 0.0030058297266828834
0.49629265328043515, -0.5678278442755044, 0.19381202213981696, 1.8679148767033549, 2.5259591820193825, -0.0029509037967620604
0.4962781660385782, -0.5678524713588373, 0.19383008843921865, 1.8679024580340131, 2.525909182400668, -0.002974930072270546
0.4963085433384647, -0.5678212556591714, 0.19387588199348765, 1.8678433700880774, 2.525797156814174, -0.0028564695544134786
0.4962895225803875, -0.5678179617261508, 0.19384691645269278, -1.8679296544931672, -2.5259482912916975, 0.0028551441831485332
0.4962951301466299, -0.5678226671588671, 0.19382197817655825, -1.867886220297606, -2.5258905086186405, 0.00284694297450668
0.496290724639597, -0.5678189564842521, 0.19384110077711672, -1.8679150499634731, -2.5259289296420815, 0.0028523439575920844
0.49628746749875996, -0.5678365279053792, 0.19385484618610457, 1.8679246658110338, 2.5258772690781623, -0.0029758780976489718
0.4962876353305995, -0.5678220557214639, 0.19383803353243392, -1.8679655952347658, -2.5259024004422828, 0.0029289723732111306
0.4963103975226094, -0.5678270298288457, 0.19388265824027853, 1.8678653660092117, 2.5258279366021426, -0.0029084436913129645
0.4963141749344659, -0.5678332541820893, 0.19387401489599376, 1.8678327092091105, 2.52575018423311, -0.002955990716489763
0.49629814825542373, -0.5678313933666005, 0.19386265158041396, 1.8679134620178608, 2.5258301879751204, -0.002791989078905412
0.49629158639710597, -0.5678300368420034, 0.19385366171143073, 1.8678373127683967, 2.5259496412740843, -0.0028430049690995308
0.49629827187035397, -0.567836575569076, 0.1938592012726093, 1.8677859377847745, 2.5260062671445778, -0.0031618844674430493
0.49627806334092306, -0.5678501389758422, 0.19388699171883858, 1.8678314767974276, 2.525910140327713, -0.0031104874136769103
0.49626312248413007, -0.5678414106153757, 0.19384877771265013, -1.867765279060063, -2.5258876766907545, 0.003139496175981302
0.49629650494532834, -0.5678134630623398, 0.19385215003162545, -1.8677043245278828, -2.52599422895461, 0.0028621023580042344
0.49628675887056645, -0.5678372370511467, 0.19379320471020114, -1.8677544796127175, -2.5259655807560346, 0.0029774549962113457
0.49629210757482334, -0.5678316171855785, 0.1938436541454051, 1.8678109354371555, 2.5260086247671154, -0.003009420566579395
0.49629024524122556, -0.5678285660317733, 0.1938502792776916, 1.8678172621858244, 2.526017622638754, -0.0029890422992692855
0.496288812600751, -0.5678361806558435, 0.19386138820666618, 1.8677867921790472, 2.526008411781256, -0.0029539757681753633
0.496297340465247, -0.5678214482473056, 0.19384237790683176, -1.867775297090954, -2.52602533762876, 0.002964815258752686
0.49629565684604837, -0.5678317769147941, 0.19383883317106587, 1.8677566544860005, 2.5260620031751193, -0.002970496789157886
0.49630025250339116, -0.5678136780921711, 0.19383222158679594, -1.867752674356438, -2.5260261439213196, 0.0029823692111908898
0.49628792565113444, -0.5678382301138644, 0.19387799796876917, 1.8677574905957117, 2.5260322770145125, -0.002991091505870071
0.49628055104106067, -0.56784077913787, 0.19384910820706638, -1.867805431356315, -2.5260342997335297, 0.002948654344304701
0.4962930006918407, -0.5678265839992134, 0.19385681891435433, -1.867760424890713, -2.526068145119111, 0.0029297736646316168
0.4962819835942198, -0.5678331644112662, 0.19383799941702504, -1.8678205761025957, -2.525991291254691, 0.0029836738431145023
0.49630175051859743, -0.5678178212134768, 0.19386246395724352, 1.8678030584906486, 2.5260302598901068, -0.0030262893231492944
0.49627782688658667, -0.5678413385108829, 0.19383101740827044, -1.8678121864985386, -2.5260116354032607, 0.002985164919674452
0.49630533496382034, -0.5678151900815367, 0.19384025824071768, -1.867775496758657, -2.526056501588994, 0.00294891884828915
0.4963092208497356, -0.5678199657924075, 0.19386252020427033, 1.8677502212088466, 2.5260217126494875, -0.0029741985754022713
0.4962845863253138, -0.5678396828838634, 0.19385024528810008, 1.8678249651029917, 2.5260289677076813, -0.0030439599626724645
0.496275278409169, -0.5678391345473662, 0.1938613306885124, 1.8678541686019112, 2.526005131755847, -0.0029873919478842683
0.49629416421020284, -0.5678319072595734, 0.19386139072154313, 1.8677577353694317, 2.5260320914757597, -0.002991508568069372
0.49629511054603553, -0.5678210118113247, 0.19383448289936464, -1.8677974363677132, -2.526022614000329, 0.0029851433887046063
0.49628800581303867, -0.5678163412826277, 0.1938199359167925, -1.8677608709892386, -2.5259739784542257, 0.0029972743873026555
0.4962950388355292, -0.5678223366023247, 0.19387459958358025, 1.8677571942394224, 2.5260637278192464, -0.003007276396077229
0.49629443311506877, -0.5678189693189846, 0.1938457100633659, -1.8677752693638523, -2.5260253593251156, 0.0029647935249624354
0.49629154948998716, -0.5678427985894346, 0.19386361561621684, 1.8677964178682236, 2.525989784015139, -0.003011622433686112
0.4962881824998341, -0.5678385105183936, 0.19383883442909733, 1.8678327419902458, 2.5260067920521894, -0.0029891695255548556
0.4962854356518431, -0.5678361528908346, 0.1938558349842693, 1.8678099360005458, 2.5260082737825345, -0.0029902754043225764
0.49626651591880544, -0.5678316477047892, 0.19383770999208338, -1.8677752298989798, -2.5259940090132718, 0.0029808798556298474
0.49629312397349074, -0.567819318650017, 0.1938052407217562, -1.867783851401506, -2.525972912552994, 0.002980117930663165
0.4963069753623407, -0.5678325896339409, 0.19390252206628336, 1.8677694987562383, 2.5259208537711886, -0.0030190796083026314
0.4963062847859786, -0.5678217174247411, 0.1938613932884122, 1.8677587634558819, 2.526033468269898, -0.0030290400225242943
0.49630072388823293, -0.567822930735194, 0.1938591267643858, 1.867770590806523, 2.526049937243736, -0.0029512453222387924
0.49627464083634, -0.5678429204655739, 0.19387361454179602, 1.8678124496713815, 2.5259801341663817, -0.0030490904175996944
0.4962721860290014, -0.5678443978922055, 0.19387690122488732, 1.8678471839000332, 2.525962646507484, -0.002934995230099877
0.49629785709536767, -0.5678233690732065, 0.19381748241593583, -1.8677901728419504, -2.5260125912985694, 0.002984014457651514
0.4963086501174928, -0.5678208828711174, 0.19385250282775102, 1.8677647757446814, 2.5260416248686695, -0.0029902963850771272
0.49629436223981194, -0.5678320606838743, 0.19387470364590148, 1.8677960407694008, 2.525988922001823, -0.002992586256775275
0.49629927304558263, -0.5678260080332312, 0.19387027988367653, 1.8677662343200403, 2.526012071675604, -0.0030115780367666
0.4963044596730017, -0.567820146525025, 0.1938458189867559, 1.867825280646262, 2.5260286183644687, -0.0030252326992640573
0.4962943998005204, -0.5678335411506544, 0.19385250411120028, 1.867825831860345, 2.525997580592137, -0.00300915625713498
0.49629199334349305, -0.567840325854563, 0.19384881384997632, 1.86780975130665, 2.5260079127109587, -0.0029715973187507023
0.496302795688632, -0.567829042114052, 0.19385476557907488, 1.867751395497753, 2.526023075156552, -0.0030118860177414182
0.4962933508034182, -0.5678311985984082, 0.19386025999401524, 1.8678706452077074, 2.5259632896022484, -0.002990141838427882
0.49628437959996996, -0.5678338184737681, 0.1938635908473, 1.8678851541234345, 2.525951482283219, -0.0029714472065655376
0.49628276388109455, -0.5678353077443078, 0.19385028056123882, 1.8678175048548797, 2.5260185742514434, -0.003007902550515083
0.4963011426418325, -0.5678276029613953, 0.19382881711823893, -1.8677736940508416, -2.5260537749818166, 0.003005432838402688
0.49630368025581845, -0.5678283485723903, 0.19384439011660995, 1.8678106268482917, 2.526008307840909, -0.0029904014650114228
0.49629024524122556, -0.5678285660317733, 0.1938502792776916, 1.867847361043419, 2.5259953381041074, -0.002989042011418184
0.49630022099753085, -0.5678268164608321, 0.19386139200486405, 1.8677886520921145, 2.5260102767428094, -0.0030103669205098
0.4962904100016847, -0.5678301539707274, 0.19387474270231184, 1.8677743063599974, 2.525991329146886, -0.0030129213822646665
0.49629389498630805, -0.5678317075747056, 0.19388142800964211, 1.8678052233672806, 2.525937741129561, -0.0029966565856821706
0.4963077594156029, -0.5678318108699245, 0.19386917013165744, 1.867789122705652, 2.525979224391149, -0.0029939931223134475
0.49627703967149045, -0.5678406516466323, 0.1938535735677925, 1.8678088243398816, 2.5260387121015535, -0.0029875457737644183
0.49629889873185357, -0.5678213597611024, 0.1938435525388423, -1.867828793424601, -2.526002344997458, 0.002947400257635051
0.4962869590256965, -0.5678491854226002, 0.19385220732742767, 1.8678348516632852, 2.5259460682129378, -0.0029943642536591256
0.4962795878940066, -0.5678428553945447, 0.1938232602211576, -1.867812283351756, -2.52601155475821, 0.0029853186751494743
0.49629098538152444, -0.5678320330360478, 0.19386915042675323, 1.8677887843427723, 2.5260112903679532, -0.0030288869551948787
0.4963018811298183, -0.567826799290924, 0.19385250282775102, 1.8677798388376803, 2.5260305012097457, -0.002990296633260208
0.49629024524122556, -0.5678285660317733, 0.1938502792776916, 1.8678323116497906, 2.526006480418908, -0.0029890421674737522
0.49627815133029435, -0.5678313445079743, 0.19385112905488977, -1.867849033242877, -2.525998102088842, 0.0030050811492610997
0.49628468576712814, -0.5678354978844813, 0.19387803571132706, 1.8677656256765267, 2.5260114672232965, -0.0029925664447039784
0.4962964102050639, -0.567825001295361, 0.1938514125596379, 1.8677508423694913, 2.526054169876851, -0.0030279404510164835
0.49629044342918965, -0.567827271397853, 0.1938287548374736, -1.8678137692890298, -2.5259821035172547, 0.002963720488273827
0.4962875314963566, -0.5678421941879057, 0.19384655756924266, 1.8678096465130978, 2.5260396874075672, -0.0030439323187405067
0.49629762086064505, -0.5678231061429834, 0.19383313582549688, -1.8678128864074066, -2.52598106546173, 0.0029822052030515707
0.4962935863835243, -0.5678328324808449, 0.1938513733965528, 1.8678327940565955, 2.526007219610189, -0.003007791852825025
0.4962835669269171, -0.5678316469204019, 0.19385126446070775, -1.8678283829804643, -2.52600201051263, 0.0029471902788011104
0.4962890546968475, -0.5678261319095753, 0.19386805364028917, 1.8678176514183928, 2.5259866376940328, -0.0029727905573594202
0.49629795432939755, -0.5678234654188198, 0.19389807294000963, 1.8677224903386733, 2.5259841545131234, -0.0029977161789803302
0.4962933247612402, -0.5678311768953542, 0.19383657303936616, -1.86777412919979, -2.526054581248701, 0.002986420673347156
0.49630330067448053, -0.5678294273941058, 0.193847685677141, 1.8677876425623674, 2.5260412133125785, -0.003007765285497455
0.4962786403180429, -0.5678420472266165, 0.19383214808384602, -1.8678648506376312, -2.525987519604311, 0.0029865528899719485
0.4963025638949623, -0.567817081652225, 0.193828757379574, -1.8677825847470209, -2.526002908172788, 0.0030012507528756143
0.49627946768020903, -0.5678281674382855, 0.19384999458030383, -1.8678739165153857, -2.5259683756020834, 0.0029473064385053004
0.4962759531196978, -0.5678533289769875, 0.193847685677141, 1.867863847483684, 2.5259849074887804, -0.0030077656877646
0.4962878635708431, -0.5678236686699221, 0.1938522559443962, 1.8678080714941718, 2.526037616093345, -0.002950073376729914
0.4962999236622337, -0.5678293996565094, 0.1938421325783212, 1.8678251075928327, 2.526028319356751, -0.003044064432151916
0.49629744409400306, -0.567833315596605, 0.19385476303790197, 1.8677503533640032, 2.52602167973792, -0.002974354277827009
0.4962869254333205, -0.5678402747392883, 0.1938525053948754, 1.8678414195998818, 2.5259871598230927, -0.003027829663075322
0.49629816035415175, -0.5678236117024322, 0.19385470426960083, 1.867802122699947, 2.526028795574149, -0.0029889101528119536
0.49630163846797337, -0.5678251735762123, 0.19386138946386172, 1.8678026463075177, 2.5259977212799574, -0.002972833652626623
0.496295413560846, -0.5678315988453237, 0.1938825575441014, 1.8677221888770694, 2.5259833312477893, -0.002979352847653387
0.49627741225055433, -0.5678395810215022, 0.1938502780197861, 1.867816463115804, 2.5260171782662724, -0.0029703697132316795
0.49630505077406695, -0.5678280377589728, 0.19385097744360996, 1.8678389232025903, 2.526015838257053, -0.002968735322342865
0.4963024872383561, -0.5678287187249094, 0.19384655497586795, 1.8677645051564555, 2.526073136469581, -0.0030064007794360238
0.49628983522449666, -0.567839949466901, 0.19386478298128482, 1.8678274588850459, 2.525936117678434, -0.0029956004719831736
0.49629037956387123, -0.5678286656294097, 0.19384026075634261, -1.8678198751384567, -2.526021391374403, 0.0029864486186760267
0.4962999815949345, -0.5678326129578223, 0.19383549843187614, 1.8678615772661098, 2.525982128919532, -0.0029329843110772716
0.4962891604168916, -0.5678304621865874, 0.19385357613497145, 1.8678098521286688, 2.526040089637218, -0.003025079017423771
0.4962794750938471, -0.5678281881964954, 0.19388356645076013, 1.867801573357511, 2.5259974486290995, -0.0029536244012124267
0.49632306532964937, -0.5678083643541229, 0.19384212744319815, 1.867748436588826, 2.5260827605800658, -0.002968999335706061
0.4962950674586931, -0.5678312433367058, 0.19387470238843807, 1.86781056493307, 2.525977076708864, -0.002973912780149755
0.49629525297363375, -0.5678211327484679, 0.19385803638057317, 1.8678020938716466, 2.526028815739633, -0.0029888884220223015
0.4962834761619912, -0.5678344822321671, 0.1938502792776916, 1.867786875559916, 2.526040147900063, -0.0029890429162712524
0.4962904696876366, -0.5678272932839438, 0.19385244162098786, -1.8677596954944018, -2.5260669851123247, 0.002967490917231125
0.4963098596277607, -0.5678218983689417, 0.19388025946239967, 1.8677739257567605, 2.5259904374931645, -0.002993817039653437
0.4962777449097332, -0.5678398343161704, 0.19385357230995695, 1.8678838477687325, 2.525982073985035, -0.0029688723551361236
0.49629511846742486, -0.5678210329981891, 0.19386805489794065, 1.8677880642069515, 2.526009606897917, -0.002991463636643127
0.4963093290533604, -0.5678214917806065, 0.19386365221517798, 1.8677741840118895, 2.525990270197963, -0.0029942348513882547
0.49630644793719414, -0.567817586613501, 0.19385583372647586, 1.8677642219813853, 2.526040941704247, -0.002971601493283603
0.496281437137288, -0.5678341152841646, 0.1938512682595009, -1.8678568774624797, -2.525977538806622, 0.0030035785280719345
0.4962979444575582, -0.5678190966577553, 0.19384124476725414, -1.8677692087846964, -2.5260173377794293, 0.002925898733241211
0.49629064146202223, -0.5678288730171916, 0.19387690497094115, 1.867742475123811, 2.526043371685232, -0.0029912014205823773
0.49627795419135806, -0.5678428945375131, 0.19385583626770336, 1.8678255291912191, 2.5259978603434945, -0.003009135507055797
0.49629829471823755, -0.5678237113325073, 0.19384468573041513, -1.8677137743305636, -2.5260997790165325, 0.002986316066985376
0.4962907435854365, -0.5678274963609707, 0.19383200393086014, -1.867791176311558, -2.525983428184697, 0.0029621454322949618
0.49629885123473755, -0.5678344842303981, 0.19389583278762973, 1.8677520579479268, 2.5259611950164587, -0.0029789549180454637
0.49627758041023473, -0.5678322614349135, 0.19384111191637124, -1.8677736879156064, -2.526023044959592, 0.003021130317800002
0.49630498950948976, -0.5678251796716381, 0.19384325565498334, 1.8678160091999088, 2.5260158294827275, -0.0029328307240426526
0.4962796443913924, -0.5678443654852819, 0.19388142929266394, 1.8677904311247344, 2.5259498527603323, -0.0030155201583541747
0.49629220475099184, -0.567830236667071, 0.1938558349842693, 1.8678403222253663, 2.5259857482350414, -0.0029902743844522415
0.4962950182146815, -0.5678206037424935, 0.19385903469054244, -1.8677472744921502, -2.5260505771725605, 0.0031348713018426577
0.49629496471768997, -0.5678239903281876, 0.19384354766384998, -1.8678613765808147, -2.5259828138168863, 0.0028723407168794062
0.4962932992449385, -0.5678211821182266, 0.19383447432719406, -1.8678464065104303, -2.5259943969818397, 0.0028538828336139004
0.4962931273002218, -0.5678255871043641, 0.19385468995861654, 1.867840963279534, 2.5259869157671324, -0.0027637121135502775
0.49630775873760696, -0.5678115841125456, 0.1938367368720291, 1.8678518965990882, 2.52600074145261, -0.0028753140226007454
0.49630162317628446, -0.5678311452336646, 0.1938724961055906, 1.8677711195285822, 2.52598709652028, -0.0029002352297693096
0.4962856268223332, -0.5678322988355914, 0.19383100420866473, -1.8678332205850068, -2.5260086512677558, 0.0027786583881378307
0.4962944266795799, -0.5678235913054699, 0.19388362186365027, 1.8678089886229317, 2.5259431599017743, -0.00288267327202606
0.4962871245900096, -0.5678319052100248, 0.193851405013783, 1.8678079012894198, 2.526005396118004, -0.0029153415657991746
0.4963038588782246, -0.5678198698322485, 0.1938623709888271, 1.8678665449684697, 2.525989884275704, -0.002874627015081076
0.4963196738385519, -0.5678057853179475, 0.1938332678663357, 1.8677594317834982, 2.5260658799743307, -0.002819130522778846
0.4962913899943413, -0.567834154109718, 0.19383553400191722, 1.8677777699079756, 2.526027220106728, -0.002896928148174509
0.4962892204321848, -0.5678379465055042, 0.19384212744319815, 1.8678541524592205, 2.5260046341455644, -0.0029689993849154176
0.49627835158413475, -0.5678346785331139, 0.19386804871438126, 1.8678456651407007, 2.5259615611073842, -0.0028977257073686757
0.49631483589578074, -0.5678176029837417, 0.19383436408738808, 1.8678064287391702, 2.526034397915696, -0.0028752265367265814
0.4963173663560751, -0.5678183566443965, 0.19384993726519822, 1.8677848335306844, 2.5260048966455138, -0.002860361817768201
0.49629033121770655, -0.5678360719794034, 0.19386251771530252, 1.8678097042794521, 2.5259755627068485, -0.002936666860534252
0.4962985506906354, -0.5678256297972792, 0.19381652740304195, -1.8678099763446978, -2.5259769581660185, 0.002849920991040097
0.49629127027061165, -0.5678311692915968, 0.193880288663876, 1.8678085047339106, 2.525942453682294, -0.0028640237119340376
0.4963123010251036, -0.5678140534308148, 0.19383440090174264, 1.867783938650852, 2.526035168222051, -0.0028580285896150233
0.4963064069799639, -0.5678235367868889, 0.19384325321744456, 1.867799904144453, 2.5260255569559464, -0.002895297808068666
0.49629347129457807, -0.5678213138920526, 0.19382410036190828, -1.8677863840425777, -2.526008570506695, 0.002851213153042115
