-0.3574263402698575, -0.3957350973247, -0.013059760112581842, 2.5657914874641703, 1.7919957604430394, -0.00650925298726069
-0.3574360201062559, -0.39574965291683256, -0.013038588474097088, 2.565783283193733, 1.7919902723072767, -0.006585919047521597
-0.3574411443113451, -0.3957541908130823, -0.013020368132098455, 2.565718433553393, 1.791945502623858, -0.006674301732031801
-0.3574354598536291, -0.39574010155041095, -0.013036415442511481, 2.5658044338909387, 1.7919132949695042, -0.0065871647839785274
-0.35740488526315767, -0.3957417260945949, -0.013051958226415462, 2.5657089780433466, 1.7920301498849205, -0.006538027695986274
-0.3574388861894748, -0.3957503331673105, -0.013030049708668999, 2.565756662936538, 1.7919260162165687, -0.006605628252918594
-0.35742515448769924, -0.3957352242893924, -0.013042886272178172, 2.5657804324188187, 1.7919657813084604, -0.006552806862977825
-0.3574249182380056, -0.39574502467846345, -0.013055321456884358, 2.565772288018592, 1.7920052895036591, -0.006543674020903241
-0.35743579738417597, -0.3957557391537005, -0.013040459788296174, 2.5657307696717306, 1.7919997056938672, -0.006579746827569239
-0.357430446406182, -0.39572932208841094, -0.013044036956911541, 2.5658260597147597, 1.7919280380795806, -0.006543474703808747
-0.35743316829230454, -0.39572589066226044, -0.013054166372850567, 2.565786889355776, 1.7919466088948273, -0.006528519310422901
-0.3574404452871432, -0.39573037376101095, -0.013037356311213196, 2.5657947778455688, 1.7918615084905403, -0.006581051312065523
-0.3574333069939367, -0.3957385394618242, -0.013048835780382682, 2.5657931983776328, 1.7919280714521544, -0.00654568789845478
-0.35743204214634033, -0.3957572647471335, -0.013027634992784677, 2.565723802160869, 1.7919953852429338, -0.006696826501107827
-0.3574395383734049, -0.39574710990071166, -0.013042502638297888, 2.5657830665127843, 1.7919440160558469, -0.0065874064596388865
-0.35743155687773626, -0.3957333763822649, -0.013047069839526268, 2.5657850680423913, 1.7919679537618487, -0.006536082159005218
-0.3574363886509748, -0.39573955144784784, -0.013036426133905533, 2.5657812793675294, 1.791965506779354, -0.006595239143713806
-0.35743702126028415, -0.3957223179608037, -0.013049080197830593, 2.5658099981397107, 1.7918943709487887, -0.006520595194813913
-0.35742634676481017, -0.39576204271650595, -0.013035146900227773, 2.565752940213376, 1.7919693907965868, -0.006620800579059687
-0.35743184374460757, -0.3957527152262124, -0.013022111128419389, 2.5657797285604973, 1.7919880708627414, -0.0066434843675316655
-0.3574366102416798, -0.3957420810470457, -0.013029059801104949, 2.5657746454250026, 1.791938450747098, -0.00662123786884303
-0.3574343537919615, -0.3957467489332873, -0.013039607374371095, 2.565800797871896, 1.7919569169891933, -0.006602045446919114
-0.3574189557706751, -0.39573911987463434, -0.013044015454712921, 2.565775613340404, 1.791962181092971, -0.0065278060286558795
-0.357424982634619, -0.3957554087459522, -0.013034531764343533, 2.5657793086903733, 1.7919874207560074, -0.006601747890782
-0.3574431946993954, -0.3957367143144012, -0.01302908127806921, 2.565781875498438, 1.791966273206274, -0.006637127020001605
-0.35742876228248943, -0.39575170346095845, -0.013034520978992988, 2.565748792387569, 1.7920121726388931, -0.006594382390336452
-0.3574255644747038, -0.39573596606766703, -0.01304934978853578, 2.5658143018750703, 1.7919433264465172, -0.006501706954544575
-0.3574403229983844, -0.3957484776410354, -0.01301861317127931, 2.565762092158184, 1.7919299841530947, -0.006671983404423984
-0.3574392719304059, -0.39574886231870593, -0.013031200471305529, 2.565780500683953, 1.7919194705292738, -0.00659629146379747
-0.35744278248287764, -0.3957403589537934, -0.013028294643567258, 2.5657681680473075, 1.7919567553246547, -0.006603872564756688
-0.35744149758661836, -0.3957402539305269, -0.013026723258010041, 2.5657250291449616, 1.7919728412607014, -0.006648586764055021
-0.3574334831540983, -0.39574958727768333, -0.013015442852435168, 2.565761531695539, 1.7919303226584278, -0.006672420869260842
-0.35742261376303547, -0.3957577514591834, -0.013043465061590695, 2.565726772484042, 1.791996875507688, -0.00659639231529413
-0.35744486340177456, -0.39574390766676815, -0.013036286945330208, 2.565789543973514, 1.7919259037289037, -0.006604405513882527
-0.357430683103875, -0.39573407005169126, -0.013041983518339297, 2.5657973870366626, 1.7919309337182106, -0.006527968679338728
-0.3574243547187481, -0.39574842859464626, -0.01303754465077833, 2.565767058093342, 1.7919563532870046, -0.006562272390499512
-0.35742057407700095, -0.3957294528738123, -0.013045753576490685, 2.5657779870922863, 1.79194138881759, -0.006562649867649667
-0.35742290328384657, -0.3957437331087218, -0.013057590714930376, 2.565771629028026, 1.7920047107039425, -0.00650201419196196
-0.3574394929045614, -0.39574052807952864, -0.013051157898025776, 2.565803911679396, 1.7919809324412506, -0.006592635006548479
-0.357420937387148, -0.3957403046404291, -0.013046776125144665, 2.565711890277751, 1.792055219642061, -0.006570971475953904
-0.35743247704521197, -0.3957225726134969, -0.01305759708809219, 2.565818983408168, 1.7919458353441013, -0.006485337811509385
-0.35744569294501854, -0.3957409935540156, -0.013031066028128743, 2.565788537342639, 1.791948012784717, -0.00665398607245726
-0.35743684968352435, -0.39573225640351306, -0.01305643993588102, 2.565780233745262, 1.7919647455791048, -0.006511613955268567
-0.35743148233715677, -0.3957439828301793, -0.013036426133905533, 2.5657808105087203, 1.791966089440818, -0.006595010914362044
-0.3574201477641296, -0.3957659383277268, -0.0130362761338446, 2.565726586660493, 1.7919967117223492, -0.006596025722807408
-0.35743134105116403, -0.3957604548534822, -0.013022704633365552, 2.5657461708825147, 1.791942247783597, -0.006646870928774822
-0.35743588603845605, -0.3957284104297893, -0.01304056064567729, 2.5658152499163585, 1.791898174610291, -0.006587410798303715
-0.3574498869002348, -0.3957379326812873, -0.013040066390635825, 2.5657862512337446, 1.7919238662004964, -0.006663392380161286
-0.35743159705393557, -0.3957462732254796, -0.013039165325115589, 2.5657635232759675, 1.7919543382227343, -0.006621947760439119
-0.35743269693734037, -0.395746100281087, -0.013023994927029475, 2.565772362966552, 1.7919604223707748, -0.006628784913242067
-0.35742268958916834, -0.3957369085515709, -0.013044058407122567, 2.5658115242819592, 1.7919868495973577, -0.006558911183396965
-0.3574254186343106, -0.3957458441135821, -0.013059211419787995, 2.565768071776592, 1.7920024535630026, -0.0065613876661121005
-0.3574252285221107, -0.3957477349685055, -0.013042631024265087, 2.565765399682032, 1.7919780656379505, -0.006570274437019877
-0.357444534232623, -0.3957164010421791, -0.01304911241664144, 2.565815393806627, 1.7919437909918683, -0.006544333076968394
-0.35743530470749063, -0.3957419991961804, -0.013046930720512398, 2.5657504538724814, 1.7919896433410432, -0.0065453965563338195
-0.3574338750180754, -0.3957459661802342, -0.013035671783409801, 2.5657834209739803, 1.7919904101395614, -0.006585234928118654
-0.35742099495419577, -0.3957426241152035, -0.013047059028453893, 2.5657756433021546, 1.791962157543563, -0.006527814328461004
-0.35743878979625787, -0.3957312263657427, -0.01304869041862437, 2.5657922120484127, 1.791950417341084, -0.006595567353535205
-0.35742198248850193, -0.3957190030177331, -0.013068113709457468, 2.5658145324621158, 1.7919425580378012, -0.006459867346282207
-0.3574274127222252, -0.395739082240871, -0.01303320510655557, 2.5657529706654714, 1.7919698070179912, -0.006621367422035251
-0.35742785397788424, -0.39574792890047095, -0.01305342723166835, 2.5657920826361313, 1.791996216435986, -0.006550635662353992
-0.3574342422743243, -0.39574660331852907, -0.013017790087441864, 2.565798588829036, 1.7919330174922716, -0.006653261956985548
-0.35742941449142834, -0.3957484801164624, -0.013046973673331031, 2.5657859623948918, 1.7920147134676745, -0.006576047545294419
-0.3574347931816407, -0.3957287502535675, -0.013048199009350689, 2.5657586878328913, 1.7919954833254543, -0.006511756225104458
-0.3574502030327757, -0.39574877687809573, -0.013014195364137997, 2.5657715903128193, 1.791936594343743, -0.006722292076851319
-0.3574339982850044, -0.3957208632896346, -0.013046079627780207, 2.565824412037071, 1.7919498026723752, -0.0065516913200597
-0.35742423384371297, -0.39574602777543516, -0.013032358766794415, 2.565746515707246, 1.7919878982564892, -0.0066035502777675855
-0.3574221165205605, -0.3957590767915702, -0.013020496890675469, 2.5657008319431918, 1.7919793692636028, -0.006656943089687991
-0.35743806486473545, -0.39574461997568455, -0.013028294643567258, 2.565746806075833, 1.7919873415373833, -0.006603872564742234
-0.357429822656903, -0.3957388973003763, -0.013032086525270117, 2.565745361395284, 1.792010128928241, -0.00665410582310847
-0.3574322599993969, -0.3957222450751786, -0.013035907327074702, 2.5658062834957986, 1.7919373598865658, -0.006535991560577556
-0.35743202538897323, -0.39574490359553766, -0.013035286101565761, 2.565755245389113, 1.7919940781989918, -0.006612196911698686
-0.35743414943991936, -0.3957571984718414, -0.013027713139274227, 2.565695982516767, 1.7919761145320139, -0.00663263505319722
-0.3574324225799347, -0.39574771653967694, -0.013044661506229741, 2.5657829284659392, 1.7919446378115165, -0.006586566799458419
-0.35742479086687856, -0.3957491100660408, -0.013046510152800618, 2.5657307326673076, 1.79199979967754, -0.006580398215911162
-0.35742455533565126, -0.39574441890855094, -0.013038585001724357, 2.5657382443136645, 1.7920276356258862, -0.006594625672463658
-0.35742348016891456, -0.39573661487426587, -0.013064803399046207, 2.5657861136168476, 1.7919465754641364, -0.006485813242663877
-0.35744458509412935, -0.39573911525485883, -0.013033391732533985, 2.5658076378111416, 1.791938374799075, -0.006619273527466509
-0.35743481882684586, -0.39576422311622594, -0.013029648996177782, 2.5657402396809763, 1.7919610455285861, -0.0066725208999502605
-0.35742326365980304, -0.3957589114993656, -0.013032219399539987, 2.565690432146166, 1.7920403263320297, -0.006612865467749662
-0.3574270856753639, -0.39573425664083034, -0.013037832286877802, 2.565776873487452, 1.792008829120383, -0.006568509600939808
-0.3574223326960204, -0.3957551720968429, -0.013023984235353012, 2.565709938029809, 1.792030918756209, -0.0066211605028376995
-0.35743363614743556, -0.39573480592189336, -0.013039725020811526, 2.565785640701601, 1.79196847798591, -0.006577667847188359
-0.3574337015333742, -0.39574997213267976, -0.013027154598975174, 2.565774394370747, 1.7919389166443607, -0.006620266610274562
-0.3574407320011553, -0.3957426881717682, -0.01303847800809221, 2.5657738678872923, 1.7920059200722063, -0.0066273095421843795
-0.35743963433688364, -0.39573491979585174, -0.013037555462127804, 2.5657871845312807, 1.7919468705160193, -0.006570652636208635
-0.35743864233943035, -0.39575200312450065, -0.013030103380752766, 2.5657475230366584, 1.792034244681421, -0.006644803565084698
-0.3574454707452762, -0.3957449664081211, -0.01303007123781181, 2.5657638930012903, 1.7919538385114502, -0.00662151780020505
-0.35742097998545036, -0.39574040589687987, -0.013041746265814133, 2.5657655938673556, 1.7919782813221496, -0.006569656029040778
-0.35743474400351455, -0.3957366842820477, -0.013037399368355577, 2.5657664336293773, 1.7919782691782578, -0.00661238164222
-0.35743363614743556, -0.39573480592189336, -0.013039725020811526, 2.5658177287436894, 1.7919224021677354, -0.006577331244095439
-0.3574227088585652, -0.3957411998019432, -0.013057480164629404, 2.5657831730528673, 1.7919901742765847, -0.006542952172130086
-0.3574307438943829, -0.3957528882179874, -0.013037281695960608, 2.5657494611471314, 1.7920127546792826, -0.006636871872712125
-0.35744061193766985, -0.3957344027813106, -0.013030043753769528, 2.5657902012499525, 1.7919266094303694, -0.006646116689263912
-0.35741293470130764, -0.39574108216314974, -0.013061770394933997, 2.5657521859416867, 1.7920140615650881, -0.006493543334731159
-0.35741970126771433, -0.39575282739069256, -0.013032469086710035, 2.56573484233621, 1.7920023454335228, -0.0065623115408029896
-0.35741865484389546, -0.39573423377564043, -0.013051144252515511, 2.5657829441882067, 1.7919901080389062, -0.006543611059680843
-0.35743447464562933, -0.39574914966519886, -0.013044793356115553, 2.5657891449532713, 1.7919716005882576, -0.006561105290698019
-0.3574232460299056, -0.39572337605888713, -0.01306074728938197, 2.5657838592416216, 1.7919669433054322, -0.006452890880889746
-0.3574189653433709, -0.3957514924506111, -0.013048835780382682, 2.5657392387046505, 1.7920052873355548, -0.006545572553330641
-0.35742110853494363, -0.39574068191592465, -0.013031595340687308, 2.5657333320288767, 1.7920242475358925, -0.00656984493026791
-0.3574374779453672, -0.3957392366044619, -0.01305342723166835, 2.5658032525690575, 1.791980354383552, -0.006550975020665623
-0.3574537694117978, -0.395751152077168, -0.013016055711445351, 2.5657315045233875, 1.7919093097505576, -0.0067083825038571285
-0.3574355607700348, -0.395750991230999, -0.013042513329665634, 2.5657808704326217, 1.7919660423432318, -0.0065950275140562
-0.3574307758175863, -0.3957405600520031, -0.013037410153508466, 2.5657643265764634, 1.792000356682113, -0.006620080026732418
-0.3574260260761792, -0.39574690311354904, -0.013052995856419298, 2.5657424198337595, 1.7920303877666588, -0.006578499576203672
-0.3574186122037519, -0.39573413244681194, -0.013056174060794602, 2.5657614365730654, 1.7920208189295563, -0.0065445880959231545
-0.3574225251248023, -0.3957575709713382, -0.01304878929413865, 2.565737688480555, 1.7919817359497088, -0.006595678723388957
-0.35742520749606377, -0.39574119548027886, -0.013051037495066647, 2.565786075190209, 1.7920148691854505, -0.0065761789553866684
-0.3574190050556489, -0.395737039629105, -0.013033627327091537, 2.565722620798211, 1.7920397855914798, -0.006570023680384959
-0.3574384771246658, -0.3957409753411887, -0.01302908127806921, 2.5657711739694804, 1.791981552086194, -0.006637015151814184
-0.357418842176409, -0.39576959672413725, -0.013030092714967082, 2.565738638818496, 1.7920276876565526, -0.0066361690646456716
-0.35743044663069345, -0.3957442936106096, -0.013046520963925872, 2.565771884521586, 1.7919599507621555, -0.006588099851250619
-0.3574332639455941, -0.3957513473237786, -0.01303103373962506, 2.5657611549476433, 1.7919298834905961, -0.006630164806065959
-0.35745381288337075, -0.39574263752241096, -0.01301652117355993, 2.5657799658167852, 1.7919424464460425, -0.006687916933263374
-0.3574391454246631, -0.3957549986439424, -0.013039352044233999, 2.5657536107293866, 1.792015458174066, -0.006620074411659395
-0.35742997842244767, -0.39572040675718195, -0.013058478107853039, 2.565805880390275, 1.791936936545534, -0.006494550522721733
-0.3574235446493636, -0.39573458285346125, -0.013054166372850567, 2.5657757198439115, 1.7919624709943505, -0.006528179027175004
-0.357431596860577, -0.395731301699527, -0.013036681495428986, 2.565796271310384, 1.7919531940182873, -0.006577547719867424
-0.3574356426116938, -0.39572584385946735, -0.013047972423040366, 2.565789854563767, 1.7919715705977248, -0.006561070992935687
-0.35742744778326474, -0.395766102519002, -0.013038179710794101, 2.5656903243220217, 1.7920401649584845, -0.006613557878078366
-0.35743465123464824, -0.39575596117025863, -0.013018758320042411, 2.565719795970058, 1.7919697861728876, -0.00662255003092107
-0.3574304479202204, -0.3957588988655596, -0.01304692414583999, 2.5657458889525606, 1.7919871636009292, -0.006561846998014695
-0.35744937692582385, -0.39574736484636847, -0.013033136288667996, 2.565792645998147, 1.7919506875532936, -0.006636964928325057
-0.3574391004245471, -0.39575928049719217, -0.013020683256189531, 2.5657444113780326, 1.791963856207817, -0.006654958065915096
-0.3574345860367762, -0.3957407951452654, -0.013031329067074165, 2.5657524699576886, 1.791968579163594, -0.006579726411649797
-0.3574239396621223, -0.3957331064485646, -0.013055317164568791, 2.5657674509964186, 1.792002215429115, -0.00651925721060574
-0.35743400027757793, -0.39575044008093613, -0.01304896694354782, 2.565787097020439, 1.7919473923643405, -0.006569614437343823
-0.357437843271211, -0.3957420903721246, -0.013035660998079327, 2.5657961884694074, 1.7919530147571425, -0.0065774246119655435
-0.3574479013726032, -0.3957534339524449, -0.013023411657520145, 2.5657399315873466, 1.7919147401271311, -0.006674308907908183
-0.3574236265249185, -0.39574496898851286, -0.013038574310443607, 2.5657828277916, 1.7919446564488168, -0.006586326247677102
-0.3574395040871753, -0.395732524482233, -0.013032369458216377, 2.565766553665572, 1.7919783546047918, -0.006611853036286211
-0.3574231399821855, -0.3957463108495424, -0.013049975774533087, 2.5657540772664182, 1.7919927873094188, -0.006528723439904618
-0.3574338793657434, -0.39576054566336677, -0.013011434720034893, 2.5657490494454462, 1.7919671529317522, -0.006679349990875366
-0.35743160647916977, -0.3957609434729264, -0.012999706550159015, 2.565707736621255, 1.791961648677854, -0.00671538692865411
-0.3574242677889381, -0.3957293160644033, -0.013056184845403572, 2.5657597317701066, 1.7920425056392084, -0.006552738807838718
-0.35743655936052887, -0.39575701350822656, -0.01302659461076152, 2.5657633152946495, 1.791908825507729, -0.006664583991483051
-0.35744605695289233, -0.395739485882063, -0.013032262353653675, 2.5658338607541995, 1.79191096258458, -0.006643747501657634
-0.3574178722197485, -0.39575768610778705, -0.013035286101565761, 2.565744568563887, 1.7920091467578285, -0.0066116361739938165
-0.3574277150199451, -0.3957311159318088, -0.013038929275831316, 2.565777656657704, 1.7919402812894174, -0.006520336277588914
-0.35741732920086206, -0.3957567653230088, -0.013036426133905533, 2.5657272776067, 1.792042693694205, -0.006594900155765799
-0.35743023397923307, -0.39572678677362455, -0.013051403150411908, 2.5658220147698865, 1.791970616467863, -0.00651766524778959
-0.35743242042941586, -0.39574342723805456, -0.013036436919151972, 2.5657898330390196, 1.7919722869250565, -0.006602825854828188
-0.3574456095861277, -0.39572637490520723, -0.013028455427596362, 2.5658638631877215, 1.7918853687293694, -0.00660980423390054
-0.35744084900203055, -0.39573703724047965, -0.013025124280454726, 2.5658001645229542, 1.7919104358494191, -0.006604201765933048
-0.35743065006830116, -0.3957571370289529, -0.013026135618689236, 2.5657247506675818, 1.7920183179699942, -0.006604254147481685
-0.35744261995514215, -0.39574812175610025, -0.013030092714967082, 2.5657925749731803, 1.791950682423597, -0.006636732890152879
-0.357441625124182, -0.3957464143953799, -0.013019820335172292, 2.5657629242553126, 1.791975975488368, -0.006670121801442898
-0.3574477571985215, -0.3957343510129907, -0.013039596589143122, 2.5658135399073774, 1.7919197317218905, -0.0065946835000142215
-0.3574342872651242, -0.395742368812403, -0.013052244234560209, 2.5658063789349255, 1.7918909119970012, -0.006536378945968139
-0.3574257715696905, -0.3957486557519899, -0.01304149100464823, 2.565772029505849, 1.7919598260761425, -0.006587122332310887
-0.35742050122065516, -0.395739623136884, -0.013037810810518446, 2.5657375554677104, 1.7920270808497254, -0.0065529577445809705
-0.3574334844582006, -0.39573884874758264, -0.013031162308734079, 2.565733593512282, 1.7919784096004194, -0.006613829016933746
-0.3574271937130262, -0.39573872850563263, -0.013045929845905765, 2.5657590342366494, 1.7919965255078163, -0.006553040044812963
-0.35742325689340765, -0.3957400420533287, -0.013048231296412105, 2.5657531331715377, 1.7920604648140692, -0.0065347818824632135
-0.35745096906000046, -0.39573775806787626, -0.013032372792347879, 2.5658222521114986, 1.791925682661225, -0.006603034245621013
-0.35743019826499195, -0.39575635032030027, -0.013014723241985389, 2.565733817646191, 1.7919792962101744, -0.006654153495925846
-0.35744041502317736, -0.39573197250401004, -0.013039856939650667, 2.5657919863341756, 1.7919955305969748, -0.006552506063386113
-0.35742847267569516, -0.39574098411435166, -0.013028423285036856, 2.565718305061981, 1.7920370323644128, -0.006587078529690483
-0.3574174277096334, -0.39574886456116704, -0.013039703518315592, 2.5657458136696087, 1.7919872846905196, -0.006561663406782525
-0.35742687936532086, -0.3957505341140125, -0.013039165325115589, 2.5657421613332927, 1.7919849243800663, -0.006621947760453532
-0.35742586988254316, -0.3957407549776024, -0.01304476831142512, 2.565758369385418, 1.791950644876173, -0.006554224113867899
-0.3574426368576478, -0.3957212188456062, -0.013054457437518818, 2.565820291104089, 1.791992246656712, -0.006525969133419082
-0.3574313392854883, -0.3957371561098127, -0.013055186773586545, 2.5658017519021477, 1.7920030649113772, -0.00660114367772099
-0.3574287012210995, -0.3957537103007106, -0.01302051841999255, 2.5657401497959214, 1.7919611161728721, -0.006672495998513758
-0.3574215566164839, -0.3957451769106709, -0.013040897236592406, 2.5657948841008875, 1.7920209299208707, -0.006583622943334197
-0.3574236793205299, -0.3957531105590053, -0.013052287238597315, 2.5657558154422357, 1.7920394840610658, -0.006567709654007714
-0.35741919613693063, -0.3957556597062732, -0.013036447584681579, 2.5657452329038084, 1.7920550277927916, -0.006610452914692172
-0.357423767959275, -0.39575329104849777, -0.013046963007980793, 2.5657233633055965, 1.7920855441244974, -0.0065686484114844445
-0.3574227455052213, -0.39572679302703323, -0.013049499532059514, 2.5657829025095116, 1.7920353848389874, -0.006500915141260127
-0.35743588993385433, -0.39574725763239943, -0.013033402398186508, 2.5657840797057845, 1.791990987654746, -0.0066268947954287345
-0.35740971123664067, -0.3957538831603886, -0.013042015805827154, 2.565727572381218, 1.7920880076750736, -0.0065512216639783
-0.35743111702555636, -0.3957411290220475, -0.013054192248116044, 2.565819963353867, 1.7919473533795334, -0.006568225588021315
-0.35743832205471543, -0.3957428731191484, -0.013039596589143122, 2.565749281808964, 1.792011825862608, -0.006594909486360067
-0.35743701203227307, -0.39575785668794633, -0.01302802828724606, 2.565775837785212, 1.7919171962854694, -0.006612957807638244
-0.3574248977663679, -0.3957493493779523, -0.013036404631141921, 2.5657414927979643, 1.7919843419483887, -0.00657945856987097
-0.35743591210184256, -0.39574305805462, -0.013040715105543036, 2.565789086049521, 1.791925274742996, -0.006561833426653165
-0.3574422249193087, -0.39574959809474736, -0.013028941871636949, 2.565768754546122, 1.7919570135295027, -0.006645990952528863
-0.3574170526401502, -0.3957540920132268, -0.013048868067539852, 2.5657661757892747, 1.7920237912011054, -0.006568716501648086
-0.3574097948656537, -0.395756142280768, -0.013044800530681185, 2.5657210235574013, 1.7920609981676958, -0.006577291184532002
-0.357426478311247, -0.39573319780464455, -0.013044047741874083, 2.5657918643447486, 1.7919962020534543, -0.006551509519377846
-0.35742424076196266, -0.39575622442081604, -0.013031820325000552, 2.5657320313898007, 1.7920007258954076, -0.006663421089315563
-0.3574264413681748, -0.3957477329347531, -0.013014862810452332, 2.5657469148978036, 1.791988312808677, -0.006644987724279147
-0.3574303891881379, -0.3957501762705099, -0.013022876320588314, 2.565732623932362, 1.7920467908832265, -0.006661636355331389
-0.3574381580427364, -0.395730125073533, -0.01305515456520336, 2.5657858373288347, 1.7919688245906948, -0.00657811758083209
-0.3574188477498346, -0.39573464794579893, -0.01303591801832218, 2.565782685106133, 1.791989945111836, -0.006543389049038464
-0.35742364695725015, -0.3957406442206575, -0.013057490949327849, 2.565770766908489, 1.7920271400357217, -0.006550991447260694
-0.3574271442579498, -0.39574666243969064, -0.01303513005063894, 2.5657667778687174, 1.791979308603625, -0.006653665350531614
-0.35742963609768363, -0.3957510098546817, -0.013039607374371095, 2.5657900965070417, 1.791972196057742, -0.006601933672982272
-0.357431832339238, -0.3957467882593454, -0.013018908667794024, 2.565774110287093, 1.7919387716088218, -0.00662086011073605
-0.35741889820368844, -0.39573680039986175, -0.01304373255141719, 2.5657333956615265, 1.7920243228562105, -0.0065707370809120515
-0.3574242067013584, -0.39574603141197284, -0.013039835463129996, 2.5657843552165436, 1.7919681089330664, -0.0065361653302474145
-0.35744876691281646, -0.39574413012286513, -0.013033993382441406, 2.565818759888904, 1.7919232420252642, -0.006662182889937749
-0.3574321833568218, -0.39574079264852097, -0.013041356283526142, 2.5657799760467994, 1.7919883070295664, -0.006644739775368202
-0.3574200111538811, -0.39574467359877213, -0.013047101980810659, 2.5657900853045144, 1.792017565852275, -0.0065589205979572195
-0.3574279101172239, -0.39573564308908943, -0.013053306804351177, 2.565806778528362, 1.7919837044183553, -0.006534518893809548
-0.3574193750643271, -0.39575808815319985, -0.013034111239701909, 2.5657492879110215, 1.7920124534986708, -0.006637090787078978
-0.35743017913887537, -0.39575193062709285, -0.013038467342561024, 2.565764531284028, 1.7920001847702332, -0.006619119419015914
-0.35742706333497976, -0.3957589574765584, -0.013042524114885495, 2.5657364007052426, 1.7920488728682484, -0.006602955347268591
-0.35742569531967155, -0.39575876344671745, -0.013031055242717193, 2.5657469409246465, 1.7919882344318432, -0.0066456067367311475
-0.35741102212157233, -0.3957436816529249, -0.013061802680858733, 2.565757693909195, 1.7920633343007886, -0.006516911335336663
-0.3574270954315806, -0.39574662930735327, -0.01304265250062178, 2.5657833552460247, 1.7919903995607442, -0.00658582699918499
-0.35743727592942565, -0.39575392837627543, -0.013033971931352972, 2.5657145835764736, 1.7920345351770615, -0.006647078329678355
-0.35743990642500373, -0.3957412448118249, -0.013032981846976384, 2.565797318150311, 1.7919540833239818, -0.006662241414500953
-0.3574155032316567, -0.39574765069679624, -0.013039399085092357, 2.5657284964871727, 1.7919755571411313, -0.006588591640110232
-0.3574250146642211, -0.3957430805582325, -0.013034660294367477, 2.5657405498225456, 1.7920520186822437, -0.006585518022115777
-0.3574250545740439, -0.3957410056621637, -0.013024271967116002, 2.5657625208312456, 1.7920217977788546, -0.006626871015323478
-0.3574351634427574, -0.3957605943302234, -0.013022984862236724, 2.5657599406271303, 1.791997026736982, -0.006636476832952719
-0.35742069390408676, -0.3957399082311075, -0.01305974942177011, 2.5657396563176667, 1.7920511304055422, -0.00650174152282797
-0.35742606868835014, -0.39575725029189307, -0.013032251687981295, 2.565760266485248, 1.7919973223685146, -0.00663578270564731
-0.3574274866876753, -0.3957515929070843, -0.013032949704624472, 2.5657379374534903, 1.7919820908258035, -0.006638834631699991
-0.3574182023946958, -0.3957603554083228, -0.01304994013711089, 2.565740146901489, 1.7920059914288684, -0.006586420935287063
-0.35741666535768446, -0.39575344370461757, -0.013032380243491015, 2.5657216394050133, 1.792061557022157, -0.006619103937943592
-0.357422046428549, -0.3957772988827125, -0.01303109336445622, 2.565697500692566, 1.7920674634252947, -0.006628633254261278
-0.3574230166062916, -0.39574173420405817, -0.013039431304510027, 2.5657554261357265, 1.7919940553852636, -0.006612105983874683
-0.3574308254286845, -0.39575085790337555, -0.013031841775937917, 2.565771349346171, 1.791982472594386, -0.006678974227182167
-0.3574197193744004, -0.3957673079312138, -0.013040155430109264, 2.5657242039837915, 1.7919722794030108, -0.006605887705057909
-0.357414001629514, -0.3957386326197536, -0.013046068842926917, 2.5657721564474465, 1.7920053328159127, -0.006543425321489129
-0.35742252284324244, -0.395763527430601, -0.013024850345746922, 2.5657410376400724, 1.7920068763626782, -0.006670196874472506
-0.3574264260178271, -0.3957643990104817, -0.013035384077425275, 2.5657521365191274, 1.791968673929157, -0.006578998096461717
-0.3574157930592545, -0.39575625653756946, -0.013042631024265087, 2.5657439968068037, 1.7920086234264394, -0.006570050574326718
-0.35741436888073513, -0.39576406431804845, -0.0130228548692047, 2.565693329745677, 1.79206483240665, -0.006645634939133971
-0.35741743842441753, -0.3957526211345953, -0.01305001872685752, 2.5657471557440865, 1.7920787821237327, -0.006559828902328777
-0.35742541626491187, -0.39576047332339676, -0.013019798857677156, 2.565723202348491, 1.7919946290724484, -0.00665411533771385
-0.3574254897327756, -0.3957729840000519, -0.013019543172860156, 2.565718829171915, 1.7919916051411942, -0.006671470030435414
-0.3574045874544533, -0.395757857482202, -0.013057490949327849, 2.5657275317857273, 1.792088866801828, -0.006550540463363065
-0.35740224200740994, -0.3957560100814615, -0.013047972423040366, 2.565746284041944, 1.7920335177007867, -0.0065599420090028965
-0.35742667595682787, -0.3957583090208284, -0.013026036018851439, 2.565713186461426, 1.7920560240417995, -0.006653119473616916
-0.35741122245832885, -0.3957671507479838, -0.013032981846976384, 2.565700161928154, 1.7920930529962744, -0.006661898140613201
-0.35740569145562395, -0.39575342642244277, -0.013054414485809625, 2.565730471418035, 1.7920443740242664, -0.006493855429181199
-0.35742173668045873, -0.395760040282846, -0.013033402398186508, 2.56573054596253, 1.7920675919373126, -0.006626784192712444
-0.3574288105708774, -0.3957495664987822, -0.013034111239701909, 2.5657600306896993, 1.7919972034308569, -0.006637426397952928
-0.3574105874116094, -0.3957747682088681, -0.013031200471305529, 2.565694008015341, 1.7920431327812694, -0.0065958351019912344
-0.35743525380071217, -0.3957606718796788, -0.013020411139206888, 2.5657218538008055, 1.792016643155291, -0.006705289768021157
-0.35742302452545494, -0.3957746684317131, -0.013020715399940926, 2.5657070647673024, 1.7920742069651683, -0.00667802577662704
-0.35741897312797183, -0.3957493677975596, -0.013033498798644232, 2.5657291840876595, 1.792021416466417, -0.006586590410542266
-0.3574174098104495, -0.3957692645022518, -0.013023699476882394, 2.5657386031108116, 1.791982410306144, -0.006679004665706394
-0.3574321538692785, -0.3957699737916025, -0.013019801779677534, 2.5657466831086606, 1.791987943450332, -0.006645332976732987
-0.35742433023865977, -0.39575863182496807, -0.01302207898508901, 2.5657207101928576, 1.7920156480253624, -0.006620306917338627
-0.3574300633319669, -0.39575175373342375, -0.013051268419744572, 2.565770429979846, 1.7920267921756754, -0.006551470162037101
-0.35741795694664463, -0.3957637455062595, -0.013033413157433988, 2.565739527220363, 1.7920737609400097, -0.0066343760468920215
-0.35741355076521913, -0.39576899625006656, -0.01303730312065826, 2.565745609042993, 1.7920560461837445, -0.006651748941424896
-0.3574340980978138, -0.3957522581154412, -0.013038620538641332, 2.5657994702086127, 1.7920240216337884, -0.006609097566071406
