0.490952760993107, -0.5561121074475895, -0.04454646960386917, -2.5021647988138054, -1.899369157033249, 0.006762291573870822
0.4909378370798811, -0.5561180637596398, -0.04453043262949664, -2.50215289049657, -1.8993135453954957, 0.006718836941451586
0.49092356923287833, -0.5561194599871003, -0.044539292283175574, -2.5021764566403344, -1.8993067984799685, 0.006733603443660342
0.49093851934954846, -0.5561215312689529, -0.04453460109110775, -2.502185310710415, -1.8993378025221854, 0.0067435949764844405
0.4909288489189979, -0.5561224525768462, -0.04454025835439799, -2.502185849532355, -1.8992894706158143, 0.006715162903261397
0.49092572248762156, -0.5561440695526254, -0.04452565398410464, -2.50223625737176, -1.8993048615657193, 0.006716958438858559
0.4909469017072081, -0.5561185425996156, -0.0445171203758353, -2.502217712731949, -1.8993378894499662, 0.006753682379795726
0.49094062660205634, -0.5561232498302595, -0.044538951446261264, -2.502202761655472, -1.8992563827583375, 0.006755678943518684
0.49093923394596084, -0.5561311700729088, -0.044519135788247954, -2.5022647502896134, -1.8993018646401385, 0.0066904303247545815
0.49093848867429485, -0.556131902028223, -0.04450508836328859, -2.502222485167494, -1.899341492714699, 0.006712709592651154
0.4909246633329046, -0.5561345876830882, -0.04452703342027748, -2.5021870451318597, -1.8993387289379233, 0.006762042389063798
0.4909601126389396, -0.5561082592419441, -0.0445149746964242, -2.5021138915454815, -1.8994251124500678, 0.006628892287156798
0.49093242665822767, -0.5561141281952833, -0.04455015521506837, -2.50204821898831, -1.89939849477628, 0.006576258943454567
0.490951459091238, -0.5561412724282265, -0.04449464072692136, -2.5021579341828564, -1.8992930563781465, 0.006566127592402143
0.49098257547545504, -0.556134043549609, -0.04447899259658089, -2.502064277729067, -1.899458854136562, 0.006575952065625439
0.49093781994487945, -0.556141240952803, -0.04452541923140562, -2.50202389660681, -1.899333796264315, 0.006594912195714473
0.49093945485291035, -0.5561355766997976, -0.044564888955394684, -2.5020435846091806, -1.899301529188015, 0.006655117994783204
0.490910754469142, -0.5561159037172444, -0.04470166743105505, -2.5019067009458102, -1.8991979954049159, 0.006929387562722202
0.4909011295844784, -0.5561069587675254, -0.044928847888146814, -2.5018422306502917, -1.8990295984646437, 0.006967873121655869
0.4908435573189634, -0.5561527375474503, -0.04511663877693788, -2.5019789418755263, -1.8990134815189958, 0.006803728455575238
0.49084590555105084, -0.5561498046347663, -0.04529424095692249, -2.5021025656707225, -1.8990093041050926, 0.006698423950990089
0.4908622829527102, -0.5561398265385403, -0.04541865836752846, -2.5020318530152625, -1.8992143317504664, 0.006659067489987518
0.49083917829729473, -0.5561366278576296, -0.04554996669691483, -2.5019924242897496, -1.8992073991313803, 0.0065783282449937445
0.49081242749918097, -0.5561576132705743, -0.04561454352631464, -2.502022574730989, -1.8989705135843877, 0.006427939691548027
0.49082751748022585, -0.5561902761171883, -0.045592475059313575, -2.5020008798199815, -1.8991657337369316, 0.006353645052972975
0.49089964684866977, -0.5562437828651382, -0.04543585366406716, 2.50240432162709, 1.8992797959043906, -0.006089331859446292
0.49091502805210674, -0.5562681359889101, -0.04536920174999229, 2.5023451716025797, 1.89914002839496, -0.005887516422842613
0.49093447371474114, -0.5562742496674423, -0.04524312289559387, 2.502073889562252, 1.8993356236558383, -0.00571531332800087
0.49091768299740196, -0.5562016416210785, -0.045062983946741686, 2.502206139683737, 1.8993192906800342, -0.0049550714851748735
0.49087916636316775, -0.5560984187147987, -0.0454003677223901, -2.5017232584613898, -1.8990742170445163, 0.004615176925082942
0.4909164330740234, -0.5559992449860877, -0.04555220875854113, -2.501270601206874, -1.8989177684174359, 0.0022143818371306878
0.49092271307098656, -0.5560217687466565, -0.04553070974034133, -2.5015653191253286, -1.8988561590719535, 0.002223151385126913
0.4908514243393805, -0.555996562343699, -0.04582884916788935, -2.501295913352796, -1.8985106419235709, 0.002530300286875496
0.49072779950883727, -0.5559643168519085, -0.04605810446340969, -2.5012305845379457, -1.8981791040193219, 0.003279239529010343
0.4906727140017866, -0.5559866741796252, -0.046018402893947416, -2.50136287368068, -1.8980671705054741, 0.003728126139262341
0.49077234507436474, -0.5560247422386676, -0.0457435553834747, -2.5012480100439642, -1.8986425224090069, 0.003804917692225461
0.49085642409748886, -0.556075909947157, -0.04551384844458868, -2.501367442834871, -1.8989701046704384, 0.004062495358239428
0.49088968001640954, -0.5560793600609937, -0.04548895079306695, -2.5017296328309055, -1.8990066867163098, 0.004090642640293889
0.49086326848340295, -0.5560991988164818, -0.04549103083408912, -2.501834926002775, -1.898990967780089, 0.004007551067528095
0.49086722130564964, -0.5560940247875356, -0.04552833753979882, -2.5017746616695185, -1.8990395940437252, 0.004053276847823606
0.49087381196234925, -0.5561053669171369, -0.045506836303717185, -2.5019763809198774, -1.898932088003555, 0.003942963529515185
0.4908804170915554, -0.5560889761445599, -0.04552269795295152, -2.501866914312912, -1.8989449273555565, 0.003989742816842456
0.49085287835590463, -0.5561019845048865, -0.045503018444362886, -2.501922232141178, -1.8989154548791145, 0.003999872325403789
0.4908710639758523, -0.556104407238493, -0.04550261378578888, -2.501950391643945, -1.8989126764970727, 0.003973128512220353
0.4908754611835244, -0.5560889412357974, -0.04551938784317776, -2.5019668374679638, -1.89869054650852, 0.0040730279627221085
0.4908979013078767, -0.5560949179584871, -0.045484889848420765, -2.5018577080488016, -1.8989852099457516, 0.004021142401137628
0.49088320275991193, -0.5560826290399168, -0.04551168947563886, -2.5016969519064207, -1.899099843732444, 0.004042139566961877
0.4908736664645017, -0.5560965511843232, -0.04550717431770314, -2.501823712094154, -1.8990058244042862, 0.004007801967306512
0.4908972718559696, -0.556083072882461, -0.04550157265885033, -2.5016959433672237, -1.8992166252019926, 0.004017859234465947
0.49089642922012666, -0.55609664093461, -0.04548474824602025, -2.5017927588825, -1.8991953457730777, 0.004034065071318858
0.4909148845589283, -0.5560978165666798, -0.04546373020352076, -2.5018507464115074, -1.8991682778834038, 0.003984438268306622
0.49089426807100656, -0.5561047285622597, -0.04547276194988739, -2.5020220081338893, -1.8988501930932835, 0.004023407971205929
0.49087918591723767, -0.5561168461015111, -0.045502462543497366, -2.501937179862464, -1.8989267697161425, 0.004050614559596265
0.4908985681124644, -0.5561097867843893, -0.045480165600437265, -2.501885410517035, -1.899053334234053, 0.004037849030079339
0.4908859133646665, -0.5560992204662901, -0.04551158277592483, -2.501861185199084, -1.898987646619415, 0.004059122588890862
0.49087823244477347, -0.5561189072438754, -0.04549440880397298, -2.5019472202486, -1.8989812096151248, 0.004074954627996759
0.4909014825995157, -0.5561122422427578, -0.04546912336478045, -2.5019478960304427, -1.899029602945502, 0.0040254636098702055
0.49089201782361813, -0.5561318954039354, -0.04546778348096313, -2.5020458902364613, -1.8990086206043677, 0.0040606188073080435
0.49089059573137656, -0.5561179619032803, -0.04550098792839191, -2.5020846236369745, -1.8988960248193383, 0.004055294461870174
0.49088413725645247, -0.5561367682863771, -0.045476430002435245, -2.50205362248765, -1.8990377335643762, 0.004052746047326308
0.4908823373952002, -0.5560977512730357, -0.045550709342382346, -2.5017747382258837, -1.8990872557338987, 0.0040821512965137675
0.4908629747397614, -0.5561089573036334, -0.04554878627253111, -2.5016424066505474, -1.8991767495189131, 0.0041573744549520735
0.49077195404731255, -0.5561499849177652, -0.04558438184298351, -2.5012894859139188, -1.8990811449043228, 0.006506740097911316
0.49078056140031184, -0.556206648284082, -0.04551234510682867, -2.502032964099407, -1.899002418391179, 0.006357716750394093
0.4907774304220572, -0.5561912468166981, -0.045533718290821465, -2.501991470424071, -1.8989945500925878, 0.006352275657309152
0.49080745817459853, -0.5561759938829027, -0.045474474795493186, -2.5019844492500685, -1.8990841011680408, 0.0062577776033313605
0.490822750284076, -0.5561731708728829, -0.04545000159576795, -2.5019585448250603, -1.8991113091900693, 0.006046566153333219
0.4908661529414895, -0.5561655422384502, -0.045403483013090155, -2.5020670167522505, -1.899286587745938, 0.005844689687142049
0.4908286835374404, -0.5561362533833283, -0.0456928726992955, -2.5018278527452944, -1.8991283510437533, 0.005815121867890347
0.4908109841012885, -0.5561456123197225, -0.045676679469871695, -2.5018411902946673, -1.899115585530549, 0.00583317614055018
0.49084625991213815, -0.556129547846498, -0.04567200816314486, -2.5018374844594136, -1.899159153032449, 0.00582490504429791
0.4908490262449169, -0.5561303112482479, -0.04563401221144159, -2.501834831947006, -1.899157457897076, 0.005805665846056847
0.49085541327544874, -0.5561267902229257, -0.04554016920459064, -2.501859149905235, -1.8991526702608985, 0.005836338812813074
0.4908505625830195, -0.5561455468861726, -0.04551465639232776, -2.501960600463532, -1.8991352594913928, 0.0058115696889799165
0.4908474772828374, -0.5561343675828333, -0.04552584971701616, -2.5018818480692837, -1.8991703072876835, 0.005864691492790488
0.4908550707765511, -0.5561174265085972, -0.04553388628968291, -2.501844062687396, -1.8991424398191339, 0.005881085344434836
0.4908703450324438, -0.5561132017758057, -0.04554017522398932, -2.5018205128819044, -1.8991952407880277, 0.005799574526998552
0.4908618761146029, -0.5561203485531644, -0.04551915932098979, -2.501850724103148, -1.899241468044878, 0.005819864686060316
0.49086070209320093, -0.5561297856199161, -0.045512479575043875, -2.501860416453746, -1.8992244291363853, 0.005801256547397391
