0.5553350758859948, -0.5033477054821167, 0.19446742093794475, 1.0709802905630215, 2.9313136031877445, -0.023317224194477792
0.5553560106856019, -0.5033378112109245, 0.19452203050950317, 1.0708766056614485, 2.9312460939859837, -0.023314944798933392
0.5553556715613669, -0.5033428137485181, 0.19453783432618157, 1.070939601320553, 2.9311968315703805, -0.023399818766557612
0.5553409062759177, -0.5033516466049873, 0.19452443626077984, 1.070920059831635, 2.931198635390025, -0.02336486218050195
0.5553449628556806, -0.5033463102335831, 0.19451326671846347, 1.0708989099759094, 2.931249818957195, -0.023388048478498066
0.5553492109339049, -0.5033332936637438, 0.1944921287044603, 1.070927311448672, 2.9312769142049317, -0.02329773811902479
0.5553491389342939, -0.5033345147195565, 0.19451860120873996, 1.0709030135215891, 2.931264001669021, -0.02332418595402358
0.555340787606326, -0.5033502291555263, 0.19451323806537998, 1.070965608775609, 2.931216443731084, -0.023333079344673144
0.5553370617153431, -0.5033635528662476, 0.194504416710437, 1.0709427188339096, 2.931261639409621, -0.023397805231840055
0.5553622683528507, -0.5033459290812886, 0.19450450638539576, 1.070929077070172, 2.9312226325678, -0.023373626900721367
0.5553579550617624, -0.503344392294832, 0.19450489815072342, 1.070873670786802, 2.9312332724686434, -0.023397115231303004
0.5553473439040009, -0.5033452765862964, 0.19447085923106078, 1.0709902054284617, 2.9312849699714056, -0.023325278367600996
0.5553288800409819, -0.5033554776459765, 0.19452745086736128, 1.0709363005487624, 2.931245703712088, -0.02336550872206644
0.5553461747922496, -0.503335188391688, 0.19451097422218758, 1.0708840930342618, 2.931264563332383, -0.0233653389881384
0.5553562176162803, -0.5033432066041319, 0.19450258643737556, 1.070881257123234, 2.931255213034724, -0.023388371238840938
0.5553371661146752, -0.503359759935288, 0.19449678833966577, 1.070953101446441, 2.9312361543509247, -0.02334802006015681
0.5553458271591114, -0.5033429551132986, 0.19448886421338019, 1.0709285561320345, 2.9312795694016365, -0.023316218154507722
0.5553428227019596, -0.5033515863179496, 0.19447200543453685, 1.0709853099141025, 2.9312716399534358, -0.023311783790447644
0.5553422631032888, -0.5033525231633865, 0.19449558628205008, 1.0709395450746604, 2.931253864133817, -0.02334327915677112
0.5553605634251049, -0.5033409016731729, 0.19451786946125527, 1.0709002521460773, 2.9311997296715853, -0.023327997131945433
0.5553357491932702, -0.5033494504523702, 0.19452860670424946, 1.0708975639973437, 2.931247499912534, -0.023369881154828156
0.5553521935362741, -0.5033498189807858, 0.19453014986971986, 1.0709210053670153, 2.931200983123254, -0.023382301313621706
0.5553290588780846, -0.5033701758731084, 0.1945332301860046, 1.0709420510939434, 2.9312030722090316, -0.023437660140258672
0.5553535766112389, -0.5033414042958266, 0.19449907272913308, 1.0708753466096894, 2.931295028129031, -0.0233752735531819
0.5553475197234841, -0.503346718722046, 0.19450562852451914, 1.0708626603565894, 2.931259831217155, -0.02337051109062936
0.5553434710440037, -0.5033441817110713, 0.19448880735066248, 1.070869002944471, 2.931284182221639, -0.023208214475865577
0.5553402391632027, -0.5033418880588263, 0.19450270420648097, 1.0709089746762408, 2.9313440273408506, -0.023181065017394687
0.5553513278068701, -0.5033529306598923, 0.194544487608939, 1.0709731870207906, 2.9314159368048327, -0.023202918918587286
0.5553646931032292, -0.5033513859538502, 0.19458494126340486, 1.070898108898441, 2.931256873823456, -0.02326821609116076
0.5553725140318125, -0.5033563251464994, 0.19457399412030008, 1.0708563336529657, 2.9313575684748034, -0.02339197077159466
0.5553594877530462, -0.5033489692378743, 0.19455162832343167, 1.0708340374793874, 2.931405992543015, -0.023397949889803007
0.5553720175572013, -0.5033586992989079, 0.19457986700500773, 1.0707480604399924, 2.9313288485365336, -0.023455787636957118
0.5553587573311948, -0.5033749777313999, 0.19454958231084113, 1.0706695783595175, 2.93144197812837, -0.023486350134092556
0.5553666343020547, -0.5033575154303845, 0.19456747156241494, 1.0708063250601876, 2.9313741298142935, -0.02362361448000377
0.5553744411147837, -0.50337216664606, 0.19455662137678523, 1.0707088636065396, 2.931320941593011, -0.023637638588159798
0.5553534301669448, -0.5033869651294722, 0.1945689485872156, 1.0706835595500885, 2.931408739013442, -0.023879463162428925
0.5553449994749563, -0.5033928833899887, 0.19454771112256505, 1.0705958089424175, 2.931540614505938, -0.024172230972998015
0.5553117464840653, -0.5034192776554153, 0.19454312253010772, 1.0706962175896877, 2.9318301320617484, -0.024153795117290478
0.5553245404305539, -0.5033930792921656, 0.1945406807780837, 1.0704416196252307, 2.9320032419132116, -0.02424242376046505
0.5553093652180248, -0.5034189732811288, 0.19457460202544044, 1.07061511455965, 2.9318249025776595, -0.02418550605602048
0.555275859720272, -0.5034397554975121, 0.19460391375146152, 1.0704790530206743, 2.931903582154462, -0.023871586142768717
0.5552446681926648, -0.5034710528503917, 0.1945401218242004, 1.0704660971315372, 2.932093162567941, -0.023790887263457718
0.555217426609537, -0.503484279431997, 0.19459380947644278, 1.0703739252332307, 2.9320798516103146, -0.023329502674337654
0.5552185639595646, -0.5034838315948033, 0.19459365328969014, 1.0702442939285552, 2.931967273685481, -0.02258249414583356
0.5552016998118428, -0.5035097578494449, 0.1945667004551545, 1.070305348110559, 2.9320330862255517, -0.02247592951204636
0.5551791418781826, -0.5035234234628357, 0.19458028608935193, 1.0703015969379874, 2.931915699831081, -0.02230870585078351
0.5551766964735927, -0.5035619536003424, 0.1946493969900598, 1.0702937207037566, 2.9319642885252057, -0.02210036194432778
0.5551547456424528, -0.5035858881113066, 0.19463214240870533, 1.0703921630105748, 2.9318438211891453, -0.022226962773711424
0.5551471896874384, -0.5035953740538262, 0.19466892794327215, 1.0702922136159552, 2.9318402791098075, -0.022299713295231696
0.5551323549856837, -0.5036291506721337, 0.1946392685415906, 1.0704234586876349, 2.9317067241608625, -0.02217750351505212
0.5551259825610484, -0.503635289845256, 0.194650215141977, 1.070507285995429, 2.93171215663205, -0.02231715936864735
0.5551178785234312, -0.503658950097418, 0.19466147958355584, 1.0700833418655074, 2.9317354483989972, -0.02263787783791869
0.5550752762890948, -0.5037167324874189, 0.1946316892367904, 1.0702444778690945, 2.9316795468582657, -0.022811682780329804
0.5550890737853863, -0.5037033803187514, 0.19466964175933818, 1.0702062649957829, 2.9316278904451645, -0.022814263950740137
0.5550904568630848, -0.5037147656178647, 0.19464962748195216, 1.0700968118512357, 2.931704509442055, -0.022957008697210655
0.555087127458167, -0.5037056339137486, 0.19461724607693687, 1.0701156922199486, 2.9318049844732594, -0.023130257418138213
0.5550530310874902, -0.5037068892971059, 0.19457522095533517, 1.0700311069097976, 2.9318428145225868, -0.023169700803456664
0.5550326130414216, -0.5037264749639834, 0.19456740717492615, 1.06999341446486, 2.9318479400133293, -0.02319396311809176
0.5549922964464052, -0.503765344461849, 0.1945581686633332, 1.0701008468430715, 2.931827660980253, -0.0229012923047035
0.5549756422276205, -0.5037856460372573, 0.19461764770192835, 1.0703423856604446, 2.9318783025452695, -0.022063031507863307
0.5550024590234088, -0.5037788978734113, 0.19450067543748814, 1.0704753269432141, 2.931936553539291, -0.021507070762792412
0.5550100768049561, -0.5038000527946731, 0.19450162092553647, 1.0704091575087538, 2.931798976766703, -0.021642515380936343
0.5549700660121569, -0.5038336244325463, 0.19444435741253707, 1.0704754429455619, 2.9320386219671137, -0.02164778704066984
0.5549531813968671, -0.5038527872513179, 0.19445014670673538, 1.0705604924848993, 2.9321798629526206, -0.021413743540091817
0.5549476396755233, -0.5038598245179784, 0.19446575952289663, 1.0705826180238247, 2.9320729010348634, -0.02144873250170184
0.5549502103481443, -0.5038451851148247, 0.19444948231990067, 1.0705930723631876, 2.9323283414817123, -0.021432808119823666
0.5549565953148233, -0.5038557973269895, 0.19447604161264592, 1.0704592282192116, 2.9324543757049844, -0.021502335597179387
0.5549783012398921, -0.5038697050723759, 0.1944920734183016, 1.0703935506593936, 2.93204214305061, -0.021485071958707826
0.5550016870242307, -0.5038547865980986, 0.1944377752636676, 1.0703633926156, 2.931447672965802, -0.021394351553608623
0.5549770360629679, -0.5038639596753138, 0.19438542235068812, 1.070531519292908, 2.9311842917996165, -0.02152413906951485
0.5549744126902475, -0.5038674267849668, 0.194339015251198, 1.0706121471089738, 2.9312406601724383, -0.021570644769403607
0.5549776320287544, -0.5038668038722345, 0.19434022087760186, 1.0708083783904374, 2.931173277912998, -0.021681611405350295
0.5549573442466165, -0.5039124660949338, 0.19435557412721904, 1.0709319670999045, 2.930904930948567, -0.021684407290266695
0.5549624751161926, -0.5039039945989858, 0.19436115306906465, 1.0710115414410986, 2.9308475927393007, -0.02167372282827247
0.554946465785742, -0.5039264557787728, 0.194369962753503, 1.07102926158743, 2.9308444553873154, -0.021692521206226525
0.554951748739446, -0.5039113754205257, 0.19431259348380828, 1.0708913960602087, 2.9310770810976576, -0.021515247519629972
0.5549316377807518, -0.503928910256862, 0.19435591189265936, 1.0709137617026558, 2.9310286262193617, -0.021510472781864225
0.5549442842199062, -0.5039343522467601, 0.19421305460080945, 1.0710294513904008, 2.931352056381494, -0.021497195551810473
0.5549222252754852, -0.5039595481060213, 0.19424775439527356, 1.0710737032431672, 2.93125562076134, -0.021487633759432707
0.5549232438311041, -0.503958819950817, 0.1942332819437711, 1.0712745316731362, 2.931264854196878, -0.021436694989229416
0.5549098099393185, -0.5039830579320602, 0.19422203036752972, 1.0712758511228648, 2.93126789076091, -0.021456276763179728
0.5548782107152439, -0.5040170472357715, 0.19421988310987875, 1.071454153758908, 2.9311573897069585, -0.021338206901326047
0.5548945088237478, -0.5040209185010656, 0.19425717904040576, 1.071417854820497, 2.9314050383305092, -0.021157946528789977
0.554902026732941, -0.5040237350819873, 0.19425900692288012, 1.0713041007536255, 2.9312559084774663, -0.02103511977947261
0.554870095573012, -0.5040633265746851, 0.19426678686862753, 1.071491434267828, 2.9311179200315753, -0.02084878666440154
0.5548548255142344, -0.5040633415941624, 0.1942352407248804, 1.0715189296025809, 2.931158339395731, -0.020352390740097915
0.5548403091471481, -0.5040870360513021, 0.194247502069783, 1.071551566174909, 2.931088436574963, -0.020239313489115437
0.554847185794858, -0.5040822856542901, 0.1942419225500226, 1.071420081235276, 2.9311646755308005, -0.02024993219910307
0.5548292313432407, -0.5040993581117166, 0.1942200830170574, 1.0714888379913976, 2.9313078632100305, -0.020152463351540976
0.554810711776629, -0.5041166448062068, 0.19423099138621328, 1.071508240288917, 2.931307538818453, -0.02011243001798679
0.5548284199265594, -0.5041111300945963, 0.1942152745044675, 1.0715510155159584, 2.9313131892241757, -0.020161268755157145
0.5548252491638409, -0.5041183431779178, 0.19424439754788814, 1.0715515396602133, 2.9312601422963938, -0.0201606344926405
0.5548149222779123, -0.5041233970691036, 0.19422086131057234, 1.071543291485253, 2.9312916361209806, -0.020170830772890017
0.5548267115274387, -0.5041604843590568, 0.1942658228957085, 1.071608292028383, 2.931199056431447, -0.02015572047604574
