0.2113549620182972, 0.3315249640988592, 0.5005532615129877, -0.7597849572109409, -3.045443829889782, 0.0015296642565146002
0.21134217101366107, 0.33152906157262074, 0.5005337051634347, -0.7597179298733974, -3.0454089244089797, 0.0016216734556530033
0.21135289444859195, 0.3315255956256867, 0.500558949310529, -0.7597244559141301, -3.0454346619891424, 0.0015093906443119233
0.21135721384739292, 0.33152818131363543, 0.5005372392276195, -0.7597580506057933, -3.045412247436819, 0.0015841820385835647
0.2113512389650194, 0.3315238112056295, 0.5005623294157766, -0.7597759866970824, -3.045409012007306, 0.001528165098927654
0.21136087761530317, 0.33152050609344863, 0.500558949310529, -0.7598340975101504, -3.045407320119122, 0.0015094435208751968
0.21135395644371247, 0.33152531362427995, 0.5005646256941677, -0.7597459796851442, -3.0454421295530842, 0.001491472418108868
0.21134845053682558, 0.33152602260755615, 0.5005872479822909, -0.7597084388358833, -3.045443746112903, 0.0013030210642761852
0.2113579704395271, 0.3315225805440774, 0.5005551940491121, -0.7597477184209458, -3.045444679565857, 0.0013792628154058266
0.21133601895844328, 0.33144245978058207, 0.5006515029577705, -0.7597511750810686, -3.0454634421207443, 0.0010606523410756422
0.2113333452284693, 0.3314370605775516, 0.5006662300519168, -0.7597301609394019, -3.0454572306018184, 0.001022485688811402
0.2113351838437843, 0.33143105550471774, 0.500649134889774, -0.7598184760052228, -3.0454220054569405, 0.0010592126345391611
0.2113240763727375, 0.33144212401532075, 0.5006571046102399, -0.7596663882610517, -3.0455106847107336, 0.0010053389467549433
0.21132168193794143, 0.33142866555927414, 0.5006592607183221, -0.7597372285789274, -3.045406673919288, 0.0010008894630779773
0.211333582812893, 0.3314137720391079, 0.5006662009342827, -0.7598088153636114, -3.0454623092351483, 0.0010232833229467
0.2113377432941757, 0.331415736128251, 0.500670768815126, -0.7597884173039513, -3.04545689209058, 0.0009469279947916557
0.21132860528618788, 0.331436939437196, 0.5006673016113403, -0.7596941487358871, -3.045467167924061, 0.000985097541072863
0.2113191287472754, 0.33142433983098246, 0.5006627914711385, -0.7596908884047975, -3.045455167616278, 0.0010023481008124466
0.21132485160131112, 0.33142017856372613, 0.5006616541717401, -0.7597512409686039, -3.0454643202046605, 0.0010225625059020213
0.21133273648642986, 0.3314064203010542, 0.5006695747752069, -0.7597999330116048, -3.0454274103435446, 0.0010209845976997707
0.21132619863717564, 0.331384206583548, 0.5007033799392172, -0.7597753811854743, -3.045485941532185, 0.0008930909626038206
0.21132154101234046, 0.3314126886538158, 0.5006684412608172, -0.7597659224955335, -3.04544783916099, 0.001040535122333018
0.21132377981933345, 0.33140784976222804, 0.5006865570778373, -0.759782127271989, -3.045433632732619, 0.0009462778387265892
0.2113152630567249, 0.3313939381204128, 0.5007102790607196, -0.7597707028237962, -3.0453888337160886, 0.0008685032013504918
0.21131715639238297, 0.3314054407760245, 0.5006695067289553, -0.7597594317550254, -3.0454237886512567, 0.0010771762858968303
0.2113183552662016, 0.3314049073945177, 0.5006763733299725, -0.759805742929298, -3.045376083368734, 0.0010368201870338796
0.21132050542587655, 0.3313757895289732, 0.5006990084642031, -0.7598821403217447, -3.0453716346785464, 0.0009433397674384227
0.21132010432612308, 0.3313952797824827, 0.5006807913977783, -0.7598542714189869, -3.0454142563602264, 0.001002468251764554
0.21132368409812455, 0.3313869705261347, 0.5006819191051475, -0.7599908073909203, -3.045341774948681, 0.0010571690087612011
0.21130254833140613, 0.33136622329319887, 0.5006853677287514, -0.7605406291784991, -3.045140487780522, 0.0011471115629429112
0.21117561813302274, 0.3313762291477978, 0.5006575899011114, -0.760872576734064, -3.0435276684125543, 0.001546082621085372
0.2110999617306106, 0.3310348278762795, 0.5008793865605561, -0.7612914198539482, -3.043530692451224, 0.0011197485265793516
0.2110539791870435, 0.33084266238684706, 0.5010477044834052, -0.7704919893353727, -3.041231022427196, 0.00046186039762894857
0.21105820557015495, 0.33083703553281524, 0.5010659819375256, -0.8099653957442899, -3.030974959710237, 0.0004551803760245216
0.21106643376253895, 0.33084145576699764, 0.5010602412286982, -0.8100075222226537, -3.0309877109194945, 0.0005128813353622271
0.21105168019065246, 0.33086703666887407, 0.501039899939964, -0.8095625759294374, -3.031069490673088, 0.000510942971563993
0.2110678894052872, 0.3308622243772042, 0.5010818521589631, -0.809082772069928, -3.031238317247201, 0.00024844406741744924
0.21104600535284732, 0.3308711152085477, 0.5010543208994489, -0.8088488334191929, -3.0312381106685913, 0.0003029311259390506
0.2110466943848574, 0.3308893553348034, 0.5010694429653498, -0.8086687302504979, -3.031287993009986, 0.00017024579694696694
0.21104506331520487, 0.3308680509496302, 0.5010864109433785, -0.8087716275813981, -3.031310814971148, 0.00011536186033997223
0.21106525605847754, 0.3308736315432537, 0.5010841138377596, -0.8087838566536034, -3.0313568671857616, 0.00013632220687153967
0.21105757016780483, 0.33086256062381253, 0.5010943511916951, -0.8088264488345297, -3.031296947779749, 5.9155001286766265e-05
0.2110544428655336, 0.3308679461469711, 0.5010987850738776, -0.808808066014752, -3.03130152246618, 7.863563090969898e-05
0.21105819257704117, 0.3308770582395262, 0.5010841298778221, -0.8088111054698484, -3.0313124719217877, 0.00013516654941998652
0.21103810257057012, 0.33081966629568116, 0.5011450468204873, -0.8087418888182999, -3.031346888185838, -0.00014642096518468716
0.2110339270375505, 0.33084943825901214, 0.5011338196722545, -0.8087874194743284, -3.0312968757917633, -9.061455386851328e-05
0.21100726955488994, 0.33088105595071815, 0.5010964839281934, -0.8086133212602759, -3.031155162714818, 7.187444111212805e-05
0.21098454231942204, 0.3309110519785557, 0.5010955577220744, -0.8085191355252752, -3.0310934651773347, 6.906474642633844e-05
0.21096654236209902, 0.330965321179303, 0.5010436386093188, -0.808455218989213, -3.0309965955470264, 0.00025317252053668886
0.21095445179651337, 0.3309475676006582, 0.5010706907989206, -0.8084305193471447, -3.030979247945822, 0.00017756280383001468
0.210677787138878, 0.33102363039172955, 0.5010930357389721, -0.8076169519197709, -3.028074268844292, -0.00010157194238261046
0.2105206476800779, 0.33108385145381247, 0.5011297574423683, -0.8070750298295906, -3.026254454625473, -0.0006398786374532421
0.2105805104183701, 0.33102582087411264, 0.5011687646882627, -0.8072929998070928, -3.0267811277483703, -0.0008074846232530359
0.21058246730257246, 0.33101151390795625, 0.5011574408584312, -0.8073066095977024, -3.0266894194641742, -0.0007175212784860558
0.21055440417323074, 0.3310110319409941, 0.5011881573395304, -0.8072400048338456, -3.0266589333609577, -0.0008314082210238406
0.21056354069846137, 0.33099401191024613, 0.5011857670075086, -0.8072942402979303, -3.026644498756664, -0.0008316639632353092
0.2105717033556653, 0.3309982117443171, 0.5011801491179632, -0.8072819681845465, -3.026671800248712, -0.0007743090494828704
0.21056291616462258, 0.3310119818493309, 0.501162094376652, -0.8072553447912332, -3.026641674106363, -0.000757422666438087
0.21056023943432356, 0.33100258973250823, 0.5011881037434951, -0.8072188280498629, -3.0266525352260913, -0.0008509338618419425
0.21056920328232823, 0.331010202555469, 0.5011790700433847, -0.8073099693394783, -3.026702131578196, -0.0008106609660939824
0.21057769178685384, 0.3310025849003844, 0.5012009180346764, -0.8073003462548987, -3.026668089919739, -0.0008692258458069732
0.21067779251733307, 0.3309261958035118, 0.5011530043327364, -0.8076289482441659, -3.0277627393814277, -0.00024532174640553043
0.21079236601813114, 0.3308845900141219, 0.5011395538041793, -0.8080161261890875, -3.0289969034453907, -6.66316856040274e-05
0.2110505821957191, 0.3307538081730014, 0.5010726863438585, -0.8087843537472058, -3.0321898697141316, 0.0008435366031843201
0.21096140134892813, 0.33082466231071, 0.5011167849178852, -0.8084594653491655, -3.031178802801315, 0.00039013152232238944
0.2109464784060905, 0.3308299861260414, 0.5011010987056895, -0.8084484929364203, -3.030846282804572, 0.00043428764313304546
0.21053635746788565, 0.33094382941192607, 0.5011189455920925, -0.8072099286682315, -3.0264179485014715, 0.00011608267644578572
0.21065195337809994, 0.3309043520840325, 0.5011179631931116, -0.8075902659771337, -3.027555066730253, 0.00025373364657329357
0.2108710893514218, 0.3308357756516265, 0.5010934698796465, -0.8082128693231057, -3.030113159755201, 0.0005945943515173684
0.21063495709625912, 0.3309142080217602, 0.5011270227555075, -0.8074972304403838, -3.0275688690607483, 0.00015942090582138577
0.21066896213125746, 0.3308941070140247, 0.5011175866939874, -0.8076163778853711, -3.027870710397145, 0.00022783107196682365
0.21068452362197315, 0.33089701095790164, 0.5011266467308749, -0.8076749439294363, -3.02801706102861, 0.0001768187150718993
0.2107005684638824, 0.3308805803051958, 0.5011160908127084, -0.8076052192952501, -3.028416913863771, 0.00043522744107395454
0.2107355359778372, 0.33085063371626067, 0.5011134457567659, -0.8078363365404829, -3.0286282866049463, 0.00042626445960873446
0.2107751420230176, 0.3308388651086739, 0.5010892071104585, -0.8079580869999812, -3.029014510190577, 0.0006481025795482814
0.21093781819094023, 0.3306478828527923, 0.5009371314032414, -0.808506280967477, -3.031137487794475, 0.0031711349796228337
0.2109517546522642, 0.3306744016276396, 0.5009858478792228, -0.8085740534793776, -3.031451249071224, 0.00256323753072459
0.2109142871087982, 0.33071279524759745, 0.5009986682626201, -0.8083662440482048, -3.031026736148736, 0.0023011920569209507
0.2109014775305671, 0.33072335387485424, 0.5009920312311885, -0.8083406732584553, -3.0308587887785543, 0.0023705090199007722
0.2108018079152127, 0.3307519263750268, 0.5010085150428676, -0.8080773305236862, -3.0296432355590635, 0.0020983944045813467
0.2108145222636856, 0.33076154645196965, 0.501002896841728, -0.8081531420600491, -3.0297831344473276, 0.002179889677132642
0.2107921230071104, 0.33075232402190086, 0.501006187539865, -0.8080461733130395, -3.02974914386388, 0.0022150919040073856
0.21080524890414096, 0.330728806874024, 0.5010207569603488, -0.808067816384947, -3.029756670217203, 0.002140400957780529
0.21081199536028258, 0.3307639516487176, 0.5009903492063935, -0.808112987565059, -3.0297060538536136, 0.002252101033799836
0.21081872289432932, 0.33075138478700106, 0.5010176208978215, -0.8081466810246467, -3.029760475137767, 0.0021414028787297757
0.2108152831310526, 0.33074329012344217, 0.5010277224452898, -0.8080896192844056, -3.0297641120454446, 0.0020847360662954824
0.21080523885192123, 0.3307449332514826, 0.5010219854180957, -0.8081590782177106, -3.0297332466285725, 0.00208473557954283
0.21079779937090468, 0.3307230935398822, 0.5010423929815058, -0.808137427747556, -3.02972707760632, 0.002046113729516049
0.21079658204894391, 0.33076007965997567, 0.5009847232435585, -0.8080520767253926, -3.0297711078735508, 0.0023094132714021336
0.2107971197275143, 0.33074157166852963, 0.5010287447975802, -0.808092291029619, -3.029775498611071, 0.002104306826863699
0.21079507688539084, 0.33074222818275006, 0.5010460199328968, -0.8080316938144042, -3.029767564151252, 0.002046443090811115
0.2108034770658299, 0.3307304496740918, 0.501021900255526, -0.8080253676656735, -3.0297434634314877, 0.002120713333007773
0.21080048142825605, 0.33072055594056543, 0.5010445629078442, -0.8081471592601551, -3.0297624548337136, 0.001991388161632142
0.21081588858387038, 0.33072920118809285, 0.5010173961340556, -0.8081435087616652, -3.029748970459901, 0.0021408490182229538
0.21079253967710468, 0.33073354498264285, 0.5010219986613966, -0.8081042849504019, -3.029747590161072, 0.002102728803386647
0.2108101878208339, 0.33071699106508345, 0.5010366606856171, -0.8081564903783749, -3.0297231761682, 0.0019703498697418087
0.21080905310660142, 0.3307340146687632, 0.5010401005870285, -0.8081649477751358, -3.0297565759457665, 0.0020668213915659137
0.21081045519107147, 0.3307423868916789, 0.5010084596791875, -0.8081675174558425, -3.029692520999899, 0.0021766655231077146
0.21079955752566815, 0.3307254214062861, 0.5010299676713625, -0.8081400900363181, -3.0297376587912033, 0.002121299357482982
0.21080326927605356, 0.3307421306557627, 0.501018605804105, -0.8080828613137848, -3.0297403699786387, 0.002140125949973081
0.21080765619943514, 0.33072925025358996, 0.5010275494290327, -0.8080741836207582, -3.0297802807485574, 0.002103918913060137
0.21081102669037496, 0.33071620486207964, 0.5010321589880548, -0.8081405965117248, -3.0297383235699606, 0.0020649096763364614
0.2108002040333371, 0.33073161476882446, 0.5010094083485541, -0.8080645160233759, -3.0297447582777255, 0.002177443147756318
0.21081653692757793, 0.3307352900805105, 0.5010254054691277, -0.8081587293757772, -3.0297329681011855, 0.0021030846149610615
0.21080089189710904, 0.33073775231486613, 0.5010344514136367, -0.8081343753197632, -3.029714919212693, 0.002083787126010286
0.2108072812531864, 0.3307356574167247, 0.5010412438821599, -0.8080683155023973, -3.0297577978363086, 0.002046969620913521
0.2107997019491731, 0.33071320841227164, 0.5010592935532501, -0.8081015173483591, -3.0297379127454334, 0.001952460248699551
0.21079706407353885, 0.33070033698853324, 0.5010535079770486, -0.8081220184814081, -3.0297439709376337, 0.0020090140378452187
0.21079295964221292, 0.3306980532600591, 0.5010330639305983, -0.8083306816486729, -3.029649720889355, 0.002121219897731798
0.2107984755926754, 0.3306973995307107, 0.5010218231450427, -0.8084957437595793, -3.0296158489160434, 0.002272281459075678
0.21080930279933102, 0.3306949280378848, 0.5009944894686771, -0.8089733500389421, -3.0295107000284065, 0.0024620007271169485
0.21078500651420848, 0.3306657179669188, 0.5010512432386858, -0.8088709657604899, -3.0294175835397796, 0.0021943805100646105
0.2107927232326013, 0.33067253674981795, 0.5010659611852865, -0.8083605065541238, -3.0296179795451, 0.002026034546708123
0.2108049321914993, 0.3306751408399263, 0.501052159009936, -0.8084157835103575, -3.029677558624722, 0.0020481367621606296
0.21077125288826912, 0.3306707609667027, 0.5010524915938656, -0.8085767437177422, -3.0294841587351997, 0.0021552498640475815
0.21078685887085294, 0.33067359758587117, 0.5010263510279706, -0.8088220262783673, -3.029527749024203, 0.002347391421441626
0.21078556480250105, 0.3306402267897952, 0.5010524506591336, -0.8093865359297694, -3.0293146404172218, 0.0023653289290999314
0.2108009690588464, 0.33065002098464735, 0.5010156595536113, -0.8100810204465678, -3.0292144907198413, 0.0025034029001461274
0.21079734448911247, 0.33064544407406116, 0.5010215677660397, -0.8156337453247546, -3.0277014877130246, 0.002575721835333503
0.21079493710216632, 0.33064500054847257, 0.5010147761110276, -0.818424216649203, -3.026924692979312, 0.0026209494005860895
0.2107938495195676, 0.33062872803253973, 0.5010387110172045, -0.8184219109952844, -3.026914886393289, 0.0024507779754515714
0.2107807460655414, 0.33061918592679845, 0.501043195175894, -0.8184236877592469, -3.0268519116953327, 0.0024864033075541955
0.21077344714138097, 0.3305777023330367, 0.5010721888527173, -0.8182959983677232, -3.026887580204821, 0.0023737697312473786
0.21078697053038312, 0.3305761737489011, 0.5010849385129639, -0.8257702214351083, -3.0249109036853703, 0.002360128991535354
0.21075144955068353, 0.33053606489398885, 0.5011199233941356, -0.8451524644783641, -3.0193517565350656, 0.002341429948474893
0.21071103306373962, 0.33044045840270764, 0.5012189024309063, -0.8423834732905889, -3.020139630752485, 0.0018262958781280051
0.2107033672210097, 0.3304053117073882, 0.5012504475221634, -0.8422502173023938, -3.0201526113215693, 0.0016937478393434203
0.21064578433925915, 0.33022560587249933, 0.5014194107140995, -0.8421003139650003, -3.0201857397709992, 0.0010159236657601499
0.21038551449395318, 0.3302424832654113, 0.5015128790269447, -0.8408934532339898, -3.0176027667797176, 0.000359424355047335
0.21040999718079814, 0.330240757879145, 0.5014887215584731, -0.841005311507786, -3.0177947787799524, 0.000495842750030086
0.21043545452684287, 0.33023324144716154, 0.5014945752002041, -0.8411524133527967, -3.017902965591362, 0.0004978572483927312
0.21041478860240997, 0.3302345156054194, 0.5015035468602694, -0.8411100660014972, -3.0178901097459803, 0.0004605430142808384
0.21044001473486246, 0.3302225301819803, 0.5014876118116434, -0.84122365195102, -3.018019321675295, 0.0005940805496814087
0.2104410908938235, 0.33023852831396333, 0.501482991570633, -0.841100290465286, -3.018066394043246, 0.0005573089605037492
0.21043780723123146, 0.33023051615443577, 0.5014740812201363, -0.8399435709681625, -3.018325906618863, 0.0006061933607829725
0.2104434155405745, 0.33021760959887514, 0.5014751216842629, -0.8122588658526607, -3.025889762065141, 0.0005208791140254203
0.21045133287472592, 0.3302135996027226, 0.5014829521629459, -0.8105232455892917, -3.0264551431372135, 0.0004409963700355506
0.21043355411782697, 0.33024013859518037, 0.5014910665830024, -0.8105055127098355, -3.02638677307253, 0.0003457621352891373
0.2104446524541835, 0.33023836468271417, 0.5014852616402284, -0.8105662410604544, -3.0263948151925653, 0.0003846108295930244
0.21043892793545735, 0.33022192797274413, 0.5014748502661416, -0.8105322597382549, -3.0263414117555314, 0.00041961015845339093
0.21043427408435836, 0.330233808818592, 0.5014818322184762, -0.810486643880356, -3.0263164275854266, 0.000418350365046057
0.21042762224340195, 0.3302300828685327, 0.501506982420499, -0.8104717050516683, -3.026260296334085, 0.0002653932441617819
0.21042429277018432, 0.3302426764264823, 0.5015037291870599, -0.8105018337291042, -3.026227196853902, 0.0002835517015656004
0.21043831871108917, 0.3302386303141398, 0.5014978888051188, -0.8110849095300322, -3.0260829682209645, 0.0003249273505775694
0.21043481898258168, 0.3302231907318419, 0.5015035061567482, -0.8118265130558076, -3.0259460521410833, 0.00032966865564458314
0.21044995185103196, 0.33023540115150246, 0.5014901306889157, -0.8120864674487155, -3.0259001928960982, 0.0004059831130145255
0.21045289447401636, 0.33022939376763183, 0.5014955574998149, -0.8121774898214856, -3.0258762296344206, 0.00036963328000533057
0.2104406078751181, 0.3302312020925768, 0.5014853900849648, -0.8120404315532174, -3.0258746517461943, 0.0004615103289908582
0.21045319679303343, 0.3302383914908275, 0.501474140804929, -0.8148755405181334, -3.0251251113010404, 0.0004742620035285094
0.21043687086494103, 0.3302336918828193, 0.5014852834320042, -0.8158947337608362, -3.0247896614440766, 0.00038392767895023295
0.2104143245801328, 0.33024747350262135, 0.5015252728760572, -0.8156018476578182, -3.024784334628166, 0.0001551050274582606
0.2104116067236708, 0.3302661189009069, 0.5015130065999196, -0.815538474212589, -3.0247637679489907, 0.00019120285534565231
0.2104143938336247, 0.3302392629282129, 0.5015320031180706, -0.8156140155331233, -3.0247571683080885, 7.88242706352822e-05
0.2104225502124243, 0.33024745880419476, 0.5015208074651486, -0.8155625131635672, -3.0247822659108743, 0.000172891895990495
0.21041325562819213, 0.3302477610152661, 0.5015139277144341, -0.8155446354053307, -3.0247869062165567, 0.00019181177947399445
0.2104225484032106, 0.3302434653098173, 0.5015264031107798, -0.8156021750146891, -3.024784478971468, 0.00013610676017148548
0.21041157613991962, 0.33024519158647453, 0.5015218910517921, -0.8156380036671658, -3.0247006827538803, 0.0001147855644665904
0.21041765745588115, 0.330242067984947, 0.5015332259140318, -0.8155899635241189, -3.0247388305806826, 7.780279187055101e-05
0.21041067023860585, 0.33025104941700767, 0.5015320808866022, -0.815602171225897, -3.0247846752037115, 0.00011793088923855282
0.21041739165950743, 0.3302335604582464, 0.5015115338365305, -0.81559573246251, -3.024760805509315, 0.00019134433260245486
0.21040939931377575, 0.33024206785551397, 0.5015263357060428, -0.8155748285079681, -3.0247550752209307, 9.71064870061256e-05
0.21041802393530598, 0.3302557827601527, 0.5015094910962156, -0.8155207962712923, -3.0247693096409884, 0.00013403600557166382
0.21041605441505384, 0.3302490029184422, 0.5015173842540452, -0.8156109640577749, -3.0247449259961314, 0.0001344470036251843
0.2104232914411313, 0.3302412992278145, 0.5015354762001156, -0.8156660173712865, -3.0247311359017806, 4.101428189248118e-05
0.21041041286788417, 0.33024569657421554, 0.5015093289744278, -0.815611142627032, -3.0247444532549936, 0.00017270049496254092
0.21040689690510275, 0.3302498775446208, 0.5015184959324474, -0.815520038816024, -3.0247686847518445, 0.00019111927991710117
0.21037724223789944, 0.3301294737564549, 0.5082203566936597, -0.8153406794906918, -3.0247571332721925, -0.0008866803053996656
0.2104308766639118, 0.33029001250555895, 0.517923017932588, -0.8154033198636494, -3.0247223814528983, 0.0005971299725497593
0.21039557509109422, 0.3301384044866424, 0.5221445730919585, -0.8155578939848548, -3.024760230829479, 0.00032284668473108006
0.21040440146960573, 0.3301885015047481, 0.5221788590695265, -0.8155530958322929, -3.0248047770594573, -0.00016416494587699515
0.21041968559097665, 0.33023819363835566, 0.5220830686224186, -0.8155557503481414, -3.024811427617435, 0.0002865443668386059
0.21042463727104593, 0.33021425341395966, 0.522123471751685, -0.8156400965093175, -3.024765218596164, 0.00015500599315330143
0.21042219346787988, 0.33022217112318536, 0.522107761875913, -0.8155674858608151, -3.024784206179076, 0.00021085311649352668
0.21041081646214055, 0.3302274129560397, 0.5221212801147773, -0.8155890619020921, -3.0247919569440898, 0.00011771476251151835
0.2104414917732556, 0.3302792717486685, 0.5196956716344512, -0.8157195239924602, -3.0246720577020305, 0.001513945672327301
0.21046245436430755, 0.3303787252633391, 0.5198490949029604, -0.8157047947622433, -3.0247504071939324, 0.0004826313654284354
0.21042592373506605, 0.33024893993249643, 0.5199276236027081, -0.8156674107605608, -3.024771936929083, 0.0005014985545884573
0.21042040575188553, 0.3302745024826566, 0.5199254973483037, -0.8156162680972329, -3.0247977321037065, 0.0005394672627658867
0.21043144928296922, 0.3302557367493716, 0.5199173731023233, -0.815700475560896, -3.0247500247882466, 0.0005578754728799211
0.21043386429750421, 0.33028044620905883, 0.5198904807487471, -0.8156463060573867, -3.0247638836063406, 0.0006324765079436123
0.21042109279585852, 0.3302560317795228, 0.5199515131133732, -0.8156431676779228, -3.0247544390461747, 0.0004253875647820579
0.21040302676918193, 0.33019866623195576, 0.5275837795748056, -0.8155264146432344, -3.02473980206372, 3.897872216067183e-05
0.21042291720460052, 0.3301810563208677, 0.5355816079634358, -0.8156980044222907, -3.024772359180086, 0.0005356263672816823
0.21042533682487274, 0.3302227282101425, 0.5355433603553112, -0.8156561354433828, -3.0248314063352915, 0.0007061614126540897
0.21043176599778662, 0.33022391200438506, 0.5356017508472805, -0.8156438008888717, -3.0248531814566455, 0.00020069836926263351
0.2104195336297752, 0.3302298517479545, 0.5361196634829581, -0.8156709034842448, -3.0247936757901095, 8.464040706512578e-05
0.21042987373671063, 0.33020226020765103, 0.5411731478505211, -0.8156402437137259, -3.024766115549629, 0.0008319831790238882
0.21041776035095028, 0.3302198300793404, 0.5412366539962116, -0.8156129117447903, -3.0247954584532977, 4.498607982452587e-05
0.21044642190761256, 0.33024199389449127, 0.5411552519387185, -0.8157383030191149, -3.024747656311516, 0.0002131566520556105
0.21043534719165394, 0.33022416975855806, 0.5411897748279018, -0.8156932424981601, -3.024798479265302, 8.366438914853131e-05
0.21043590655839056, 0.33022627283772266, 0.5411618012814188, -0.8157293197175769, -3.0247877799591993, 0.00017792989515047234
0.21043435832443427, 0.3302409202272018, 0.5411787195568655, -0.8157265267495122, -3.0247771239974734, 8.287315351955023e-05
0.21043353466373255, 0.33023749046706397, 0.5411764550304039, -0.8156226962044059, -3.0247550369232887, 0.00011889010221184539
0.21043256818605882, 0.33025105520010634, 0.5411607816811635, -0.8156720599392762, -3.0247905289235857, 0.00019556051046488277
0.21043983731135246, 0.33022286646085414, 0.541186571477792, -0.8156989272604378, -3.0247475881314045, 6.2510045221201e-05
0.21043485082331065, 0.3302302044841729, 0.5411777107700004, -0.8157417144104917, -3.0247609284022396, 6.375110694222639e-05
0.2104301576350681, 0.3302304466374549, 0.5411629520637906, -0.8156869955522912, -3.0247746071965684, 0.00015851543437178086
0.21043826550626038, 0.3302421725346643, 0.541166397954526, -0.8157233373380794, -3.0247647843272962, 0.0001577665983163315
0.210426720745086, 0.3302307686273157, 0.5411731342473496, -0.8156719104662712, -3.024791187693695, 0.00013954903902091626
0.21042520947618093, 0.3302456475068842, 0.5411720491777207, -0.815687037967103, -3.0247750123896675, 0.00012000829549226363
0.21042435002614485, 0.33023507206814295, 0.5411652576629683, -0.8157288972496087, -3.0247874123741014, 0.00021501476864620688
0.21043076823343224, 0.330244845504956, 0.541164127284658, -0.8157079289339626, -3.024780835000874, 0.00019572335240160304
0.21043225773906296, 0.33022916064629887, 0.5411699204781704, -0.8156991203583323, -3.0247469596903858, 0.00011885314023772796
0.21043017974797681, 0.3302468317658124, 0.5411417142378601, -0.8156143341372619, -3.0247929442112875, 0.00027037250408654785
