0.3043226528732306, 0.24145891021929983, 0.5127022940958808, -0.7435860515504593, -3.046744150368523, 0.011484920933013378
0.30433099460436236, 0.2414727361351196, 0.5126957457362558, -0.743619037136044, -3.0467201962010213, 0.011495526212928308
0.30433038432427645, 0.24147773408028694, 0.512686718555886, -0.7435488021381014, -3.0467488338391573, 0.01150239182538145
0.30432329903516686, 0.2414502824044498, 0.5126910083544945, -0.7436728456540109, -3.046707232672214, 0.011597053701359225
0.3043304038042788, 0.24146220582395583, 0.5126845006826563, -0.7436037876759792, -3.046735569613718, 0.011501656853379815
0.3043289232029076, 0.241452509197491, 0.512709047959203, -0.7436242161877759, -3.046743752304293, 0.011449996348575358
0.30432190984800034, 0.24146370715526266, 0.5127045327811942, -0.7436272518199213, -3.0467547150629044, 0.011457175671441543
0.3043282931847973, 0.2414689078663948, 0.5126832823832898, -0.7436536310714387, -3.046702884000263, 0.01153048123494579
0.30432284438786594, 0.241468824476036, 0.5127059146087989, -0.7436407369512783, -3.0467287234424756, 0.011442746835724571
0.30432309264286955, 0.24146923884995866, 0.512683383079357, -0.7436365868948286, -3.046711799474201, 0.011512440409667219
0.3043239362596392, 0.24146269279206037, 0.5126912410925006, -0.743653283214472, -3.046702905944635, 0.011530442360664413
0.304323539777743, 0.24146981398585438, 0.5127014027396513, -0.7435860157558565, -3.046741980489403, 0.011442615945802965
0.30432069458523353, 0.24146767347133202, 0.5127036759482442, -0.7435627634965046, -3.0467271336250117, 0.011470490596709206
0.30432926343347594, 0.2414624183140748, 0.5127070356328365, -0.7436784081204477, -3.0467239589347943, 0.011425243674210534
0.3043228666770294, 0.2414729380472289, 0.512692254665295, -0.7436033855761962, -3.046737854618489, 0.011544961632602943
0.304305000964318, 0.2414551857277205, 0.5127714490164873, -0.7435872745194353, -3.04675950000001, 0.01147434561746688
0.3042677989115745, 0.24143096997983063, 0.5130754606896861, -0.7436702456017209, -3.046881203999141, 0.010971644891947385
0.30425180578631883, 0.2414413068173878, 0.5134388807973974, -0.743691271574064, -3.047072262026426, 0.01056347751919411
0.3042086459100068, 0.24145045512337673, 0.513855551016017, -0.7435453252767779, -3.0470925217623552, 0.010814410371826864
0.3041602790317402, 0.24147127960144957, 0.5144100221646797, -0.7435039992135267, -3.047222919393898, 0.010642495214341253
0.3041065106973647, 0.24150146078856852, 0.5150972520582019, -0.7434726781755157, -3.0473978102982544, 0.01023487412967007
0.30403241637514833, 0.2415150892475571, 0.5158828159182974, -0.7433831356598528, -3.047600286548052, 0.010078241929850018
0.30396434489169083, 0.24151613666671126, 0.5167538708940824, -0.7433907089329462, -3.0478124646505558, 0.009942340958827532
0.30385218674957676, 0.24152172292532936, 0.5178840749613938, -0.7432870684987279, -3.048144262296707, 0.00949423109352586
0.30374769473536, 0.24154195024503594, 0.5190749310199831, -0.7431898333063738, -3.048349798533167, 0.009012343000883391
0.3036294637358741, 0.24156040019282454, 0.5203594704540424, -0.7430399735001176, -3.0487487162182276, 0.00859814811118362
0.30349982590232183, 0.24158031969653676, 0.5216882094195172, -0.7428337970447856, -3.049017844020218, 0.008481615902328557
0.3033631803991281, 0.24161034471910858, 0.5233384873067155, -0.7429543262263841, -3.049433362871787, 0.007529303211766525
0.3032230935290576, 0.2416036712331647, 0.5249128211456862, -0.7430334914373821, -3.049710061564294, 0.007414878082183539
0.303068958003928, 0.24162459312679133, 0.526667017352974, -0.7429938160685534, -3.0501323781874805, 0.006786682147280088
0.30289003813458826, 0.2416396126773325, 0.5286238782451266, -0.742577426250034, -3.0507839480147134, 0.006074877186941709
0.30271922853990885, 0.2416731165392521, 0.5305713181177963, -0.7424913471816765, -3.051268137209593, 0.005290931040100602
0.30252648960209994, 0.2416749211742535, 0.5326455639294639, -0.7422683875011905, -3.051770813640146, 0.004557209377882632
0.3023448746870661, 0.24172428555412964, 0.5345115083782329, -0.7420486601109317, -3.0521992624505683, 0.0043267279944344955
0.302160672200918, 0.24171236681284658, 0.5366612861268002, -0.7421656987831693, -3.0526648283109874, 0.0034598374095125345
0.30198662519358205, 0.24177172839752548, 0.5385545964859334, 0.7418074059043454, 3.0524410361627368, -0.0030313735301318325
0.3018181934734333, 0.24177652544122405, 0.5406178231800031, 0.7415408726169058, 3.0519482458323597, -0.0020576794004320493
0.3016692822272374, 0.2418216601909857, 0.5423704916509284, 0.7414614918483292, 3.0515831017398813, -0.001892206851726737
0.3015144941271472, 0.24184672846120994, 0.5441906433025384, 0.741004696957215, 3.051225305355761, -0.0008062469085163909
0.30136203646893756, 0.24185473579994296, 0.5457670492070259, 0.7409243606509889, 3.0509078408869335, -0.00041233704394263163
0.3012391660570114, 0.24190327818681717, 0.5471831353631242, 0.7406737334241967, 3.0507551082838207, -0.00014689852206079413
0.3010999614621879, 0.24190259390248284, 0.5486067521868259, 0.7401764026674352, 3.0504399327800913, 0.0005328242443538466
0.30100615108088946, 0.24193049312074494, 0.5498096500031143, 0.7399315595953705, 3.0502798977360284, 0.0008147223543488289
0.3009202818308695, 0.24194479889231152, 0.5508850246321225, 0.7398195287316929, 3.0500123626892677, 0.0011306664852398605
0.3008029213789172, 0.24194028703886813, 0.552023868553551, 0.7397025465888123, 3.0497206264900654, 0.0016564012890761387
0.3007386784035338, 0.24194875491982687, 0.552826947692456, 0.739540179040817, 3.0496306062710232, 0.0015660646368733902
0.300672297215986, 0.24198080668746877, 0.5535751067510745, 0.7395027183469789, 3.049465668396386, 0.00197066192641543
0.30060228828869884, 0.24196118816085696, 0.5542095137124088, 0.739269396591384, 3.0493749687827343, 0.002051473026242239
0.300551197169263, 0.24198462424778117, 0.5547012690722732, 0.7391932127275624, 3.049360267315536, 0.002094696922403476
0.30052778026318966, 0.2419855866386125, 0.5551430596900316, 0.7392961676501083, 3.049181075075297, 0.0024101866423243273
0.3005213716374458, 0.24200595414615692, 0.55539420200554, 0.7392268817363115, 3.049082582998058, 0.0024044844231571475
0.3004801377923425, 0.24199446205329847, 0.5555784987511742, 0.7391042858755301, 3.0491578658839766, 0.002491918407955132
0.30047147780210054, 0.24199554249236696, 0.5556114143235357, 0.7392218875262346, 3.049089302002753, 0.002389860226810299
0.30048192852992245, 0.2419913536538226, 0.5556001759005237, 0.7392373869420507, 3.0490756627559543, 0.002323182651983615
0.3004967568201049, 0.24200738669048957, 0.5555892410291285, 0.7393147868099935, 3.0490771511858483, 0.0022949763447070214
0.3004854480675486, 0.24201207351459275, 0.5555880979351383, 0.7392684305819034, 3.0491230032316934, 0.002315094121566028
0.3004762438326483, 0.24201441164745235, 0.5555970865927602, 0.7392932691224825, 3.0490663836393206, 0.002306821535927856
0.3004701642934446, 0.24200535914698493, 0.55561563557781, 0.7392649423863348, 3.0491109743768257, 0.002367802392103303
0.300486227041869, 0.24201117367173444, 0.5556125518541488, 0.7392786364127032, 3.0490827877342923, 0.002414108842165277
0.3004753240898132, 0.24201691172140985, 0.5556068412971205, 0.7392800956844968, 3.0490928431219957, 0.0023194876896847007
0.3004876359300118, 0.24202312686544222, 0.5555891897220943, 0.7393422820736119, 3.0491095209295684, 0.0022978493716241323
0.30048732127879463, 0.24203256944692206, 0.5555902890613508, 0.7392430619278624, 3.049098964493244, 0.002277732308875837
0.30049331048437056, 0.24201982930775257, 0.5555747247505323, 0.7393055003393578, 3.0491214841480323, 0.002178603995447171
0.3004798145843335, 0.2420156179460417, 0.555603662819359, 0.7392795054038397, 3.0490884166512218, 0.0023375807672372825
0.30048242490027965, 0.2420214021058792, 0.5556077105661237, 0.739228819691452, 3.0491213485920747, 0.0023078320737252448
0.3004876025608737, 0.24203294481945237, 0.5555969136748309, 0.7392598800077885, 3.0490862215664394, 0.0023127646293648386
0.3004894585784528, 0.24202391492142786, 0.5555868373876799, 0.7392141373835169, 3.0491421872962903, 0.0022377021981539002
0.3004780101821579, 0.24202473649962547, 0.5556065741493161, 0.7392139681344341, 3.0491408849920756, 0.0022970997952918627
0.3004823231381135, 0.24202721426257195, 0.5556010461363504, 0.7392104845388554, 3.0491272613227878, 0.00224867866326393
0.3004754957562973, 0.24202102564188177, 0.5556121078540246, 0.7392303828218629, 3.0491282301156373, 0.002332125890164284
0.3005006272289147, 0.24203611835901034, 0.5555612294453481, 0.7392349135780983, 3.0490482444245646, 0.002487961840263267
0.30049477234820043, 0.2420237211521961, 0.5552734862837663, 0.7393652150940841, 3.0490820160075445, 0.002323438827304305
0.3004901718666271, 0.2420271972949761, 0.5548357785168054, 0.7397297857226575, 3.0491168799054686, 0.0018704307021013848
0.30049015462995793, 0.2420211238503754, 0.5543960368294594, 0.7400889775656201, 3.0490212697424726, 0.0019452521313886254
0.30051854498469477, 0.2420314610138143, 0.5537863828310636, 0.7408022768292357, 3.048853802655231, 0.0019062459749213591
0.3005309988462611, 0.24199877155142277, 0.5530685446326671, 0.7414802263581426, 3.0486883268099447, 0.0017832683601212615
0.3005370528756187, 0.2419957196588739, 0.5522180834743171, 0.7422060754330032, 3.048543432254876, 0.001738581968862886
0.30057505218149594, 0.2419966076712169, 0.5512142194418532, 0.7428356151883017, 3.0484765630178243, 0.0013616884405739454
0.3005896530915214, 0.24195850764483598, 0.5502345180816784, 0.7440025223574432, 3.048203581693477, 0.0016065007604330725
0.3005916514534282, 0.2419244611253537, 0.5490327702070698, 0.7451767232739565, 3.047958835773418, 0.0012443338058883743
0.30061268453974244, 0.24190982522500462, 0.5476688297682071, 0.7463869853913815, 3.047756092901931, 0.0010939702631245836
0.30066373238784955, 0.2419214437946939, 0.546252730072278, 0.7479493034347022, 3.0473959575789147, 0.0009611114009419903
0.300667568233233, 0.24191912804145754, 0.5446599954379696, 0.7491760301586774, 3.047244629296633, 0.0005204349428239635
0.3007184499738243, 0.24192065955378517, 0.5429388233346669, 0.7508239808424981, 3.0469661895799516, 0.00032736731799736353
0.30076508321524215, 0.24194688208385665, 0.5412135767828776, 0.7521962759613253, 3.046567135279807, 0.00046697026320644973
0.3008035836683446, 0.2419090737016125, 0.539191199800817, 0.7543172154241621, 3.046138934911836, 1.3780209343525554e-05
0.30083687633101874, 0.2418978214390079, 0.5372950986333797, 0.7559537225052171, 3.0456883686415965, 0.0002433827989405061
0.3008877729432653, 0.24190924380586762, 0.5351711616999234, 0.7578691470986962, 3.045363549347388, -0.0004406121357428497
0.30089580701385576, 0.24182016931481468, 0.5332357968375663, 0.7601304233965231, 3.0449558989700116, -0.0006568011093816068
0.30092478159659175, 0.24182266162162822, 0.5311669610746937, 0.7615355415700322, 3.0446776407679534, -0.0010242911012117919
0.3009765477524775, 0.24180490212477648, 0.5292689819049492, 0.7635911860211904, 3.044118729322852, -0.0008544851788878391
0.30102696690442066, 0.24180731098668135, 0.5272341685447595, 0.7654268696328599, 3.0437846499022547, -0.0012291726119878273
0.3010659410278476, 0.24180608461227276, 0.5252707822340276, 0.7671686729930957, 3.0433720129134163, -0.00124203544294028
0.3010852663687879, 0.2417847332973558, 0.5231972468866161, 0.7691090541024166, 3.043078006957753, -0.001959093452214511
0.30112635556783607, 0.24177075455168445, 0.5212567391712895, 0.7709564220486606, 3.0426229170387185, -0.0019181282938742687
0.30117860704344324, 0.2417732568496719, 0.5192255644505678, 0.772748928261491, 3.0422653708085954, -0.002231660224800964
0.30121793220206194, 0.2417629601360769, 0.5172438749045495, 0.7748319408472933, 3.0418374455765234, -0.002618583928546928
0.30124416372395596, 0.2417411499642498, 0.5150988872200253, 0.7767223813735743, 3.041468468119602, -0.002842485737751589
0.30127567582283066, 0.24170564174914985, 0.5131376690895809, 0.778591111693834, 3.041036040765661, -0.0031626471594438676
0.30133132406848223, 0.24168732710658375, 0.5110943737010839, 0.7802853717363447, 3.040668730088581, -0.0034122281358704622
0.3013564163415352, 0.24166714072374199, 0.5092502188150274, 0.7822501667854729, 3.0401446042080025, -0.003187897635474679
0.3013751005132838, 0.24163453659719666, 0.5072735663340233, 0.784340359592617, 3.039837991029353, -0.0039057334237068675
0.3014227037500069, 0.2416456841442868, 0.5055114515387398, 0.7857046949305068, 3.0395018551137976, -0.004101661577535836
0.3014663411696819, 0.24164319717106802, 0.5038148784234285, 0.7873035411947941, 3.0391002672673544, -0.004279552615840309
0.3014734464221654, 0.24162091658824264, 0.5023139461745902, 0.7885472347671005, 3.0388584052850374, -0.004459653778519533
0.3015092696508459, 0.24160567133754057, 0.500860424769711, 0.790156486929161, 3.0385393713244726, -0.004827528384497346
0.30153931923882327, 0.24159336162865253, 0.49955326687709894, 0.7913429435468996, 3.0383209191748546, -0.005042365214383579
0.3015293314567625, 0.2415623936496017, 0.4983977201835432, 0.7925125790024371, 3.0381408551244498, -0.0053955318703158015
0.3015750496265152, 0.24157856689717716, 0.4973655644153278, 0.7934449567663768, 3.037931965399715, -0.005199800351122655
0.3015981262069071, 0.24156417742751046, 0.4963847929340394, 0.7941650414074617, 3.037748177429807, -0.005261300242439689
0.3016034599675419, 0.2415675030822493, 0.49554136979909563, 0.7950837432915449, 3.0375275644047655, -0.005492753823365949
0.30163623042583226, 0.24156157409884815, 0.49486174179688014, 0.7957072573134728, 3.037378114317912, -0.005526096755781077
0.3016279823632248, 0.24156254753565, 0.49434125204771884, 0.7961296778700907, 3.0372970884731756, -0.005509962742566799
0.3016545547939234, 0.24155756140553125, 0.4939116946787149, 0.7966380015411443, 3.0370990348323557, -0.005367718839270412
0.301653685861555, 0.24154622606771534, 0.49358092369670353, 0.7970792629731775, 3.036960458489011, -0.005341499892774626
0.3016453960366551, 0.24154939752863955, 0.4933753580348119, 0.7970785513038477, 3.0370093811338696, -0.005335375886557873
0.30165931796226453, 0.2415481685047111, 0.49328807901568095, 0.79736641349305, 3.0369105664419522, -0.005408324474124208
0.3016607705502575, 0.24154418770688946, 0.49325791077060893, 0.7973822801617504, 3.0369687561459013, -0.005394825779407833
0.3016686523030232, 0.24154008203280927, 0.49327747912013703, 0.7974209139033206, 3.036891126342274, -0.005331656962142098
0.3016639978555946, 0.24154691561306801, 0.49328693377284333, 0.7974481419843231, 3.0369230178617994, -0.005329191463730607
0.3016624687399189, 0.24151736849929153, 0.49328936576061405, 0.7974571632626022, 3.0368809493138893, -0.0052723888811006675
0.30166133014011226, 0.24152349826447952, 0.4932813646883546, 0.7974203015783747, 3.036886382331643, -0.005254832178216265
0.3016565311870029, 0.24152623310708513, 0.49330187561274275, 0.7974389807102378, 3.036884845946025, -0.005213102990121093
0.301665272504122, 0.24153116607411737, 0.4932714185753523, 0.797444098456406, 3.0369041367151772, -0.005301283187537477
0.30164755848812685, 0.24153109004488257, 0.4932866925801932, 0.7974197480463989, 3.036972535540088, -0.005506582868456871
0.3016086249869611, 0.24147883240833523, 0.49339606205168757, 0.7974870155994325, 3.0371939138419712, -0.005954471724543257
0.30160673892653533, 0.24147640115380403, 0.4934109691671089, 0.7974253827677796, 3.037108454169832, -0.005969731181663061
0.3016104327599112, 0.24147582769004142, 0.4933903680547936, 0.7974287777052671, 3.0371995580029463, -0.006080811886364462
0.3016065057466053, 0.24149163471504578, 0.49338839346799535, 0.797407161483424, 3.037189163454169, -0.006068826215617858
0.3016065057466053, 0.24149163471504578, 0.49338839346799535, 0.797407161483424, 3.037189163454169, -0.006068826215617858
0.30161940381669655, 0.24147322891292344, 0.49338157309558855, 0.7975390186837698, 3.0371744860037424, -0.006097727071686399
0.3016153549691296, 0.2414847905683638, 0.4933977345706551, 0.797518304039984, 3.037166361022481, -0.005984151775548227
0.3015928516383997, 0.24148932102257903, 0.4933982211820312, 0.7974060074571694, 3.0371842149997472, -0.00599123525838625
0.30160921853226946, 0.24147589495559055, 0.4933995030686969, 0.7974272851868615, 3.0371905624815176, -0.005984913469543872
0.30160398545308, 0.24150170897427103, 0.49339998596475043, 0.7973667180552575, 3.037183956623489, -0.006057579479743171
0.30160933299120835, 0.24148384317877455, 0.49341222073336005, 0.7975165107667399, 3.0371587434633027, -0.0059495519664604255
0.3016070876821421, 0.24147876215942787, 0.49340654192159356, 0.7974993341958576, 3.0371725292705616, -0.006044741849906691
0.3016139491538312, 0.24147309923047308, 0.493391495173248, 0.7974642441286867, 3.037186086775314, -0.006063205756747489
0.3016000569991504, 0.24147823121438783, 0.4934027379559279, 0.7974088468286663, 3.0371955298303726, -0.005985558777950667
0.30161696731903687, 0.2414833488996829, 0.4933804376217362, 0.7975154495666383, 3.0371563234157084, -0.00605056265894995
0.3016061127639333, 0.24148126580615764, 0.49339950947493877, 0.7974003054761856, 3.037162558373132, -0.006004130199496378
0.30160638132633716, 0.2414873862200346, 0.4934063019108704, 0.7974081014047072, 3.037191585705042, -0.005967942117272825
0.3016139815744291, 0.2414886683211925, 0.49339886388461646, 0.7974055238976571, 3.0371801968738197, -0.005973041513545891
0.3016148478290116, 0.24147830331668163, 0.4934063083168829, 0.7975085717370232, 3.037130141264304, -0.005987171975677915
0.30160569183136143, 0.2414806187498158, 0.49342132951346196, 0.7973791887501921, 3.037155812964114, -0.005951232050011743
0.30161540167863693, 0.24147922066716512, 0.4933815773728887, 0.7974421887355012, 3.037176628861159, -0.006110557814328237
0.30160644180891044, 0.24147585614060355, 0.4934190729514913, 0.7974566037332571, 3.037155470488156, -0.005979975054235379
0.30160046579982025, 0.24149644309930776, 0.4934045610296937, 0.7973769993203611, 3.0372237402528723, -0.006013581430534666
0.30161549190937, 0.24147534656053934, 0.4934023109976671, 0.7974270243726043, 3.0371956704502594, -0.006061771041521939
0.30161575706155175, 0.24149721158028853, 0.4933978307316237, 0.7973501746794812, 3.03719598891625, -0.006033648810864855
0.30161986399988155, 0.24148375842889877, 0.49338973296405764, 0.7974194671265943, 3.0371627570780126, -0.006081706933310748
0.3016057895935298, 0.24149245539678404, 0.49340569243354715, 0.7973705569219661, 3.037197897641699, -0.006008883409672755
0.3016087343302483, 0.2414753678951193, 0.4934085945036073, 0.7974154021973093, 3.0371472718556705, -0.006011178527639288
0.3016169592541493, 0.24147544852222808, 0.49341791616016517, 0.797454962125939, 3.037147644380666, -0.005944837960167741
0.30161748232971186, 0.24149590575460955, 0.4933919162294011, 0.7974550662408606, 3.0371492827429063, -0.006064716188202832
0.3016188682929654, 0.24150360166095933, 0.4933957205619026, 0.7974258299781921, 3.0371832691079206, -0.006008923477928655
0.3016091092786466, 0.24147978211999374, 0.49339741607402077, 0.7974605277496001, 3.037171088804577, -0.006051192465662485
0.30160573305619354, 0.24148646584247768, 0.4934051296402908, 0.7974089650490057, 3.03719568493787, -0.005986252503825787
0.3016142457496748, 0.24148716878487797, 0.4933977388213899, 0.7974581340477459, 3.0371588773859406, -0.005996982569810827
0.30160843475543064, 0.24147665108018063, 0.4934108833024756, 0.7975010154225156, 3.0371745829357737, -0.005943158756608645
0.30161335972960857, 0.24147026123528173, 0.4934097173845704, 0.7975479554137521, 3.0371315419969434, -0.005980712935625724
0.30161752635720535, 0.2414762658391254, 0.4934133521935503, 0.7974550931407707, 3.0371475689048895, -0.0059448613470306
0.30160978673560285, 0.24148073216676846, 0.4934040067208285, 0.7974406776895585, 3.0371682116729963, -0.006016675751440985
0.3016021304669354, 0.24148530393207723, 0.4934006252881067, 0.7974067693377418, 3.0371895442794177, -0.006069466643337798
0.3016083593154231, 0.24148454485093587, 0.4933996725319945, 0.7974377655272148, 3.037157012069438, -0.006022406426246443
0.30161231182558423, 0.24148624882139957, 0.4934182019297865, 0.7974222999115024, 3.0371719398501176, -0.005956032389823757
0.3016057895935298, 0.24149245539678404, 0.49340569243354715, 0.7974071134587373, 3.0371882524522253, -0.006008855643061891
0.3016083906849499, 0.24148059980745956, 0.49341448736129606, 0.7974967122037425, 3.037160781283832, -0.0059918996021898615
0.30160232182536656, 0.2414739229475192, 0.4933948010460785, 0.7973999157037706, 3.0371636992637945, -0.006064034766697446
0.3016162809947681, 0.2414707056090217, 0.4934190577394694, 0.7974515790507843, 3.0371379136739747, -0.006011154250148085
0.3016073233258183, 0.2414869363692097, 0.493392055886519, 0.7973923392485474, 3.0372087575480475, -0.006079368800818007
0.3016122350570725, 0.2414921501117037, 0.4933838098704686, 0.7973898447264955, 3.0371980754818897, -0.006087196716395552
0.30160311579316207, 0.24148076613625463, 0.49340312457676405, 0.7974433318520426, 3.0371787222921296, -0.0060088669420708
0.3016018461166508, 0.24148478524828, 0.49341563619409506, 0.7973829498865234, 3.037170608206043, -0.00596239255736699
0.30161253072949096, 0.2414709461545859, 0.4934156340730039, 0.7975313704889145, 3.0371432328955943, -0.0059560157656988084
0.3016114216612328, 0.24147332431626908, 0.49341563834946, 0.7975073951486641, 3.037126198874495, -0.005968818931083967
0.30161793257359526, 0.24148085302024952, 0.49342389951706606, 0.7974493477459319, 3.0371258182288123, -0.005957597644517684
0.3016018662862239, 0.24148680350731658, 0.49340175029816447, 0.7974088132460564, 3.0371964438833556, -0.006045483952698362
0.301603683411328, 0.24147583109191523, 0.49340866531747307, 0.7974328515115562, 3.037138284577491, -0.005992830330413631
0.3016186447759243, 0.24148580811029532, 0.4933849369889018, 0.79748006693471, 3.037170203855354, -0.0060695766267328845
0.3016060088399585, 0.24147715275265672, 0.49340312457676405, 0.797479628330942, 3.037169192154405, -0.0060088670107752325
0.3016124324507948, 0.24149435386581436, 0.493399011216924, 0.7974104237474773, 3.0372042129310572, -0.006080025555960983
0.30161321902485694, 0.24147013875781542, 0.4934111530949817, 0.7975145971292605, 3.0371568722784192, -0.00605043197958836
0.30160068386779626, 0.2414713511560333, 0.4934212214436016, 0.7974449429198678, 3.0371860518592753, -0.005984759860124141
0.3016085400034003, 0.24147896216925738, 0.4934017524194439, 0.7974238789317134, 3.0371809650573596, -0.006051902086195753
0.3016088471188418, 0.24148710629989478, 0.4934133521935503, 0.797473246175949, 3.0371426384971167, -0.005944762849550932
0.30160112472322814, 0.24147206337453672, 0.493430145900783, 0.7974108712318639, 3.0371275943733713, -0.005922333173723851
0.301607848604445, 0.24148379530003003, 0.49340992767124786, 0.7974366734326427, 3.0371532217041692, -0.006004753563050891
0.3016172191192112, 0.2414818536539445, 0.4933977317139894, 0.7974594653651372, 3.0371680433947565, -0.006092861572001449
0.3016086241880885, 0.24148877151963777, 0.4933997736395459, 0.7973897560702781, 3.037197163885565, -0.006027231924747894
0.30160760671504483, 0.2414813556538407, 0.4934258675097791, 0.7974614974212942, 3.037173548740047, -0.005950227595987247
0.30160968287055334, 0.24148836275814617, 0.4934170768539697, 0.79743861377664, 3.037160150350771, -0.005979973213324383
0.3016154796793129, 0.24147521035117403, 0.4934224329052664, 0.7975123910337165, 3.037144296979434, -0.005939099580798685
0.3016027707578564, 0.24147243283675868, 0.49341778681433746, 0.7974775354659522, 3.0371615356148727, -0.005973590114635527
0.30160722123753764, 0.2414827262024705, 0.4934156102994088, 0.7974289357468023, 3.037197933842498, -0.00596146738828692
0.3016101183331901, 0.2414792968781689, 0.4934088005007055, 0.7974918967136083, 3.0371428574966477, -0.006022345771255656
0.3016082649918747, 0.24148638693021182, 0.49339752148422716, 0.79746129319866, 3.037175009259262, -0.006068765779956233
0.3016075169900832, 0.24148523058517826, 0.4934051338908756, 0.7974397453777112, 3.0371642498755946, -0.005999041835366113
0.30160901403190893, 0.24148148477813194, 0.49341561454478294, 0.7974777847018286, 3.037161615242075, -0.005974307223434648
0.30160301557919506, 0.24146892690597588, 0.4934185337762894, 0.7974520012319132, 3.0371367924837562, -0.00595192002721453
0.3016062270543926, 0.24148921406395027, 0.4934122271391636, 0.7973802247705684, 3.037159580925682, -0.005968851552869475
0.30161351583097656, 0.24148997820667664, 0.49340110670322346, 0.7974655525797899, 3.037188937588274, -0.006020758085256466
0.3016053827646877, 0.24148407515059786, 0.49340287744242584, 0.7974442796909768, 3.0371829730238558, -0.006027877723157842
0.30160160830644606, 0.24148252973127302, 0.49342476624607035, 0.7974525360685297, 3.03714061517814, -0.0059687297445979145
0.3015993968896525, 0.24147336603540978, 0.49343583276601055, 0.7974156847898602, 3.0371455174318243, -0.005891886406493443
0.301609489110907, 0.24148414696274034, 0.4934091271240497, 0.7974286549014749, 3.037198579645843, -0.006020039448155693
0.3016138973660967, 0.24147885901909918, 0.4934008426340915, 0.7974943001928638, 3.037149576970877, -0.0059976698227451365
0.3016130862480285, 0.24149330916472256, 0.4934079292724851, 0.797403228862536, 3.037173741198936, -0.005998353477183579
0.3016166233542218, 0.24148478844705668, 0.49339406290842563, 0.7975373325637833, 3.0371667725319442, -0.006063112131100742
0.301606121402281, 0.2414772880842546, 0.49341450687609806, 0.7974049548474501, 3.0371806559860004, -0.005973663440292479
0.3016028686690567, 0.2414863270554087, 0.49341336231185606, 0.7973855194536961, 3.037182587584917, -0.006015910094091439
0.3016108513695892, 0.2414647204493311, 0.49340753598647547, 0.7974730556122425, 3.037143577315436, -0.00600411602485542
0.3016142227330143, 0.2414772369618548, 0.4934122186172121, 0.7974646015780563, 3.0371842489426784, -0.00594320784297011
0.30161341614350323, 0.2414840609461219, 0.4934113878592765, 0.7974548716778873, 3.0371483125045327, -0.006004057058801981
0.30160416577962207, 0.2414843350844853, 0.49340543044324564, 0.7974509833114003, 3.037133256273933, -0.005992101375231187
0.3016121230316531, 0.24146652574586544, 0.49340983545544465, 0.7975075558913822, 3.0371259856268353, -0.00596817190487499
0.30160044262351043, 0.24147686086120906, 0.49341299521398263, 0.7974414085508955, 3.0371711448939203, -0.005974318608950975
0.3016149630428516, 0.24148056852449634, 0.49338409319538185, 0.7973924761723525, 3.0372139940299676, -0.006156948327104924
0.3016082145741674, 0.2414766068170123, 0.49339954540975833, 0.7974226029809448, 3.0371777407949754, -0.0060928505599403245
0.3016224125406057, 0.2414956300607041, 0.4933355229422517, 0.7974927954844081, 3.037230917523565, -0.0064536503490566196
0.3016353834352763, 0.24149139844048131, 0.4932970763842784, 0.7974566304327985, 3.037248098044056, -0.0067097834260591875
0.3016274849305548, 0.241478116014926, 0.49328905486077546, 0.7974943032718227, 3.037247030965619, -0.006803538591787833
0.30162670637652683, 0.24150435106351917, 0.493263255323153, 0.797470268521014, 3.0373057927679294, -0.006915434286095158
0.3016293097041288, 0.2414846869434132, 0.4932709437659282, 0.7974690494913573, 3.0373021831109597, -0.006897866508920993
0.3016317095140628, 0.24150965305322816, 0.49327275729524345, 0.7974466436747434, 3.037287683882215, -0.006867558042278505
0.30163692244175855, 0.24149381631035466, 0.49326442912044044, 0.7974664771419646, 3.037291034294167, -0.006903571933241361
0.3016302617999475, 0.2414919340134395, 0.49328952920356894, 0.7974631887671589, 3.037279576316906, -0.006850610953347172
0.3016291987966873, 0.2415003170664737, 0.49327808346807966, 0.7974574714886297, 3.0372585017712947, -0.006923377551982693
0.3016294640285266, 0.2414908385028537, 0.4932711027414188, 0.7974488365427802, 3.037300030957835, -0.006921830207080296
0.3016244681979712, 0.24149136880558267, 0.4932766367310206, 0.797483461948227, 3.037282552762047, -0.006886545657392172
0.30161890814928544, 0.2414910852267479, 0.4932869625255963, 0.7974086119498718, 3.03729385726774, -0.00685060926864238
0.3016293827200914, 0.24151029145696498, 0.4932759267303295, 0.797386868408398, 3.0372846211485864, -0.006899376309148668
0.3016242316417929, 0.24148911519689106, 0.49328576736432383, 0.7974437358373878, 3.037281406981283, -0.0068929622095786494
0.30162721202060516, 0.2414893933130531, 0.4932891426492555, 0.7974836976392471, 3.037281760253374, -0.006827326927425525
0.30163514974931604, 0.2414892959986926, 0.49327452968319424, 0.7974616112211512, 3.037272361502025, -0.006874753337007318
0.30162390402465095, 0.24149055513990214, 0.4932814285659496, 0.7974467365853147, 3.0372921263939268, -0.006885842701334095
0.3016171992171498, 0.2414865931536964, 0.49327765790009115, 0.7974389625035985, 3.0373375639702926, -0.006902596299297478
0.30162710474706156, 0.24149704773301447, 0.4932906535902248, 0.7974654976079103, 3.0372863579376785, -0.006826603287983578
0.3016192541092736, 0.24149165020597385, 0.49328943039074213, 0.7974656579425362, 3.037291313136181, -0.006903365490152365
0.301631078519487, 0.24150097450481392, 0.4932587383328464, 0.7974310346368799, 3.037304398646509, -0.006921177716757407
0.3016351982350686, 0.24149708422034116, 0.4932681994799129, 0.7975494551778483, 3.037312406557518, -0.006919522114359993
0.3016227710045405, 0.24148892214542192, 0.4932905569390679, 0.7974649334975488, 3.037287403313505, -0.006885782986147556
0.30163327194009465, 0.24148860893556073, 0.49326923409397, 0.7974695230515313, 3.0373069356609026, -0.006973955714819503
0.30162410166123915, 0.24150846052784944, 0.493260032505422, 0.7974007661156939, 3.0373407213050254, -0.006985886406153025
0.301631412351803, 0.24148777018771572, 0.49326540979022837, 0.7975074325850147, 3.0373003285088522, -0.006933074804341825
0.3016265333925873, 0.24148844157792046, 0.49328255292668627, 0.7974669883080443, 3.03729427863016, -0.0068618735803342755
0.30163587276944537, 0.2414982273710989, 0.4932682083008007, 0.7974281063535906, 3.0372977587226115, -0.006945195887188085
0.3016300641142418, 0.24148771284480505, 0.49328135328776035, 0.7975263880880685, 3.037298851741003, -0.00689133852416626
0.30162765126336555, 0.24150380574688687, 0.4932689482991122, 0.7975026236211123, 3.0372815332585916, -0.0069041510535801645
0.3016276710651011, 0.2414980114233913, 0.493254185060364, 0.7974372604701718, 3.0373311435914117, -0.006985940275419357
0.30162758753063973, 0.2414802444043801, 0.4932869625255963, 0.797463214313493, 3.03727960246366, -0.006850647811270395
0.3016165991492743, 0.24148971870166783, 0.4932674073407696, 0.7974341612951785, 3.0373195323386364, -0.006933037737332425
0.30163068644323454, 0.241502329195432, 0.49327845883116933, 0.7974515209887311, 3.037310766250834, -0.0069146911878792145
0.30164427613305994, 0.24150065974298332, 0.4932672275414319, 0.797515381684902, 3.0372546582978277, -0.006915628575840713
0.3016176607569733, 0.24148931421240621, 0.49328470939021263, 0.7973914475079813, 3.037306700623625, -0.006885838091543558
0.30162061849699656, 0.24149370992175517, 0.493271388575086, 0.7974702310439543, 3.037310768984935, -0.006991470597638532
0.30161933260564866, 0.24150148030171703, 0.4932758923870381, 0.7973969435489618, 3.0373250467542636, -0.006914689760167438
0.3016222374271799, 0.24150968307729556, 0.49327920552767507, 0.79740784200279, 3.037290660414181, -0.006892945969049608
0.3016245561794184, 0.24147970874740762, 0.49328470498029814, 0.7975072147780238, 3.0372996141897333, -0.006873025636846069
0.3016311932534173, 0.24150111300638663, 0.4932701199091023, 0.7974291160477973, 3.0372966757668403, -0.006885915252519631
0.30161930453753377, 0.2414761165500802, 0.49328112154150155, 0.7974663832653208, 3.037295323616766, -0.006921059259123693
0.30163893277665216, 0.24148703103225663, 0.49327261585844673, 0.7975369832327011, 3.0372649920601096, -0.0069275442167359294
0.30162865321900006, 0.2415090818458021, 0.493270454712732, 0.7974175646071799, 3.0373271576277383, -0.006890692231530475
0.3016260351731891, 0.24148190661446775, 0.4932780445495974, 0.7974733144223202, 3.0373210027537496, -0.006925892385164423
0.30162498455561054, 0.24149990874368765, 0.49327927423261086, 0.797446336559017, 3.037287991849645, -0.006868226827689257
0.30161958670993827, 0.24149203691321286, 0.4932935522620128, 0.7974615156704826, 3.0372717829444213, -0.006816036877160614
0.3016348593010624, 0.24149870675289348, 0.49325659693729096, 0.7974517925576939, 3.037311615198868, -0.006974712904635617
0.30164053631794185, 0.24149913098327894, 0.4932578800716453, 0.7975065886687035, 3.0372972105932003, -0.006974694583442368
0.3016227987472847, 0.24149849469605145, 0.4932781367544395, 0.7974979174174059, 3.037336819917477, -0.006853838185984462
0.30161813525581743, 0.24149198561925653, 0.49326643770371836, 0.7974543160432263, 3.0373225313068404, -0.006968235705220457
0.3016100571763932, 0.2414917224981462, 0.49327083205113237, 0.7974887801887424, 3.037379262410022, -0.006912164719576801
0.30161328177135477, 0.24148108980678337, 0.4932902521264403, 0.797426811068234, 3.037294027992209, -0.0069274245344438335
0.3016280123606532, 0.24149063946410615, 0.4932758923870381, 0.7974327256343231, 3.037315762496973, -0.006914740564346527
0.30162580240090636, 0.2414896054314249, 0.4932609104946258, 0.7974102977538687, 3.0373075692700877, -0.007022705037512934
0.3016363859039446, 0.2415069107870393, 0.49323871385023244, 0.7974173010348892, 3.037333778681542, -0.007086858274102924
0.3016342003925407, 0.24151168040734622, 0.4932079430079186, 0.7974253100302324, 3.0373649779315093, -0.007229221312497018
0.30164509847411586, 0.24150210107885128, 0.4932159336180719, 0.7975290386787491, 3.0373135626946492, -0.0071820407555796524
0.3016538325970848, 0.2415206115060753, 0.49321290858864875, 0.7974331779397685, 3.037318747928653, -0.007153328804124549
0.30165164919515886, 0.24151172912085653, 0.49322285748584216, 0.7974217707610032, 3.0372747844451244, -0.007119461701315005
0.30164495943223807, 0.24152148514694874, 0.493215065994686, 0.7973398990071603, 3.0373358510101154, -0.007177305195483958
0.3016595619618519, 0.24151135333862342, 0.4932093614588182, 0.7974470062091421, 3.037295080027684, -0.007123848768609313
0.3016499495828781, 0.241513015668475, 0.49322854374047337, 0.7974453362795765, 3.0372874187570615, -0.007089197730768491
0.3016499417677259, 0.2415305317815866, 0.4932163328219923, 0.7973942594849753, 3.0373162837777286, -0.007099774748959028
0.3016478696079836, 0.24152762679162035, 0.49319560875036805, 0.7973996892614755, 3.0373399831727994, -0.007206904103739581
0.3016528154195804, 0.24153482023330125, 0.4931972755559181, 0.797400556579609, 3.037343764580938, -0.007223796035650543
0.30164764288588813, 0.24152347008384203, 0.4932127566019559, 0.7973540112635172, 3.0373124051936, -0.007148345332701635
0.3016582061739283, 0.24152905473919467, 0.4932119315786756, 0.7974783468887343, 3.037263683738056, -0.007136353332553428
0.3016401418824818, 0.24153004200415978, 0.49322058654644324, 0.7973718428833685, 3.0373022003372565, -0.007070880705202574
0.30164246502048525, 0.2415316014651166, 0.4932138829942045, 0.7973166909371692, 3.0373179928159977, -0.007130711559638484
0.30165374078806556, 0.24152074786464234, 0.49320040984152247, 0.7974250460595861, 3.0372869275203533, -0.0072316027276182636
0.3016455029344435, 0.241533845298135, 0.49321515909780234, 0.797398649148663, 3.0373311069041815, -0.0071116247443485225
0.30165767639685165, 0.24153994526054975, 0.49319512239475954, 0.7973423652362696, 3.0373433459169075, -0.007212616039681787
0.301656617671681, 0.24153647025185102, 0.49321773133766605, 0.7974083156778006, 3.0372939420607152, -0.007130681624071194
0.30165882978947733, 0.24153190071501696, 0.49321091419526153, 0.7974283025585484, 3.0372969875961564, -0.00716593408349232
0.301658526014812, 0.2415333187382996, 0.49320634759202836, 0.7973762422303234, 3.037322064998553, -0.007159750195592144
0.301654834895884, 0.2415202823926958, 0.4931926161808744, 0.7974553419584395, 3.0373302577847965, -0.00728301187877619
0.3016469093438431, 0.2415282761692234, 0.4932150567343553, 0.7973493389430071, 3.037293506109104, -0.007118772495369237
0.30165274833670996, 0.24151528668858677, 0.4932059394853763, 0.7974283931237257, 3.0373011427278853, -0.007183585009776332
0.301663795903522, 0.24152330076793604, 0.49319383298700475, 0.7975338340114151, 3.0373279163895637, -0.007193412946650211
0.30164865693011944, 0.24153447938443523, 0.49320392952319847, 0.797406604209929, 3.0373647735743887, -0.007151706254971712
0.301661952736084, 0.24153048581085615, 0.4931961374790855, 0.7975051668249954, 3.037291978560289, -0.007176637219797747
0.30165735476228184, 0.24154137543662293, 0.4931905557232112, 0.7973453771431652, 3.0373541115260583, -0.007206266172341504
0.3016576384899767, 0.24153393330012343, 0.4932063453388747, 0.7973791228977498, 3.0373329060359424, -0.0071533767812874734
0.3016593942982976, 0.2415208957839448, 0.4932028098961524, 0.7974171417127927, 3.037331277079372, -0.007188623767028179
0.3016511080782726, 0.24152846369513722, 0.4932208565979713, 0.7973157088483471, 3.037314261651478, -0.007113126244853972
0.30165295858489577, 0.24152524245153675, 0.4932037820881656, 0.7973761640298918, 3.037322064530044, -0.0071597614186725365
0.301646655180594, 0.24152392976253578, 0.49320114525214576, 0.7973949832826384, 3.03732134637614, -0.007178042653512678
0.301657220486584, 0.24153147739787478, 0.4931984041369026, 0.7974150493998767, 3.037324238049326, -0.00721257309686133
0.30165105033834405, 0.2415283938985757, 0.4932151658338263, 0.7973532230241092, 3.037308469491542, -0.007130731704967133
0.30164536954564464, 0.2415141861467189, 0.4932122587496299, 0.797391404370831, 3.037305624922457, -0.007106895607985779
0.30165628105392267, 0.24153785384561793, 0.4932075190268267, 0.7973571803911665, 3.037322721763385, -0.007141425089233244
0.3016523279982774, 0.24151282800428242, 0.49319777073129184, 0.7974100663587739, 3.0373069667476025, -0.007243523900108301
0.3016547367040711, 0.24152975236488503, 0.49319345346477417, 0.7973991362997759, 3.037336001604372, -0.007189338400996977
0.30165091928124715, 0.24153016749941517, 0.49319599508650164, 0.797416457078854, 3.037327952617316, -0.007230161570147999
0.30164457340472123, 0.24153639181393102, 0.4932073675524734, 0.7973890994443072, 3.0373735348021156, -0.007169279212856332
0.3016470561064201, 0.241516629578515, 0.49322854374047337, 0.79748178758495, 3.0372777362943033, -0.007089146393626045
0.3016540016965098, 0.24152484973655078, 0.4932208565979713, 0.7973339100403032, 3.0373095116835764, -0.007113139128092525
0.30165749959473054, 0.2415280637564471, 0.493205069368564, 0.797370499399665, 3.037300599473343, -0.007172375032540633
0.3016501106640485, 0.24153476993676418, 0.4932242809489528, 0.7974231182335679, 3.037273213196976, -0.007059493945491334
0.30166001832335954, 0.24151982116074286, 0.4932060799157492, 0.7974289752100889, 3.0372997553833985, -0.007123853797422825
0.3016536754923982, 0.24152225743433522, 0.49322541420943034, 0.7974152452178294, 3.037322819528478, -0.007094032911544098
0.30165677974993016, 0.24152109609698716, 0.4932094750707569, 0.7974821534904257, 3.037278646393602, -0.007148324231243245
0.3016603858422776, 0.24151837423242983, 0.49319119630715896, 0.7975527580890256, 3.037327225742912, -0.007211720198735418
0.3016567219316762, 0.24152102618987908, 0.4932037843087642, 0.7974277358587023, 3.0372971317517554, -0.007165994676186986
0.3016484543571433, 0.2415303012034075, 0.4932208498621461, 0.7974158916877627, 3.0373224960766314, -0.007094005643071081
0.30164094347134623, 0.2415137620623908, 0.49321931945343955, 0.7973352121564695, 3.0373174300169703, -0.007148322789942912
0.3016506033776017, 0.24153938988511872, 0.4932040926188616, 0.7973805691963692, 3.0373407193763633, -0.007188543359664843
0.3016552815932509, 0.24150928678107453, 0.493203689069954, 0.7974091742953292, 3.037302981695519, -0.0072252125684893476
0.3016479876254402, 0.24152776950974056, 0.49320721785127336, 0.7973977338911994, 3.0373321087866536, -0.007170935352671369
0.3016483388388296, 0.24153016155409512, 0.4932094683345342, 0.7973808911595706, 3.0373399658967597, -0.007129294314534437
0.30165088683628394, 0.24153194737374847, 0.4932198821082771, 0.7973958558598734, 3.0373243886478245, -0.007135666440684773
0.30166448086960346, 0.24151850834810581, 0.4932107556313888, 0.7974848626236677, 3.0372894239434247, -0.007142124030226393
0.30164332585394493, 0.24152509997542582, 0.4931932040575726, 0.7973219186034151, 3.0373416356543688, -0.007237161690812861
0.3016680719041526, 0.24153364202780833, 0.4932042441102502, 0.7974401538548371, 3.037266202739741, -0.007160485612720565
0.30164564097053753, 0.2415224406002021, 0.4932218830876766, 0.7973565721028202, 3.0373231804138916, -0.007142052717944219
0.30163651615112663, 0.24150164113577915, 0.4932206873617053, 0.797457447042938, 3.0373468847738514, -0.007354660301739241
0.3016704381677506, 0.24155691000425, 0.4931917133994415, 0.7973896195983424, 3.0373865691199553, -0.007502619510720267
0.30167169443419684, 0.24156258954392004, 0.4931840782578592, 0.7973631155616978, 3.0374372848404487, -0.007578084316912791
0.3016821010911421, 0.24156020292057123, 0.49318913937171355, 0.7974166915087552, 3.037420016190955, -0.007619650836401472
0.30168029467861013, 0.24154790700844028, 0.4931863500009795, 0.7973954717845464, 3.037414454504601, -0.007626647398323686
0.3016716720480234, 0.24155100875302518, 0.4931909346958434, 0.7972852798310416, 3.03743915550011, -0.00760833914741053
0.3016644684804615, 0.24153056141874962, 0.49320399647497526, 0.7973811014407512, 3.0374321267961233, -0.007518789419333141
0.30167490122408963, 0.241565304851368, 0.49317128566687857, 0.7973236424392561, 3.0374319984571305, -0.007567646117700887
0.3016743377168352, 0.24156449213405956, 0.4931760777301276, 0.7972869166522214, 3.037441575332129, -0.007566941146476409
0.30168038859877444, 0.24155772270546733, 0.4931728105117273, 0.7972905063351392, 3.037457532777071, -0.007638122666100936
0.3016763457638869, 0.24155775851122965, 0.4931840827324989, 0.7971758153823202, 3.037463841688301, -0.007590843083170752
0.30165936958816186, 0.24154874231595622, 0.49318459326567676, 0.7971563920350556, 3.0374646971260337, -0.007573198098341388
0.3016685677333543, 0.24156592208348823, 0.49316131636964233, 0.7972397983548143, 3.03748624209356, -0.007648672520256934
0.3016624750759494, 0.24154149115379134, 0.49318498780412734, 0.7972571960362653, 3.037481982170547, -0.007648582837049982
0.30167147251263493, 0.24154105829290473, 0.4931815360277502, 0.7972304597220452, 3.0374546628377637, -0.00766833169991904
0.301672590432787, 0.24155814226544736, 0.4931671760453855, 0.7972275790941855, 3.0375181754990583, -0.0077133821575708856
0.30167603646806984, 0.24154960866255407, 0.4931727171387972, 0.7971991417150568, 3.0374827812331366, -0.007697235337896651
0.3016756519000905, 0.2415588553756717, 0.49314340413225105, 0.7972638950313845, 3.0375101826985524, -0.007832616845480365
0.30168072809973157, 0.2415504940074168, 0.49316261612023077, 0.7972764169984079, 3.0374820344417177, -0.00772622617726765
0.301675418901004, 0.24157015085041197, 0.4931251150295639, 0.7971801322790466, 3.0375595662893407, -0.007837540188158045
0.30178386946295943, 0.24163883096531316, 0.49397396488976375, 0.7971471839353412, 3.0374227596266588, -0.008914225250795103
0.30188310557335063, 0.241763873119968, 0.4948699462766591, 0.7969415654986751, 3.037277721867035, -0.009540235483058532
0.3019911922995792, 0.241862377760173, 0.495533115509887, 0.7969416911790036, 3.0374007845238444, -0.010648264397812484
0.30208171111801263, 0.24197965719750522, 0.49603768467103176, 0.7968115412367113, 3.0375084088502264, -0.011385765255446887
0.30213481515158924, 0.24199219190567176, 0.49666844412918215, 0.7966934055799471, 3.037071525351298, -0.0103210925618442
0.302175325098062, 0.24202813781090135, 0.4970006859908639, 0.7966806642382532, 3.0370644743495627, -0.010485914914586595
0.3022257043735431, 0.24211379473576036, 0.49717955611791165, 0.7966227472006939, 3.037182734190642, -0.011028046810540244
0.3022642713242981, 0.24215550924640764, 0.4970852882908871, 0.7967425964619939, 3.0374710316038436, -0.01239194335152247
0.3023378493407878, 0.24223785338563758, 0.497174239606851, 0.7967756882965803, 3.0377851037342345, -0.014551228953721344
0.30247971663589585, 0.24238383115542658, 0.49747369425138566, 0.7969672106666315, 3.0381237421780303, -0.01665188327459545
0.30266207884170443, 0.24266694308496423, 0.49733788252779976, 0.7969942626072477, 3.0383994681508724, -0.017815403187524968
0.30362689027241396, 0.24406817023930485, 0.4975851198069342, -0.7965801040589965, -3.0372801055227883, 0.025262361546607753
0.30442711658014965, 0.24521394156488105, 0.49781691977136766, -0.7961830721554127, -3.0359522113445783, 0.03137276116187123
0.3051575708221528, 0.24621855803847403, 0.4984756787288594, -0.7959850800297477, -3.034811191864954, 0.03667469730310377
0.3051999149612872, 0.24624843027700544, 0.49908891093186203, -0.7960143327805804, -3.034807123736721, 0.037316985033474206
0.3056016357156167, 0.2467940436531358, 0.49924389684595794, -0.7958928366319559, -3.034164087386807, 0.03997609731960266
0.30734128588031556, 0.2493404492122184, 0.49840246886827966, -0.7949286797811403, -3.0307012936787774, 0.053802972907440294
0.3076451586613855, 0.24972951884643807, 0.4997187415801863, -0.7948820610446317, -3.029989743358806, 0.056749828971541
0.3084727736679127, 0.25091190219861415, 0.49930697306859656, -0.7943005697477791, -3.0283063292729295, 0.0637912611572809
0.3089972122079879, 0.2516578838962908, 0.4995410962871887, -0.7940262894316301, -3.0271359319988425, 0.06880865037847966
0.3099205974259382, 0.25297424986890477, 0.5000007472363659, -0.7935837818754053, -3.0252926531426647, 0.07632348320539135
0.3104318094010141, 0.25377399138590334, 0.5001802847525169, -0.7929993908908847, -3.023852654844322, 0.08217051428017187
0.3111181264430726, 0.25474212958712733, 0.5004443692405676, -0.7926187946156059, -3.0224378947512203, 0.08776214731581841
0.31242436163906995, 0.2566542000743863, 0.4998090683207943, -0.7917660318142705, -3.019932188260227, 0.09753000217182971
0.31286873331862325, 0.2572747579988933, 0.5008180304535416, -0.7915630821281135, -3.0191788273346143, 0.1013487913849131
0.3131818363331078, 0.2577029579872114, 0.5009716966044298, -0.7913311393801504, -3.018506033639533, 0.10407919938979479
0.31442570195013536, 0.2594601651486584, 0.5011216051548522, -0.790714738464455, -3.015991763942813, 0.11379825678737716
0.315875782821321, 0.26154680450685996, 0.501165405469032, -0.7900724742256509, -3.0134330983602937, 0.12363410277791766
0.3163507036603249, 0.2622261389854419, 0.5024257011428102, -0.7898885613440687, -3.0125545388451065, 0.12675403867414536
0.3168328105483453, 0.2628920533486003, 0.5024172385034362, -0.7895366890111348, -3.0113474964485194, 0.13136612038196666
0.3171257381498128, 0.2633129847396513, 0.5026922158344694, -0.7892350592044842, -3.0103504134764547, 0.13527819970414282
0.31740913276680943, 0.263727004866806, 0.5021837772094645, -0.7890913986779405, -3.009818075381903, 0.13721737778854637
0.3179145941580896, 0.2644404944618923, 0.5024838347516785, -0.7888236453639595, -3.0086244832168947, 0.14193267947583932
0.31845742155111373, 0.2652299278471232, 0.5033003381240805, -0.7884944036680378, -3.007432819665766, 0.14633177099191227
0.31938556435584026, 0.2664927712060769, 0.5028795850554949, -0.7880915724776266, -3.0054934324556166, 0.15335366864217256
0.3203029051162196, 0.26789246746736495, 0.502853146263869, -0.7872179988211421, -3.002818171401571, 0.1630937185555938
0.3205340204615794, 0.26820272590998906, 0.5036171425439201, -0.7872375483474391, -3.0024068753447954, 0.16466069433686042
0.3211335458088055, 0.26902833334840387, 0.5030195767347577, -0.7869458242473464, -3.0012585375555894, 0.16881719132554746
0.321671888588798, 0.2698412631410264, 0.5029666080706905, -0.7864916130822703, -2.9996339935000402, 0.17455495982626038
0.32201551373731296, 0.2702974887269135, 0.5033231603872957, -0.7863575613682415, -2.9988362406907942, 0.17772203841707596
0.322447126800422, 0.27091544282082825, 0.5029795661744454, -0.7860042931406378, -2.997833455549579, 0.18134521499066927
0.32288886960045643, 0.2715461314295743, 0.5029753707213427, -0.7857710169274241, -2.9965481823927305, 0.18565158653683328
0.32316278046777225, 0.2719791151368707, 0.5031634134114576, -0.7855845841520904, -2.9960125153613775, 0.1875604736844178
0.3234462307708889, 0.27236209735451383, 0.5031954572284153, -0.7853663895506309, -2.995432271867971, 0.18968546073653617
0.32372523813187754, 0.27275849516691747, 0.5030598023196667, -0.7852402642777785, -2.994564328643633, 0.1926513107082482
0.32394826070546995, 0.2730735677665557, 0.5034423430000452, -0.7851285609600436, -2.993926302408469, 0.19483742916163288
0.32427910334664295, 0.2735585189476758, 0.5031961197577373, -0.7848997512609786, -2.9932570192256125, 0.197089856558779
0.3246130233324296, 0.27402753624786513, 0.5031990199142314, -0.7846541442706871, -2.992228326991311, 0.20080012076199696
0.3248592568269484, 0.2743725000094067, 0.5033892300406039, -0.7844834690602546, -2.9916702704414786, 0.20261656674919093
0.32519509442221073, 0.2748857988284734, 0.5034323983326482, -0.7844019792775561, -2.9907753717227754, 0.20561296296125597
0.3255810419361336, 0.2754420048117071, 0.5031630344177183, -0.7841241192457054, -2.9898479572064716, 0.20890950404689587
0.32581882855176536, 0.275741113057723, 0.5037630049646878, -0.7840420097635094, -2.989330215252332, 0.21066262850441717
0.3262000093728269, 0.2762802650906393, 0.503859698013279, -0.7838430262536316, -2.9884816079270324, 0.21344628096108398
0.32648667427922307, 0.2767137596401265, 0.503591854704628, -0.7837081036602499, -2.987909165804655, 0.21559243255936125
0.3267503807031853, 0.2770843993628714, 0.5037850920677419, -0.7835324543067286, -2.987545439696869, 0.21693675666223636
0.3270827623512604, 0.27750954340901385, 0.5038630509639233, -0.7835333453673585, -2.9865318525398883, 0.220059976999552
0.3274146909388766, 0.27801653087666744, 0.5037266227300126, -0.7832213070686094, -2.985872041119851, 0.22241055883857547
0.32771204812289256, 0.27837560036236453, 0.5041616130900027, -0.7831962218687777, -2.985144678488928, 0.22474179773757422
0.3281058616801161, 0.2789424351049649, 0.5043365147920339, -0.782889400391114, -2.9840187931959368, 0.22842201635848713
0.3283977713918918, 0.2793294909300044, 0.5038595097965511, -0.7828027358167019, -2.9834304342346942, 0.23034339091801248
0.3286404289535686, 0.2796564373214119, 0.5039423603358102, -0.7826564942886531, -2.982765685423267, 0.23249062103780482
0.32868540311218947, 0.27970616313885854, 0.5039534739805743, -0.7826801753776442, -2.982647456151592, 0.23278916174086586
0.3287111964668871, 0.279728418534167, 0.5039851121420827, -0.7826724242017098, -2.982676821588009, 0.233033404844181
0.32871926715759203, 0.2797332352393363, 0.5039751720072229, -0.7827043597303497, -2.982646408483025, 0.23306032459526746
0.32870787928902506, 0.27972754311928416, 0.5040275493220513, -0.7826605226944383, -2.9826298085059553, 0.2331038639159299
0.32870772999426195, 0.27973040723259956, 0.5040118659121366, -0.7826624046701152, -2.9826532405054236, 0.233161018045507
0.3287119720370227, 0.27972080783237263, 0.5040587361549127, -0.7826862111695123, -2.9826665037751257, 0.23304884992326433
0.32871903220149645, 0.27971542462448756, 0.5040409219942179, -0.7827851819122652, -2.98260372548121, 0.23312777901948914
0.3287121538218576, 0.27971917014209485, 0.5040577951372416, -0.7827946498452764, -2.982649039959549, 0.23307611893819047
0.3287127456333484, 0.2797093730641721, 0.5040508716696828, -0.7827925691163469, -2.9826478097087668, 0.23311615772397293
0.3286872535646916, 0.27969293896714764, 0.5041041727812149, -0.782706360372647, -2.982770069876308, 0.23293289774575235
0.32870151848617474, 0.27969602670024774, 0.504080651751138, -0.7828840388617088, -2.982717884096336, 0.23297007588968877
0.3286968065755442, 0.2796931084377841, 0.5040711637505629, -0.7828193064605964, -2.9826821796147898, 0.23303989575142497
0.32868846863602774, 0.2796828449374605, 0.5041091249325471, -0.782811466626345, -2.9827164696749975, 0.232895543476085
0.328698382384265, 0.2796963788999762, 0.5041273174427646, -0.7828227769503271, -2.9827874641348906, 0.23288050373714916
0.32869331891066694, 0.2796802246943879, 0.504142218690897, -0.7828809373341273, -2.9827896222267216, 0.23283002842108466
0.3287017750084088, 0.2796982938464448, 0.5041054926523412, -0.7829030879297486, -2.9827133137645423, 0.23293004369846007
0.3287131311262071, 0.27969324857083566, 0.5041092871194408, -0.7828206013006896, -2.9827712992313224, 0.23287173503738878
0.32870288214067617, 0.27968226604601204, 0.5041265756529026, -0.782835708966619, -2.9827460789317715, 0.23285720186395
0.3286953100843098, 0.2796938171781427, 0.5041274939467864, -0.7827685435047503, -2.9827930716973716, 0.23285623845461698
0.32871950461089783, 0.27971136029743066, 0.5040820503329414, -0.7827568477052941, -2.9827485603255446, 0.23299019101776688
0.3287072076350965, 0.2796973313249918, 0.5041028559656326, -0.7827249857515052, -2.982760397939217, 0.23288985356097094
0.32871122082336696, 0.27969930374890756, 0.5041081215732459, -0.7828182560253047, -2.982762873694061, 0.2329060659050275
0.32869406932792666, 0.2796958831913047, 0.5041120429340961, -0.7827093006643855, -2.9827729178749, 0.23287372670434658
0.32871040616407854, 0.2797039346116989, 0.5040855113902629, -0.7827346432854707, -2.9827199497551558, 0.23296894637872506
0.3287111000008452, 0.2797010156909761, 0.504114318733577, -0.782711177065723, -2.982785261764893, 0.2328624782798694
0.32870444417348915, 0.27970403700242186, 0.5041071227103793, -0.7827586940632231, -2.9827385382385914, 0.2329018095323817
0.32869698943264625, 0.2797108553681376, 0.5041005204716567, -0.7827024142153435, -2.982743181072993, 0.23293632167904135
0.32871115466818246, 0.2796992231156441, 0.5041024275591793, -0.7827080743510489, -2.9827806911409342, 0.23292062724871443
0.3287001569289734, 0.27968710677786685, 0.5041222279623641, -0.7827638558898865, -2.982763170411348, 0.23285617898167282
0.3287036915088968, 0.27970297935720606, 0.5041005204716567, -0.7827013553403185, -2.9827398700448957, 0.23293423612409608
0.3287076321672054, 0.2797048804104196, 0.5041003109731608, -0.7827931905088007, -2.982737114424326, 0.232967383235887
0.32870677941153864, 0.2797036258906941, 0.5040914725382561, -0.7827042703761465, -2.9827613356142484, 0.23294851696081154
0.3287087638266151, 0.27969773001902926, 0.5040950553957337, -0.7828108985098933, -2.982731389499921, 0.23296756865714124
0.3287006448027136, 0.27969290558609594, 0.5040962434615228, -0.782771298030577, -2.9827363038458583, 0.2330256544918982
0.3286983163731564, 0.2796962984718087, 0.5041216234545741, -0.782730951964617, -2.9828013736788628, 0.23289559403409346
0.3287106324919874, 0.2796935523700267, 0.504105273292444, -0.782756211009984, -2.9827358147229086, 0.23294010860205733
0.32869811475691274, 0.2796978891837398, 0.5041225267921066, -0.7827491604019396, -2.9827917613954025, 0.2328727211714778
0.32869586737495826, 0.2796839844900793, 0.5041151327106074, -0.7827831037073255, -2.9827830916712794, 0.23291312334760747
0.3287000389563475, 0.2796732028625283, 0.5041132156733417, -0.7827361080579295, -2.9827217233057106, 0.23290729604027963
0.32870874425555335, 0.2796995595504761, 0.5041123836320665, -0.7827430104063764, -2.9827562881728404, 0.2328910153670384
0.32870810636886644, 0.279686000784344, 0.5041172707904513, -0.7827647455767037, -2.982777927635179, 0.23288645278872389
0.32871860152151616, 0.27970314497570037, 0.5041024538897315, -0.782777196093684, -2.982747439336373, 0.23293216691785618
0.3287109960903194, 0.2796902771371667, 0.5041033911489854, -0.7827013361286642, -2.9827587498987156, 0.23298682646723465
0.3287097244356786, 0.27969718772487373, 0.5041005353758349, -0.7827772770287115, -2.9827550542958527, 0.2329566749589923
0.32869222244167623, 0.2797020156047783, 0.5041163525243411, -0.7826716621593539, -2.9827774355516166, 0.2328899980491546
0.32869170235174466, 0.2796886951622893, 0.50411754521457, -0.7826870270354209, -2.982778185926845, 0.23295472768535191
0.3287112374523687, 0.279701252210235, 0.5041222108567235, -0.78274417270072, -2.982767498719333, 0.2328967663024884
0.3286936621894117, 0.27969039891890707, 0.5041225242016061, -0.7826992610491044, -2.982729367716308, 0.23292630973267925
0.32870819341563556, 0.27969384277484594, 0.5041095732988955, -0.7827533910888774, -2.982714133485516, 0.23292652786758541
0.32870983855398167, 0.27970800796704215, 0.504108405240712, -0.7827085677516084, -2.9827766965360905, 0.23289749882648295
0.32870729018375083, 0.2796848657950531, 0.5041051935351673, -0.7827603364480141, -2.9827625596568534, 0.23293744671397731
0.32870314498479763, 0.2797109891233443, 0.504095553154329, -0.782718676437671, -2.98273251152192, 0.23295280074049463
0.3287178244395037, 0.27969897159790785, 0.5040953287450861, -0.7827322106552734, -2.98270622764405, 0.23295829678844204
0.32871526262102335, 0.2796933368312379, 0.5041046109673999, -0.7827890497114491, -2.9827104002564124, 0.23295067748741008
0.32869719145276177, 0.27969357771799497, 0.5041042325462239, -0.7827375424202617, -2.9827323803755466, 0.23293459177467338
0.3287060031270914, 0.2796780771500959, 0.5041013993029668, -0.7827328010846428, -2.98272269030751, 0.23298950296768567
0.32870197680790186, 0.27969363467974206, 0.5041092845715682, -0.7827174082922341, -2.9827237910773494, 0.23292584507455885
0.3286996584871522, 0.27969221301932146, 0.5041073875497171, -0.782712964035555, -2.9827028697639553, 0.23295272802059758
0.32869801332523957, 0.27970550180247633, 0.5040986233890318, -0.782661253394985, -2.982728199622846, 0.23296105103889078
0.3286986936707993, 0.2796907958445274, 0.504098747721608, -0.7827691557202864, -2.982696408533034, 0.23293735313732405
0.32870462785819954, 0.27971003676589334, 0.5041073965876914, -0.782718755037787, -2.9827136964677727, 0.23288005406277115
0.32869842404992844, 0.27970223184903464, 0.5041054926523412, -0.7826503972305717, -2.9827688934717567, 0.2329238071604949
0.3286939425664404, 0.27971908095568954, 0.5040945972442776, -0.7827151924272926, -2.9827092968348614, 0.2329576210153204
0.32870300083885634, 0.2796931696427945, 0.5041202394447859, -0.7827035640462829, -2.9827486726723667, 0.23289847512917494
0.32868961451601725, 0.2796932782312959, 0.504124673498812, -0.7827046596048605, -2.982746347662533, 0.23287641106052737
0.3286951484008067, 0.2797120897152272, 0.504091759169537, -0.7827101247916554, -2.9826922563243854, 0.23300753518100029
0.32869684071633526, 0.27968618787626337, 0.5041091947097683, -0.7826829153577692, -2.982736606613811, 0.2329078363035629
0.3286954020383113, 0.279701665520516, 0.5041202344862895, -0.7827393050490502, -2.9827335214304678, 0.23289443993481854
0.32869901398610446, 0.27969118619525096, 0.5041263415787277, -0.7827039664363494, -2.982737650317338, 0.23284957127511358
0.32869827200040924, 0.27971157610731906, 0.5041045913081161, -0.7826767973572659, -2.9826972994243985, 0.23292323441838692
0.3286995273609993, 0.2796968630892784, 0.5041234958933006, -0.782782516955965, -2.982755437580175, 0.23283365984626664
0.32869114140938366, 0.2796834088283487, 0.5041637738377281, -0.78275709369163, -2.9827750441623224, 0.23261547867805563
0.32869900504917066, 0.2796978701912985, 0.5041598373582769, -0.7827420460459048, -2.982807570117759, 0.2326543106145068
0.3287021329282882, 0.27970312069432696, 0.5041567383008322, -0.7827185702059503, -2.9827612089541984, 0.23260021451054688
0.3286896173830463, 0.2797005514781819, 0.5041956950023344, -0.7827700170474073, -2.982814094912296, 0.2324560663214875
0.32870149962302836, 0.2797138773270549, 0.5042045966453894, -0.7827049531654623, -2.9828662927821097, 0.23241723511879536
0.3286878102959293, 0.2797067955037871, 0.5042019446296666, -0.782691432797654, -2.9828105270859595, 0.2325235950088509
0.3286791800409107, 0.27970483177711997, 0.5042568401737121, -0.7826882319699214, -2.982861948818497, 0.2323293215885107
0.32868265133112523, 0.2797191271347485, 0.5043291817760327, -0.7826903357877016, -2.9829047408891314, 0.2319851474451596
0.32868295994253294, 0.2797301663616567, 0.5043536985360507, -0.7826622872094334, -2.9829343002698443, 0.23187538406021838
0.3286897284705211, 0.27972920252793904, 0.5043865535566368, -0.7827063244233244, -2.9829616397132264, 0.23179604351303884
0.3286821400612236, 0.27970751796927623, 0.5044131128586571, -0.7827437787641683, -2.9829681014722187, 0.2317867810409801
0.3286652737182122, 0.2797232218757831, 0.5044324009729432, -0.7827135228151428, -2.983010972721676, 0.2317874128743104
0.32868069255779236, 0.2797195348298684, 0.5045677872046385, -0.7827441278394318, -2.9830893069151183, 0.23128645969838801
0.3286743258099478, 0.27972645229208676, 0.5046824566562012, -0.7827315539494485, -2.983158646142043, 0.23091576808178996
0.32866259201199316, 0.2797337046648908, 0.5047745218932925, -0.7828108322662479, -2.983245054265134, 0.2306539548102513
0.3286842197941413, 0.27973535612219963, 0.5048405711322127, -0.7828432453176715, -2.983547953904709, 0.23052266701993293
0.3286897097032229, 0.2797306083740215, 0.5048736518695709, -0.7828361056669497, -2.983602490367, 0.2304326049988746
0.32869532531671075, 0.2797268655754257, 0.504888636113151, -0.7828505403326363, -2.9835680242160976, 0.23039338873761647
0.3286893011852864, 0.27973757687342615, 0.5049017353101101, -0.7828739927013189, -2.9835775702473217, 0.23031942699400246
0.32868344485812184, 0.2797221609299174, 0.5049278019332913, -0.7828433541467681, -2.9835985950703603, 0.23022450833529645
0.3286805823206855, 0.279747450499654, 0.5049283543889592, -0.7828291823314699, -2.9836360728867506, 0.23026711635898456
0.3286916651911814, 0.279732127209312, 0.5049440408481046, -0.7828458954605545, -2.983614475732837, 0.23021458727455432
0.32867628996033466, 0.27973428217947993, 0.5049639825581156, -0.7828162865999109, -2.9836533640134855, 0.2301727328682858
0.32868817282075835, 0.2797534194447613, 0.5049458062520934, -0.7828848726605063, -2.9836165990514, 0.230202360838512
0.32869476452105645, 0.2797365534016884, 0.5049664498046376, -0.7828152376629061, -2.9836426654610437, 0.23014550129800013
0.3286857518084916, 0.27972338922751705, 0.504994678257254, -0.7829173099254743, -2.983664501302584, 0.23001135447265086
0.3286815136826853, 0.27974752404536646, 0.5049678670738842, -0.7828351475968748, -2.9836326984583708, 0.23010020286670912
0.32867443975311256, 0.2797284644373825, 0.5049965302586973, -0.782784123829813, -2.983658046384974, 0.23004655689499806
0.3286822011548828, 0.2797504272822417, 0.504982860798469, -0.7828529002792092, -2.983622966485902, 0.23007718744579442
0.3286917161701819, 0.27972521494573, 0.5049875492060423, -0.7828735751865652, -2.9836392701591343, 0.2300701490871895
0.3286892039995854, 0.27971963578307896, 0.5050025234541197, -0.78291355201092, -2.983652632983867, 0.23004427419935983
0.3286802795080638, 0.2797261513423749, 0.5050148583021642, -0.7829008441085179, -2.9836694606019964, 0.2299706518799567
0.32869248544696344, 0.2797262971815914, 0.5049937540810128, -0.7828581440233268, -2.9836531963884396, 0.2300363036935457
0.3286935758735381, 0.27973659771278253, 0.5050073668584439, -0.7828286130008062, -2.983683367600992, 0.2299669280509164
0.32868269083414825, 0.27974909361017053, 0.5050128372741202, -0.7828121024422835, -2.9836865706456344, 0.22994540310590805
0.32868996311120063, 0.279736344117642, 0.5050154435157559, -0.7829204044948564, -2.98368198828211, 0.2300024427972061
0.32869194450448985, 0.2797392714881635, 0.5049985768994318, -0.7828239001687761, -2.9836809095142223, 0.23006790482544737
0.3286808078184729, 0.2797337558595014, 0.5050263219188504, -0.7828513876690205, -2.9837036663679015, 0.22994325948537825
0.328692590410297, 0.2797420610275595, 0.5050114197313105, -0.7827745393829594, -2.9837020590151373, 0.22999121650775117
0.3286918180205571, 0.27971955564907486, 0.5050144325939329, -0.78288460442769, -2.9836971326791524, 0.230006459218906
0.3286961439797751, 0.27974408161889525, 0.5050152375687598, -0.7828305508998838, -2.9836771666850312, 0.2299016995352158
0.32868487646054256, 0.2797327630904934, 0.505041572384767, -0.7828145547536844, -2.9837042754314456, 0.22991632419797492
0.32868889310061244, 0.2797279289714516, 0.5050194572431327, -0.7828458208025842, -2.983685070366804, 0.22999220285862051
0.32868997762645297, 0.27973147628399725, 0.5050025857493828, -0.7828207063518887, -2.983657664547484, 0.23005257378673316
0.32869253189928727, 0.2797439451348942, 0.5050088779433104, -0.7828044818611974, -2.9836680517953065, 0.23003674290119985
0.32868913315163656, 0.2797459719301622, 0.5049860333548609, -0.7828172821611092, -2.983651062780951, 0.23013047713371496
0.32868687739991426, 0.2797200590498922, 0.5050179907322777, -0.7828775827325484, -2.9836490589634774, 0.229994985386413
0.32867669535551897, 0.279725938053074, 0.5050229728511711, -0.7828479778291239, -2.9836991858815027, 0.23000139228099373
0.32868058959050606, 0.2797247373351623, 0.505021578608506, -0.782879199648786, -2.983668809780797, 0.2300282248425169
0.32869194405384444, 0.2797304424834733, 0.5050190214957521, -0.7828639786505946, -2.9836868329593416, 0.2300168577388936
0.3287029425002995, 0.27972874827591776, 0.5050214266532996, -0.7829564641843897, -2.9836744501165975, 0.2299833697439775
0.32868362006124546, 0.279748592840514, 0.5050149927464835, -0.7828265351713665, -2.9836779119838246, 0.23000462363643615
0.32868320476907403, 0.27973036940597923, 0.5050208416349891, -0.782866295533305, -2.983682240084371, 0.2299526146560125
0.32868609519536307, 0.27972265348662084, 0.5050465249364685, -0.7829016375773344, -2.9836545771426226, 0.22987853139417483
0.3286807613150579, 0.27969822287573837, 0.5050254854274684, -0.782902497088941, -2.983561226197441, 0.22994308553192616
0.3286693836667653, 0.27968754384355593, 0.5050208587309677, -0.7828562438105081, -2.9835165681641618, 0.229988064039007
0.32867168087760434, 0.279690611878146, 0.5050099892143785, -0.7828672283412091, -2.9833674895270383, 0.2300602905162685
0.32865282875335083, 0.2796378889584825, 0.5050201878854182, -0.7829325922987609, -2.983236708567132, 0.23019366178604428
0.32863961331100705, 0.2795854785062471, 0.5049627854290072, -0.7829267379126019, -2.983052404180582, 0.23092197504249873
0.3286167988209371, 0.27950367622251937, 0.5049241887538326, -0.7828502369199682, -2.98282503317822, 0.2317745739275292
0.3286479039476253, 0.279602459502807, 0.5049424943552547, -0.7828423401152426, -2.9834070817418286, 0.2315469214085647
0.3286299177786031, 0.27968157667140187, 0.5049620976118392, -0.7829499638608239, -2.983509013669286, 0.2312371014369109
0.32862221205455966, 0.2797018904685618, 0.5050742387825021, -0.7828842843662028, -2.98347941612412, 0.23087705460378968
0.3286507750407835, 0.27974392975896883, 0.5050971172852231, -0.7828292629195531, -2.9834562269014264, 0.23076945121478987
0.3286574244441639, 0.27972897657839335, 0.5051296696752728, -0.7828895107000136, -2.9834597431312218, 0.23065801317486329
0.3286737522747517, 0.2797045056023778, 0.5051120456056661, -0.7828352608500277, -2.9833600165061434, 0.23066874251707337
0.3286746722536563, 0.2796691749093725, 0.5051023042029481, -0.7828088093162245, -2.983188279415907, 0.2306370008008851
0.32867337387055956, 0.27956352885464725, 0.5051135583322843, -0.7828687068014776, -2.983007855436515, 0.23065650646240868
0.32865565606687025, 0.27950865898402605, 0.5051283348625492, -0.7831723730314015, -2.98284840120854, 0.23081010084571352
0.32862166638325896, 0.27959436233564566, 0.5051367374183068, -0.7831068269844387, -2.9834595343832255, 0.23114683143184936
0.32860682930073404, 0.2796580760186652, 0.5051841686983977, -0.7828289147857527, -2.9838488305049187, 0.23081387476043816
0.3286150528944717, 0.27971356120949986, 0.5052002149648972, -0.7827745137779175, -2.9837106395642965, 0.23032380930955704
0.32862231858262153, 0.2796731903039958, 0.5052191269726048, -0.7828108041590336, -2.9836975653365947, 0.23026050246630803
0.32863591866932745, 0.2796817437629943, 0.5052179823439299, -0.7829105772713031, -2.9835936515976496, 0.23016962238637229
0.3286401828216813, 0.279672323202319, 0.5052051315491044, -0.7828845875805504, -2.9835629225025126, 0.2302279319719422
0.3286293619001454, 0.2796478080533221, 0.5052301616835693, -0.7828728453437283, -2.9835910157909065, 0.2301406703953825
0.32864447937247726, 0.2796589958731138, 0.5052310522048132, -0.782835988502879, -2.983602527644973, 0.23016341757633774
0.3286373806185145, 0.27965935963560745, 0.505233863044303, -0.7828416299193548, -2.983613965835943, 0.23008866209812012
0.32864648808206454, 0.27967753810688095, 0.5052294441801864, -0.7828237151431392, -2.983630490103262, 0.23013806331679426
0.32864708278418364, 0.27966958407203696, 0.505239885169118, -0.7828441686694658, -2.983635212705132, 0.2301035302874173
0.328647536150811, 0.27966722806518646, 0.5052179725042518, -0.7828338332664763, -2.9835809854716198, 0.2301492478100647
0.3286586423798686, 0.2796617422290951, 0.5052648810068071, -0.7829063094556752, -2.98364412029335, 0.22997452559573955
0.32864518862898023, 0.27967559448728707, 0.5052418202440542, -0.7829020731200114, -2.9836356847602272, 0.23007142514944692
0.3286464566389028, 0.2796793441487936, 0.5052415937041435, -0.7828269186561255, -2.9836355278181848, 0.2300786077294507
0.3286418298500198, 0.2796657871948941, 0.5052495866426646, -0.7828788049740475, -2.983611378007493, 0.2300726180643041
0.3286481897170925, 0.2796642502923906, 0.5052467818115569, -0.7828650882604353, -2.98363453542664, 0.23004426785561027
0.32863592260096874, 0.27966402722822237, 0.5052624080921235, -0.7829603710381677, -2.9836341587897612, 0.2299971591258417
0.3286374157382757, 0.279661301455224, 0.5052535995590004, -0.7829136587256, -2.983592950231761, 0.23006655715820795
0.3286372469298103, 0.27966289070968026, 0.5052576484670485, -0.7828657816802856, -2.9836192722673727, 0.22997291070110348
0.3286307003651226, 0.2796583934069733, 0.5052711073555081, -0.7828139730492651, -2.983654300114839, 0.22998588048376686
0.32864890222501025, 0.2796545998631404, 0.505250804545185, -0.7829562339046747, -2.983624289140761, 0.2300528658668868
0.3286480066919574, 0.2796658863090727, 0.505247725464414, -0.7829013251586094, -2.983621149031734, 0.23002114704737853
0.3286504418260518, 0.27966935301476264, 0.5052748764382642, -0.7828525698819467, -2.983653395459213, 0.22995084984431904
0.3286479640454222, 0.27967657127038414, 0.5052358903902187, -0.782894451636964, -2.9835916743307074, 0.23008309520373088
0.3286472882699686, 0.2796667012691631, 0.505264363139025, -0.7828683122915244, -2.9836336786772257, 0.22996133161293858
0.32865309133281073, 0.27965765573742135, 0.5052436667717296, -0.7828551450188022, -2.9835893544084464, 0.23009595436400399
0.3286484109004617, 0.2796489419778902, 0.5052590789015332, -0.7829509999155202, -2.9835961221008342, 0.2300545629742532
0.3286510988689235, 0.27965592378726084, 0.5052384335732664, -0.7828792065879269, -2.983629895368899, 0.23012665132537774
0.3286548231040592, 0.2796688132279005, 0.5052558193937757, -0.7829223074236551, -2.983620435692673, 0.22996187347077526
0.32864793931032743, 0.2796707761777921, 0.5052520396424197, -0.7828846897630849, -2.9836432566906197, 0.23005217001762654
0.3286360846450033, 0.27964861867746715, 0.5052801590179739, -0.7829576985310819, -2.9836200740905374, 0.22998789440401154
0.32865591817144, 0.2796742810782032, 0.5052530309778581, -0.7828954539511557, -2.983582353309041, 0.23001510257544286
0.3286454755519601, 0.2796621362230515, 0.5052802835304601, -0.7829278436523714, -2.983648188426575, 0.22991890151996638
0.32863197246495224, 0.27968359566535134, 0.5052500799946865, -0.7828582658581197, -2.9835879627007538, 0.23005388224560616
0.3286592623864918, 0.2796715458470035, 0.5052309336444177, -0.7828770310350865, -2.983608533126977, 0.23011177180895445
0.32865554921751067, 0.27966991422439613, 0.5052534814613882, -0.7829176368121173, -2.983605119570709, 0.2300128478772483
0.3286485335746563, 0.27966282170962165, 0.5052624806103262, -0.7828871434365063, -2.9836518215079035, 0.2300171271480946
0.32864726659549204, 0.27968232737545345, 0.5052708585543029, -0.7827994456229568, -2.9836682429051278, 0.22995137929412315
0.32865254011506273, 0.279672420283275, 0.5052689612426196, -0.7828496202924506, -2.9836431679823026, 0.22998485105268726
0.32864595751045683, 0.2796522594834972, 0.5052590838519831, -0.7828986763872263, -2.9836201257902606, 0.23006120293223514
0.3286313052627088, 0.27966418618356037, 0.5052740011572884, -0.7827677351958217, -2.9837044971838917, 0.2299479369272645
0.3286514084839141, 0.2796638460837788, 0.5052707863465745, -0.7828525930695159, -2.98364613577558, 0.2299257836197157
0.3286415781767123, 0.27968297705149986, 0.5052515512136097, -0.7828271328759497, -2.9836313195296786, 0.2300561296261191
0.32865273111697807, 0.2796796225902022, 0.5052475761082205, -0.782791666186994, -2.9836467094840637, 0.23005953795278364
0.32863937640037355, 0.2796513537462032, 0.5053051649077972, -0.78291516147469, -2.98367862769754, 0.22987310766215388
0.32864758967954244, 0.27966336925450075, 0.5052570011972949, -0.7828844086910309, -2.9836360181847827, 0.23002706400785486
0.32864794496327915, 0.2796569846117766, 0.5052629112905204, -0.7829760415933603, -2.983614477397741, 0.22998745227744918
0.32865210030344627, 0.27967869825543856, 0.50525753855486, -0.7828472269677114, -2.983640021966805, 0.23004472410570442
0.328648518457367, 0.27967353257254274, 0.5052560820578647, -0.7829179823284228, -2.9836194902038113, 0.2300637713324315
0.32864273501303715, 0.2796562848279109, 0.5052733571224206, -0.7828721562273129, -2.983660327325676, 0.22995853187567214
0.32865188551368973, 0.2796695510156492, 0.5052594064783941, -0.7829055811893737, -2.983642356572771, 0.22999358194426472
0.32864765112944294, 0.2796848597941871, 0.5052530407657357, -0.7828451369370388, -2.983620396249643, 0.23003086319942634
0.32865410073674467, 0.27965895857539164, 0.5052753121990705, -0.7829064559921775, -2.9836328660609155, 0.22992628096427478
0.3286490220963064, 0.2796761592029168, 0.5052525377460961, -0.7828640755669464, -2.983625589808289, 0.23003743209085703
0.3286474553826035, 0.2796668993818612, 0.5052807867306303, -0.7829085598790108, -2.983641321904091, 0.2299113111119313
0.32865460345130076, 0.27965402225413427, 0.5052724430168607, -0.7829056564777928, -2.983649548480189, 0.22999924029544014
0.32854507839927033, 0.27934343236339815, 0.504083319689247, -0.7835469433068153, -2.9866224548229807, 0.22119367124947978
0.3285747114281341, 0.2793835772003446, 0.5040516954576378, -0.7836091098855322, -2.9866419533848663, 0.22074338440981608
0.3285797601853537, 0.279408382965911, 0.5040227987742422, -0.7835240388973954, -2.986674771933259, 0.2207083184063518
0.3285559272646374, 0.27938970346061914, 0.5040122193079927, -0.7834938425103337, -2.986647062838449, 0.2208707785008952
0.3285739767171587, 0.27939705824615374, 0.5040174372887045, -0.783583690046085, -2.98659988249366, 0.22077375732419974
0.3285764275897962, 0.2794074412271216, 0.5040098997743346, -0.7834789566680196, -2.9866408686640815, 0.22076127959596645
0.32857776672786815, 0.27939995720198674, 0.5039838911098118, -0.7835283102433642, -2.9866420935566, 0.22093583456260849
0.3285148424187553, 0.27903107408920796, 0.5039978697443098, -0.784160089323091, -2.9860845037071324, 0.21961599724175235
0.32849678332131504, 0.2758492233633655, 0.5041301141432034, -0.785953899462389, -2.984725080964529, 0.20421073800524844
0.32869284456945, 0.2679831782618523, 0.5038831394274076, -0.7843607800413757, -2.9821482797574412, 0.17293551874986013
0.3229369734161997, 0.25733790796005407, 0.4993948857323217, -0.7836140672809062, -2.9926948233891024, 0.12647720666264772
0.31443191706574547, 0.24555701498561341, 0.49677913570858057, -0.7889110462313031, -3.0108651711301846, 0.060133293807656495
0.3092634330534048, 0.23942977023279427, 0.4945889615425408, -0.7902232817645379, -3.0156562918076775, 0.016857967741337687
0.308138804519111, 0.23793320387806807, 0.49415567423870643, -0.7909526097353308, -3.019592580998192, 0.00553119671415746
0.3079728681503057, 0.23821259974995787, 0.49395529535719845, -0.7897900736749861, -3.0194029118019476, 0.006275397952415086
0.3080331595835285, 0.23824680247267088, 0.49410582365998773, -0.7898120228723985, -3.019725982092931, 0.005926360128201124
0.3080492518374659, 0.23822932126667132, 0.49409116612402887, -0.7899096942983139, -3.0197308507373686, 0.006063987043101606
0.3080547047589943, 0.23822913831624531, 0.49409564060304356, -0.7899142333062457, -3.0197476831514867, 0.005994318510380496
0.3080566430658729, 0.2382337866091716, 0.49411602837906726, -0.7898922493943084, -3.0198151903149797, 0.0059102028448407
0.3080563451409877, 0.2382449024124068, 0.4940730003731426, -0.7899096705316009, -3.0197288776673856, 0.006123986714749376
0.3080497289847085, 0.2382392623715067, 0.49412630774992505, -0.7899364235978054, -3.0197619463343837, 0.005867066700492903
0.30806364253605445, 0.2382359147915176, 0.49408779653285373, -0.7899216665712852, -3.019775882630836, 0.006032264068525407
0.30804978059044363, 0.23825472518833887, 0.4940971135599296, -0.7898730730800779, -3.019738070107344, 0.006023262284215936
0.3080511957994615, 0.2382413483066203, 0.494113936525846, -0.7898962898645338, -3.0197544067044433, 0.005936023221800025
0.30806125911059934, 0.2382400333056107, 0.49410279555003206, -0.7899463704845063, -3.0197232787043706, 0.006005158603027854
0.3080722073252635, 0.23823985374833961, 0.4940855448295596, -0.7899651296494743, -3.019718273988628, 0.006005372368494264
0.3080472036771259, 0.23824170172210035, 0.49410487894303584, -0.7898766058821651, -3.0197530116539384, 0.00601234441583411
0.3080605206003069, 0.23823345030251586, 0.49408747744985554, -0.7899199738679841, -3.019769101754797, 0.006008755672516304
0.308053537513719, 0.23824087657395113, 0.4941093337874745, -0.78993789497231, -3.019766639076181, 0.00595012454383445
0.3080522963925006, 0.23824111500764553, 0.49410499052175383, -0.7899296177077946, -3.019734641619401, 0.006029848424425444
0.30806302122135415, 0.23824462772265315, 0.4940798928519049, -0.7899134554689861, -3.0197437630696577, 0.006113074148496315
0.30805358883767986, 0.23822759672495789, 0.49411044931095405, -0.7899689111412123, -3.0197378444933944, 0.00597749042122018
0.30804740188798874, 0.23824586821517288, 0.4941070768621834, -0.7898481913935594, -3.0197925050308077, 0.005991401458748668
0.3080544111559806, 0.23822714165193032, 0.4941035502485049, -0.7899623722797575, -3.019788214977401, 0.006046638699400513
0.3080651861973953, 0.23824013120802093, 0.49410377662077726, -0.7899848142667873, -3.0197983517895786, 0.006036328641749399
0.3080546677339938, 0.23823330035413123, 0.49410364235593646, -0.7899459153806409, -3.0197994738152514, 0.006070961498346929
0.3080559387754428, 0.23822929778294133, 0.49409686132099406, -0.7899775747173733, -3.01977074238742, 0.006098816666246567
0.3080490294709021, 0.23821974432088402, 0.4941207065317325, -0.7900161041199572, -3.0197740763006453, 0.006047118105173957
0.30806082159159137, 0.23822846311837384, 0.49407988238751627, -0.7899916355193835, -3.0197489025441246, 0.0061686760874018615
0.30805090541120106, 0.23822424100162426, 0.4940990508170106, -0.7900275093355104, -3.0197414507644047, 0.006110494299438327
0.3080521380692739, 0.23823749965857877, 0.4941060353570185, -0.7899786987355176, -3.01977721190194, 0.006124350309561853
0.30805073135063166, 0.23822212761956008, 0.4941195215525631, -0.7899594941322479, -3.0197795918267842, 0.006081884460607581
0.3080632439295, 0.2382317795856646, 0.4940970397682839, -0.7900294596171153, -3.0197479576414072, 0.006134330094665676
0.30804214714697564, 0.23823140379093613, 0.49409565586719995, -0.7899753554877957, -3.0197646448367363, 0.006176732499901752
0.30805800914998205, 0.23821325635919385, 0.4941024366028522, -0.7899982082441028, -3.0197790148981296, 0.006147249093485111
0.30804923632861314, 0.2382164269580319, 0.49409547516640084, -0.7899610405324528, -3.019784319848265, 0.006164979421010254
0.3080540487001859, 0.23822102320551203, 0.4940958068641856, -0.7899871487364087, -3.0197338358350905, 0.006179026028643004
0.3080451439142255, 0.23821817952437246, 0.49410034431756045, -0.7899500430383707, -3.019741279341227, 0.0061368558754005
0.30804337040316626, 0.23822913269000706, 0.4941070589110906, -0.7898995411115596, -3.019770257659089, 0.006127204452779486
0.3080552437167111, 0.23823815881817717, 0.49408226141619277, -0.7899420979034923, -3.0197829304452255, 0.006241770898365649
0.3080609928377586, 0.23822497919367178, 0.49411057897257643, -0.7899631530958577, -3.0197926420136207, 0.0061298911981304835
0.30805025568680816, 0.23822336403968333, 0.4940979322433995, -0.7900083887365384, -3.0197419124944953, 0.006127629227954583
0.30805549106876134, 0.23822878772166162, 0.49408677209419277, -0.7899710194724942, -3.0197452042342725, 0.006203464036778492
0.3080553211414235, 0.23823037776507627, 0.4940935922520045, -0.7899703658521265, -3.0197427980698053, 0.00616190949204941
0.3080562305141245, 0.2382354921892982, 0.494102590603891, -0.7899800434422538, -3.0197813696994005, 0.006106673833442745
0.30804678808638686, 0.23821856204370945, 0.4941128071271501, -0.7900281767679757, -3.0197458608538765, 0.006092413871121709
0.3080566350245046, 0.2382208343492349, 0.49411393179581714, -0.7900326138622797, -3.019762964471347, 0.0061237434953268395
0.30805521476315845, 0.23820365196956336, 0.4941150940010491, -0.7900494782767555, -3.019754122761447, 0.006139796567276006
0.30805807207878966, 0.23823026267027655, 0.4940983065354309, -0.7899634091721066, -3.0197169736158465, 0.006165118083208405
0.3080534429929797, 0.23823151110337312, 0.49408204050057236, -0.790035333443045, -3.0196937375586956, 0.006184350092959986
0.30806049508311695, 0.23823573031614137, 0.4940767500787813, -0.7900040504026055, -3.0197231197285763, 0.006255842794076171
0.30805634838494284, 0.2382241977303952, 0.49410160040891277, -0.789932657257296, -3.019747967607947, 0.006178427956982971
0.30805145993785094, 0.2382308660701104, 0.49409589880938637, -0.7900066501866704, -3.0197358984768585, 0.006204170971248583
0.3080554263430059, 0.23821151535989948, 0.4941036412159508, -0.790052083590766, -3.0197626444534147, 0.006105597238809961
0.3080520700049049, 0.23822215681745695, 0.4941035748885727, -0.7899967925541621, -3.019772427085829, 0.00612379738291287
0.30805882499688114, 0.2382275640566559, 0.49409471079959566, -0.7900075696929857, -3.0197375822571124, 0.006144585729625233
0.3080577566508418, 0.2382242909197647, 0.49409133545773865, -0.7899705870164628, -3.019745228055295, 0.006203059657304432
0.30804033514223433, 0.23821732420951985, 0.4941047762671953, -0.7899539639314521, -3.019756245291383, 0.006126714330583202
0.3080554093837436, 0.23822284792920803, 0.49410372584675494, -0.7900987346870773, -3.019718296397357, 0.006128166770392869
0.30805077054819463, 0.23822040288227272, 0.4941013377544497, -0.7900489357969481, -3.019749823736363, 0.006159011047756531
0.3080566007236978, 0.23821316296705097, 0.49411270153227976, -0.7900146531995603, -3.0197676019186703, 0.00612318523266239
0.30804693530102567, 0.23822638977145966, 0.4941138593873181, -0.789992085271302, -3.019755113459844, 0.0060931021460816
0.308067821762263, 0.2382341536489326, 0.4940937457862634, -0.7900602883583349, -3.019716893890497, 0.0061206436464105885
0.30804498615975656, 0.23822375886198882, 0.49411050366648473, -0.7899887382663624, -3.019742438855352, 0.006145071262445464
0.30806433476451317, 0.23822567304376382, 0.4941109570630907, -0.7899927549381509, -3.0197575217464583, 0.00613280950232896
0.308052650512405, 0.23823428070277763, 0.494110637953193, -0.7899368130290693, -3.0197650045366475, 0.006109868050774767
0.3080493827666321, 0.2382261786239304, 0.494088967214557, -0.7899723484144517, -3.019751813829848, 0.006227964480660736
0.3080501208082327, 0.23821952589839424, 0.494100219206903, -0.7900114497054174, -3.019755065446379, 0.006175954405665771
0.30805731151860394, 0.23821411049879151, 0.494119502022444, -0.7900891147462993, -3.0197572094075715, 0.006089270767736786
0.3080516835105253, 0.23822171756915808, 0.49409916767378737, -0.7899368266273417, -3.019765264698916, 0.00621053088461827
0.3080508046668026, 0.23822807426387688, 0.4941025680179873, -0.7900308865129217, -3.0197545597955804, 0.006159193659620689
0.30805512258784673, 0.2382262110922192, 0.49409139451570344, -0.7899624101548699, -3.0197127681963876, 0.006182470234942936
0.30805625602844555, 0.2382145343747354, 0.4941024758449211, -0.7899747599919537, -3.0197620972686385, 0.006133357497097274
0.3080496791561492, 0.23822062122833834, 0.49412182517088776, -0.7900535899059629, -3.01976883292723, 0.00603017409830972
0.3080586025330668, 0.23822907683991998, 0.4940958489159034, -0.7899516025912738, -3.019745211935119, 0.0061198771793794385
0.3080604600693897, 0.23820897404867594, 0.49412427287782645, -0.7900734519526048, -3.019772945882788, 0.0060948710620154865
0.3080529452883119, 0.2382328350669216, 0.4941154088063819, -0.7899578014024943, -3.019771248315707, 0.0061162280317308805
0.3080578464055757, 0.23823011833222407, 0.4941060353570185, -0.7899968604521677, -3.0197723890870085, 0.006123784839206516
0.3080507224977925, 0.2382052965314739, 0.4941092217389429, -0.7900423474699544, -3.019802281826601, 0.006167865827439362
0.30806028897114945, 0.23820708046588485, 0.49412513260433755, -0.7901075618889328, -3.0198307659137367, 0.006095088662849503
0.30805295099058616, 0.23819707004135454, 0.49412761829885365, -0.7900292556251098, -3.0198284992038205, 0.006180911962296373
0.30803044657738404, 0.23819442041200062, 0.4941454822897432, -0.7900429347020687, -3.019808434794261, 0.006092279854291843
0.30806161642086255, 0.2382167788634948, 0.49411586157404336, -0.7900270872253826, -3.0198932274230366, 0.006140363535839904
0.30805934703842336, 0.23820765212321438, 0.49411947033400905, -0.7900854943532286, -3.0198204675692963, 0.0061053592204171085
0.30805324745948254, 0.2382050366496448, 0.49412166498229587, -0.7900688453868565, -3.01983187160791, 0.00612973928250983
0.30806051145878205, 0.2382055677344006, 0.4941239945387475, -0.7900907885357932, -3.019842070418045, 0.006119038792762473
0.30805777672547713, 0.23819438762648304, 0.4941376100392199, -0.7901217974032991, -3.0198891501382015, 0.0061112363846967
0.3080778646546881, 0.23819016008504143, 0.4941466965470684, -0.7901662712393999, -3.0199901003574126, 0.0061376888766041
0.3080932757925153, 0.23817648645229084, 0.49418023497541824, -0.790327140078901, -3.020244104973085, 0.006175011671153157
0.30809843515181035, 0.23821298905040666, 0.4942570067636727, -0.7902288407708582, -3.0202400560742553, 0.005674070375816395
0.30807510521074877, 0.23821768168784113, 0.49443998219090934, -0.7901775526714085, -3.020278082248498, 0.004962911161877834
0.30806645776250824, 0.2381906220073832, 0.49453551612923996, -0.7902350072648555, -3.02036268199283, 0.004781250938083565
0.30808716649061907, 0.23821505693152886, 0.49457742748021066, -0.790283821162959, -3.0204766844504403, 0.004395780743247792
0.30812759017121066, 0.2381846080756977, 0.49461899585519736, -0.7903987358882681, -3.0208555633198024, 0.004355157879213721
0.3081497902174948, 0.23815848990765975, 0.4943191893413063, -0.7903669554046265, -3.020804264687278, 0.006634742367190853
0.3081541351210056, 0.2381589368651861, 0.4943297167390069, -0.7903749087691638, -3.0208368684467497, 0.006654595860685431
0.3081687184793733, 0.23817356660133218, 0.4943014318984746, -0.7903784257523311, -3.0208478508928547, 0.006762580648034878
0.3081595219048158, 0.23818566394008278, 0.49430406470379895, -0.790317987765651, -3.0208388546460765, 0.006807555553307472
0.308152276058237, 0.23817561291198844, 0.4943139763045521, -0.7902857107663593, -3.0208652770548947, 0.006737855381696817
0.3081748335195286, 0.2381670365765998, 0.4942781783374034, -0.7904034137286037, -3.020869056730284, 0.006860622896623282
0.308217790967417, 0.23816666681600113, 0.4943605814989929, -0.7906175109946625, -3.0214049718748814, 0.006427628943091704
0.30823522641874895, 0.23808049271880088, 0.49481202858342727, -0.7907588618466836, -3.022745240176643, 0.0047510699839743
0.3036669896637253, 0.2314932720463825, 0.519278764258939, -0.7946774372626905, -3.038077944585618, -0.05924722516609758
0.3019470769383642, 0.2291844695274634, 0.532645172918228, 0.791958462932631, 3.0288897773187826, 0.10160206885751309
0.30192540230162024, 0.22916232662906527, 0.5320443651323592, 0.7921808034949579, 3.029942919476929, 0.09770136411553118
0.30138484043324454, 0.22837395196221844, 0.5300820901509918, 0.7936185290182856, 3.035435491820956, 0.07617823807896254
0.3000930273857768, 0.22665028044971797, 0.5271024781510412, -0.7929304617235692, -3.0328195801105737, -0.03709133154709114
0.3000528309660539, 0.22662879221238083, 0.5270267618841191, -0.7926094794828249, -3.032713122222716, -0.036201113983979266
0.300209658219516, 0.22683114710553123, 0.5267782446856426, -0.7926707485184219, -3.03239803761154, -0.035190432117924095
0.3002802238534864, 0.22694080875409273, 0.5264536443915319, -0.7925711671467489, -3.0319946909119726, -0.03375633976604352
0.30027731273113556, 0.22693506958338172, 0.5264343372476716, -0.7925399520271073, -3.031951181188584, -0.03370623685346285
0.30026819134048016, 0.22694818251966947, 0.5264343033357475, -0.7925464107280024, -3.0319716357679907, -0.033692187817524234
0.3004057977065105, 0.22713170355634496, 0.5260906178586485, -0.7924882563967977, -3.0316393874090566, -0.03226968101422181
0.3004397714905082, 0.2271897682946024, 0.5259983141724414, -0.7924143885602751, -3.031571616856797, -0.03202055743277483
0.30060077996712026, 0.22740352247450743, 0.5256647693186297, -0.7923780687255907, -3.031316449414823, -0.030669189099393014
0.3014869484315692, 0.22863356396458384, 0.523967720207873, -0.792045691646212, -3.0298383395051824, -0.024417157736178263
0.3030230918224758, 0.23075592917145413, 0.5217646030294356, -0.7915484076709635, -3.027931595914409, -0.015547262454704775
0.3045445976171521, 0.232841174300027, 0.5195501753717022, -0.791156909411467, -3.0258401323239714, -0.006746358050733366
0.3074436673504939, 0.23686363182799716, 0.5154256892808579, -0.7903054942289842, -3.0220938476387222, 0.008718282973673643
0.3105661826003837, 0.2410693232008659, 0.5113393565314034, -0.7897550597764469, -3.0194895932354844, 0.021518516780614446
0.31084153964262445, 0.24144120974047106, 0.5109318663157739, -0.7896270773057207, -3.019178849656463, 0.023270187175678178
0.3109783606528112, 0.24141185703520399, 0.510835281299781, -0.7899896713243916, -3.0202768448592012, 0.024493531316986936
0.3114535281118759, 0.24209103989136802, 0.5101253660539499, -0.789877582390424, -3.0195351676092574, 0.026999746506332474
0.31148510880350555, 0.2421501800796869, 0.5100687139786118, -0.7898682260181347, -3.0194918595337237, 0.02717434930031322
0.3126271895484064, 0.24367881252792772, 0.5079552384284965, -0.7893756657098943, -3.017792686797115, 0.035389099166397146
0.3159999284401656, 0.24895958043612681, 0.4974443698487356, -0.7864015862362308, -3.0058367120499474, 0.06701406992937799
0.3159653687402832, 0.24882125124631516, 0.49764686222684484, -0.7866429287979477, -3.0065590846148376, 0.06612264321160806
0.3159719026374297, 0.24875960712416398, 0.497531262342771, -0.7865088866770055, -3.006761814312565, 0.06693359054746838
0.3157943150055498, 0.2483771814710062, 0.4973446851805009, -0.7866816928463533, -3.007626107675672, 0.06703027464745573
0.31561477272513194, 0.24807327769816384, 0.4972601106563814, -0.7867666456865755, -3.007822702498493, 0.06667700631022491
0.31541603202963875, 0.2480607678855684, 0.49525341806640544, -0.7861581186489757, -3.0035980168226177, 0.07201588633382738
0.31491496599615837, 0.24766955409556093, 0.49386483854017676, -0.7855703039272476, -3.0014822689612277, 0.07387629317502276
0.31492268439475546, 0.2476493572357004, 0.4938835371291991, -0.785664842683672, -3.0016418406541847, 0.07360487790906942
0.3149930695754562, 0.2477578319588328, 0.49423299508247115, -0.7859330845619936, -3.0027830699637614, 0.06997905672903587
0.31495189726450357, 0.24771353858043776, 0.49439016974003047, -0.786012085114346, -3.0030224848823295, 0.06892532290757225
0.31494174185096613, 0.24769557139413795, 0.4944241170693427, -0.7860362096093718, -3.0031222332586034, 0.06864583730597268
0.3149474838716146, 0.24768410634601093, 0.49442672355288797, -0.7860561779306497, -3.003129350551692, 0.06869245058930004
0.31493621859332976, 0.24766077550333354, 0.49442927768980716, -0.786107464007746, -3.003106020308505, 0.06872843784302632
0.3148822414015556, 0.24765283024918347, 0.49423270457355556, -0.7858450829440867, -3.002649189950292, 0.06992354994525235
0.3148252889161305, 0.2475931749429051, 0.4939722548437632, -0.785766782531437, -3.002073630182341, 0.071175117406185
0.3147316183641196, 0.2475015022878664, 0.4934739274393939, -0.7853858433963529, -3.001225539493195, 0.07421581403342818
0.31471492851176713, 0.24755769192238017, 0.49346980795950873, -0.7854665739830362, -3.000963014610634, 0.07386704148244418
0.31469035525720795, 0.24737164818832313, 0.4939722093963226, -0.7858178992261483, -3.0025741825347265, 0.07106871466785804
0.3146930192067271, 0.2473979141647685, 0.49400941237487705, -0.7858427153699453, -3.0026608648366166, 0.07055932530541673
0.31469910870841517, 0.2473921593849415, 0.4940381978130076, -0.7858961828679408, -3.0027180333114494, 0.07025945752780671
0.3146908289492504, 0.24735958838305794, 0.494058696753801, -0.7858941256791171, -3.002795416944053, 0.07012388774877001
0.31468000227164744, 0.24740411250281072, 0.4940346900382863, -0.7857735330366257, -3.002673736266133, 0.07015244825788328
0.3146840845110596, 0.24738429789722136, 0.4940496580414994, -0.785850653421818, -3.0026790606575298, 0.07010659171532864
0.3146919644148863, 0.24737212817318083, 0.49407083807720154, -0.7859417487724849, -3.0027448296701507, 0.06997983594623496
0.3146793680565639, 0.24739158734769048, 0.49404271844661796, -0.7858573128923647, -3.0027047515692953, 0.07006301670250105
0.3146905623348044, 0.2474068786342375, 0.4940477705494251, -0.7857937680561317, -3.0027546781309398, 0.06994096727402549
0.3146952806610553, 0.24739748151669924, 0.494086152340534, -0.7858973815077699, -3.0027865767736395, 0.0697341445580445
0.3146821077330171, 0.24739911472420792, 0.4940928877325014, -0.7858356648362257, -3.0028505762894206, 0.06966252069813743
0.3147031005223576, 0.24739712995145147, 0.4940788628802225, -0.785877532719452, -3.002869250224549, 0.06974143728288547
0.3147013771171139, 0.24739238779950481, 0.49409021087128935, -0.785873902028865, -3.002850198499665, 0.0696682028863885
0.31466952545165217, 0.2473442464441958, 0.49426090787436, -0.785942141324924, -3.0032138218973095, 0.06860701777883554
0.31465673306055447, 0.24733862884657598, 0.4942930742043707, -0.7859481332356961, -3.003245741461064, 0.0685873423602272
0.3146792437024524, 0.24734704667282445, 0.49424496310602195, -0.7859235269213362, -3.003154762019006, 0.06911340042990302
0.31468740930618866, 0.24738104466153749, 0.4942206622789605, -0.7859327757847124, -3.0030230183668847, 0.06919776341662076
0.3146860541917409, 0.2473616159848147, 0.4942185781888438, -0.785953723654295, -3.003033137648971, 0.06918591078059085
0.3146777577523635, 0.24738336310100356, 0.49420360248743944, -0.7859562180425254, -3.003038294613115, 0.06912966007615104
0.3146704567349306, 0.24739068953727972, 0.49410390700925905, -0.7858112513984334, -3.0027521687182426, 0.06984198933434448
0.3146813700972149, 0.247426650726489, 0.494014959888642, -0.7857841193305389, -3.002622079797866, 0.0700001254029915
0.3147225342161877, 0.24743127360152098, 0.4940941533629442, -0.7859457037629798, -3.002980015626378, 0.06929516422622739
0.31471437215455217, 0.24741833583909126, 0.494083420347643, -0.7859008333195538, -3.0029585570223363, 0.06945650486839443
0.31470844472698845, 0.24740615360479606, 0.49409418075709427, -0.785905122369692, -3.002899940165861, 0.06956266564659715
0.31471335471678497, 0.24739955151317686, 0.494093051109871, -0.7859470254213495, -3.002918135495021, 0.06960088951491214
0.31470677133103275, 0.24739835448186748, 0.4940908945682184, -0.7858915318535215, -3.0029273222575337, 0.06961837127927058
0.3147097518071296, 0.24740848996292011, 0.4940862623656026, -0.7858377980234984, -3.002942798311466, 0.06965939205808822
0.31471570004665733, 0.24740646654954618, 0.4940850113853845, -0.7858705643786483, -3.002914405551641, 0.0695854622131541
0.314711333578004, 0.24740466142136652, 0.4940967014640462, -0.7858723261573, -3.0029273373867347, 0.06963444450783363
0.3146976492941685, 0.2473917802200512, 0.4941037245660371, -0.785840702307373, -3.002956756716981, 0.06960721714322456
0.31470021693489914, 0.24739112127911514, 0.4941059035065093, -0.7858923763307987, -3.0029305295495483, 0.06955920369717869
0.3147102179036643, 0.2474031108966472, 0.494081788101261, -0.7859270027667893, -3.0029139634759, 0.06963556455567291
0.31470828076146073, 0.24740822340019805, 0.49410560876360515, -0.7858961998782409, -3.0029464569870146, 0.06954907655024202
0.31470576298806174, 0.24740857964467394, 0.49408418424529005, -0.7858285186901863, -3.002901318684028, 0.06967252433917268
0.31469766246602715, 0.247419039609825, 0.4940930711290476, -0.785818847333745, -3.0029411785849764, 0.06959492652147814
0.31470370063036923, 0.24740803434628333, 0.494073955043479, -0.7858357057194171, -3.0029342110355848, 0.06969441898411587
0.3147007494816962, 0.24739186327093, 0.49409575264103867, -0.7859094894565938, -3.0029217112689297, 0.06957605039641793
0.3147064235080726, 0.24741126348662937, 0.49409783108410693, -0.7858667125876226, -3.002900186976325, 0.06959691928619859
0.314706721537494, 0.24740613957547453, 0.494091938999705, -0.7858916082658417, -3.0029278306800276, 0.069619058608075
0.31470835695478394, 0.247398664431548, 0.4940919864720673, -0.7859130461732886, -3.0029384552083913, 0.06960796326540754
