0.213288656484894, 0.33463747722167175, 0.5171496095778734, -0.7852315762147225, -3.030132210708608, 0.008241666745145806
0.2132966114208129, 0.33463669054219225, 0.5171698337383582, -0.7852775337050086, -3.030159972630167, 0.008131826801617295
0.21328150827508113, 0.3346415387841405, 0.5171586361555717, -0.7851808758144996, -3.03015994750804, 0.008149218722001337
0.21328755820762316, 0.33464210819711326, 0.5171698465473427, -0.7852744438379149, -3.0301485950330966, 0.00813157246371163
0.21327424284132723, 0.3346368635375199, 0.5171834608602287, -0.7851775112598954, -3.030149766974796, 0.008092804784938578
0.2132792897785312, 0.33464647023823935, 0.5171574624507342, -0.7852198518633484, -3.030161479316328, 0.008187623167520294
0.21328017296041857, 0.334637097064426, 0.5171653979204164, -0.7851982762761207, -3.0301544780838503, 0.008186613970143556
0.2132799070239298, 0.33464469086104887, 0.5171732145792752, -0.785186193838363, -3.030183241446817, 0.00815078871219478
0.21327800908582434, 0.3346411350048395, 0.5171688099991151, -0.7852264682325344, -3.030111569892526, 0.008128846867362243
0.2132787232371294, 0.3346359133362177, 0.5171620661134347, -0.7851958169529155, -3.030143773849004, 0.008148644940161688
0.21327956997686057, 0.3346312947071945, 0.5171516875702032, -0.785200973383694, -3.0301649043775485, 0.008243989766730119
0.2132940181009179, 0.3346401060313896, 0.5171653154768981, -0.7851896042766957, -3.0301951291081424, 0.008132193163819192
0.21328704282165437, 0.33463944626451647, 0.5171800332954705, -0.7852080962622753, -3.030116541658207, 0.008109661508203202
0.21327865612915461, 0.3346356236185521, 0.5171733257507429, -0.785195871424374, -3.030144597404676, 0.00811134806244248
0.21329620920561745, 0.3346276124790893, 0.517168756126737, -0.7852651250481235, -3.0301883678377775, 0.008114437804146639
0.21328482982344668, 0.334636775427012, 0.5171620170388788, -0.785235094072325, -3.0301454341653073, 0.008167971429993977
0.213279977394728, 0.33462417947645423, 0.5171677395606871, -0.7851950986935851, -3.03014291397911, 0.00818572272376108
0.21327955940495652, 0.3346427530841511, 0.5171552523382054, -0.785156210329816, -3.0301397316291068, 0.008222333636092633
0.21328664070900508, 0.3346303681836045, 0.5171789555667415, -0.7852506159515905, -3.030130798453906, 0.008092594651729054
0.21327976800294798, 0.3346156538415922, 0.5171792271795472, -0.78520135457297, -3.03016781768753, 0.00811175221862918
0.2132781068870474, 0.33463355282166035, 0.5171925005838576, -0.7852148898140374, -3.0301423369804907, 0.007999571884895756
0.2132800892405478, 0.33464051808704587, 0.5171687841621637, -0.7852323776266393, -3.0301347725035317, 0.00813020999989802
0.21328329224490167, 0.3346275696698151, 0.5171778414933557, -0.7852017582606678, -3.0301681715454283, 0.008093852016775288
0.21328502963854848, 0.3346410895373972, 0.5171721576855715, -0.7851964052727641, -3.0301453388101893, 0.008073844188429779
0.21328187980153632, 0.33463040753455425, 0.5171744864910697, -0.7852507501233087, -3.0301313328039017, 0.008074163831465116
0.2132766909082357, 0.3346290934834667, 0.5171585037083906, -0.7851954199022718, -3.0301429548924816, 0.008186684588568067
0.21328422696995972, 0.33462220277219656, 0.5171664185991163, -0.7853048777645156, -3.0301164543401256, 0.008112310412920746
0.2132782552803119, 0.33465441859256356, 0.5171606565775843, -0.7851387338760978, -3.0301460962227993, 0.008148600352943066
0.2132752229334486, 0.33462404847401955, 0.5171689001384897, -0.7852500085900819, -3.0301297698938323, 0.008148962711672194
0.21328732492942548, 0.33462887824218174, 0.5171834480252366, -0.7852349727234355, -3.0301470870478897, 0.0080931630737258
0.2132775064441243, 0.3346316220465622, 0.5171846216264295, -0.7852145018102703, -3.0301411060488452, 0.008055513455700025
0.2132803319511444, 0.3346491881247659, 0.517151666274075, -0.7851169604836751, -3.0301375427485286, 0.008222187121438164
0.21327272494804936, 0.3346231924142164, 0.5171846908330017, -0.7851713641204929, -3.030126087012509, 0.008109874001575255
0.2132866742946425, 0.3346305131382846, 0.5171733257507429, -0.7851775911030041, -3.030149175213382, 0.008110814733469942
0.21328931098346127, 0.3346604054258687, 0.5171515213745784, -0.7852049369198386, -3.030177582439197, 0.008188728852488076
0.21329409617177408, 0.33464803385993463, 0.5171572369304616, -0.7852386050182906, -3.03015784312906, 0.008131897037361736
0.2132812665057823, 0.3346246086193986, 0.5171607759318052, -0.7851988518147778, -3.030155690390958, 0.008131212303385042
0.213286651470124, 0.33464677729747255, 0.5171640244858524, -0.7851957248301392, -3.030143228900906, 0.008167823213671762
0.21327920871967077, 0.33464230700681896, 0.5171631157488735, -0.7851683970340636, -3.030187908365194, 0.0081506875389836
0.21328611096057004, 0.33463334013007284, 0.5171687818338697, -0.7852413579924206, -3.0301698888110615, 0.008113393901486904
0.21327243453894187, 0.3346392239032305, 0.5171665456661455, -0.7851291468743797, -3.0301857446750953, 0.008150007821713498
0.21328488733795717, 0.33464523693843357, 0.51717658806368, -0.7851869018364044, -3.0301843663233807, 0.008094636060448085
0.2132862423422365, 0.33462516668445913, 0.5171834842577497, -0.785235118862985, -3.030147516554048, 0.008074517168330075
0.21328546155284947, 0.33463498048606083, 0.5171584342643476, -0.7852385427467217, -3.030157915900557, 0.008132112004349892
0.21328284383750565, 0.33462633924942103, 0.517160878474362, -0.7852371441478985, -3.030155453307187, 0.008243987964316017
0.21327970693926862, 0.33458890862438717, 0.5172897564475651, -0.7851461378787664, -3.0302057859577065, 0.008600998036201808
0.2132668524496992, 0.3346138041807919, 0.5178030851809404, -0.785058723987849, -3.0302199297709547, 0.008279802591485075
0.21327577745493928, 0.33462021483355286, 0.5184280140161378, -0.7849983071008583, -3.0302067867658065, 0.008218604025847676
0.21327920386400798, 0.3346411612730767, 0.5192125618588204, -0.7849845262628954, -3.030172421407046, 0.008477299864478826
0.2132878808597126, 0.3345976786111412, 0.5202137316376246, -0.7851884384978568, -3.0301876429916166, 0.008870855369922104
0.2132915733698315, 0.3346481111622258, 0.5214319364441659, -0.7851296644561179, -3.0301775587109825, 0.008996777439389118
0.21329028660449734, 0.3346238663789543, 0.5228132982882184, -0.7853164469056951, -3.0301767729912408, 0.009596729172785897
0.21328626525585095, 0.3345975068647375, 0.5244372693140226, -0.7853316611980203, -3.030140982697623, 0.010318970120266934
0.213310629100381, 0.334646957458478, 0.5263063172086618, -0.785454724790389, -3.0301575452493696, 0.01025820940068557
0.21330903609901675, 0.3346502285803735, 0.5282485913884896, -0.7856125111614723, -3.0301145982867124, 0.011190258748785037
0.21331423010008102, 0.33463938271196003, 0.5305000369044758, -0.7856799349717433, -3.030121226830213, 0.011483480256905472
0.21331336369394396, 0.3346158488058845, 0.5329089325504685, -0.7856249933758297, -3.030128695128163, 0.011961844068299548
0.2132999079456198, 0.33460289475395183, 0.5355576639231201, -0.7857710579464927, -3.030120034070358, 0.01246135366329457
0.21331968191473388, 0.33461068960612667, 0.5382633078427201, -0.7858302866887545, -3.0301626791061786, 0.013241783537919357
0.21331771452919535, 0.3346303462344527, 0.54077379653156, -0.7859620366710248, -3.030074979838408, 0.013642889831941554
0.21331009279642, 0.33461649372239527, 0.5430480009537177, -0.7861205361736343, -3.030074956626704, 0.014294477138489433
0.21332470153186936, 0.3346203262957079, 0.5452064788012146, -0.7862283141942682, -3.0300117100461508, 0.015034696715805146
0.21334783918376496, 0.33459501820949067, 0.5470594539565652, -0.7862065790505367, -3.030169815417355, 0.0157650128193502
0.21331674210857768, 0.3345547323019025, 0.5488336802269199, -0.7862633578998944, -3.0300859135279152, 0.016055286651639817
0.21332044486999155, 0.3345800482392919, 0.5503418089693844, -0.7864210075402974, -3.030047758469399, 0.016050798487438095
0.21332428631166625, 0.3345577726789192, 0.5516983066527851, -0.7864339800194999, -3.030041777554024, 0.016250762676873573
0.21332476450693277, 0.33456980210125314, 0.5527586990360237, -0.7864320511833459, -3.0300975308906493, 0.016700343819784795
0.21332598817656107, 0.33458220110325476, 0.5536489311133082, -0.7865607930551554, -3.030029251107147, 0.016864391669887808
0.21333837423398455, 0.33462018295027546, 0.5543337171607207, -0.7865267227124165, -3.030050373462163, 0.016693916240397153
0.21332436867868013, 0.33459448289976546, 0.5548364989209036, -0.7864775830930336, -3.030083883204797, 0.01718010327098924
0.2133299988648497, 0.3345979560115473, 0.5551005670893666, -0.7865035713489185, -3.030069734777142, 0.01738587057460678
0.21333844203136268, 0.3345944129058332, 0.5551971945630646, -0.7864997131178122, -3.0300683001992694, 0.0174406122168839
0.213331156579942, 0.3345857720844594, 0.5552139315590684, -0.7864629348879707, -3.030077760409692, 0.01743986081623273
0.21332810545304248, 0.3345956556338381, 0.5551927349637029, -0.7865504689263086, -3.0300411730980743, 0.01751523189143148
0.21333315193707555, 0.33460428850549817, 0.5551978876893889, -0.7865624251605444, -3.0300122071424296, 0.017551026945350268
0.21332778939678368, 0.33458216754429426, 0.5552094395750503, -0.7865109066561989, -3.030038757680051, 0.01751411792001079
0.21333823559189682, 0.33458158600294857, 0.5551982853355963, -0.7865498092203521, -3.030039370680991, 0.01757054671338471
0.21333462986546334, 0.33458169799502013, 0.5552081204379395, -0.7865524703890948, -3.0300516899963785, 0.017552804304133793
0.21332395739191615, 0.3345893303361153, 0.5552037929065056, -0.7865257069441055, -3.0300217105588927, 0.017551026953269027
0.21333582235114837, 0.3345935239360406, 0.5551935799826221, -0.7865100806291891, -3.0300363838823716, 0.017607147683976525
0.2133254872215851, 0.33459466654588343, 0.5552011594614644, -0.786524966297926, -3.0300198586053013, 0.017626360853732474
0.21344428533865836, 0.33442018189966977, 0.5552576893183222, -0.7875327175008153, -3.029800563923493, 0.017382973985230542
0.2136757948779334, 0.333945626662303, 0.5553042463194733, -0.7894666651760359, -3.0293623036420976, 0.017137592558244402
0.21402399208174674, 0.3333296918222246, 0.5553335567004585, -0.7922353940000632, -3.028777294345591, 0.016913953691400366
0.21442671334676003, 0.3326179765569358, 0.5553133230974088, -0.79539094007794, -3.027969194764442, 0.016925493809162473
0.21491516559508309, 0.33166681201751863, 0.555397813880753, -0.7994036364864318, -3.0269648496676735, 0.016561368195786273
0.21551102141504586, 0.3305796328663242, 0.5554844541559352, -0.8044364554218004, -3.025785675954027, 0.01610801640786091
0.21621996560655898, 0.3293099367683376, 0.5555610018908768, -0.8103039740650851, -3.024394379810533, 0.015767250836210528
0.21700547414316074, 0.32781021579779457, 0.5557101405081843, -0.8164246626245188, -3.0229436757221646, 0.015028911401874701
0.217881600114338, 0.32615744952724735, 0.5558360077905622, -0.8240058155642742, -3.021066774242241, 0.014441356277291111
0.2188390790811157, 0.3243894673684179, 0.5559558901620663, -0.8319042198725549, -3.019069568762529, 0.01383298479730299
0.21993638924790862, 0.3223846672560526, 0.5560888783847359, -0.8406992844376869, -3.016948985390401, 0.013210373585370404
0.22117631302465085, 0.3201485809288666, 0.5562655533522101, -0.8507424096955635, -3.0144062608508975, 0.012359175603946804
0.22239485336806133, 0.3178624959785944, 0.556408372772821, -0.8607307510039118, -3.0118055963706505, 0.01156404855882577
0.22379561751348567, 0.3152487383283488, 0.5566221060838002, -0.8722481185000323, -3.008884692977862, 0.010511088707142933
0.22521889936045728, 0.31259476107927503, 0.5568366267869784, -0.8839868565318624, -3.005712559872479, 0.009543997065031872
0.22681082522982782, 0.30971918394713455, 0.5570426154674692, -0.8968937516320041, -3.002118516917491, 0.00857248905445446
0.22844930355989232, 0.30674334555086974, 0.5572178183245652, -0.9100248727369543, -2.998612264153132, 0.007598632758295175
0.23021771417016745, 0.3034055195562883, 0.5575082748098015, -0.9243968350558623, -2.9947984232857436, 0.006354496925370202
0.2320388572252766, 0.3000851462709421, 0.557697729800442, -0.9391938360210141, -2.990487919307486, 0.005217571601329573
0.23396736159948836, 0.2966269964568759, 0.5579186896578855, -0.954498317655341, -2.9860362090172585, 0.00414589908928455
0.2358615516915978, 0.2930001529907079, 0.5582894238270589, -0.9702756676490855, -2.9813246544455274, 0.0024907660706829393
0.23773576541316987, 0.28953103894608284, 0.5585233425875753, -0.9853371897301978, -2.9768234155559576, 0.0012418806285115374
0.23964376997497167, 0.28605122234515834, 0.5587457834292492, -1.0008753052305548, -2.9721882031273346, 0.00019421174918692668
0.24166603938561632, 0.28240187502250635, 0.5589932778417073, -1.016768782471188, -2.9671812678678, -0.0010949787905337302
0.24354586293565958, 0.2788477835159267, 0.5592837544100551, -1.0321997133244367, -2.9622584803314207, -0.00258488261816129
0.24540860513607463, 0.27538026301772917, 0.5595122029561079, -1.0473910667952695, -2.9573227589279485, -0.0035460034989681193
0.24735422792047282, 0.2718870994760737, 0.559767539610065, -1.0628437818103116, -2.9522063958506943, -0.004862637822288972
0.24928692021451643, 0.2683405440778461, 0.5600615879359818, -1.0783368718288944, -2.9471795598033124, -0.006321726077786141
0.25114345707886043, 0.26483968396004637, 0.5603008355914758, -1.0931912480768171, -2.942046547790557, -0.007488559897450724
0.25304378002084493, 0.26137064373083246, 0.5605436508065372, -1.108519140716932, -2.936761060530885, -0.008674075808281834
0.2550295129779399, 0.25773597089580796, 0.5607816435364981, -1.1241683545809993, -2.9311482583981507, -0.009932469289147143
0.2569451771281222, 0.2542313882886383, 0.5610313261555214, -1.1395237121104673, -2.925644881007119, -0.01109569689433648
0.2588587641985712, 0.25065707978590657, 0.5612888442265496, -1.1547586007493273, -2.9200861576246817, -0.012334477027318146
0.26073024413169243, 0.24714979461328404, 0.5615616667498846, -1.1695770116845041, -2.9147779947866423, -0.013711292637235705
0.26262138928867707, 0.243677298420519, 0.5618216531870138, -1.184753159097548, -2.9089398551098813, -0.01498123504878257
0.26457023045183864, 0.24017729990772005, 0.5620397540475837, -1.1999059346451533, -2.9031777292181467, -0.016125539190718137
0.266509881894543, 0.23662779549371893, 0.5623152641257341, 1.214923823494278, 2.896892150976292, 0.01737049040283078
0.268352937267068, 0.23313247998798015, 0.5625899851689758, 1.2294493375762843, 2.8903556034564186, 0.018706879489974345
0.27023951720515943, 0.22963370256671395, 0.5628487227047869, 1.244040071029164, 2.883643750614493, 0.01998961419962266
0.2721828646578435, 0.22614496061093659, 0.5630780574342579, 1.2585963834797704, 2.876761151188981, 0.021190190171618595
0.2741013946439293, 0.22261086967145163, 0.5633380116059157, 1.2733854518090184, 2.8697702487545587, 0.022479892330215856
0.27601574095844, 0.21908716027626202, 0.5635627204181346, 1.2878733673126088, 2.8628074191198514, 0.023437658082250432
0.277992759696732, 0.21546564041995114, 0.5638294863537898, 1.30310317366977, 2.8555285220032736, 0.024798846252925923
0.2799054161299522, 0.21202576775952223, 0.5640406188319562, 1.3174267533144874, 2.848535436636727, 0.02592081341244283
0.281748656736291, 0.20846419977300112, 0.564371237262804, 1.3317679598440688, 2.8414142253168366, 0.0273937946475179
0.2836858900248879, 0.20498309190982145, 0.5645714774462263, 1.3462186487952987, 2.834082537936282, 0.028461986140660714
0.2855792577943844, 0.20142832218169954, 0.5648694902644845, 1.3607458090640865, 2.8267068153366637, 0.029894808753839642
0.2874835186538582, 0.19790290625767387, 0.5651149925726785, 1.3748992674689569, 2.819387029158278, 0.03106422759514148
0.2894145489740572, 0.1944066535054649, 0.565331867252827, 1.3893458382056065, 2.8118573769903925, 0.03208415721277722
0.2913161323777857, 0.19088258547883175, 0.5656053495709553, 1.4033933812920796, 2.8043826146998017, 0.03333563156446554
0.2932126983407685, 0.18737559499139217, 0.5658590819662551, 1.4178213574404082, 2.796617524280784, 0.03465729031195742
0.29519555071151854, 0.18373662016823128, 0.5660922347422517, 1.4319885120584848, 2.7888041591931447, 0.03590863454580817
0.29706695571901665, 0.18028801713326967, 0.5662989344299503, 1.4463823173462624, 2.781036001032494, 0.036970068822743785
0.2989974264849916, 0.17675673254310728, 0.5665879557077615, 1.460257241622259, 2.7732948866782, 0.038267717509820366
0.30088535215556844, 0.173243031022452, 0.5668570001069971, 1.474369327358795, 2.765363903887268, 0.039516837120359305
0.30278618080845, 0.16974406441506953, 0.5671398569022115, 1.4882791688742263, 2.757293558406225, 0.04090304245420218
0.30471081658695487, 0.16618446932705946, 0.5673997305065053, 1.502146822882735, 2.7493253608660697, 0.042072004840995984
0.3065972544727942, 0.1626697271960682, 0.5676817375747202, 1.5159202479425316, 2.741263364950326, 0.04345587017927104
0.3084620781896785, 0.159110360794149, 0.5679616234274708, 1.530033968573106, 2.7328948891270275, 0.04474937894650069
0.31038751279597754, 0.15560493886784327, 0.5682316410124555, 1.5439916279735124, 2.7245206466249168, 0.046199971205958985
0.31235931091209496, 0.15198834063566805, 0.5684656852793447, 1.5581360927695955, 2.7159956325048777, 0.04721776421899111
0.31427767053881256, 0.14846674622993464, 0.5687251892343514, 1.5717725654687815, 2.7075690057051394, 0.04837271329911586
0.3162090127150237, 0.14495537329460764, 0.5689349970216718, 1.5855006930743993, 2.6991238066271865, 0.04940113964874664
0.3180998682260887, 0.14145712636077762, 0.5692130306746296, 1.5992150067294122, 2.690550022630165, 0.05086412535729064
0.320014465466283, 0.13794036941780002, 0.5694664821472397, 1.612864911392663, 2.6818767290245815, 0.05187606482074057
0.3218928672269529, 0.13446027026092555, 0.5697440083372872, 1.6261028331867275, 2.6733590435660144, 0.05334288130710338
0.3238088774207538, 0.13096480281066303, 0.5699754175351197, 1.6396442721096456, 2.664631131208563, 0.05436251822235977
0.32571453298121, 0.1274572952558734, 0.5702384296611676, 1.652740734142736, 2.655967629043279, 0.05562700319125728
0.3275958632532547, 0.1239634105187882, 0.5705006748374546, 1.6662440486452537, 2.6470859601397057, 0.056934152749872784
0.3295156977633941, 0.12043899160794062, 0.5707322859003193, 1.6795173982405232, 2.6381941476911024, 0.058034449530950334
0.33138876355540997, 0.11693200653583524, 0.5710280893951557, 1.6927953533643927, 2.629141442328603, 0.059426425077724894
0.3333033281080106, 0.1134456007406764, 0.5712269886581391, 1.7060637110828523, 2.6200446606012373, 0.06033857670060388
0.3352142346277028, 0.10991350185848092, 0.571492397407769, 1.71922874776581, 2.6109031962655074, 0.06158566953323595
0.33710881033554585, 0.10643133207476956, 0.5717212964594313, 1.7323419945189305, 2.601722576109501, 0.06272548100083679
0.3391140800280268, 0.10280760554222496, 0.5720153881399084, 1.745829969044201, 2.5922047392209246, 0.06395321367828717
0.3410363182210926, 0.09926563622179355, 0.5722622087238547, 1.7592521498915799, 2.582661764293936, 0.06522342351332493
0.34293488665051725, 0.095763145783766, 0.5725216630725843, 1.7719870988941429, 2.573305155760966, 0.06641928212606642
0.34480999194793394, 0.09223086140183794, 0.572766652905125, 1.7852423149414103, 2.563664167252329, 0.06754359847281619
0.34670732665940396, 0.0887041444845788, 0.5730579205648231, 1.7977782555560045, 2.5543071141905327, 0.06891624294793129
0.3486270596478358, 0.08518468573684268, 0.5732946931377301, 1.810827075711512, 2.544511834447001, 0.06999393857584588
0.35055086257262, 0.0816689584714243, 0.5734975814896062, 1.8235204501421722, 2.534970514280155, 0.07086147267115457
0.3524516090389826, 0.07827801273679687, 0.5737727675763951, 1.8359083099790925, 2.5254900631360084, 0.07221264718096057
0.35423549620197475, 0.07487977267210132, 0.5740243993473582, 1.8482972164435445, 2.515992682626626, 0.07342668984466977
0.3558824046240395, 0.07177863794849786, 0.5742687033588508, 1.8593436802202918, 2.507354828050926, 0.07453784384302117
0.35746903383827233, 0.06893278992402195, 0.5744666982644318, 1.8693977745038406, 2.499426445273963, 0.07544209465463443
0.3589906717426205, 0.0662237952796851, 0.5745852333370481, 1.87953148038326, 2.4916117315221813, 0.0760971645852257
0.36039463127287213, 0.06362553678720877, 0.5748205961871021, 1.8885838325391409, 2.484124462141426, 0.07720370682111093
0.361612769300535, 0.06129537964222465, 0.5750328964516764, 1.8967331608719742, 2.4776354722630014, 0.07798559592778195
0.3628113453899579, 0.05906604085599616, 0.5752031869945003, 1.9046137858158496, 2.4711556706802287, 0.07888248423066131
0.3639013011955382, 0.05705271838865332, 0.5753324511867933, 1.9116497059200335, 2.465393664898272, 0.0794217143012211
0.364894252754405, 0.055200329589810374, 0.5754982020660545, 1.9182701545051204, 2.4599566038340765, 0.08021331068246507
0.36581944049077914, 0.053445685583372204, 0.5756432574576931, 1.924236929160257, 2.454955917164448, 0.08080604542242799
0.3666620909400237, 0.051962590739236744, 0.5756863112060974, 1.9296015117587868, 2.450644944260531, 0.08097481800485971
0.3673493274456692, 0.0507021074052205, 0.5758080960594226, 1.9340347730042022, 2.446938517195747, 0.08162395681752709
0.3679916687702907, 0.04955153494916926, 0.5758461331508445, 1.9382183249977853, 2.4435500967757595, 0.08192959499895773
0.368485501279013, 0.04853551637928055, 0.5759556427764637, 1.9416471306571663, 2.4405263418226606, 0.08232571507787853
0.36890793075897166, 0.04779466458544015, 0.5760093711924759, 1.9443541955071362, 2.4383154874243864, 0.08255712985630131
0.3692627493356873, 0.04719735126567957, 0.5760450294227827, 1.946272531903801, 2.4366074201404966, 0.08270690711414036
0.3694792118090185, 0.0467813132060507, 0.5760772659193589, 1.947842244803786, 2.4354054030508925, 0.08291979290428865
0.36963669398695004, 0.04652048169629787, 0.5760862388015622, 1.9486253936501614, 2.4347372108383594, 0.08291640597404798
0.36969687556032793, 0.04642810725285107, 0.5761080602428336, 1.9487755649144485, 2.4345007688136016, 0.08305704385103473
0.36970645105895783, 0.046435994404640586, 0.5761041628672597, 1.9488133822429203, 2.434489277604839, 0.08313229927908478
0.36971956366114284, 0.04643142538630111, 0.5761056617577675, 1.9489169112280504, 2.4344089274179352, 0.08309203399977659
0.36969881204063115, 0.046423180899484676, 0.5761188599535262, 1.948907898737341, 2.4344294392597607, 0.08309991468182577
0.36971582917638096, 0.04641332222369402, 0.5761018284431935, 1.9489403102910923, 2.434377015373876, 0.08304014019086087
0.36970877333894797, 0.0464207116024572, 0.5761015120632217, 1.9489610161033881, 2.4344051989407833, 0.08298393134480228
0.36971056169923827, 0.04642503517796473, 0.5761269733528102, 1.9489284193670258, 2.434426122266743, 0.08310852587157255
0.36962434434758806, 0.046560391789141925, 0.5761355921007706, 1.9484722242003099, 2.4347840827022376, 0.08305905564127421
0.3694498404881172, 0.04696439660707557, 0.576098340124139, 1.9470575643543702, 2.4359787237055848, 0.08307473686813825
0.3691613814634871, 0.04754702654572015, 0.5759809568791215, 1.9449888102372126, 2.437794518604907, 0.08295921442019197
0.3688090896566728, 0.048233018344823395, 0.575849853884164, 1.9425575005635147, 2.4398361687001353, 0.0824818970641216
0.36838904097980407, 0.04920327884589506, 0.5757163721637075, 1.9391269895079257, 2.4426971623006537, 0.08223588451664193
0.36786849432008656, 0.05027809144027348, 0.5755611303279232, 1.9354659655927007, 2.4458128312181833, 0.08193453215088549
0.3672465538807012, 0.051583600525069266, 0.5753764661056071, 1.93083552287466, 2.449594484619138, 0.08154780022629377
0.3665793072211781, 0.05303348398217377, 0.5751356618813525, 1.925770303424561, 2.453855938166313, 0.0809634671063566
0.3657632422620043, 0.05468840596806825, 0.5749256837100967, 1.9198460724953064, 2.458753734701287, 0.08055756293046099
0.3649400850187338, 0.05644686502573972, 0.5746627541952886, 1.913606181131429, 2.463882641387329, 0.08007088718129624
0.3639922769082028, 0.05846577863263291, 0.5743590184778452, 1.9065642267534777, 2.46965439280905, 0.07927471963194736
0.3629875551778053, 0.06063337290314928, 0.5740226605636757, 1.8989175293450904, 2.4758711054016196, 0.0785490918889377
0.361851342133599, 0.06297874940809606, 0.5737507816841021, 1.8903323325860133, 2.482743981482854, 0.0780669224473647
0.36061428550089225, 0.06549718558781628, 0.5734274721033963, 1.881519103291019, 2.4898148975653904, 0.07747984913247062
0.359343778267675, 0.06816642200396295, 0.5730114072906378, 1.8717949871935269, 2.4975081599256104, 0.07659180566184308
0.357958611143885, 0.07109005023153457, 0.5726267949284934, 1.8612514418541766, 2.5058692441791597, 0.07579582898851918
0.3564694899355253, 0.07431305843123939, 0.5721286230243363, 1.8497402153941815, 2.5149323602428293, 0.07466214342260424
0.35493991365080574, 0.07752694529900736, 0.5716864347669566, 1.8378932191254502, 2.5239155970729685, 0.07369855950132337
0.35333316542410054, 0.08101064944201745, 0.5711825590389435, 1.8255773502952841, 2.533516847837235, 0.07263793185256692
0.3515976546122683, 0.08450929755346281, 0.5706910753872996, 1.8125626187621637, 2.5432650581682443, 0.07167895550053179
0.34990023298335576, 0.08807854024226588, 0.5701738943263075, 1.7994640630081493, 2.553063308403622, 0.0704863041187535
0.34818865058034476, 0.09170021559172672, 0.5696508897104302, 1.7862442607000273, 2.5628963607987605, 0.06938621540580814
0.34653522027218414, 0.09528777048492797, 0.5691542655189629, 1.7728501609213139, 2.5727149475596107, 0.06829289704727255
0.3448309292510099, 0.0989002036804448, 0.5686309794271517, 1.759705296030969, 2.5823117608319075, 0.06708681855199543
0.3431506881780104, 0.10250423081085462, 0.5680989303229433, 1.74599693231935, 2.5920473735134224, 0.06588601078518269
0.34135827972193106, 0.10619483698186473, 0.5675992277553182, 1.7323746232939157, 2.6017217248992712, 0.06496737050108276
0.33962679251666206, 0.10979169209709405, 0.5670589549515065, 1.718925109376236, 2.6111565375278363, 0.06373307599212673
0.33792027026863586, 0.11340858408842013, 0.5665850826979203, 1.7052022513903144, 2.6207340640484666, 0.06275583076355104
0.33626930878523936, 0.11695771780290178, 0.5660522662595148, 1.6919032076766247, 2.6297908965098795, 0.06154439730248923
0.33456805306626247, 0.12057520853917923, 0.5655413329278809, 1.6782484724866762, 2.638997724400728, 0.06038493021865524
0.3328595104141978, 0.1241306618603599, 0.5650381120720225, 1.6648326383897931, 2.6481099426541914, 0.059342911846106135
0.33118000119026636, 0.1276949810290304, 0.5644860495440394, 1.6507886199898076, 2.6573471436061813, 0.057958461148371276
0.3294933054181266, 0.13129626690893753, 0.5639620910396107, 1.6372476743067805, 2.666194392956172, 0.056747377175043606
0.32779847719896454, 0.13486187873088737, 0.5634551179514462, 1.623595717295922, 2.675087878463891, 0.055669524019461875
0.3260675332883497, 0.13842255523195815, 0.5629907477089158, 1.6095951459117588, 2.684032803958253, 0.05470293002712534
0.3243702828341554, 0.1420134124556533, 0.5624971510263791, 1.5959776905813177, 2.6925926458387264, 0.05364995437182735
0.3226131970644798, 0.1457513012343811, 0.5619370928666119, 1.5812193524424236, 2.7018141848816346, 0.052416146373067754
0.3208908940179361, 0.14937679497777592, 0.5614455638761254, 1.5672553969658913, 2.7104730774367254, 0.05138376655814657
0.31917727345722596, 0.1529802052706985, 0.56092811166738, 1.5529707416257417, 2.7191847663060256, 0.050216301453543034
0.317484748621414, 0.15652037988378348, 0.560429127933513, 1.539030538041961, 2.727603430670641, 0.04908845511426448
0.31575845269345515, 0.16014992917387563, 0.5598938879952609, 1.5248570165574598, 2.7360700353949987, 0.04786516776850278
0.31405077760320715, 0.16367545028151087, 0.5594408081108322, 1.510657052646007, 2.7442996814460083, 0.04691334153238872
0.31233198573823706, 0.16720628941377383, 0.558939342853949, 1.4965237859366332, 2.752508536711649, 0.045847129155279755
0.31065757520481674, 0.17078721494487636, 0.5584383968641153, 1.4824393196969323, 2.7606160204302164, 0.04468946185573454
0.3089888966304117, 0.1743787699233207, 0.5578925120601311, 1.468221748963027, 2.7687221430437146, 0.04334225677195341
0.30726136003825477, 0.1779900290286552, 0.557395476056856, 1.4536166919003044, 2.7769517016939917, 0.042407751269956995
0.3054918597120876, 0.18173632178511046, 0.5568741808428589, 1.4385376301117485, 2.7852943988797447, 0.041246104876998264
0.30380016796449505, 0.18530168442746012, 0.5563670280149391, 1.4241666467853167, 2.7930902924719767, 0.040031234418716075
0.3020993441827905, 0.1889357237321385, 0.5558262817724782, 1.4097267154216653, 2.800968186420064, 0.0388838771620637
0.30037141222276664, 0.19251302827451314, 0.5553163104500125, 1.395097528551411, 2.808820545689267, 0.03762585054966782
0.298720108908612, 0.19602537661375666, 0.5548289388841955, 1.3808035215500398, 2.8162931234084323, 0.036559758453036884
0.29702178853758554, 0.1996538342289386, 0.5543055348898389, 1.3662034612213232, 2.823919183392315, 0.03544368914900735
0.2953225749353053, 0.20325034875054296, 0.5537887213777717, 1.3514899714855861, 2.831401350454489, 0.03429268113332083
0.2936284320817909, 0.20684801300020172, 0.5532776447048092, 1.3369341159509165, 2.838790554855419, 0.03318190645229594
0.29190836494594835, 0.21045243799888094, 0.5527296247792692, 1.3221618018494234, 2.8462671622065967, 0.03164718653274068
0.29022287812682696, 0.21405996627298665, 0.5522470686175459, 1.3072053658096594, 2.853515385427053, 0.030836745332187235
0.2885548903907015, 0.21756672241996647, 0.5517255749687838, 1.2925446496581066, 2.8606183022526728, 0.029547646146118007
0.2868342044875075, 0.22113902158425236, 0.5512283962713461, 1.2778214703702986, 2.867727240979804, 0.028465961298057417
0.28503935318392326, 0.2249115414786122, 0.5506772050155322, 1.2620539633576904, 2.8752301357785526, 0.02711964837550852
0.28334509898035043, 0.2285063806520599, 0.5501168620776538, 1.2471069627924993, 2.8822730261441643, 0.025845523104832166
0.2816612533625941, 0.23212629773228574, 0.5495906237173334, 1.2322691130917176, 2.889147075604324, 0.024713753352067554
0.2799668272713002, 0.23569121622478503, 0.5490857147604941, 1.2172516721080953, 2.8959557385161543, 0.02335614336021435
0.2782980887247515, 0.23927230576738898, 0.5486117353126233, -1.2019302840367099, -2.9023228785187674, -0.02247701942480026
0.27654992825791397, 0.24281991983760678, 0.5481360457807565, -1.1866654367217977, -2.9080938422035096, -0.021353382588727567
0.2748185334670144, 0.24641636646470758, 0.5476251289965273, -1.1709473904380356, -2.9139331859108726, -0.020040839549631855
0.2731667976732797, 0.24999569653255824, 0.5471142315628114, -1.1557792845083046, -2.91955043097147, -0.019182214867673606
0.2714883908231886, 0.2535782343752678, 0.5465786003394743, -1.1404370590379742, -2.92513550100266, -0.01773098877410203
0.26967245422236275, 0.25731976981441074, 0.546068464028888, -1.12411788983456, -2.9310434622154777, -0.01649833240641487
0.26795625494770436, 0.26091775055271965, 0.5455732038473902, -1.1085356772403123, -2.9364917765520353, -0.015583812060521231
0.26632584706037005, 0.264448663394412, 0.5450480856024018, -1.0931551509561508, -2.9418822484745726, -0.014208476252193424
0.2646067377621032, 0.2680706056274568, 0.544491888714045, -1.077689146169047, -2.94713570320292, -0.01276817304248693
0.2628850593532645, 0.2717361442997455, 0.5439629416989451, -1.061608489864983, -2.9524956192480807, -0.011711072164326692
0.2611982814720035, 0.2752259386004194, 0.5435292908893243, -1.0464858285301657, -2.9575069127590403, -0.01088144565033348
0.2594933533960654, 0.278777550483497, 0.5430057794608149, -1.0306072445595156, -2.9625220096724156, -0.009399644724343794
0.2577801894934704, 0.2824414082245506, 0.5424986498563931, -1.0145741885493875, -2.967684722930235, -0.008468299392760819
0.25611227251012153, 0.2860218836293658, 0.5419512706453539, -0.9991886969974492, -2.972471525141503, -0.006977867856618294
0.2543873728169458, 0.2895511680764296, 0.5414857471600953, -0.9832446802096703, -2.9772934668903703, -0.006121565914894331
0.25259823649968427, 0.29329303291002384, 0.540991542712787, -0.9665890178540592, -2.9823336598387615, -0.005097567822560868
0.25094220858171823, 0.29689910445978707, 0.5404144443248701, -0.9512185477555031, -2.986819320403617, -0.0033797556901118972
0.24925333464417693, 0.30043992809247894, 0.5399122280671417, -0.9353719409788996, -2.9914646919255454, -0.0024398026375463283
0.24762080146385015, 0.30382120338782076, 0.539434568700251, -0.9203981117226032, -2.9956840738651818, -0.0013973282789433575
0.2461574856143034, 0.3070176890447681, 0.5389952742413724, -0.9063529298487765, -2.9995933364969045, -0.00032915130503877237
0.24467853459220423, 0.31011863103385917, 0.5385535844296414, -0.892845336722584, -3.0032655879115815, 0.0007022058416939579
0.2433397201671121, 0.3128967075888801, 0.5381900413948142, -0.8803004525307908, -3.0064793540665584, 0.001335340059338339
0.2420225624247713, 0.3155952172302923, 0.5377786215952391, -0.8681413178019937, -3.0096735249599478, 0.002443657144535347
0.24088639712318968, 0.31807556997588454, 0.5374267845865244, -0.8573787897090063, -3.0125529362577455, 0.003212007939366111
0.23974436386868617, 0.3205043776547338, 0.5370620129854118, -0.8465996217811024, -3.015305763288662, 0.004041408393777622
0.23871908781567064, 0.32260884369397214, 0.5367852271445689, -0.8372680133595801, -3.017665101113047, 0.004688995367384787
0.23780944884321778, 0.324509040290865, 0.5365194769937585, -0.8286404227534491, -3.019760666295699, 0.005383277510058038
0.23696453765605485, 0.32633542059157666, 0.5362477307177835, -0.8207214740853618, -3.021735848730018, 0.0059032863450622095
0.23620446780922974, 0.32792390251321624, 0.5360236253996115, -0.8134911942967041, -3.023533582984306, 0.00632853451747432
0.23554187261033985, 0.32932285746159234, 0.5358110088040414, -0.8072701526498267, -3.0249742592634576, 0.00687754279088086
0.23497611792765852, 0.33055807949685473, 0.5356408505106369, -0.8016827793814744, -3.0263191284577045, 0.007225617326839809
0.23445495131878907, 0.3315639933033732, 0.5355478538100449, -0.7970930125536321, -3.0274136781287173, 0.007390634614464856
0.23404202450068046, 0.3324364066075886, 0.535412250172105, -0.7930308981040015, -3.0284500623292563, 0.007751378077082445
0.23370278105895603, 0.3331404307370506, 0.5352863951474763, -0.789994422172355, -3.0291136762260544, 0.00811861900095309
0.23347585127930368, 0.33363176938336814, 0.5352232987665448, -0.7876088871075893, -3.029605157496653, 0.008236186540776794
0.23331988027631329, 0.3339814193174888, 0.5351650914005834, -0.7861653678798701, -3.0299256424149617, 0.008345379496239399
0.23325855991176322, 0.3341378310573676, 0.5351276806555233, -0.7853929700222878, -3.030154664925255, 0.008500205093311668
0.23325513890483793, 0.33416283646441963, 0.5351397142388448, -0.7853904043932783, -3.0301404401634966, 0.008328603930594133
0.23324630704119473, 0.33419156698447205, 0.5351241024021705, -0.7853010921432005, -3.0301707454925295, 0.008424988912085223
0.2332420621090728, 0.3341682178048317, 0.5351541514510642, -0.7853173096153223, -3.030160366145931, 0.008310953441340047
0.2332454254133481, 0.3341712267208728, 0.5351463895698777, -0.7853422754891574, -3.030179759314652, 0.008294936901296871
0.23325005764657014, 0.3341845224574558, 0.5351480093766788, -0.7853236188757149, -3.030183471548141, 0.008313417932477083
0.2332451911324646, 0.3341771660540958, 0.5351415536049701, -0.7853543156318121, -3.030150935917356, 0.008311178567805855
0.23324260634446237, 0.3341805639101614, 0.5351531899526547, -0.7852685607271535, -3.030192944565791, 0.00818083253320755
0.2332381385377836, 0.3341785678582386, 0.5351699418440098, -0.785254260916249, -3.0302130583672957, 0.008108892844670926
0.23324240925864279, 0.33417994271830265, 0.535164343294154, -0.7852508488961972, -3.0301995565019544, 0.008143533345596556
0.23324995914164548, 0.33418421198338544, 0.5351535859581757, -0.785269590216196, -3.0301984041325998, 0.008294504936243861
0.23324350502634156, 0.33417555780003155, 0.535157395119046, -0.7852970320227416, -3.030155479085692, 0.008271324211224554
0.23324317179829837, 0.33417920420567465, 0.5351492672578264, -0.7852683760828837, -3.030195563409341, 0.008351239318140503
0.23323938500201544, 0.3341826054702028, 0.535138114169665, -0.785249964558607, -3.030198311052762, 0.008388538398970092
0.2332357540585357, 0.3341820385285885, 0.5351481810280518, -0.7852773246016108, -3.0301553558143826, 0.008365350754719099
0.23323964214431533, 0.3341822836265701, 0.5351392880306735, -0.7852746640517093, -3.0301436592754305, 0.008363538027603042
0.23323900836124994, 0.3341805625860288, 0.5351312409808164, -0.7852738118768112, -3.030140685379708, 0.008420062839688365
0.23324168664016903, 0.33417822926064333, 0.53515373248887, -0.7852652968920891, -3.030184059838821, 0.008349640920867055
0.23323697538479818, 0.33418546782645214, 0.5351457976212898, -0.7852055140303276, -3.0301759947654427, 0.008327745617789262
0.23322652509960623, 0.3341807556920313, 0.535149966684333, -0.7851542027348327, -3.03020271904019, 0.008309364612963919
0.2332265360516331, 0.334191992480049, 0.5351267504541, -0.7852102232905058, -3.030194376727323, 0.008425305975128606
0.2332298745962672, 0.3341905688359682, 0.5351354474659392, -0.7851703274362032, -3.0301910515649295, 0.00844185277297654
0.23323512979670621, 0.3341912428283964, 0.5351513184908456, -0.785208509775379, -3.03018750640451, 0.00832954824891052
0.23324203474235813, 0.334168329509431, 0.5351436718390912, -0.7852974243216592, -3.0301590953896973, 0.008423148768895465
0.23322812330254974, 0.334181978393579, 0.5351706833425016, -0.7851752904542503, -3.030211570147723, 0.00827536382397627
0.23323521672116346, 0.3341948870759961, 0.535138832778815, -0.7852407350560313, -3.0301627638717723, 0.008402542431589085
0.23322942899150756, 0.3341815321464505, 0.53514819182975, -0.7852383586645509, -3.0301540947008925, 0.008345895060434844
0.23324060692647322, 0.33417516230025957, 0.535142800670335, -0.7852652371958013, -3.030183090855634, 0.008368243355179166
0.2332366395736104, 0.33418782061792585, 0.5351557963621978, -0.7851842112017565, -3.030169013243166, 0.008326019599171234
0.2332337287180507, 0.33420163091738897, 0.5351272228005483, -0.7852068738063606, -3.0301806358017433, 0.008460664574995653
0.23322763963823376, 0.3341904732670624, 0.5351627629930786, -0.7851852460366667, -3.030172079215011, 0.008269922594874501
0.23323261588916197, 0.3341906287950836, 0.5351557963621978, -0.7852024769008361, -3.030164378504657, 0.008326340279087612
0.2332360581839706, 0.3341762999345068, 0.5351528299929956, -0.7852107082224581, -3.0301981817967696, 0.008349534626527799
0.2332280423951888, 0.33418504517143355, 0.5351618354061588, -0.7852091587354896, -3.0301905810142715, 0.008273232490282601
