0.4964717708079983, -0.5693798066625662, 0.17370351848949622, 1.8592743873870081, 2.5321442326062447, 0.0070910328772263356
0.4964636249572543, -0.5693991300355049, 0.1737334777118476, 1.8592620459499238, 2.5320961141983487, 0.007048123478213561
0.496470560505755, -0.5693919208276498, 0.17371018019913623, 1.859267580672961, 2.5321350798713316, 0.007070865573821644
0.49646574525532655, -0.5693878025420446, 0.17367566936032752, 1.8592726498691683, 2.532205618653211, 0.007077748053697261
0.49649898720994873, -0.5693782440378566, 0.17371475586998392, 1.8592301125572124, 2.5321154370508863, 0.007103910276962951
0.4964573884159227, -0.5693937696537691, 0.17366449886010762, 1.859370092590959, 2.532179643400849, 0.007063462051023986
0.4964474495158484, -0.5694092733157816, 0.173712392302878, 1.8592934047052192, 2.532073645656421, 0.007047610902779088
0.4964566690565456, -0.5693917563986486, 0.1737023824808995, 1.8592211648071666, 2.53219904305355, 0.007073684984271671
0.49646453518505407, -0.5693881356053921, 0.17371014872525423, 1.859319574886374, 2.5321430203660036, 0.007056820214644608
0.49646988043242735, -0.5693664271325201, 0.17369363484029487, 1.8592117672693458, 2.5322496357713, 0.007096881458902868
0.4964580642888177, -0.5693915031653242, 0.17368340397104204, 1.859348040853754, 2.5321496809584327, 0.007096816993894948
0.4964650804078396, -0.5693769009963024, 0.17371351587949593, 1.8592676013799747, 2.532167007116283, 0.00705527354478847
0.4964765210881274, -0.5693735813895289, 0.1736891143601908, 1.8592133024269928, 2.532219739083907, 0.007074908559882446
0.49645146423109865, -0.5693946725008942, 0.17372684988842477, 1.8592948281700163, 2.5321412485913832, 0.007130636793235044
0.49647988063036974, -0.569376441675367, 0.1736989721911646, 1.8592974370819206, 2.5321434086449424, 0.0070736766697965
0.4964586757925997, -0.5693846171876253, 0.17369251333998237, 1.8593204708946849, 2.5321436571132274, 0.007037425615283142
0.4964684882235076, -0.5693783581697589, 0.1736800075460145, 1.859324310323653, 2.5322126158588887, 0.007082500150969212
0.4964656476077048, -0.569389149907073, 0.1737090012702536, 1.859298719603866, 2.532114126663767, 0.007052149724744962
0.49647029353372574, -0.56937997551937, 0.17371241714895083, 1.859283018755318, 2.532124439856921, 0.007070834605054104
0.49646019873251285, -0.5693947673090927, 0.17367998788921654, 1.8593033442529459, 2.5321836626443623, 0.007077943844898811
0.49643949090763134, -0.5694037836971176, 0.1737222378595809, 1.8593289675865068, 2.5321230564144135, 0.007036691480876402
0.49646716620444364, -0.5693786864069545, 0.17371901000326676, 1.8593212878497185, 2.532112972517007, 0.0070539044112642516
0.4964801481276498, -0.5693869639574822, 0.1737156800737171, 1.8592448522016605, 2.532135794312962, 0.00708833981377175
0.49645911965582723, -0.5693923587032585, 0.1737001254056931, 1.8593780307688526, 2.532127109788475, 0.007097192433749402
0.49646925265276526, -0.5693879487183179, 0.17368117472846742, 1.859310032144376, 2.5321610151521874, 0.007113885132320929
0.49646541199110056, -0.5693860607050644, 0.17370670677087938, 1.8592208010697586, 2.5321986968618613, 0.0070927309480645125
0.4964568858867303, -0.5693932873802736, 0.17369898381502227, 1.8593103582574844, 2.532193881004465, 0.007061188936698041
0.4964698607073674, -0.5693795447617371, 0.17370444049620537, 1.8592504970631445, 2.532207730502884, 0.007076907812829086
0.49646568878947916, -0.5693788551444285, 0.17372790863814638, 1.8592389658488198, 2.532159764320465, 0.007033697632565854
0.49646671115184415, -0.5693915180514052, 0.1736690141746472, 1.8592518621764893, 2.53220862861156, 0.007038569774092217
