0.3034693677350484, 0.24122849928424447, 0.4953273618144438, -0.7432707735360276, -3.046454902912901, 0.016797946039339245
0.30347311800722504, 0.2412182567895038, 0.4953444830272197, -0.7432934182916647, -3.046467393672406, 0.016727415796205642
0.30346979551906544, 0.24122522612817557, 0.49535104480048225, -0.7433009250021195, -3.0464975783514237, 0.016707268717424385
0.30347509137846257, 0.2412171704821309, 0.49533671073122454, -0.7432838095859179, -3.0464285922135654, 0.016783162161391103
0.30348005750931356, 0.2412010816529593, 0.4953479625071596, -0.743353035051011, -3.0464757050087887, 0.016740306763310786
0.30346723939547215, 0.24122541529232058, 0.49533290396008445, -0.7433104231853422, -3.0464544045871307, 0.016763236476604056
0.3034630979272178, 0.24121159107047055, 0.4953601688760784, -0.7432806628595736, -3.0464933374595518, 0.016639711890054427
0.3034784004436607, 0.2412317154962288, 0.49532172836446453, -0.7433128214487299, -3.0464652925932203, 0.0167701046929983
0.3034707633401148, 0.24122266939671352, 0.4953340214115444, -0.7432742458026914, -3.0464675010867293, 0.016745616530768254
0.30346647096322066, 0.24121837903440557, 0.4953490870302179, -0.7433104310958978, -3.046456730874358, 0.01670261313464699
0.30347286501485965, 0.24120421960605146, 0.4953373740148939, -0.7433092771994236, -3.046451994047638, 0.016720441030018907
0.3034603736440846, 0.24122729005350935, 0.4953780086950674, -0.7432445499944584, -3.046433480390411, 0.01680135992878827
0.3034581651801005, 0.2412102563334707, 0.4956658373799766, -0.7432980082754949, -3.0465118363509998, 0.01638929849134756
0.30343663043658947, 0.24122631831114308, 0.49601880825780453, -0.7432969440222225, -3.0465419748382176, 0.01626490893051298
0.3034139888789425, 0.24125654817951417, 0.4964376761083572, -0.7433228050354184, -3.0466161206501607, 0.016149257563290553
0.30338003085835996, 0.24123746274033045, 0.49702100488260914, -0.7431647876853831, -3.0467483147527994, 0.016021912877312066
0.30333769269070665, 0.2412648001727396, 0.49775962153224773, -0.7431191531785392, -3.046876117814694, 0.015704995684311766
0.30331585744085976, 0.24126926395482445, 0.49859850368248065, -0.7431734777004319, -3.0471038913085122, 0.015260541951662432
0.3032683290079895, 0.241283355950808, 0.4995249498472891, -0.7431766802875919, -3.047215998518147, 0.014899440868214861
0.30322784040404793, 0.24121281537382047, 0.5004384648890928, -0.7432377103552068, -3.0473109436535326, 0.015872418716530293
0.3031672739180979, 0.2412888992841486, 0.5017249418578772, -0.7431419498781804, -3.0476497948377195, 0.014620191825717365
0.3030848665425026, 0.241330354577595, 0.5031216307597253, -0.742927042255657, -3.047934074498802, 0.013783824716240102
0.30301722451151736, 0.2413533520041272, 0.504457432980813, -0.7430029043888906, -3.048010690747654, 0.013734686717833837
0.30293864024134226, 0.24133712368176774, 0.5059947825685006, -0.7429856117318271, -3.048344572861293, 0.013178688666748596
0.3028650501187388, 0.2413688172885626, 0.5077034410454487, -0.7429210911914278, -3.0486641431459893, 0.012665868284894397
0.3027629477571422, 0.2413906072844041, 0.5094336257571721, -0.7427725391380189, -3.048958211559424, 0.01212548040015735
0.30265986730989064, 0.24139750719435984, 0.5114487431934029, -0.7426757523195922, -3.049407822858939, 0.011278952877607988
0.3025784162600465, 0.24144484432600904, 0.5133861360578929, -0.7426084206358752, -3.04973476733438, 0.010627257736460916
0.30247355112505264, 0.24146862013205386, 0.5153846671820155, -0.74261091971164, -3.050046785134126, 0.010120533106172282
0.30237895243973256, 0.24150479813327197, 0.5173767632004467, -0.7423356909408614, -3.0504826936008693, 0.009442029230116016
0.302268569071719, 0.24151453196787717, 0.5193352804911493, -0.7423742576741411, -3.0507851813166065, 0.009093565903261495
0.3021656388425008, 0.24156120173878537, 0.5214675120908803, -0.74227991177881, -3.0511648409300784, 0.008043248302052533
0.3020693943947784, 0.24157570294610606, 0.5234238295537018, -0.7421734474030308, -3.0514335839658653, 0.0077548317452306266
0.30197898465961237, 0.24161948717553292, 0.5254357539929247, -0.7421794352971861, -3.051824817205457, 0.006927955656770501
0.3018833549774807, 0.24163627985105696, 0.5273894082151815, -0.7423498964798344, -3.0521056500377135, 0.006483423777641434
0.3017729313153974, 0.24164897521770853, 0.5294645958763259, -0.7420102439374977, -3.0525995138160225, 0.00562623799916128
0.30168313407394076, 0.24167184862070873, 0.5314062735032021, 0.7420319772757783, 3.0525018913102815, -0.005108368740014262
0.3015662503553352, 0.24167875406083592, 0.5334791357202812, 0.7418422709822131, 3.052175406490932, -0.004289393744205781
0.301489595874171, 0.24171683563530907, 0.5353653033742561, 0.7416393533977633, 3.0519507020900827, -0.003977110285399559
0.3013645623040464, 0.24173876171104453, 0.5374427023260291, 0.741513022212987, 3.0516489319605666, -0.0032136954036572907
0.3012619764783809, 0.24175246312065404, 0.5393625888184532, 0.7410819480314502, 3.051526085963684, -0.0027157227502037622
0.3011809379997656, 0.2417874221542919, 0.541371008233702, 0.7405413834200553, 3.051084242721813, -0.0017299826841959522
0.30109047789051024, 0.24183011267561455, 0.5431838711651678, 0.7404451114120455, 3.0508839512579917, -0.0011466941537509538
0.3010133285285982, 0.24186285750367392, 0.5449183775919793, 0.7402890557828073, 3.0505736159896553, -0.000434964160534211
0.30093347696121847, 0.24187580111073081, 0.5464211536824232, 0.7401496900061973, 3.0504084740113817, -0.00012109059779191082
0.30088750061178055, 0.24190707146370113, 0.5478414411361092, 0.740162809463885, 3.0501338121114707, 0.0002716596147806316
0.3008054202918476, 0.24191863501083052, 0.5491548125572698, 0.739821883036639, 3.0499843699279627, 0.0007670277541797472
0.3007415610013258, 0.24193761629681568, 0.5502857778114658, 0.7397368303958562, 3.049934927780346, 0.0007129607495954855
0.3006840946503352, 0.2419454397005643, 0.5513830097504756, 0.7395374594098, 3.0496955891862925, 0.0012129092867334025
0.30064487990774724, 0.24196014601381954, 0.5523942998775808, 0.7393948503859004, 3.0495124694619267, 0.0019582724223688053
0.3006087899544371, 0.24197425995120211, 0.5531887140161821, 0.7393867204099378, 3.0494102931788283, 0.0020835642426471073
0.30058788830757865, 0.24198130670278564, 0.553898676069616, 0.7394316170425451, 3.0492822333556813, 0.0020995233596747746
0.3005282848755609, 0.24198654240666653, 0.5544433158316883, 0.7394011202770917, 3.049222210733226, 0.002122990868934989
0.300520576330561, 0.24199890758722692, 0.5548736602778608, 0.7392644140232993, 3.0492748200325814, 0.0020574942075358726
0.3005123690036219, 0.2419965940411199, 0.5552849483539609, 0.7392693172129716, 3.0490815114399323, 0.0024707210849363383
0.3004928577575473, 0.2420073585471294, 0.555474480690124, 0.7392306157900556, 3.049109430182454, 0.0024025368157394563
0.30048111838366903, 0.2419995677883764, 0.5556170773415683, 0.7390215472007761, 3.0491331312066223, 0.002566727936021559
0.30048265912874494, 0.2420098553367562, 0.5555947624170448, 0.7390856204236208, 3.0491656520360673, 0.00237383139425008
0.30047693164307515, 0.24200954853293116, 0.5556089343981496, 0.7390961680800224, 3.0491345911485173, 0.002277408771254038
0.3004864300033248, 0.24201351026579426, 0.5555979020406462, 0.7391584307981679, 3.0491498534842596, 0.002314199904488047
0.30047706655315565, 0.24201954883642948, 0.555593373582502, 0.7390833768827028, 3.0491623174200186, 0.00223089113792076
0.3004855576540907, 0.24203394334811149, 0.555580170106198, 0.739107091810438, 3.049181153841157, 0.0021851492403798475
0.3004759851736514, 0.24201402905566793, 0.5555954582832014, 0.7390901426009363, 3.049192540113404, 0.0022092894446362928
0.30046185102776796, 0.24200884764089525, 0.555621169106762, 0.7390623403279973, 3.049151337824131, 0.002402516656448554
0.3004769603742641, 0.2420291087014271, 0.555602219590197, 0.7390652646189648, 3.0491652754777667, 0.0022901329380197815
0.30046927391368383, 0.24200596956292542, 0.5556156327659587, 0.7390483303841962, 3.0491748339293117, 0.0023739870163690174
0.30048784334791573, 0.2420333158144832, 0.5556057599889763, 0.739077562996308, 3.049134743357503, 0.0022949239264230784
0.3004763504409983, 0.24202034111011297, 0.5555981689312508, 0.7390637675772319, 3.0491565250187307, 0.002326403192100423
0.3004775541043153, 0.24201229810545538, 0.5556178232522174, 0.7390954643183476, 3.0491288440129316, 0.002354026962287697
0.3004929048880746, 0.24202109654410758, 0.5556023536178437, 0.7390850445097358, 3.0491689669602815, 0.002255596110517534
0.3004790603236432, 0.2420125696743025, 0.5556189597183411, 0.7390553638434835, 3.049122732771706, 0.002364784122764115
0.3004828813806613, 0.24202604595904462, 0.5556044924474179, 0.7390949087988625, 3.049126350868362, 0.0023117397730512035
0.3004803156975363, 0.2420203297276338, 0.5556143865077124, 0.7390354905871537, 3.0491204911352083, 0.002339906904682714
0.30047789527798424, 0.24201656701800736, 0.5556281080775883, 0.7390965478491677, 3.0491296525365787, 0.0024563166630852764
0.300478444483896, 0.24201168768943251, 0.5556178261029117, 0.7390561527699672, 3.0491268932596625, 0.0023472967373945534
0.30047991608734553, 0.24200980571375286, 0.5556103272644112, 0.739169879064184, 3.0491134595153064, 0.0023964595483748994
0.3004804099856417, 0.24200655080760813, 0.555609187970666, 0.7391025391399577, 3.049157115180221, 0.002392107280495451
0.3004840755788188, 0.24203943520956997, 0.5556135577972272, 0.7390437983967174, 3.0491527625782275, 0.002361471978298483
0.300475084118128, 0.2420281887847252, 0.5556166876336828, 0.739044616390806, 3.04915560799417, 0.002402465561075297
0.3004898863604102, 0.2420284627819928, 0.5555957800978704, 0.7389862944755916, 3.04915673771099, 0.0022946106252226196
0.30049002911576844, 0.24201673131602724, 0.5556234919680102, 0.7390592238733751, 3.049135936965419, 0.002413682815490783
0.300479345839076, 0.24201881461849087, 0.5556077504617986, 0.7391208278627074, 3.0491546887893946, 0.002331798377720731
0.3004863174581534, 0.24203104932515412, 0.5556067621491964, 0.7390577752733133, 3.0491308175780714, 0.0023298541926151245
0.3004771635422547, 0.24201566171782718, 0.5556098407138199, 0.7391222626308677, 3.049163070198823, 0.0022968392304587534
0.3004795977119462, 0.2420308693404397, 0.5556303391475675, 0.7390181448950279, 3.049125524457698, 0.002442890682223369
0.30048732801885925, 0.24203443723961374, 0.5555980444137789, 0.7391337269290147, 3.0491238515814727, 0.0023366288477231862
0.30048730315434924, 0.24204240155171503, 0.5555769061108375, 0.7391049289054172, 3.049170102042694, 0.002178498941016281
0.30048812757940363, 0.24203357869998743, 0.5556011715347785, 0.7390697254909716, 3.0491828356121866, 0.0023208283400043073
0.300487050155291, 0.2420163111401582, 0.5556088384776061, 0.7391236364759138, 3.04916544188948, 0.002338300351893669
0.3004752081944752, 0.24203045214717697, 0.5556112051830705, 0.7390009090627426, 3.0491359143928825, 0.002364873788804584
0.3004857348997059, 0.24204200498843237, 0.5555878852356314, 0.7391238628349709, 3.0491684496067335, 0.0022202637987783014
0.30049110015505137, 0.24201840366310104, 0.5555946836119767, 0.7390647148527195, 3.0491607579980586, 0.002307975897711797
0.3004781497583786, 0.2420307561146239, 0.5556168673262426, 0.7390427866808373, 3.049148664068784, 0.0023789655073654663
0.3004805846566215, 0.24203044646169697, 0.5555966801724198, 0.739090507199219, 3.0491908698676014, 0.0022684756718348393
0.3004815014596886, 0.2420199973826742, 0.5556100658507079, 0.7390802434779415, 3.0491440552492337, 0.0023606778317678996
0.30047676863216005, 0.2420249317731937, 0.5556234948400931, 0.7390570313388422, 3.0491309413006524, 0.00233069402570457
0.30047626690277823, 0.2420260737982724, 0.5556155597245137, 0.7390765161470351, 3.0491290951742265, 0.002371620163359375
0.30048891601396926, 0.24203878045497024, 0.5555945097456462, 0.7391222280925088, 3.049160153732549, 0.0022551791637976295
0.3004795542431898, 0.24200931473761225, 0.5556178203860789, 0.7391345251186529, 3.04913095115448, 0.002360744669787948
0.3004915695871085, 0.24202884123539525, 0.5556068849958199, 0.7391393157891332, 3.049150026630775, 0.0023324590844244443
0.30048936080122823, 0.2420255407936695, 0.5556190888707764, 0.7391725163095385, 3.049124460359055, 0.0024032153420530853
0.3004790432131043, 0.24203003359410655, 0.5556056571715077, 0.7390522506668001, 3.0491897864620605, 0.002363266090817659
0.3004933681391179, 0.24202760817334176, 0.5556068907151522, 0.7391158959282715, 3.0491325433306757, 0.002318984574885112
0.30048516509746115, 0.2420215639775885, 0.5556033588709699, 0.7390590682699607, 3.0491393533828033, 0.0022940953859335055
0.30048984235822007, 0.2420381479708727, 0.5555925104842416, 0.7390624191367836, 3.0491497851987908, 0.0023014859434668925
0.3004909963208304, 0.24202608969332765, 0.5555957743806683, 0.7391744530074901, 3.049134238994423, 0.0023082927443694285
0.30047597424272077, 0.24201000689265223, 0.5556212666383156, 0.7391142486901685, 3.049128504972257, 0.0023372949906902258
0.30047939364789794, 0.24202282429211094, 0.5556246255925725, 0.7390771008609569, 3.049133177178762, 0.0023547936056577813
0.30047609254379, 0.24201216432071485, 0.5556045712896909, 0.7391197059899276, 3.0491519047912936, 0.002290799745044907
0.3004816652160883, 0.2420280381893941, 0.5556180009550498, 0.7390784370104431, 3.04913567129742, 0.002396452877053416
0.3004793301103227, 0.24203051466264613, 0.5556234948340609, 0.7390566202495031, 3.049125068180964, 0.0024072782163485503
0.3004836986511417, 0.24202706998097756, 0.5556156398670467, 0.7391774251670346, 3.049147978707045, 0.002356781314725629
0.30048024346418534, 0.24203974163092523, 0.5556078929010488, 0.7390961246402227, 3.049128686904019, 0.002354227901306209
0.30047791018289344, 0.2420206746386349, 0.5556132471625965, 0.7390963887016151, 3.0491331458510977, 0.0023359062320859607
0.300474966574376, 0.24203585446956097, 0.5556179981020746, 0.7390263554345985, 3.0491598797626214, 0.00240321003997748
0.3004954864384454, 0.24202678148977202, 0.5555901923073118, 0.7391604151378766, 3.049158050028098, 0.0022792071698764494
0.3004792274964294, 0.24201665712877593, 0.5556244458762443, 0.7391153703013833, 3.049131288412684, 0.0023782933548010506
0.3004966360141221, 0.24202265130998352, 0.5555914226254881, 0.7391327493922694, 3.0491212489305086, 0.0022947510060115253
0.3004722333304888, 0.24201809613833702, 0.5556246589554547, 0.7390283863616324, 3.0491708457061417, 0.002409728291635513
0.3004864388788296, 0.24202723189713224, 0.5556112881405331, 0.7391174586338826, 3.0491394241909813, 0.0023432791233290807
0.300491508215847, 0.24203465778499958, 0.555597998667344, 0.7391005476262632, 3.0491477941671175, 0.0023257077279944106
0.3004747481287305, 0.2420179657470435, 0.5556278892291767, 0.7390795390566389, 3.049144179016567, 0.002361522621103931
0.30048364208238454, 0.24201332264535277, 0.5556255823705928, 0.7391487624704705, 3.049107266736646, 0.0023890636015657008
0.30048594029777026, 0.24201868416050626, 0.5556088441426151, 0.7391001559267969, 3.049148106119624, 0.0023249694643228463
0.30049115113094216, 0.24203224193512857, 0.5555956890501955, 0.7390628191975213, 3.0491542221048853, 0.002283236705763968
0.30047967466167114, 0.24202319927055913, 0.5556312501676917, 0.7390572027715183, 3.049129314314155, 0.0023897461673364245
0.30048067269125783, 0.24202274549022187, 0.5556166962034579, 0.7390732185597865, 3.0491140633730875, 0.0023823781604402766
0.30048817139572737, 0.2420238934797906, 0.5556044410694202, 0.7391401029100981, 3.0491543508437444, 0.002314265841894402
0.3004712117173434, 0.24202849082839947, 0.5556132442964149, 0.7390443075532744, 3.049157354468507, 0.0023426630568802436
0.3004851699414099, 0.24203330562938868, 0.5555977765473741, 0.7391035049756317, 3.0491647004686016, 0.002255151005789502
0.3004771360723826, 0.24201759374232037, 0.5556146476919548, 0.7391288213493548, 3.049104782012812, 0.0023657034090702003
0.3004788566259325, 0.24203381130416024, 0.5556033075057302, 0.7390312091648217, 3.0491850967540506, 0.002296777832613382
0.30047355997233893, 0.24202202665853723, 0.5556336048074104, 0.739108740208914, 3.0490992690617555, 0.002460581171843479
0.3004833754343323, 0.2420227909136039, 0.5556033531538654, 0.7391010020004547, 3.0491522439315895, 0.002307542946191551
0.30048878174848304, 0.24201121113618737, 0.5556054491687396, 0.7391704605833126, 3.049121098732785, 0.002259215585784824
0.3004819597418121, 0.24200896975747108, 0.5556189597183411, 0.7391285189878801, 3.049105018851697, 0.0023648628911611086
0.30048373250359606, 0.24202520674099384, 0.5556056628104068, 0.7391020137218351, 3.0491546974221397, 0.0023499357331037743
0.3004983631817376, 0.24202319157177488, 0.5556135664063739, 0.7391453644971773, 3.049093512692355, 0.0023413061330423523
0.3004785782617256, 0.24201760124141605, 0.5556169063925681, 0.7391166277092017, 3.0491336185119615, 0.0024206473947721617
0.30049104446233066, 0.24202014583473455, 0.5556145547103141, 0.7391352387163767, 3.0491292442494498, 0.002419824569523345
0.30047735242228407, 0.24201594304636534, 0.555625852216509, 0.739069405594519, 3.0490987578623687, 0.002394575548325629
0.30048876499618754, 0.2420346083173415, 0.5556135635140933, 0.7391299134316133, 3.0491088799098254, 0.002348220682429287
0.3004708558469122, 0.24202011429748116, 0.5556178203860789, 0.7391346287018055, 3.0491309815669996, 0.0023609790825174734
0.3004712698553199, 0.2420246411955787, 0.5556269829792648, 0.7391259566662306, 3.049092339906149, 0.002419056437144534
0.30049143388210936, 0.24202281533812545, 0.5556179638117178, 0.7390375062928253, 3.04912686122424, 0.0023653657372403516
0.30048944089359964, 0.2420061226671321, 0.5556255823705928, 0.739111856107642, 3.0491161568277136, 0.002388827492522833
0.30048275733528995, 0.24202378265317875, 0.5556099748788558, 0.7391200780777487, 3.049150528490301, 0.002349291442997648
0.3004760231944779, 0.24201388588712539, 0.5556246617672098, 0.7390807710656676, 3.049146697442127, 0.002403115889894108
0.3004820949401146, 0.24201897038587925, 0.5556033987689102, 0.7390975517626032, 3.049137143842642, 0.002318307566184643
0.30048280989417586, 0.24201409132869525, 0.5556132442964149, 0.7391540762343631, 3.049130728761992, 0.002342585454022662
0.3004817933828218, 0.2420223735276247, 0.5556145519101937, 0.7391566134569764, 3.0491415441440095, 0.00235008630337152
0.3004868985588962, 0.2420121383774272, 0.5556278921460187, 0.7391494966818486, 3.0491097673465273, 0.002431377019186045
0.30048676597733004, 0.2420160480896292, 0.5556134268903442, 0.7390762178033978, 3.0491307163727233, 0.002312276952321624
0.30047752502123365, 0.2420279854175737, 0.5556077134323684, 0.7391347792175674, 3.04913256124852, 0.0023010758602154194
0.3004704977942327, 0.24202740918442858, 0.5556102845837125, 0.7390609396665713, 3.0491442462268874, 0.002379055014440759
0.3004752689943743, 0.24199512417690747, 0.5556289755996885, 0.7391302278859821, 3.0491100653344954, 0.0024488204227192875
0.30047951094000275, 0.24201515862351747, 0.5556233151268688, 0.7391135380047245, 3.0491245085379246, 0.002354087944800249
0.3004871073285887, 0.2420184225049537, 0.5556156912320321, 0.7391870199975143, 3.049106670044625, 0.0023541386832404737
0.3004865569086869, 0.24202938892735135, 0.5555945926209678, 0.739122916290786, 3.0491628240105233, 0.0022967837554712604
0.3004824536223564, 0.24200571481484107, 0.5556178203860789, 0.739171327925754, 3.0491220297529673, 0.0023607452523430332
0.3004865198891928, 0.24200185303623198, 0.5556246674862076, 0.739130317531486, 3.049111508396774, 0.002389561937508247
0.30048656510410704, 0.24202145478990292, 0.5556179981020746, 0.7390994077283457, 3.0491421354702584, 0.002403053991850012
0.3004769438080045, 0.24202113899420089, 0.5556255795045391, 0.7391693869680567, 3.049113889356738, 0.0023959764984946472
0.3004864613649526, 0.24201541322019385, 0.5556057027734467, 0.7391403066963448, 3.0491524964947496, 0.0023739919352103243
0.3004901775397907, 0.24202101609326232, 0.5556156512487989, 0.7391670765211813, 3.0491043953015478, 0.0023299663139647237
0.3004938095757977, 0.24203404443119952, 0.5556024818259481, 0.7391065310765103, 3.0491737508603536, 0.0023215343917279575
0.30047732738241584, 0.2420237025206251, 0.555617775691705, 0.7390659264679771, 3.0491678770774238, 0.0023324984268024178
0.30048089303149844, 0.2420113419926178, 0.5555958564467182, 0.7391200801189883, 3.049151742945566, 0.002290689138993252
0.30047952533316175, 0.24202500202830102, 0.5556077105661237, 0.739100771578759, 3.0491523444434745, 0.0023076371064138673
0.3004911281207974, 0.24202240493404772, 0.5556112938574653, 0.7391123280828528, 3.049117612907139, 0.0023298319745992586
0.3004886613679958, 0.24202856649492738, 0.555601268276326, 0.7390795664715131, 3.0491413123974054, 0.0023189622832620704
0.3004779958091118, 0.24201489314723715, 0.5556221786581208, 0.7391354885460276, 3.0491351240692013, 0.002343357659029239
0.30049440789862397, 0.24203105771901762, 0.555597998667344, 0.7391737033019157, 3.0491300788735116, 0.002325785838080085
0.3004708558469122, 0.24202011429748116, 0.5556178203860789, 0.7391164523453604, 3.0491353784087862, 0.0023609402404860314
0.3004937515587332, 0.24203017137260516, 0.55559908683698, 0.7391767499303759, 3.0491467818021483, 0.0022558568727373625
0.30048147504391887, 0.24202983605675077, 0.555596682984469, 0.7390879111011858, 3.0491800379472718, 0.002261824616869829
0.3004808375374927, 0.24202688161850117, 0.5555958599510965, 0.7391362696706696, 3.049134792185083, 0.0023433356727846667
0.30048648157517294, 0.24202536246485082, 0.5556013110974501, 0.7391150906542001, 3.049128358814296, 0.002336522370757256
0.30047748693220644, 0.24201214582582345, 0.5556301584581853, 0.7391658409022434, 3.0490986468866796, 0.002407379629119882
0.30047023766207676, 0.24203490364708036, 0.5556045748357997, 0.7390081236493359, 3.049165897107955, 0.0023433297194522386
0.30048769520008495, 0.2420290311574981, 0.5556136007035399, 0.739115848710807, 3.049130937268775, 0.0023789538984529666
0.30048513554235434, 0.2420135131652585, 0.5556177728798536, 0.7391963812290543, 3.049147724397003, 0.002339188548012355
0.3004721463300782, 0.24202991055755635, 0.555611154032221, 0.7390466766807685, 3.0491696700650825, 0.0022909050309186207
0.3004798335609403, 0.24202536126761115, 0.555612333094474, 0.7390967549163796, 3.0491313774940987, 0.002395769811592946
0.30048667541316215, 0.24201563619812805, 0.5556246627974231, 0.7391177141779977, 3.049136109871874, 0.0024621403685815514
0.30046992805918715, 0.24203033033692634, 0.555639088110854, 0.7390800346080197, 3.049140875413741, 0.002480690142824925
0.3005457905501912, 0.2418991399773822, 0.5556434387920147, 0.7395149412540446, 3.048868322891774, 0.002302688525911921
0.300612031346893, 0.24175557411285006, 0.5556921753418163, 0.7401186480079921, 3.0484000182195587, 0.0023763582020167743
0.30038163669635715, 0.24205376703961576, 0.5556507180764263, 0.7389770325450858, 3.0492816842793835, 0.002547199158346751
0.30034983819886446, 0.24221812855343233, 0.5556350582161609, 0.7385495733497968, 3.0495804688565875, 0.002823512714155423
0.3005431323681438, 0.24205571951404276, 0.5555840900262957, 0.7392790091102134, 3.048999078768479, 0.002325378683479509
0.3005287429374571, 0.24206008376848512, 0.5555626378403486, 0.7392727432406146, 3.0490602543493583, 0.002138430200826352
0.30049506915358326, 0.24196008331198288, 0.5556167061383731, 0.7393849436222442, 3.0489708615376303, 0.0022831006447125504
0.3006042157897987, 0.24178878439209425, 0.5556386003425713, 0.7400556113042827, 3.0487085327162085, 0.0022037937309499567
0.3004632604272508, 0.24197177829554672, 0.5556275666411952, 0.7393016115661909, 3.0491064668296506, 0.002350203845723303
0.3003594719338643, 0.2421365242772851, 0.5556481961376415, 0.7386561910107747, 3.0493786493000363, 0.0028411941687086846
0.30036505749887943, 0.24215452221930733, 0.5556349933693975, 0.7386434657793682, 3.0494063200533694, 0.002795445708002009
0.3004858498366264, 0.24197586362778667, 0.5556357145005433, 0.7392647062536764, 3.048944928471065, 0.002452127435893491
0.3004917281414257, 0.2420117619331175, 0.5556258363906554, 0.7391161276555545, 3.0489665837364037, 0.0024037611178965575
0.3005113924440795, 0.2419643365540117, 0.5556315526787128, 0.7393227158576997, 3.0488598811900185, 0.002471557517619099
0.3005270609572197, 0.2419613509798859, 0.5556281683535249, 0.7394810956517198, 3.048956887247805, 0.002509954004128222
0.3005293557254032, 0.24196668594692933, 0.5556116494009524, 0.7394691449462565, 3.0489885783734305, 0.0024465759927052018
0.3005042528595833, 0.24197305328683882, 0.5556279795736191, 0.7393448340151186, 3.0490376988572807, 0.0024769086662837373
0.30050518167479867, 0.24196258506043278, 0.555641365544579, 0.739444076545945, 3.048964378242018, 0.0025693388650620086
0.3004877636573717, 0.24199779859715742, 0.5556437587708932, 0.7392695024152304, 3.049041208721555, 0.002590298422695177
0.3005018846640462, 0.24197351434270006, 0.5556358318309031, 0.7394092242559621, 3.048981539080986, 0.002534433841755193
0.30049907668100245, 0.24197319964001032, 0.5556525189146233, 0.7393752516788626, 3.0489996416310565, 0.0026009357522299736
0.3003931016005869, 0.2418022828796056, 0.5559516097718369, 0.7393045002829209, 3.048472675835671, 0.004839733008527041
0.30037393043930316, 0.24179385531748313, 0.5559758324941376, 0.7392388210884228, 3.048439532904128, 0.004931428070924838
0.3003770076734426, 0.24177476457855043, 0.5559858079804735, 0.7392541924067029, 3.048422467474709, 0.004984364379407256
0.30038690045045346, 0.24180308071187445, 0.5559681785660712, 0.7392382906765528, 3.048436761108058, 0.0048896340732492586
0.30035604582309816, 0.24179106736399217, 0.5559727136695314, 0.7391758051324059, 3.0485006620886117, 0.004958882351095177
0.300370214247609, 0.24177857116776433, 0.5559713641204085, 0.7392846310560848, 3.0484716952883617, 0.00491647798540656
0.30036606030954294, 0.24177636306632488, 0.5559949085626013, 0.7392190029958976, 3.0484379991921338, 0.00500932333455509
0.30036693947238885, 0.24176979921310163, 0.5559945994264861, 0.7393095331717385, 3.0484119004143455, 0.005026233571337783
0.30035597383956364, 0.24177528383271574, 0.5559900033249602, 0.7392109506706355, 3.048488005567035, 0.0049756348343045
0.30097552977677966, 0.24074638025832634, 0.5561129701278489, 0.7436572845325374, 3.0472119929707215, 0.005458895073474004
0.310536843794536, 0.22819504027675808, 0.5561527826255749, 0.8059661204881896, 3.0314357539747543, 0.005573550398698057
0.3232588167508055, 0.2097394068361261, 0.5561724549908018, 0.8940442726853368, 3.0069922140672456, 0.00573699401395069
0.3321191032493408, 0.19541213972711688, 0.5561815129896791, 0.9595990190094676, 2.9867450807312843, 0.005720169114510473
0.3408193529770613, 0.17968774720874198, 0.5562211328566037, 1.0289168419834114, 2.9634639085164673, 0.005765141671603419
0.3482570452462223, 0.16466829503594022, 0.5562755142633637, 1.0930096838946648, 2.9403183607154304, 0.005843240886166668
0.3495984620044101, 0.16163818763948273, 0.5563180945349229, 1.1055445996285957, 2.9355931025546234, 0.005944868023182359
0.3495490173662316, 0.16170055016767343, 0.5563234993000135, 1.1053478975642923, 2.9357129506637243, 0.005981010992508808
0.34957798985818744, 0.16172052014935612, 0.5563049179179297, 1.1053219143731896, 2.9356952835565875, 0.005896134463710783
0.3495574726638305, 0.1617066078784506, 0.5563293292277376, 1.1052871697548992, 2.935654839180311, 0.006003606708844033
0.34956668444112454, 0.161726662671584, 0.5563104861203542, 1.1052248318369944, 2.935702297584468, 0.0059367175252475375
0.34955896477536696, 0.16172575761119937, 0.5563126053295213, 1.1051909085476121, 2.9357210418383395, 0.005920190340680349
0.34956138281514015, 0.16172790546653737, 0.5563182785566664, 1.1052085918210222, 2.9357142071582216, 0.0059209262550277185
0.3495714566686936, 0.1617161264277808, 0.5563283648262222, 1.1052624941316542, 2.9356412587253935, 0.005986651387753146
0.3495644727693032, 0.1617380474279261, 0.5563161574162466, 1.1052107268733788, 2.93571917726891, 0.0059466335928535195
0.3495615888289349, 0.16171326425427324, 0.5563226669740853, 1.1052140596844076, 2.935729011431293, 0.005955049744210012
0.34955187938162324, 0.16170747367046368, 0.55632922911631, 1.105282673810087, 2.935696098094341, 0.0060555035799204964
0.3495497316843653, 0.161692351570733, 0.5563415525521805, 1.1052458504485512, 2.935652801874282, 0.006011850075659588
0.34956494748105754, 0.16172510612742427, 0.5563205515207201, 1.1052577234756533, 2.9356838207489857, 0.005954052158857806
0.34955075677281366, 0.16171696703453248, 0.556327058039291, 1.1052342009966376, 2.9356754068511535, 0.005961829583055854
0.3495565659379329, 0.16171322699597387, 0.556333688412325, 1.1052400628686427, 2.9356902420251374, 0.005996142681310295
0.34955775439321324, 0.1617216346040427, 0.5563204486713246, 1.1051911931586933, 2.9357197851496672, 0.006004775768181269
0.3495474408086543, 0.16171250107511406, 0.5563202865854239, 1.1052121029348667, 2.9357240974095795, 0.005971083810419477
0.34954950382854716, 0.1617187455836665, 0.5563462399058293, 1.1051794074471144, 2.9356888407256583, 0.006063709837248295
0.3495635287961612, 0.16171061009612708, 0.5563016623924618, 1.1052245330589294, 2.935702820913885, 0.0058945920659506205
0.3495534200260221, 0.16171195062797766, 0.5563270598862095, 1.1051953397325758, 2.935678691096544, 0.005952907909348768
0.3495586943478499, 0.1617136565865539, 0.556316997409787, 1.1053124342224299, 2.9356694218381265, 0.005936879481430769
0.3495592792744637, 0.16172153153678442, 0.5563215870058221, 1.1052736427375085, 2.935671660664069, 0.006012796428459366
0.34954735107506885, 0.16172281069072195, 0.5563270542933392, 1.1052066168226498, 2.935708852290782, 0.00597975122474169
0.3495612861478435, 0.16170996161908374, 0.556319263102405, 1.1053588605863804, 2.935685538417069, 0.006005279434194816
0.34954287645938664, 0.16172160195837212, 0.5563637534000657, 1.1052481070897895, 2.935656017178031, 0.006164311273824877
0.34956794419543946, 0.16171756007285204, 0.5562894651157039, 1.105276609354559, 2.935736072261346, 0.005829869257442224
0.34956073106704644, 0.16172573725331335, 0.5563215458774952, 1.1051774203102185, 2.9357363161358725, 0.006013568952480307
0.34952288350149663, 0.1616905508654924, 0.5563602435364322, 1.1052282584160968, 2.9356581694828563, 0.006138032861961022
0.34953028315803975, 0.16168238873939053, 0.556359293152934, 1.1052419549047274, 2.935641678818022, 0.006087651584849034
0.34954555822381783, 0.16169748522268462, 0.5563381939649054, 1.1052851955529175, 2.9356491956887987, 0.006063004112011504
0.3495454079667153, 0.16170614877063558, 0.5563450003469782, 1.1051851429546329, 2.935703215134103, 0.006097630328181614
0.3495420612352237, 0.16170314880055833, 0.5563505287876982, 1.1052164338771202, 2.9356795856740687, 0.006130814255607999
0.3495409325462612, 0.16170804111390338, 0.5563516654050638, 1.105232445582118, 2.935667674895663, 0.006147489360788798
0.3495488894997149, 0.16171069135961064, 0.556349552303963, 1.1052547043102046, 2.9356190618650038, 0.006137439666754478
0.34955319032687737, 0.16169528136095132, 0.556353901292443, 1.105336031128597, 2.9356226754547934, 0.0061639467855658875
0.34953661093884736, 0.16170418822859622, 0.5563562328708421, 1.1052479256398218, 2.9356556931399473, 0.006164750855536472
0.3495506723189853, 0.1617062918171407, 0.5563506816523133, 1.1053028963664935, 2.935640465886364, 0.00618929855068778
0.3495313418660378, 0.1616906977047613, 0.5563581724933135, 1.1052580145516728, 2.935629505085457, 0.006146477587626809
0.3495282664432243, 0.16169979825180755, 0.5563593091362047, 1.1051681315709376, 2.93565736144115, 0.006162972846487769
0.3495559918819942, 0.1617096881440799, 0.5563326479594803, 1.1052059062177593, 2.9356501847962617, 0.00606084122080115
0.3495391152890085, 0.1616961276808441, 0.5563539651354072, 1.1052050268255447, 2.935649351683492, 0.006104824332562844
0.34953385536562, 0.16170769206105529, 0.5563550962401802, 1.1052320345621924, 2.9356676588059627, 0.006148255328003483
0.34954702458647535, 0.16170308557663318, 0.5563605719965342, 1.1052491452904938, 2.9356032742832565, 0.006187005866189853
0.3495477486018031, 0.16170674218542141, 0.5563472753557888, 1.1052129146889458, 2.9356695328862776, 0.00612196945051577
0.3495370574901726, 0.16170016727187417, 0.5563663035709705, 1.10521714464011, 2.9356268061136688, 0.006155285877497626
0.34954220855997575, 0.16170176696408364, 0.5563683601736242, 1.1052405252138682, 2.9356352141467226, 0.0061889614577597465
0.34955643059042596, 0.16171149547514602, 0.5563404104812941, 1.105222001320712, 2.935637664672825, 0.00611935944953966
0.34954859618597506, 0.16168976972696528, 0.5563505306001127, 1.1052654716187469, 2.9356496879992178, 0.0061218492608273774
0.34954134506111284, 0.16170395656482736, 0.5563505270061613, 1.1052554536569001, 2.935676193907684, 0.006139647110972618
0.34954203702462655, 0.16170614748621456, 0.5563448216570712, 1.105246359083056, 2.9356519781933668, 0.0060961961845219965
0.3495319999907661, 0.16170458611376767, 0.5563639811304517, 1.1052105580047111, 2.9356644115804613, 0.006139424004684597
0.34955551946048463, 0.16170621559734163, 0.5563326370255448, 1.105316130747078, 2.9356769896525283, 0.006113955941201723
0.34953884085580444, 0.1617151004107187, 0.5563582967791949, 1.1052211829236411, 2.9356375162914277, 0.00616319828821313
0.34953724185242147, 0.16170186002438477, 0.5563550998599119, 1.1052248421011195, 2.9356477072121985, 0.006130592686145719
0.3495518350880212, 0.1617014632106039, 0.5563607542306207, 1.1052859637747814, 2.9355951417463255, 0.006171134971802666
0.3495447341275105, 0.16170698667972086, 0.5563539441911162, 1.105217744756707, 2.9356269862024233, 0.0061539044136414475
0.34953082489624865, 0.16168576056700432, 0.5563682358333084, 1.10520675338138, 2.9356537842002757, 0.0061722409859423285
0.34954180430102694, 0.16169404117364558, 0.5563685750039548, 1.1052525548162226, 2.9356132065641036, 0.006197368542638672
0.3495502528046552, 0.16171493034184184, 0.5563303692630807, 1.1052030306842828, 2.9356975150228215, 0.006054470678876581
0.3495425540873199, 0.16171105623387128, 0.5563349778942305, 1.105174066781551, 2.935673351874128, 0.006070430953598678
0.34955114246379354, 0.16169203129399123, 0.5563416019311613, 1.1053186871853007, 2.9356299118971614, 0.006121278882677124
0.3495503224108423, 0.16172825611745809, 0.5563396262126422, 1.10521878044995, 2.9356847590216737, 0.0061144994920883985
0.349546538541842, 0.1616938095104485, 0.5563628690771377, 1.105260082319759, 2.9356337078401715, 0.006172265231085661
0.34952011978030034, 0.16175164896399324, 0.5563628708844135, 1.1049924006369698, 2.9357235531174632, 0.0061641073810328965
0.34943680190161475, 0.16195689382109346, 0.55633162669088, 1.1041730356100121, 2.9361100835241203, 0.005991528813635916
0.3492931439368855, 0.16222388355129794, 0.5563404428121037, 1.1030364696591803, 2.936503939675513, 0.00605210942898367
0.34903514348992465, 0.16260458425166494, 0.5563757228245098, 1.101183244536401, 2.9371831033445535, 0.006149547058002925
0.3487214997885951, 0.16305728985071133, 0.5563576761893054, 1.0991228708724607, 2.9379530110076137, 0.006128711649306865
0.3483614710209928, 0.1636519719825906, 0.5563341652810861, 1.0964399502045685, 2.938989050291927, 0.006009972992660558
0.3479741659378467, 0.16435767912124324, 0.5563143764119022, 1.0934478082092183, 2.9401087487202346, 0.005935083367881725
0.34747816778468177, 0.16513784117225763, 0.5562973098518011, 1.089891980757511, 2.9414407426014613, 0.005843422575774938
0.34692884217866904, 0.16600511336660875, 0.556323515681932, 1.0859691621142564, 2.9428610382693523, 0.005996030693187466
0.34636165759308346, 0.1669641574978589, 0.5562785988077628, 1.0818236945004476, 2.944441948597489, 0.005747642880523417
0.3456688847351936, 0.1680866200438637, 0.5562750169980288, 1.076776673984532, 2.9462925376717135, 0.005736294903376953
0.34489966432289026, 0.16933252859044398, 0.5562709625074563, 1.0710115516404797, 2.948424007135356, 0.005683340337376894
0.3441279305263451, 0.17061766690883898, 0.5562551805654258, 1.065291382540076, 2.950452172653666, 0.0056395817286749765
0.34325665561065277, 0.1720308622806541, 0.556262087689238, 1.0589149738790244, 2.9527723677613853, 0.005648117650842987
0.3423213587915554, 0.17356975798844984, 0.5562345896367763, 1.052169608405215, 2.9552324298151658, 0.005506196645144086
0.34137076025988605, 0.17510778799336504, 0.5562249749771473, 1.0450607006550194, 2.957677725555058, 0.005397925896804821
0.3403167690286551, 0.17685201152229463, 0.5562055538092178, 1.0372918771735462, 2.960455171838121, 0.005401543105905111
0.33928648399061806, 0.17852638328361237, 0.5561846280569234, 1.0296290249503397, 2.963138028821878, 0.0052526519008909665
0.33824074631408724, 0.1802467480711033, 0.5561471163647173, 1.0219341175336567, 2.9658434529374276, 0.005086685645320234
0.33718768443432656, 0.1819712655146014, 0.5561464970925314, 1.0142099404359184, 2.9685194247404176, 0.005056800195882547
0.33615287585234416, 0.1836577861236662, 0.5561413429404732, 1.0066087350723225, 2.971086585146299, 0.005075891311472883
0.33510371431250746, 0.18539091429255017, 0.5561264349299003, 0.9987632681984349, 2.9737580744164083, 0.005002959601086936
0.3340449995512594, 0.187110873746995, 0.5561047240915522, 0.9909664425752724, 2.976395386354709, 0.004912995871844515
0.3329692156014653, 0.1888717122357957, 0.556096251491326, 0.9828881251344745, 2.979013903054374, 0.0048829500581664435
0.3319425481327693, 0.19053180653891041, 0.5560637048047621, 0.9754115804057976, 2.9815482504533777, 0.004681892882413753
0.33088815130529375, 0.19227635794993822, 0.556066512022225, 0.967541299174721, 2.9841423163957423, 0.004674664868834119
0.32985243025051697, 0.19396445310581714, 0.5560430400209274, 0.9598270126594574, 2.9866046224012535, 0.004585752750920858
0.3288116494261363, 0.19562488176538845, 0.5560225925780161, 0.9522731787739608, 2.9890201094163587, 0.004411625551184657
0.32774390958009064, 0.19738296212252918, 0.5560347071299481, 0.9441586322175007, 2.991584266200126, 0.004440561631512188
0.3267105814297861, 0.19906135385430784, 0.5559901294095235, 0.9365617882635694, 2.994051824091753, 0.004218630571658618
0.32565372770630113, 0.2008247035724809, 0.5559881275634792, 0.9285992721881553, 2.9965343738291357, 0.004297133440261415
0.32462146652030394, 0.20247836328801758, 0.5559860410325028, 0.921077380215104, 2.998855825713314, 0.004291190152182943
0.32351774785610093, 0.20424981600745276, 0.555970530175061, 0.9129988388448909, 3.0013483882545873, 0.00425848763422466
0.3224978380557498, 0.20595775344576317, 0.5559255887587721, 0.9051541304114471, 3.00370623524387, 0.004033391929551423
0.3214823275689857, 0.20761337102067337, 0.5559056821410391, 0.897642198421897, 3.0059968145066533, 0.003946962201554638
0.3204004818097403, 0.20942406124134122, 0.5558773621200147, 0.889438972389542, 3.008468439675727, 0.003777879870391696
0.31938930050280157, 0.2110875698049434, 0.5558635594747238, 0.8819012145677794, 3.0107370052481026, 0.003783928795636616
0.31831482663736393, 0.21284219593629902, 0.5558518884815306, 0.873833569275766, 3.0131408986406196, 0.003688176671786528
0.31728867930854193, 0.2145009121461598, 0.5558345951382605, 0.8660813999013959, 3.0152762266233926, 0.003512557591340329
0.3162634261765443, 0.21617151581499153, 0.5558393747232221, 0.8584915915032468, 3.0175009881280843, 0.003499577938960089
0.31517816812260707, 0.21792114015598804, 0.5558366149860218, 0.8503766803280293, 3.0198020754862256, 0.0034755260849374187
0.3141734870795881, 0.21958994220303515, 0.5558042385981502, 0.842770654810241, 3.0219679133962782, 0.003387841053516107
0.313097102573248, 0.22137008299243235, 0.5557786936517627, 0.8345392854433326, 3.024272247775926, 0.0032518779769009397
0.3120256810780726, 0.22309413321176624, 0.5557782322774865, 0.8266538428773835, 3.026486630278885, 0.0032560446261410718
0.3109969081809626, 0.2248142202838359, 0.5557516649284974, 0.8187709166343565, 3.028634265154862, 0.003171546454451556
0.3099324250856725, 0.226533463715952, 0.5557331936543533, 0.8107280925040984, 3.030773343032712, 0.00304670240803337
0.3089320271649161, 0.22817292655808025, 0.555741542000519, 0.803237820719091, 3.0327926346861123, 0.0030349399439171987
0.30789033002941524, 0.22987690124798557, 0.5557291757882556, 0.7952693988087994, 3.0348369520476406, 0.002974428631611479
0.3069724657665457, 0.23136821940235164, 0.5557063013356586, 0.7883752185140762, 3.0366921757843777, 0.0028378622641687143
0.306109836968615, 0.23279355826381148, 0.5556913268711345, 0.7819551952582127, 3.038346284420516, 0.0027848466266803054
0.30526162097917153, 0.23411609921931384, 0.5557138182083018, 0.7756092288222896, 3.039989897851351, 0.002846685486261194
0.30455789172243736, 0.23532363110642696, 0.5556577344292377, 0.770132765600999, 3.0413974886163095, 0.002601614591987923
0.3038718495690246, 0.23644407581670546, 0.5556516223740324, 0.7650700999223757, 3.0426749289501127, 0.0025712665759015617
0.30324931585801174, 0.2374662739546953, 0.5556705902458665, 0.7601796283402945, 3.0438604254742043, 0.0026957729915794543
0.3026797889066582, 0.2383868783151975, 0.5556554115687835, 0.7560146835063349, 3.0449378645253415, 0.002606592343223651
0.3021958593660467, 0.239183286436503, 0.5556487785183641, 0.7522856404040158, 3.045813100219192, 0.0026029044137080956
0.3017904897665302, 0.23990173592951453, 0.5556090514172592, 0.7489057806487649, 3.0467089891021235, 0.002363589732705244
0.3014015548951779, 0.24050292622477668, 0.5556135187235756, 0.7462018000160386, 3.0473491223105893, 0.0024152567792622447
0.3011010423542756, 0.24102889131271013, 0.5556181592551364, 0.7438531868256584, 3.0479385575310034, 0.0024689879151695467
0.3008577810518868, 0.24140517310177434, 0.5556334750567905, 0.7419772971285238, 3.0484200063223947, 0.0024850965271611108
0.300686154580767, 0.24169872143318255, 0.5555947139413272, 0.7406290327064535, 3.0487602251652395, 0.002333555350451051
0.30055458445176597, 0.2418801005789005, 0.555616773440014, 0.7397457011296489, 3.048937629270652, 0.0024337549758106465
0.30049766883951656, 0.2419733161533361, 0.555637879192777, 0.739262240369122, 3.0490145670370037, 0.0024918869341386063
0.3005144735040322, 0.24200793323477698, 0.555594837929742, 0.7392447221537733, 3.0490233906791295, 0.0023137184391597426
0.300508623739286, 0.24198562417973862, 0.5556059444791378, 0.739190886164755, 3.0490434809979567, 0.0023383785591681943
0.30051250315551015, 0.24200687753511296, 0.5556236436728647, 0.739186965009056, 3.0490227892255857, 0.0024260213029806722
0.3005143209192892, 0.24199569875292148, 0.5556258197271656, 0.7390948973505591, 3.049039050117602, 0.0025022491299460698
0.3005175753659328, 0.24201425168973348, 0.5556083070875497, 0.7388199030382341, 3.049102748650093, 0.0024601265613808415
0.3005033419790225, 0.24200496861544823, 0.5556317928170454, 0.7392380818721077, 3.048985213983743, 0.002633322862384617
0.30051618819095466, 0.24201415300560794, 0.5554065508876348, 0.7393236411581734, 3.0489999868435853, 0.0024314125033623596
0.3005205762271311, 0.24201707853137355, 0.5550049250444046, 0.7398756530615318, 3.049018579922021, 0.001915530854791862
0.30049712822119523, 0.24202935991176222, 0.5546126864196913, 0.739750221732983, 3.048998649285182, 0.0021065259607662536
0.30050025895778365, 0.24202790747400704, 0.5540899312826119, 0.7405870436844082, 3.0488726359641753, 0.0020492315916466686
0.3005231119734907, 0.24204798386576473, 0.5534070214283674, 0.741278224208627, 3.0487784577897474, 0.0017879754749929413
0.3005151708951094, 0.24200687715347452, 0.5526590332275912, 0.7419433849680519, 3.048633061921045, 0.0017542064552480397
0.3005484082681506, 0.24199289366896065, 0.5516932450098204, 0.7425876839253617, 3.0485495321415614, 0.0014313039649856954
0.30056249333153273, 0.24197581098632026, 0.5507109412345754, 0.7433368444282704, 3.0483972195942806, 0.0015471170747591689
0.30059460713284814, 0.2419694340714924, 0.5496422933795629, 0.7446451182469483, 3.0480575563997805, 0.001652995180938922
0.3006228436876271, 0.24195424892563425, 0.5483235370317499, 0.7458206929627488, 3.047810509009145, 0.0011872919411422564
0.3006305283054155, 0.2419082192443636, 0.5469527294772757, 0.7470350834722604, 3.0476252547735196, 0.0010667944933373619
0.30065610744144367, 0.24192967719125935, 0.54547490478226, 0.7485821603848536, 3.047272051459031, 0.0009179186726103758
0.3006870865712607, 0.24191565853093622, 0.5437187764392954, 0.7499875281976527, 3.0471147110693844, 0.0006372403698631506
0.30072803643793, 0.24191050749123832, 0.5420579034603352, 0.7516747586952396, 3.0466735516422596, 0.0006366864936249669
0.30077376862944805, 0.24189120852997364, 0.5401390551302033, 0.7534483272415686, 3.0463451661777485, 0.00013232628576219398
0.30082764825636155, 0.2419218772058367, 0.5382396566974762, 0.7550982370205035, 3.0458687290921893, 0.0003488933959372848
0.3008809288834691, 0.24189589609007817, 0.536107170289039, 0.7572198877549959, 3.0455250276554593, -0.0005174448335939754
0.3008893057249457, 0.24182480240085513, 0.5342352079080164, 0.7588747459198415, 3.045080871482958, -0.0003399079396246557
0.3009215607765397, 0.24182207193245367, 0.5321513418471511, 0.7609774265014945, 3.0447186892223255, -0.0006959950156225476
0.3009527940744064, 0.24180033381004057, 0.5302075375343623, 0.7626034527058035, 3.0443189288482295, -0.0008985316951847671
0.3010059034001397, 0.24183375068121568, 0.5281293175783676, 0.7645731275883935, 3.0440515921069853, -0.0013583872834967365
0.30103844649228867, 0.24177853334495078, 0.5262212503099895, 0.7664115793100246, 3.043571930117401, -0.0013543291272822698
0.3010710333970378, 0.24178593578374125, 0.5240944226024769, 0.768362526144438, 3.0431375380284607, -0.0016664620347583638
0.30113185742087273, 0.2417831576361871, 0.5221273580567183, 0.7700818695937078, 3.042793355398744, -0.0017845348724100374
0.3011690231930278, 0.2417659326446202, 0.5200681802688225, 0.7722914271689532, 3.0424055515112163, -0.0023534789994416193
0.3012000705593807, 0.241750984110293, 0.5181491479260295, 0.7736778415390287, 3.0420496378501776, -0.0023014911747630735
0.3012396923824023, 0.24174545472077097, 0.5160225249590904, 0.7759146150060842, 3.0416979780327225, -0.003067235035153668
0.3012529733619102, 0.24170433181577264, 0.5141413575758713, 0.7776745412596813, 3.0412017737471877, -0.0028378405720310175
0.301295350464361, 0.2416824876501102, 0.5120809430180483, 0.7794277980551085, 3.0408411915973215, -0.0031757391919829472
0.3013303584495498, 0.2416772913052555, 0.5101490256290568, 0.7814391842381446, 3.0403562244328777, -0.00338375657529436
0.301380805431271, 0.24166490393760393, 0.5081419792710948, 0.7832491515721998, 3.040072358977137, -0.0037284952377197975
0.30141724165427497, 0.24167901758314672, 0.5063820106412051, 0.7849350033190481, 3.039609525731178, -0.003629691959928432
0.30145023890025285, 0.24162612591804827, 0.50462182400183, 0.7867360905777093, 3.039250654858657, -0.004094384894622387
0.3014624061460858, 0.24163299767651542, 0.5029692903116627, 0.7878161991082181, 3.0391233529348516, -0.004636171010766562
0.3015068351820875, 0.24161027454323544, 0.5015074083367377, 0.7894896190175521, 3.038735466479008, -0.004673317768709526
0.3015103362819536, 0.24161626871299313, 0.5000800327024958, 0.7905844924856464, 3.0385346764698875, -0.005032380182832041
0.30151604749160227, 0.24157773714128633, 0.49891150647944016, 0.7917019706257311, 3.0384315725368776, -0.00493159347650965
0.30152094130771706, 0.24161097636456635, 0.4978264295646976, 0.792791533185374, 3.0382328686574813, -0.005007155434681887
0.30156560078092615, 0.24159332191758598, 0.4968181637233628, 0.7938913083833432, 3.0378663939730624, -0.005273606542394039
0.3016096332082624, 0.24160220759943207, 0.49592543373135756, 0.7947297188443411, 3.03754670469411, -0.005332926001788798
0.3016192388536367, 0.2415724496838471, 0.4951667946798236, 0.7952726479798012, 3.0374632833149553, -0.005502409831441525
0.30163406118152275, 0.24156766678543606, 0.49458649384978176, 0.7960758906983009, 3.037261053901878, -0.005399111124751316
0.3016338235152056, 0.2415550882141125, 0.4941302791925407, 0.7964940567262587, 3.0370903871717028, -0.00527223586276054
0.3016531577815966, 0.2415806978046408, 0.49371451766665486, 0.796848384433317, 3.0370619911381875, -0.005398666321938986
0.3016496266665683, 0.24156764532085903, 0.4934564639595678, 0.7971503752038207, 3.036921460989383, -0.005373057242969825
0.30165916982669694, 0.24154607222885943, 0.49330859408060046, 0.7971424529203606, 3.0369500927931483, -0.005379473682780503
0.30165752987029126, 0.2415531902588683, 0.4932801139882969, 0.7972492230106119, 3.0369836774773433, -0.005364535903629705
0.30165338231791466, 0.2415417491799431, 0.4932741338558879, 0.7971405216704655, 3.036943639778007, -0.005462827825588494
0.3016577874721123, 0.24156150401343762, 0.4932846337445933, 0.7971978857109773, 3.036933852130316, -0.0053197320400031846
0.3016624388122383, 0.24155667318140916, 0.4932846382402768, 0.797246958091489, 3.036897993846319, -0.005332345155386003
0.3016501200545632, 0.24154661066228905, 0.49329560731482014, 0.797190866787867, 3.036908668040683, -0.0053147053352149976
0.3016590639742001, 0.24154578623544673, 0.4932991445489417, 0.7971924060820659, 3.0369116234892375, -0.005273181456251538
0.30166005366580584, 0.24154345997421905, 0.49328094498134767, 0.797172257183704, 3.0369101628757416, -0.00535650365580142
0.3016702177246021, 0.24154041812394464, 0.4932840735580937, 0.7972881710214069, 3.036906411425324, -0.005303627516190076
0.30166318754424937, 0.24153806938404898, 0.4932809381728488, 0.7972172276404952, 3.036933064265938, -0.005337462742729491
0.3016620680529775, 0.24153452022352495, 0.4932978605330028, 0.7972649534363954, 3.0368925685282036, -0.005273187235270021
0.3016580362152467, 0.24152871065317005, 0.49329409327876317, 0.7972666128942617, 3.0369006152721374, -0.005309104294878833
0.3016636925255192, 0.24153492746668476, 0.4933103749020988, 0.7972231411329675, 3.0368795824597696, -0.005226744664289446
0.30166840800070427, 0.24153783628081765, 0.49328661022078296, 0.7972715656600798, 3.0369189957449594, -0.005338122114494254
0.3016675863270573, 0.24152476846175028, 0.4933081103230837, 0.7973089312859737, 3.0369116872537694, -0.005236528544594899
0.30166409198503746, 0.24153150842675264, 0.4932978583143342, 0.7973225154777053, 3.036888796902835, -0.005266918458217051
0.3016701628598862, 0.24154035195019932, 0.4932786090863099, 0.7972709974109401, 3.0369148987604424, -0.005320565705010179
0.30166671669793205, 0.24153342194082406, 0.493289859498983, 0.7972825820742554, 3.03688371478551, -0.005255647871334319
0.3016671937774437, 0.2415497329533761, 0.4932875041464341, 0.7972649008878457, 3.036888437737613, -0.005256314961435904
0.30166950068716314, 0.24152564163960508, 0.4932875995081809, 0.7973809660934349, 3.0368891464651644, -0.005278205928974797
0.301664481232011, 0.24152216108503227, 0.4933022596524028, 0.797348445937097, 3.0369128129840592, -0.0052301444359748725
0.3015740321187224, 0.24153991152502574, 0.4933660347460248, 0.7973787403765903, 3.037652938320335, -0.005437543234667526
0.3015828143482576, 0.24152719228109573, 0.4933795175297727, 0.7974079832376378, 3.037613008471423, -0.00535588397914755
0.30159604581029625, 0.24155024042632922, 0.49335959980047434, 0.7974171191865385, 3.0376462495094536, -0.005395970508794224
0.30158996812067784, 0.24152983995443375, 0.49336257980485576, 0.797430875713798, 3.0376279006872657, -0.005444694933838831
0.30158372714229487, 0.24153638566200084, 0.49337852694691603, 0.7974286089160039, 3.0376202072181253, -0.005409370575057702
0.3015733833251538, 0.24152724131195497, 0.49338623577841856, 0.7973326530203408, 3.037625308796304, -0.005379894858317141
0.30158730842070003, 0.24154162563913137, 0.49334809281126546, 0.7975062246684365, 3.037615994185084, -0.0054791917780600465
0.3015905913688001, 0.24153072475448037, 0.4933637071838127, 0.7974481402348605, 3.0376191837632103, -0.005427077666967139
0.30157775836727635, 0.24154915461218213, 0.49336290804698135, 0.7973855566787841, 3.0376785950645906, -0.00544233908066711
0.30158383064759414, 0.24153467593331324, 0.4933603266534539, 0.7973751436497285, 3.037639125876841, -0.005486344557848671
0.3015829137122872, 0.2415468147945491, 0.4933765473628767, 0.7973611702734699, 3.037656896023843, -0.005378270272688534
0.30158761489521185, 0.24153617717526837, 0.4933617837483924, 0.7974534172375991, 3.037641683795987, -0.005472790268216424
0.30157946320944706, 0.24152808939754175, 0.4933726939750985, 0.7974546288116039, 3.0376439035235454, -0.005371897040233986
0.3015866208554629, 0.24153277251066096, 0.49337852694691603, 0.7974106094563969, 3.037624996075, -0.005409399988356809
0.3015809742827136, 0.2415128076222003, 0.49337828482677903, 0.79750799434508, 3.0376267192312696, -0.005413461310945953
0.3015855140340279, 0.24154087935415566, 0.4933799856105266, 0.7974499413765808, 3.0376260241701725, -0.005402269715575719
0.3015765403442476, 0.2415278807998552, 0.4933750063437015, 0.7974321975392944, 3.0376348356510867, -0.005419904152017305
0.30157937408824254, 0.2415240161885612, 0.4933761276637362, 0.7974431339475607, 3.0376746079871615, -0.005376620383392107
0.30158504077738624, 0.24154616897059344, 0.49336745695743706, 0.7973778898181678, 3.0376501335569865, -0.005479846419034647
0.3015802557790006, 0.24152917791313644, 0.49339089602457614, 0.7974508904606531, 3.0376283533708217, -0.005301396553296018
0.30157396643583545, 0.24153581416426084, 0.4933694684477875, 0.7973854080205174, 3.0376787382082426, -0.005442322413707906
0.30157643374315235, 0.241521803336425, 0.4933805396245101, 0.797433356083374, 3.0376379873574995, -0.005378246134633343
0.30158531785877757, 0.24153093487919627, 0.49337058069814704, 0.7974313484644077, 3.0376319790788626, -0.005462236351208947
0.30157932382577995, 0.24153191870418877, 0.49337629036030956, 0.7974322366437989, 3.0376348358736527, -0.00541989852490151
0.30158765431683693, 0.24155000236943663, 0.4933516663134345, 0.7973808289749408, 3.0376617373415735, -0.005532734338359587
0.30159066026079084, 0.24155227696553055, 0.4933529454405204, 0.7974439153153997, 3.0376800629254577, -0.005513515438422055
0.30158653423221454, 0.24154237666642073, 0.4933594743216575, 0.797397473804752, 3.037648023823009, -0.0054376077005159175
0.3015829908426439, 0.2415353647681699, 0.49336601657439805, 0.7973951774773058, 3.0376414331564687, -0.005462259674956821
0.3015865968457256, 0.24153468245796364, 0.49338252259692866, 0.7974511826046494, 3.0376339438980735, -0.005436776038742721
0.30157918198623135, 0.2415533450342198, 0.49336176548158395, 0.7974151267073823, 3.0376443503209156, -0.005497419613328902
0.30157899413035133, 0.24153335621031627, 0.49337172470730034, 0.797435267599998, 3.037645708635717, -0.005413477762139443
0.3015767509295476, 0.2415341003666928, 0.4933808559990461, 0.7973567314640622, 3.037643146302237, -0.00542627489352341
0.3016000227746768, 0.2415366387642941, 0.4933698680909925, 0.7975045624744258, 3.0376127483306274, -0.005462242747301337
0.3015866747448058, 0.2415387592840158, 0.4933788613248676, 0.7974812066180851, 3.0375986333273284, -0.00543268182589488
0.30157813386145305, 0.24153021704453145, 0.4933797270804345, 0.7974329415585008, 3.037638855025245, -0.0054374828781283135
0.30158353394351506, 0.24153217016686754, 0.4933705776173343, 0.7974552206484127, 3.0376489939988947, -0.00544940227251123
0.3015861740155444, 0.24154780235602832, 0.49335832867439033, 0.7973962523700517, 3.037645209669609, -0.005479883523870937
0.3015842636201791, 0.24154687463875588, 0.49336060170115087, 0.7973965368862157, 3.0376440639233477, -0.005419980710265103
0.3015905075288442, 0.24154037387447683, 0.49336289128250743, 0.7974353960846544, 3.0376466119645253, -0.005473499196697122
0.30158058367059126, 0.2415357151971392, 0.4933648861402959, 0.7974564486359925, 3.0376527501232395, -0.005467014384874157
0.30158554178624025, 0.24151561008348713, 0.4933795719824496, 0.7974656991020224, 3.0376145735831006, -0.005426300217836866
0.30158083457201346, 0.24153218894726053, 0.4933774192918468, 0.7974285295717263, 3.0376200522552526, -0.00540867118729088
0.3015763690869679, 0.24154308996527954, 0.49337851933550714, 0.7974433117005764, 3.0376746203674108, -0.005377258258634846
0.30158412576803634, 0.24155053699623544, 0.49335945143301263, 0.7974040593653088, 3.037673894315563, -0.0054430713054006786
0.30158886139247165, 0.24153794682298013, 0.4933640384686773, 0.797433644872523, 3.0376385697197534, -0.005437584376025916
0.30159312106777336, 0.2415442070759878, 0.49334710060277104, 0.7974748988669327, 3.037648573469466, -0.005526368137387254
0.3015794201604124, 0.24154375385648505, 0.4933606533524151, 0.7974236218179549, 3.0376769286902787, -0.005477555142574307
0.30158718757108516, 0.24153358930191998, 0.49337396283501767, 0.7974107404745514, 3.0376249205814476, -0.005409423361614465
0.30159260796777604, 0.24153567105672494, 0.49334468952078775, 0.7974754348188027, 3.037652628805099, -0.005544000758519661
0.3015973634268691, 0.2415505620050518, 0.49330976680784333, 0.7974674401195516, 3.037700613947006, -0.0057392091342953295
0.30157825204745503, 0.24153083087427865, 0.4933198575938899, 0.7974370760839168, 3.0377422147788447, -0.005880681830269918
0.30160197405058037, 0.2415421732933557, 0.49326686834034816, 0.7974925019784347, 3.0377351370765235, -0.006136859679376495
0.3015897792005962, 0.24155987277719865, 0.4932298199325898, 0.7974033354828768, 3.0378483259408924, -0.0064065822998287175
0.3016129350917593, 0.24153911420797033, 0.4932288627701681, 0.797509213601096, 3.037735703793113, -0.0064930927704062195
0.3016106200236854, 0.2415342918706573, 0.4931787797644145, 0.7974555165804533, 3.037762207588732, -0.006826109610872842
0.3016156747076373, 0.2415556607519075, 0.4931697451756297, 0.7973373284497026, 3.037680070975968, -0.00684926240312617
0.30162701158346056, 0.2415449142142836, 0.4931868293734985, 0.797335086980504, 3.037598356297423, -0.006834901718988793
0.30163499864713134, 0.2415388711468191, 0.4931699073213235, 0.7974387068131035, 3.037622711468654, -0.006886158665048839
0.301625024344049, 0.24154211712451024, 0.49317206816313025, 0.797339502001541, 3.037617890031528, -0.0069229940030352995
0.30162430292120507, 0.24153513775838392, 0.4931880322268585, 0.7973942088645566, 3.0376026979334987, -0.0068629476180120915
0.30162172461456044, 0.24153513438010993, 0.49320173430969544, 0.7974136007554721, 3.0376000203045774, -0.006761330780362883
0.3016358986745037, 0.24153250285250402, 0.49318001389412885, 0.797461364594362, 3.0375618525689934, -0.006876508265481569
0.30161957985553933, 0.2415341625672946, 0.49319244198933043, 0.7972993394364939, 3.037611844502538, -0.006851790486837639
0.3016275933497687, 0.24154773175551783, 0.49318016652748325, 0.7973772171720861, 3.0376113899367865, -0.006881287369933524
0.30163407175382456, 0.24155122307728222, 0.4931677540640135, 0.7973622005441288, 3.037627013057884, -0.006874942802592825
0.30162776147357984, 0.2415401500939387, 0.49318457448388886, 0.7973944190280583, 3.0376027771405947, -0.006863670448717962
0.3016370177707659, 0.24156140681165783, 0.49316919516415975, 0.7973238992802365, 3.037629530101354, -0.006898979961385902
0.30162727536595374, 0.2415434140783789, 0.4931857048201935, 0.7974242562277829, 3.037567372098167, -0.006858834401341422
0.3016283852404805, 0.24154103567983215, 0.4931857009541876, 0.7973570283858629, 3.0376084914154884, -0.0068460816128010915
0.30162172461456044, 0.24153513438010993, 0.49320173430969544, 0.7973955017452761, 3.037604798009061, -0.006761340782344768
0.30163759028751297, 0.24153294181630164, 0.49317334726055695, 0.7973819717184809, 3.0376303406821004, -0.006910169332451213
0.3016344545015287, 0.2415420649220338, 0.493165346644323, 0.7973967475763141, 3.0376103760203144, -0.006898996718357292
0.30163425000399385, 0.24155937059786797, 0.4931658139849534, 0.7973839590867043, 3.037637859550856, -0.006945339307573192
0.30162106330971233, 0.24152263248508601, 0.49319003044784443, 0.7973575435463374, 3.0376124510419817, -0.006862975826647023
0.3016267991310634, 0.24154649331153705, 0.4931938725247672, 0.797372723669569, 3.037591701221166, -0.0067924951980461515
0.30162611629370956, 0.24153772444660845, 0.49318572073780714, 0.7974107771661489, 3.0375899704800093, -0.006827742626492752
0.30162817285661453, 0.2415349828878048, 0.4931846000823604, 0.797330154994003, 3.037580375675665, -0.006864646667340817
0.3016205717905445, 0.24154725531129273, 0.4931950555437153, 0.7972870321086789, 3.03763849389007, -0.006838890081277742
0.3016300010513243, 0.2415473821068396, 0.49318129685098633, 0.7974067961850309, 3.037576107275836, -0.006876471792148272
0.3016289225997677, 0.24153021875807604, 0.4931823451914682, 0.797389486346412, 3.0375847965314056, -0.006893414866925052
0.3016263398781989, 0.24153816830848013, 0.4931652489228828, 0.7974351635084904, 3.037612677097889, -0.006951767355859981
0.30162514139323215, 0.2415344469803387, 0.493182343261533, 0.7974103610202117, 3.0375908321111678, -0.00688700911370404
0.3016210911349994, 0.24153443359539958, 0.49319357040283024, 0.7973864859545967, 3.0375730829329615, -0.006840505491216592
0.301623860012965, 0.2415207376780118, 0.4932084553463813, 0.7974476566516896, 3.037583764150794, -0.0067852945451185006
0.30162873635282317, 0.2415434275286529, 0.4931879520105681, 0.7974129335314055, 3.0375971371215593, -0.006804393800208086
0.3016269499542339, 0.2415135430260576, 0.4932035105018689, 0.797459342392449, 3.037553255685476, -0.006781309165725979
0.30162650593614826, 0.24154417147248403, 0.49319731238296255, 0.7974067131812641, 3.03757520921049, -0.006816499529820872
0.301635424902857, 0.24154351642661107, 0.4931689411839158, 0.7973983171330411, 3.0376183252688556, -0.006934186200434103
0.30162468473409265, 0.24154153286177607, 0.49318115821853736, 0.7973170399398871, 3.037602903601313, -0.00683423584824636
0.30162760825271046, 0.2415419806472398, 0.4931904988629574, 0.7972937632391751, 3.037589979741399, -0.006864617395611263
0.301629630472734, 0.24154098355496265, 0.49318839855414526, 0.7973749426835804, 3.0376044011011674, -0.006904603613718905
0.301625648122928, 0.2415430027510604, 0.4931731945946724, 0.7973571323620703, 3.0376090798257365, -0.00690537455156889
0.3016153946759285, 0.2415475755283308, 0.49319507532691736, 0.7972312683355869, 3.0376488258749434, -0.006820591629904841
0.30164040464624853, 0.24154098287325332, 0.49316550504754, 0.7974491090777585, 3.037589055991023, -0.00692302946434218
0.30162576407857444, 0.24154314303890512, 0.4931845764200306, 0.7973552091376103, 3.037601357159216, -0.006870109467408538
0.3016211629454115, 0.24152077026033525, 0.4932035105018689, 0.7974048389312719, 3.0375675372886364, -0.0067812987456066015
0.301629353650073, 0.24152674167792781, 0.4932074290668125, 0.7974432567315674, 3.037564865055495, -0.006756533919382967
0.3016257366552846, 0.24153133207475397, 0.49319282237130024, 0.7973970514753321, 3.0376135946654244, -0.006855799711559565
0.30163689856283105, 0.24153777620296032, 0.4931812929848701, 0.7974309944841871, 3.0375931990583247, -0.006863708347738607
0.3016268071149083, 0.2415407006886665, 0.49317888164752094, 0.79747104700299, 3.0375983787923677, -0.006874824248123248
0.3016174330451501, 0.24152507714958443, 0.49320942713489035, 0.7974066427193811, 3.03757444384159, -0.006756501182432813
0.3016370817119234, 0.2415477497652534, 0.4931791359627875, 0.797433138357297, 3.0376001091173137, -0.0068396576782393135
0.3016363638764111, 0.2415298045452373, 0.4933125144056076, 0.7973736030122259, 3.0376255360151854, -0.007153459470727883
0.3016435600563448, 0.2415085457621819, 0.49410749393383346, 0.7973012928931407, 3.037440273003375, -0.007202740159722984
0.3017005981546537, 0.24155033012460791, 0.49458241585379664, 0.7974517246385932, 3.037597990523393, -0.00835137451462494
0.3017315000571213, 0.24162936202870816, 0.4949470887114119, 0.797401316063529, 3.03776766775874, -0.008943873585030782
0.3017490070984036, 0.24165585166586379, 0.49522180597574894, 0.7974247634500561, 3.0378382564107134, -0.009479914782970167
0.30174319715819853, 0.24164200144101755, 0.4952432901917695, 0.7973360278729601, 3.037965526916622, -0.009862943042065366
0.30175186149048344, 0.24164491002097402, 0.4952218051929115, 0.7974103617130608, 3.0379549307612055, -0.00995821906217169
0.30175656539927853, 0.24164788440606935, 0.4951988315380675, 0.7974598538460468, 3.0379182950222345, -0.009971107750150882
0.3017846275800698, 0.24164915102514725, 0.4951296324956061, 0.7974869470991761, 3.037852476849439, -0.00972358228502292
0.3017826572628153, 0.24168879943933566, 0.49499594378931105, 0.7973776639070921, 3.0378531862156417, -0.009499425739309715
0.30178892590719797, 0.24169408986276691, 0.49486502481512074, 0.7973999546254835, 3.0378563404053986, -0.00965515018973398
0.3017893912053626, 0.24171619344005676, 0.49485354615398036, 0.7973207620665212, 3.0378444333892323, -0.009572813993163709
0.3018006211883448, 0.24171106504662238, 0.49482424925669727, 0.7973494364508182, 3.037881794998162, -0.009708207440439404
0.3017937386083127, 0.24170892218069195, 0.4948264110106483, 0.7973680774047431, 3.037880956633869, -0.00972578128685476
0.3017872018433624, 0.2417031877842043, 0.49484772177626163, 0.7972783278873292, 3.0379074696988573, -0.009624871495439424
0.3017877445569693, 0.24170596253347107, 0.4948353750054322, 0.7973029467070977, 3.0379291749301855, -0.00968893072068947
0.3017934254288602, 0.24169101322461195, 0.49483996164704985, 0.797367335613966, 3.037882435524068, -0.009785637627457036
0.3017906875839213, 0.2416987538556293, 0.49485299449740755, 0.797302443577516, 3.037935425306358, -0.009825617989896876
0.3017867874050609, 0.24168727840902096, 0.49484632365002923, 0.7973275865609752, 3.037960984285137, -0.009906631312578412
0.3017911281846501, 0.24169543273627278, 0.49484640831989907, 0.7973644110673297, 3.0379505159786104, -0.009847361678966313
0.3017847222491858, 0.24169400509125247, 0.49483218613443525, 0.797330874794536, 3.0379719678668358, -0.009901668331982399
0.3018002848136159, 0.2416795192449183, 0.4948403537437186, 0.7974104124144158, 3.037903631367399, -0.009867342787651692
0.30179907622421825, 0.24168158088593808, 0.4948714600257991, 0.7974138030221013, 3.0379178758773002, -0.009818468289441839
0.3017875167417171, 0.24168433392224942, 0.4949043756579529, 0.7973285922491077, 3.037887930885217, -0.009707118178034727
0.301793733928005, 0.24169152075748293, 0.49487827591782807, 0.7973305837999419, 3.0378964815494167, -0.009802364436423227
0.3018066963075692, 0.24167499860517594, 0.4948712955529012, 0.7973889694993682, 3.037892072478048, -0.009736125253555146
0.30180342227034074, 0.24167618367535837, 0.4948690039371831, 0.797369515446692, 3.037893866131924, -0.009778480722446343
0.30179906434236, 0.24167762503121779, 0.49487570845344103, 0.7973301754886811, 3.0378916390945108, -0.009724917287314276
0.3017988097499343, 0.24166953758367077, 0.494870041102425, 0.7973525311840192, 3.037906671358255, -0.009813698585838361
0.30179953933075254, 0.24167652300716772, 0.4948656329076366, 0.7973324198891701, 3.0379044175385546, -0.009837689381042338
0.3018072656431317, 0.2416915412689775, 0.49486032974622823, 0.7973205262387308, 3.037930848417915, -0.009824928993157232
0.3017968930090385, 0.24167643580724243, 0.4948734121608076, 0.7973894363934979, 3.037896131602588, -0.00975439659706267
0.3017918574286168, 0.24168072059679827, 0.49486530727172284, 0.797302842205685, 3.0379337590468944, -0.009705740450732886
0.30179630039969263, 0.24167160151298187, 0.4948514617214479, 0.797415606295413, 3.0379207248152293, -0.009776933989967204
0.3018035263481355, 0.2416547785259467, 0.4948717610573961, 0.7974252061488571, 3.0378829762864203, -0.00973754382744755
0.30179975254866603, 0.24166499601069094, 0.4948548570117967, 0.7973559606362076, 3.0379175981684687, -0.009808063001890731
0.3018101367949187, 0.24167233123654366, 0.49482890450517136, 0.7973618220853529, 3.0379409626864713, -0.009914565737422913
0.3018151403343651, 0.24166387098225972, 0.4948426452260917, 0.7973937479885548, 3.0379117072150863, -0.009825059516518377
0.3018080746106494, 0.24166929267323203, 0.49484035141807314, 0.7973224544583637, 3.03793886380983, -0.009860991870197736
0.3017974342519294, 0.241669443402955, 0.49485029688439386, 0.797283228642884, 3.037936723922842, -0.009808100727635077
0.30181354094991725, 0.24167316764930596, 0.49479594428514106, 0.7973833205671671, 3.037861676127087, -0.009715510853526786
0.301787541204002, 0.24166355840538256, 0.49330295304270666, 0.7973433469373125, 3.0377952031535314, -0.008784399470671306
0.30164682953772176, 0.24153045376666366, 0.4925982674411628, 0.7973560175246236, 3.037570473526184, -0.0059293741623548555
0.3015636255120053, 0.24142272951920402, 0.4922144916397046, 0.797252296531327, 3.037200550560433, -0.004049927212457496
0.30152908035905446, 0.2413660050950064, 0.4920673610323538, 0.7972347505535303, 3.0370176888768836, -0.0034343781828315425
0.3015178179065834, 0.2413421889859525, 0.4921687719282157, 0.7972763820969894, 3.037049704913251, -0.003610510384726593
0.3015321835098927, 0.24138981459289913, 0.49240269547625115, 0.7971779494969478, 3.0372609416533267, -0.0045471399581796705
0.30160865421638244, 0.24150041231044111, 0.49268948338760665, 0.7971863408108663, 3.0375180233821317, -0.0056826826984460845
0.3016731438960106, 0.24155462615383222, 0.49291026202869265, 0.797218644848277, 3.0375526981942613, -0.006578160766108661
0.3017225620165943, 0.24158412513541175, 0.49304931936716545, 0.7972512244521445, 3.0375591292130126, -0.006968735342473314
0.30172114731695315, 0.24158640050092275, 0.4930922561240779, 0.797183171537184, 3.0375325833112075, -0.007113278670230727
0.3017398949457422, 0.24159230929164535, 0.4931268247591525, 0.7972490747091008, 3.03757325315724, -0.007301094096707499
0.30183734080722524, 0.24164811734828015, 0.49450911346429416, 0.7972863962623932, 3.037652283534253, -0.009066975868626556
0.3019168577035082, 0.24173735066903732, 0.4955257464006629, 0.7973612272804067, 3.0378926161423006, -0.01051733150802752
0.30184017023577336, 0.24161527460522883, 0.4967887253946101, 0.7972422488285811, 3.037493783458074, -0.008472072226677094
0.30182783278867154, 0.24160169988106794, 0.4977636018025562, 0.7972747609163916, 3.03732736400522, -0.007875089818069813
0.30182115052880154, 0.2415850456193277, 0.49867505120372935, 0.7972297414328025, 3.037329769875879, -0.0077966643941659065
0.30184164116282747, 0.24159165763645205, 0.4995953544317788, 0.7972559063327527, 3.0372932707485965, -0.00740958315598691
0.30185453975565313, 0.24160486622392124, 0.5005596154190255, 0.7971933981697743, 3.037216044044995, -0.006917575125653335
0.3018395121364137, 0.24158164136463442, 0.5016293343483694, 0.7972129484308472, 3.0370899653928465, -0.006418867058883998
0.30187891645480164, 0.24157745352015464, 0.5024634939603226, 0.7972802938021768, 3.03716313283703, -0.006766952562612263
0.3019047485228269, 0.24161142716837103, 0.5033961034329083, 0.7972856770058135, 3.037121133200343, -0.006446175157009824
0.3019208869396537, 0.24161785904651512, 0.5046003476125093, 0.7972678344088487, 3.0370187521890966, -0.006000444580728507
0.30193984451427314, 0.24161496552251222, 0.5056691352327123, 0.7973644233742712, 3.036984776954562, -0.005920683923722007
0.3019686923891573, 0.24161075909228433, 0.5067395527126908, 0.7973881706940691, 3.0369702404309287, -0.00584177236901931
0.3019633307254535, 0.24161339924826836, 0.5078611490808171, 0.7973132989471261, 3.036951116679528, -0.005578032631749295
0.3019863184686325, 0.2416236262392198, 0.5089383668609996, 0.7973360589550224, 3.0368357228895877, -0.005073906405102116
0.3019893946090197, 0.2416093295435211, 0.5100467367631945, 0.7973459547407231, 3.036767893913778, -0.004866136038419268
0.3019951695656831, 0.24159893474035338, 0.5110232533250106, 0.7973297670363494, 3.03673940632087, -0.004800518688561091
0.30198585750488177, 0.24161098816543017, 0.5121871442439314, 0.7973248682374796, 3.036757778589733, -0.004326002080895823
0.30199747791015497, 0.24163162955156825, 0.5134548239879324, 0.7972376236895604, 3.0366834070037023, -0.0035349592329254106
0.3019884348241747, 0.24164215476181464, 0.51451997108879, 0.7971853276170677, 3.036658346744603, -0.00311108370074389
0.301983309818188, 0.24163346549039122, 0.5156298941847322, 0.7971080833115987, 3.0366331236931883, -0.0029322382003628376
0.3020033774441082, 0.2416468933741503, 0.5167354161688997, 0.7971564411137408, 3.0364599536986554, -0.0022164319353005766
0.30200349168508384, 0.2416379699868579, 0.5178887920138633, 0.7970944571033065, 3.0363379167199462, -0.0018674019039202337
0.30199398961881063, 0.24163075471463819, 0.5189992664295944, 0.7970744803538459, 3.036310161735243, -0.0017420274521263454
0.30200409074489554, 0.2416419108588821, 0.5199371070467049, 0.7969773788115976, 3.036340199740683, -0.001615304453444839
0.3019979347639818, 0.24164327947288988, 0.5211296192018027, 0.7969196123329909, 3.0362360332213543, -0.0012365750779251641
0.30200194691032656, 0.24163972094170003, 0.5221425193485024, 0.7968598561171594, 3.0361880943251234, -0.0009873481254534192
0.302011727145094, 0.24163308904535954, 0.52319326788806, 0.7969843884713592, 3.036191101698237, -0.0010430413457147676
0.30200509100923084, 0.24163743908335117, 0.5243784899795598, 0.79685697295855, 3.0361155907502915, -0.0005981674971813137
0.30201188505994103, 0.24165145179150208, 0.5255988497941741, 0.7967594028077123, 3.0360079220582503, -0.00010619911722020139
0.30203107627666387, 0.24166218345041524, 0.5265654566579198, 0.7967297924119408, 3.0360061505394715, -8.83106812779705e-05
0.3020209782132081, 0.24165585067359302, 0.5275645766706647, 0.7967004286922169, 3.0360037753682385, -1.0030842812946734e-05
0.3020414039556217, 0.24168742434706547, 0.5287305585311887, 0.7966830121787881, 3.035892580898899, 0.0005728934844088028
0.3020474196406606, 0.24167868042861004, 0.5298103072750638, 0.7966329860557991, 3.0358078098114474, 0.0009632564260770058
0.3020570743558699, 0.24168332090045144, 0.530811658004105, 0.7966686954558888, 3.0358360022407105, 0.001008868822322506
0.3020936539944655, 0.2417284644870875, 0.531856276540939, 0.7965848664713123, 3.0356782404780125, 0.0015738618415384916
0.3020958666015974, 0.24172596032573887, 0.5329700976467264, 0.7965978716907572, 3.0356177052787574, 0.001906487321666961
0.3020983284881203, 0.2416885749895599, 0.5340792307585919, 0.7966168289063251, 3.03550217928318, 0.002350363063895266
0.3020947786410929, 0.24169884533842448, 0.5351463121808118, 0.7965587415886763, 3.0353716477479993, 0.0029948521442993534
0.3020898346772174, 0.24167444987540776, 0.5363083602129326, 0.7964966995092639, 3.035252245445885, 0.0033253678581414018
0.3021107949986949, 0.24168732396068862, 0.537452574184609, 0.7964090529820859, 3.0351816502835485, 0.003698190683032
0.302084956409962, 0.24163454222881245, 0.5386405192396273, 0.7964405578487574, 3.0351343588679423, 0.00390066267368231
0.30209274559882304, 0.24164228745512054, 0.5396752181149946, 0.7964211182181367, 3.035101080427332, 0.003985580978739029
0.30207847524281, 0.24161387770319312, 0.5407632365161117, 0.7963954522852271, 3.035042076386914, 0.004295100262719417
0.30208186899557227, 0.24160106454159178, 0.5413571680322031, 0.7964150393634798, 3.034863655468205, 0.004760921147104452
0.30212524642423505, 0.24168360440824677, 0.5405175708424403, 0.7964320919595826, 3.0350004449253554, 0.0042559063319852555
0.3021499206212815, 0.24168662898286752, 0.5396595311647014, 0.7964144207576616, 3.035166639136222, 0.003499672368290314
0.3021494915027206, 0.24170386757708698, 0.5388304104950059, 0.796504506521136, 3.0352936971995725, 0.002899645619851586
0.30214920918607074, 0.24168755995914806, 0.5381514526730372, 0.7965581696961379, 3.035271204833312, 0.0029115353407776576
0.30214865407701597, 0.24169473830250462, 0.5374251870339788, 0.7966520902857798, 3.0353437043419293, 0.0024826007711903
0.3021507397008477, 0.2417211853632472, 0.5365944555472263, 0.7966143423611934, 3.0354121137383303, 0.002210603949462332
0.302174065242658, 0.2417277080697149, 0.5358430915644791, 0.7967174764461944, 3.035437122941826, 0.0018577065167725408
0.3021709172804519, 0.24172703046243157, 0.535093627478069, 0.7967597439114893, 3.0355295015218564, 0.001510203744627988
0.30219091686453214, 0.24175614882572394, 0.5342547671290567, 0.796805756785719, 3.0356304408543893, 0.00100947617270855
0.3022117590408467, 0.24178247132875233, 0.5335027535280027, 0.796797668507167, 3.0356721610571613, 0.0007078412806870454
0.30220771342794445, 0.24176294505416815, 0.5327645203820504, 0.7967447525985709, 3.0357774812544154, 0.00035504202301488705
0.30220383983872506, 0.24178470603472832, 0.5319055242733836, 0.7967231643735666, 3.0359151812404144, -0.00011678090242689875
0.3022185662796253, 0.2417767895372018, 0.5311214156900923, 0.7968041251834626, 3.035925468935897, -0.0004419910961025911
0.3022324237261093, 0.24179486485427729, 0.5303719317944999, 0.7968704982690942, 3.035954943158674, -0.0007195456430676871
0.30222104680876727, 0.2417550518106051, 0.5301545188990999, 0.7969475374931558, 3.03601361954198, -0.0008369823496547907
0.3022282315796473, 0.24177122094754047, 0.530169283187176, 0.7969390229173628, 3.035974683995463, -0.0007195265791244934
0.3022240083797353, 0.2417573805983446, 0.5301523721820479, 0.7968884638932903, 3.0360088505330896, -0.0008076565626042384
0.30222512381723327, 0.2417471216796084, 0.5301746754599455, 0.7969442740886657, 3.0359967550716234, -0.0007067344264775567
0.3022242737589216, 0.24175956311555388, 0.5301781116953006, 0.7969215038761277, 3.035982648236102, -0.0006779343508028649
0.30221280788761734, 0.24174101551529947, 0.5301890563062516, 0.7969891442630287, 3.035944855335251, -0.0006490766291136398
0.30222243359236833, 0.24173935267854485, 0.5301747746426243, 0.7969183016467436, 3.035971604859932, -0.0006838133555145359
0.30224324098034233, 0.24175392773508053, 0.5301525216701344, 0.7970328689911739, 3.0359625439487217, -0.0007724840572144804
0.30222884741013933, 0.2417329922517137, 0.5301759057372034, 0.7969903950056553, 3.035948485964956, -0.0006662232485944037
0.30223189547216145, 0.24174720870070837, 0.5301702624105302, 0.7969606052056842, 3.0359849434752855, -0.0007308270741066122
0.30222894115622007, 0.24173306105980358, 0.5301937983806488, 0.7970047455282955, 3.035928037857001, -0.0005957808971033572
0.3022307150302035, 0.24173381076340386, 0.5301656411754667, 0.7969706101117906, 3.0359463948315235, -0.0006909807877699619
0.30222370290264744, 0.24174896730017378, 0.5301780322515045, 0.7968623393223921, 3.035978085195963, -0.0006493583843122249
0.3022219830336499, 0.2417405841366145, 0.5301814907030388, 0.7969378211225556, 3.0359698213366615, -0.0006421249411686128
0.3022311484158787, 0.24173634232146468, 0.5301757700505211, 0.7970094022277353, 3.0359478642574573, -0.0006844859959139271
0.30223686869143934, 0.241725125037887, 0.5301826284520115, 0.7970011676758157, 3.035914029687662, -0.0006439660721052148
0.302226982672472, 0.2417303485744271, 0.5301725124920285, 0.7969747973190712, 3.035965165152059, -0.0007190187711397638
0.30223723304944233, 0.24174731126489166, 0.5301557718794081, 0.7969504441810807, 3.035945144200536, -0.0007741978896803437
0.3022201278966299, 0.24172231187984947, 0.530181340340382, 0.7969029006523541, 3.035987404795566, -0.0006774519925545468
0.30223054868146265, 0.24173155432611565, 0.5301993899761286, 0.7969980728944789, 3.035902347808887, -0.0005910347474778819
0.3022187496881666, 0.2417261928675004, 0.5301824736388193, 0.797044595236567, 3.0359342897759345, -0.0006660652693739873
0.30223018040599137, 0.24173298787320782, 0.5301826262220776, 0.7969492029824482, 3.0359393667055463, -0.0006374766583591547
0.30222317534956217, 0.24173451180030006, 0.5301698752896553, 0.7969933469046349, 3.0359596944797214, -0.0006611411561352553
0.30222742340817055, 0.24173280087650664, 0.5301926650309416, 0.7969357011805445, 3.035962064724665, -0.0006070117191463876
0.3022451107853924, 0.24171365157200012, 0.5301759101622181, 0.7970390736026477, 3.0359124447145973, -0.0006792698707967089
0.30223362075081733, 0.24172820433175907, 0.5301938028052723, 0.7969625834129185, 3.0359158355316196, -0.0006087493310982618
