0.4430871575910905, 0.32463885635874257, 0.6611721290892043, 0.9335175369798561, 2.9674683998376374, 0.02214889735787628
0.44306135302490457, 0.3246325786492271, 0.6611936190230593, 0.9334496754631947, 2.9675019619051266, 0.02219818015920033
0.44309615455208146, 0.32463117164390837, 0.6611816824779264, 0.9335159095798049, 2.967459130810513, 0.022222342470873846
0.44308907478061693, 0.3245992011227206, 0.661197045954202, 0.9335766177043202, 2.9674684919938605, 0.022262396465864386
0.4430912981503192, 0.324617752791925, 0.6611831271046787, 0.9336100146698897, 2.9674514394132534, 0.0221978907435394
0.4430733296012709, 0.3246266063426838, 0.6611936098325782, 0.9334461539740152, 2.9674869319915205, 0.022247627879572466
0.4431002495735531, 0.324624536348957, 0.661167303047319, 0.9335721268264534, 2.967456447439764, 0.02213050126645691
0.44307897128530915, 0.3246151794833913, 0.6612051829736947, 0.9335687757990794, 2.9674389799933216, 0.022323752242474133
0.44310312352530823, 0.32462620842808715, 0.6611717128205443, 0.9335859538759816, 2.967503586847708, 0.02218569348525865
0.44307666171202476, 0.32460941150053657, 0.6611988786880998, 0.9335319454645057, 2.967448706929538, 0.02224018142510711
0.4430806853157229, 0.3246171623779779, 0.6611941479913139, 0.9335926970813085, 2.9674578713738216, 0.022239718637444107
0.44309078571507227, 0.32460587233895816, 0.661195352004454, 0.9335317416880935, 2.9674484096605696, 0.022239024552991097
0.44308886233010913, 0.3246295509473056, 0.6611824520108377, 0.933510993126133, 2.9675111645155687, 0.022236964831153276
0.4431005208987687, 0.3246217417091661, 0.6611595073225913, 0.9336758096337322, 2.9674804803316057, 0.022128137732982278
0.4430531615889012, 0.32457836305652477, 0.661247691684295, 0.933606884151911, 2.9674436042688965, 0.02231468099545689
0.44302817191089455, 0.32456657082138085, 0.661272361679144, 0.9335525566750917, 2.967469411300092, 0.022198117589042998
0.44303119710857547, 0.3245458334392714, 0.6612969343114653, 0.9336104493868744, 2.9674690593646362, 0.02227186497208231
0.44298331228724197, 0.3245178737728388, 0.6614077587500862, 0.9335520938485424, 2.967406398049823, 0.02244422540935156
0.44298049435042275, 0.3244937129321816, 0.6614577629659275, 0.9335065287339405, 2.967387334241293, 0.02250275754733067
0.4429952315360331, 0.3245118599854387, 0.6614137630436677, 0.9335681432016563, 2.9673961990427595, 0.02245885644821006
0.4429819160943491, 0.3244856420431521, 0.661460685132349, 0.9334873299743612, 2.967387845195649, 0.02251876052901235
0.4430066751527723, 0.3245036478032358, 0.6614184644939333, 0.9335071093740995, 2.967382068520453, 0.022517163446747607
0.44300835072091677, 0.3244926998368016, 0.6614060643282168, 0.9334528966356819, 2.9674020763813096, 0.02241653695730335
0.4430117653028216, 0.32450617355469985, 0.6614033966989343, 0.9334730843158613, 2.9674066996374235, 0.02238297941777613
0.44301058144202005, 0.3244823568716877, 0.6614069313059044, 0.9335234617672455, 2.9673840168574084, 0.022315879881979365
0.44301885845748074, 0.3244978622534068, 0.6614104850391382, 0.9334362392539287, 2.9673409291132957, 0.02245220036676587
0.4430047217345698, 0.32449495002490775, 0.6614787113152284, 0.933370808555234, 2.9673989449797253, 0.022418479644365684
0.4430104793789892, 0.32449496189396326, 0.6614905964770926, 0.9334828346387661, 2.9673869538333184, 0.022434470977575432
0.4430212672418496, 0.324486076251627, 0.6615010911134707, 0.9335146988810514, 2.967365371450522, 0.022426131346246922
0.4430322678512129, 0.3244983118780401, 0.6615036885575515, 0.9334500229653964, 2.96735389586923, 0.022261759549685515
0.4430323501272071, 0.32449000330203154, 0.6615931743324477, 0.9334151451986411, 2.967233474830227, 0.02246014679093954
0.443042844076666, 0.32451304836507083, 0.6615690521321278, 0.933370316297693, 2.9672802183247184, 0.02239954947994552
0.44305779650109883, 0.3244992053025492, 0.6615590996797888, 0.9333750482176709, 2.9673038188011924, 0.02227127547286498
0.4430450204394284, 0.32452360413123005, 0.6615569122237909, 0.9333418692101023, 2.9673250857040827, 0.022239947788349798
0.443073403417438, 0.3245359767428954, 0.6615283429508676, 0.9333240189740878, 2.9673250544417615, 0.022255383805941577
0.4430913869100301, 0.3245657621571531, 0.66149417499385, 0.9332418957498552, 2.967377400035048, 0.02216885597904579
0.4430850520183096, 0.32457487790176565, 0.6614662828769557, 0.9331579279396247, 2.967428618035295, 0.02200059680243425
0.44311032997038263, 0.3245742260345119, 0.6614197694798917, 0.9332000470699781, 2.9674364283361987, 0.02193137045854812
0.4431193580509784, 0.32456168680669234, 0.6614466533430294, 0.9333003062704878, 2.9673872290015226, 0.021900143803871147
0.44310112669973495, 0.32455899812697664, 0.6614964765690807, 0.9332580228339067, 2.9673836060784744, 0.02191036903432733
0.4431273125358986, 0.3245494898795569, 0.6615200337492718, 0.9332341189448067, 2.967369159584486, 0.021975162913941037
0.4431332789662966, 0.3245836111550334, 0.661484975843888, 0.9332038142323028, 2.967399560904659, 0.02186674150736331
0.4431673295154947, 0.3245894188723132, 0.66150385604599, 0.9332591071925163, 2.967406273618785, 0.021698428206947167
0.44316434943433874, 0.32456525874093994, 0.6614983968657719, 0.9332984886827558, 2.967414306541519, 0.021587524482476365
0.44316704793352757, 0.32458752746767094, 0.6614880080630263, 0.93318896605432, 2.967432611788529, 0.021638223525225025
0.44332048394633744, 0.3246990984560553, 0.660648936156817, 0.9334161237733676, 2.9676656281230778, 0.020581564494901304
0.44334628647574126, 0.3247641215742128, 0.6600601737618776, 0.9333134333516799, 2.967816089013691, 0.020386814025192372
0.4433036744798014, 0.32469155659998783, 0.659539773685338, 0.9333938981630352, 2.9677972409871827, 0.020197284480501714
0.44327345780159866, 0.32467801711689503, 0.6589411422817087, 0.933325906125685, 2.9679172882992777, 0.02015319374622989
0.4432617433046341, 0.3246625656491408, 0.6584147808645032, 0.9333533189447459, 2.968000765821863, 0.019775892642510597
0.4432762795160128, 0.3246974887716007, 0.6577265668556431, 0.9333759240081484, 2.968108308647619, 0.01937361887263634
0.44325160962165605, 0.3246516906011255, 0.6571287925941839, 0.9334003780837259, 2.968241418561624, 0.018926092817359855
0.4433365465362565, 0.32475561772101436, 0.656401459138129, 0.9334747897556018, 2.9684116144883257, 0.01826766253910679
0.4433940466693584, 0.3248211245918526, 0.6557077794968804, 0.933568623327837, 2.9686755580860917, 0.017330121102664114
0.44336525714744035, 0.32481069064311213, 0.6551363705766061, 0.9335930098884526, 2.9687250754776544, 0.017199057999588107
0.44329695575599903, 0.32469786630991254, 0.6547166687890226, 0.9336377502666545, 2.9686412268328715, 0.017471062542075384
0.4432793170973474, 0.32466990071522156, 0.6540730353515909, 0.9337800632782015, 2.9688741390145106, 0.01658356913994853
0.443272931880064, 0.3246749197556997, 0.6534889670811929, 0.9338156371508236, 2.9689778967300984, 0.016264060117196142
0.4432852229635685, 0.3246410687496493, 0.6530127737429702, 0.9339080059096808, 2.9690246702648966, 0.016020855174581895
0.44330971931270835, 0.3246775321521248, 0.6523115911589402, 0.9340296818862552, 2.9691577834877627, 0.015431501354152713
0.44333745331359187, 0.3247271106189249, 0.6516219856306134, 0.933960850903264, 2.96929210209775, 0.015027679962293627
0.4434027468113513, 0.32478169969991405, 0.6508728718216685, 0.9341174885293533, 2.969399198123728, 0.014528575163431872
0.44337772750919124, 0.3247839307835622, 0.6503110895584178, 0.9341240244621353, 2.9696466677752107, 0.013727011472249966
0.443295467436349, 0.324645931334343, 0.6499020221453925, 0.9340825596781224, 2.9696099098417834, 0.013930872707878747
0.4433201340564197, 0.3246369626450099, 0.6493762524500344, 0.9341559731212322, 2.9695794621755462, 0.013734147617095462
0.44331908752038296, 0.32466897996779875, 0.6488007421010042, 0.9341508861638625, 2.9697639523649606, 0.013236363552979274
0.44330369579025886, 0.3246607335142824, 0.6482258630006368, 0.9341490406870192, 2.9698872662318805, 0.012797503434888084
0.4433217539691414, 0.32466881026005495, 0.6476583402967918, 0.9342123689985177, 2.969967294963554, 0.012387316384132744
0.4433697237711017, 0.3247021847401458, 0.6470723334728147, 0.9343484457809794, 2.9700256525781006, 0.012018473816949258
0.4433933183451804, 0.324752099962694, 0.646489441057671, 0.9344078795418619, 2.9702472772671427, 0.011332779566266632
0.44343285064528215, 0.32475329117288926, 0.6459567900687909, 0.9344188097043068, 2.9702740926801106, 0.011099033756183551
0.4433965701701161, 0.3246957597112657, 0.6454279436062885, 0.9344325941660828, 2.9702991267096737, 0.011049480687767893
0.443365502364634, 0.3247057166410552, 0.6447844531972898, 0.9343501428239518, 2.9705501738282765, 0.010455462773401996
0.4433586156098468, 0.32469536121483333, 0.6442650468705282, 0.934357189781536, 2.9705584398576472, 0.01033354381234919
0.4433603091012213, 0.3246529251550071, 0.6437191040399289, 0.9344586538591894, 2.9706294247712557, 0.010088341927163907
0.44338293588418143, 0.32468564329452115, 0.6430147101385129, 0.9344161191249979, 2.970810698225555, 0.0094539127597362
0.4433875472256651, 0.324680393295456, 0.6423994740738489, 0.9344135460372225, 2.9709274140647697, 0.009032456747681654
0.44342129469228586, 0.3247027257710138, 0.641747227789515, 0.9344657466834246, 2.9710144399764755, 0.008785788896786198
0.44344747147354946, 0.32472769262165696, 0.6412261318241526, 0.9343372640856711, 2.97111083072348, 0.008466627745952821
0.44344638660773017, 0.32474674455074637, 0.6405948454314235, 0.9344168545349021, 2.971249913409643, 0.007935602873334328
0.4434614700877226, 0.32475130027645355, 0.6400860982886521, 0.934443059711932, 2.971330659076791, 0.00782446423723899
0.443483691637788, 0.32479130541628687, 0.6394902314434651, 0.9344846637593269, 2.971405067059549, 0.007407088497237523
0.4434353183840509, 0.3247029717011647, 0.6389448014637212, 0.9345666469786691, 2.9715656013075082, 0.0068884706047922595
0.4434546909461018, 0.32471074660925303, 0.6383655718782535, 0.9346548309233375, 2.9715940457213943, 0.006570926684260558
0.44345905415680725, 0.3247532203889242, 0.6378242291599088, 0.9343880038958395, 2.9717405584432655, 0.006319212482966259
0.4434736720769344, 0.32472830610267106, 0.6372403141383323, 0.9345272113070577, 2.9717382098146525, 0.0060930853703936635
0.4435040228916421, 0.32474998367485236, 0.6366875531729685, 0.9345162047857506, 2.9718400752046827, 0.005680337711580296
0.44348629345251134, 0.3247437474976291, 0.6361365967819653, 0.9345064285778883, 2.9719296460881965, 0.00548751833450579
0.4434831965270102, 0.32473310234557773, 0.6355958629170699, 0.9345088809960022, 2.972087186368565, 0.00501413654012344
0.44351816393853766, 0.324774700180828, 0.6348989961062395, 0.9345783021857337, 2.972255506195213, 0.0044375994419257265
0.4435825047679004, 0.3248215094957799, 0.6341900971306893, 0.9345554646338089, 2.9723691760566537, 0.003905414284712704
0.4435975194960431, 0.324840716363381, 0.6335907230828667, 0.9345606205178305, 2.9725257602607393, 0.003431601136708064
0.4436081921993168, 0.32480475631790107, 0.6330797447305084, 0.9346220594974879, 2.9725231354841632, 0.003373654702472684
0.4435826873839884, 0.3247656784460963, 0.632520161801839, 0.9346738576245929, 2.972559086447645, 0.0031559831929036343
0.44358284640247164, 0.3247809895097419, 0.6319108789140477, 0.934512443267481, 2.9726652300225846, 0.002836141674676764
0.44357130241068027, 0.3247641061565836, 0.6312782289661806, 0.9345696265355682, 2.9727865750791604, 0.002513070172924439
0.44358517641679374, 0.32474800131175935, 0.6307842116670771, 0.9347121031755637, 2.972818484512057, 0.002170216819795099
0.4435664642905231, 0.32469572436106287, 0.6302164072771034, 0.9348613506772109, 2.9728690326428686, 0.0017588990567686748
0.4435965657987471, 0.32470442052887405, 0.6296121150289591, 0.9349080394533671, 2.973039074984931, 0.0012401275426323795
0.44362148526919193, 0.3247234465073674, 0.6290369481834275, 0.9349482895163335, 2.9731101828192497, 0.0009627891577740327
0.44363061063671283, 0.3247486908967359, 0.6284035768068005, 0.9349310428485526, 2.97326411884164, 0.0003378139733082191
0.4436778120822696, 0.3247765638654901, 0.6277475838609463, 0.9349662691175075, 2.9733747027153825, 2.4520108377085876e-05
0.44366579132159073, 0.32475254786865604, 0.6272132479200098, 0.9350591777365317, 2.973433299104838, -0.0003113822281572854
0.4436805221522492, 0.3247468120911955, 0.6266793968492892, 0.9351129527172617, 2.9734051096139367, -0.0003680979267296904
0.44366465672366145, 0.3247331589312832, 0.6261229257952825, 0.9350637710248477, 2.97358345402074, -0.0008164497183562416
0.44365888415740795, 0.3247356783136834, 0.6254228562067301, 0.9350690031170878, 2.9737320053963314, -0.001358860587194949
0.44367003160004065, 0.3247341450022487, 0.6248360610220325, 0.9350793590651334, 2.973762468189588, -0.0016098590742837822
0.4436662927944289, 0.3247305745784518, 0.6243306674914393, 0.9350478049868741, 2.9738658757593432, -0.0019209733586040816
0.44368485649900097, 0.32475846385856294, 0.6237124215251765, 0.9350387357231741, 2.9740340935420106, -0.002288024214653685
0.44370642582745, 0.32478346503239697, 0.6230338872313808, 0.9350714234907221, 2.9742257867628323, -0.0029571814475135897
0.4437166614489762, 0.32476660879033753, 0.6224373711896525, 0.9351235558959715, 2.974286365666183, -0.0034873825341337913
0.4437582593263816, 0.32478780716034406, 0.6218083186373012, 0.9351745841283557, 2.9743278573310037, -0.003863429489608557
0.443802952037796, 0.32482204837454887, 0.6212249792788583, 0.9352931583251703, 2.9743967627363235, -0.004126693120439857
0.4438550996088369, 0.32484568012682435, 0.6205000896234281, 0.935387703925644, 2.97453337210171, -0.004862766475104139
0.44387545804190015, 0.32488182055269854, 0.619890774469976, 0.9353628583103236, 2.974641678283758, -0.005108333676918548
0.4438442923558341, 0.32483471118060303, 0.619333486133603, 0.9354778099903199, 2.974629195140854, -0.005281395289710365
0.4438656657170433, 0.3248220243288766, 0.6188006457735787, 0.9355156162758166, 2.974696216570773, -0.005502076567952367
0.4437947892662931, 0.3247238524498632, 0.6183480268890507, 0.935584286640349, 2.9745718838178457, -0.005167188615361032
0.4437772061462622, 0.32470164242144917, 0.6177406792866027, 0.9356021278943999, 2.9746311006039923, -0.005477399817109383
0.44376027467317053, 0.32468361057656914, 0.6172111896369915, 0.9355527117682823, 2.974827340285857, -0.006079201558487356
0.4437590559582602, 0.3246715970008136, 0.6166388448238191, 0.9355566913079757, 2.9749128919259995, -0.006416821284592555
0.4437634587613586, 0.3246770531834894, 0.6161379769086537, 0.9355962827237767, 2.9749984246121453, -0.006745084496832814
0.44374921540665907, 0.3246731107379973, 0.6156007046020986, 0.9356098177280534, 2.975129231485845, -0.007151129391179606
0.44374465272708585, 0.3246651291269314, 0.6151695278275877, 0.9355744255585265, 2.975153475023249, -0.007290144222008775
0.44375537882722693, 0.32466134952995623, 0.6146939387012199, 0.9355024006637453, 2.9751872456517363, -0.007514668230041912
0.4437605654034823, 0.3246596214051164, 0.6142506763822828, 0.9354173312240996, 2.9753232992836063, -0.007835691763834573
0.4437557249265932, 0.32468224200847134, 0.6137743251849701, 0.9352866490719676, 2.975512467454397, -0.008376524407121425
0.4437146165489203, 0.32462022807300617, 0.6134669025325562, 0.9352818311374947, 2.97536013732599, -0.008053442867973668
0.44364947984778086, 0.3245183893326778, 0.6132179247218607, 0.9352205572195335, 2.9751411684624145, -0.007542709198389997
0.44357349286128495, 0.3244525739958089, 0.613190763399507, 0.9350743631905475, 2.9749867302163984, -0.006881577514733115
0.4435526423719934, 0.32441765671241535, 0.6131612826873724, 0.9351099465973414, 2.9747989195381788, -0.006344566707986166
0.44353067724586304, 0.32441557228739726, 0.613119885371472, 0.9351046035294157, 2.9747563512152464, -0.0061076037233372266
0.4435371276768298, 0.32439231651221295, 0.6131031975028592, 0.9351441348335285, 2.9747637999171745, -0.006219129022234455
0.44354347460449617, 0.3243897120313518, 0.6131278657910747, 0.9351418088714777, 2.9747590999604068, -0.006201223351623383
0.4435368923398243, 0.32436510438722954, 0.6131794709677963, 0.9352045887946218, 2.9747919586705263, -0.006329036988119296
0.4435570299550676, 0.32439204122927634, 0.6131548277703694, 0.9351094038661556, 2.974798100360323, -0.006387434407999006
0.4435604832117612, 0.32438181369556013, 0.6131791282776263, 0.9350687061429993, 2.9748708568624953, -0.006449704683697717
0.44354595075938436, 0.32437711168512906, 0.6131899553252416, 0.9351045537873127, 2.974943488959851, -0.0066802841360110235
0.4435266411293715, 0.32435996851267945, 0.6132803003798192, 0.9350136698881794, 2.9749069530957506, -0.006601495209117136
0.44357624038709215, 0.32437049408936924, 0.6132524993501757, 0.9350908761242639, 2.9749003304179635, -0.006569779291183421
0.4435881720821206, 0.32433726770975463, 0.613248475264998, 0.9351553799507525, 2.9749278525385536, -0.0066827092283867654
0.443615948612462, 0.324368189471238, 0.6132002309938045, 0.9350678522819239, 2.974955590769101, -0.006684580757602208
0.44360673037848597, 0.3243660025911464, 0.6131967714295329, 0.9350334121223023, 2.9749756373897824, -0.006760749681803341
0.4436068136632968, 0.32433703585464024, 0.6132312780277247, 0.9350584538005032, 2.974921356012412, -0.00660782832994561
0.4436251159672156, 0.3243622308571499, 0.6131914070918477, 0.9349941776882652, 2.9749554194977863, -0.006517839867452574
0.4436305607980621, 0.32434252884397, 0.6132092704094187, 0.9350705073653315, 2.974890811715675, -0.006565443507604877
0.4436422896241651, 0.32431852914660725, 0.6132305240839049, 0.9351368979514407, 2.9748453423969696, -0.006439399593384061
0.4436746213976951, 0.3243432235652721, 0.6131955195317625, 0.935097527413476, 2.9748360869730446, -0.006414184831079101
0.4436858902617749, 0.3243075530042983, 0.6131960385129162, 0.9351887957187095, 2.974817586564514, -0.006448448265608791
0.4436886916677922, 0.3242929927821724, 0.6132024219478913, 0.9351905778126657, 2.974823392696894, -0.006424681789614046
0.4437090439651594, 0.3243009188937199, 0.6131908049220045, 0.9352194150508766, 2.974703179857663, -0.006194448929505996
0.4437008937058776, 0.3243064597103342, 0.613174768934698, 0.9352191227865737, 2.974773424753713, -0.006289581118202439
0.44369985914918186, 0.3242797342244904, 0.6131555020619329, 0.9352729667410487, 2.974772737267691, -0.006525254619129224
0.44371480867394364, 0.3243045894756981, 0.6131538910738095, 0.9351548943934445, 2.9749084066686913, -0.0066236820470735175
0.44367549777598414, 0.3242592021901286, 0.6132220056589478, 0.9351480933320827, 2.9748938644757907, -0.006613696955950655
0.4436803631121759, 0.32429827157113605, 0.6132110630410121, 0.9350292698386266, 2.974886604118554, -0.00660260571034421
0.44368609892906025, 0.32424997998395866, 0.6132501584867407, 0.9350339201562681, 2.9748450452637925, -0.006653011983367262
0.443639371418989, 0.324210891456586, 0.6132763704927731, 0.9350035321878808, 2.9748773271399807, -0.006636815966268876
0.44364921082559394, 0.32419418687789237, 0.6132942485323916, 0.9351421371747709, 2.974720822034054, -0.006218825306262903
0.4436532136444695, 0.32419708180160567, 0.6132388351621456, 0.935124780542962, 2.974725467575335, -0.0062620889947569034
0.4436332127219373, 0.32415534197204554, 0.6132260634871972, 0.9350720335562122, 2.9746546048697042, -0.005975058280272174
0.4436532471180632, 0.32414540927455493, 0.613210150989889, 0.9351321921574666, 2.974587128099806, -0.0059063959503617815
0.44363865643051786, 0.3241049493094933, 0.6132160761161086, 0.9351329876674892, 2.9745163961828904, -0.005811167362046942
0.4436206492651561, 0.32409147869238825, 0.6131908588168583, 0.9351021571689174, 2.9745549498599146, -0.005997294326124356
0.44361600795166994, 0.32407651587057773, 0.6132167350450717, 0.9351787390604624, 2.97447391981579, -0.00580907272755659
0.44361158233760983, 0.32407966269616756, 0.6132014645098346, 0.935126989238732, 2.974499236759626, -0.005884795230802878
0.4435938420632648, 0.324045610475297, 0.6132371165509208, 0.9349802254159078, 2.974606037813727, -0.005949604887133863
0.44359484120146925, 0.3240723140526913, 0.6132284857497764, 0.9349699430872385, 2.974565467480249, -0.005895416634103063
0.4436070173674103, 0.3240376649203518, 0.6132296713809838, 0.9350424924000309, 2.974548149310532, -0.0059143343590355914
0.44361010932109857, 0.3240491819434583, 0.6132134746339668, 0.9349556380093673, 2.9745896874560573, -0.006007424115034076
0.44360908991276427, 0.3240366844318649, 0.6132236957887686, 0.9349796091689317, 2.974529466615918, -0.005879048095611993
0.443594844277627, 0.3240609349460166, 0.6131864035351057, 0.9348687161808068, 2.9745344359827146, -0.005735629137564564
0.4436170911286506, 0.3240216058587381, 0.6131680660500904, 0.9349924275081284, 2.9745651556149357, -0.00587484792997426
0.4436003388139092, 0.32400130107425573, 0.6131928269193021, 0.9349493415756761, 2.9745516772513425, -0.005831573002451827
0.4435804790576229, 0.3239746087931852, 0.6131845804106024, 0.9349334773401191, 2.974637783279938, -0.005962860594619803
0.44359950297441203, 0.323965235105188, 0.6131889824158149, 0.9349293032763252, 2.974627755713601, -0.005971953477487747
0.44362787127172665, 0.3239517598853556, 0.6131655139766462, 0.9349996284572863, 2.9745872695507565, -0.005821796284110817
0.443628291007305, 0.3239504474657278, 0.6131779304011574, 0.9349309387855923, 2.9745407974194946, -0.00564333164914877
0.44364577535593025, 0.32391352367697795, 0.6131949435505933, 0.9349290374348727, 2.9744687569817487, -0.005632600419049079
0.44365587182563493, 0.323871797620481, 0.6132235682845412, 0.9349347494541826, 2.9744862267438608, -0.005561149554346631
0.443656619867185, 0.3239031831099547, 0.6131844584542246, 0.9348947440332697, 2.974492987426883, -0.0057685499011773415
0.44366698591083037, 0.3238521334667628, 0.6132329773747127, 0.9349429528650491, 2.9744746565485602, -0.005895207792862972
0.44367419451735435, 0.3238648707546891, 0.6132271921628836, 0.9348771395794863, 2.9744456672572688, -0.005867878693143394
0.4436745232640876, 0.3238347384973744, 0.6132406155886567, 0.9348921493876515, 2.9744347467385017, -0.005893659872689035
0.44368796742592315, 0.3238366676002796, 0.6132253086552754, 0.9349174261082213, 2.9743197673365867, -0.005904236754408484
0.4437231534779348, 0.323801887926097, 0.6131935196626775, 0.9349614738403751, 2.974270642339322, -0.005971578383480805
0.443726159902991, 0.32382453397917715, 0.6131648221571364, 0.9349122873831984, 2.9743014440935425, -0.006022175103659776
0.4437177376311686, 0.3238022138359123, 0.6131077338655861, 0.9348981745505827, 2.9742368098868828, -0.005886691442045357
0.44370559462673786, 0.3237933954703414, 0.6131035838628287, 0.9348645794412871, 2.974181682960811, -0.0058069064967507245
0.4437046033030139, 0.32378740399796674, 0.6131179006021353, 0.934888543765522, 2.974129801301983, -0.005796460611384636
0.443702479613194, 0.32378189123139944, 0.613125288217812, 0.934848913311961, 2.974135227238299, -0.005862906698522814
0.4437054398239034, 0.32376291915581296, 0.6131288788960225, 0.9348769864772362, 2.974186331003796, -0.006151077415104186
0.44370346892522494, 0.3237720265356571, 0.6131808073755051, 0.934848514972609, 2.9742376535383315, -0.006244744169635921
0.4437055034580852, 0.3237596211975465, 0.6131991030635502, 0.9347792336667972, 2.97413554546197, -0.0062458667726587635
0.44369765837679215, 0.32377332946457976, 0.6132209994487848, 0.9347985796978219, 2.974131904368061, -0.006162210360371605
0.44371486516361575, 0.3237427291952011, 0.6132364011192356, 0.9348324762086541, 2.9741203905228186, -0.006205506610989871
0.4437159014280819, 0.32375503823890933, 0.613218900479755, 0.9348299588781361, 2.974101401351317, -0.00609522102712763
0.44372003797918613, 0.3237530137203276, 0.6131727378645915, 0.9347716794356246, 2.9740173124610525, -0.005940700157638844
0.4437324932642785, 0.3237571550685181, 0.6131052063542569, 0.9347195407042969, 2.9739649603447145, -0.005987792165166243
0.44374308303044413, 0.3237479157750265, 0.6130948167048983, 0.9347061841633798, 2.9739061839174283, -0.00582661211875536
0.4437577848549594, 0.3237466626771871, 0.613073636500424, 0.934731278287856, 2.973925544375616, -0.0058717278670855355
0.44374992588591033, 0.3237253479820565, 0.6130926444959164, 0.9347237022653591, 2.973904937557191, -0.005886946518844554
0.4437302390190269, 0.32370039236389214, 0.6131452036166238, 0.9347278115504858, 2.973942854021326, -0.006105960783602679
0.4437119692299488, 0.3236828683094539, 0.6131763133437699, 0.9346736083965784, 2.9738882862490805, -0.00605163162818995
0.4436990636564335, 0.3236432026843909, 0.6132590618115917, 0.9348042010193788, 2.973885724147865, -0.006086447524151149
0.4437035579935679, 0.3236450311721841, 0.6132441557540452, 0.9347500073808364, 2.9739056464176117, -0.006187228004423363
0.4436702072980819, 0.32360958579139193, 0.6132973320332277, 0.9347867454234, 2.973905759392588, -0.006179624286790552
0.4436997652850874, 0.3236392530262695, 0.6132368437606, 0.9346977445462452, 2.973931417769857, -0.006264046662342283
0.4436972522521922, 0.3236234461899979, 0.6132833670691886, 0.934626804274836, 2.9738845665481266, -0.006127656053568671
0.44371366364109366, 0.32360141437612044, 0.6132559187223878, 0.9346480846511532, 2.9738048175013567, -0.005933838415077964
0.44371173090689964, 0.3235589822309282, 0.6132312936764929, 0.9347804388477028, 2.9736516769791734, -0.005884672737090404
0.44367695626966236, 0.3235218543284027, 0.6132157959010353, 0.9346839421177943, 2.973636527036603, -0.005690698425007448
0.44367952645372377, 0.3234876710067345, 0.6132419689174121, 0.9347669244290091, 2.973580549873268, -0.00554765049317487
0.4436680358513045, 0.3234829251152683, 0.6132348605296294, 0.9347462534821517, 2.973575833680652, -0.005555829671649942
0.4436813181895631, 0.32347199562030016, 0.6132136397918103, 0.9347481513254701, 2.9735720212417394, -0.005455853835624506
0.4436914892675276, 0.3234591816767361, 0.6132137150268705, 0.9347741536934274, 2.9735295313439876, -0.0054796022748083125
0.4437018113494731, 0.3234481461200985, 0.613221397908575, 0.9348020888124582, 2.973492999480705, -0.005479309263794548
0.4436895137870861, 0.32344089318435687, 0.6132197077661716, 0.9348622892854195, 2.9734888315187566, -0.0053461645525625014
0.44370629756174773, 0.32340347288860044, 0.6131958821672989, 0.934910199254412, 2.9734631941853475, -0.00553949069780383
0.4436871667437122, 0.3233614834274365, 0.6132325749494165, 0.9349457458676403, 2.9735246867041414, -0.005551817404901375
0.44370332949544605, 0.32336490581824184, 0.6132349008893168, 0.9350407193007102, 2.9734502887255636, -0.005541040144551761
0.4437193613415458, 0.32335065163903753, 0.6132399364684823, 0.9350017296465931, 2.9734553231612693, -0.005609093608201813
0.44372213744741973, 0.3233505720074508, 0.6132365445799787, 0.935065167036422, 2.9734655354929513, -0.005526380890631656
0.4437297878516001, 0.3233302295220703, 0.6132433700188532, 0.9350659452924275, 2.9734707958128315, -0.005545328131870263
0.44374195904387764, 0.32335639839360253, 0.6132307172177847, 0.9350303369274284, 2.973409880489876, -0.005489853001279628
0.4437674688039871, 0.32333011117678534, 0.6132296438953874, 0.9349724459985638, 2.9733997421987715, -0.005308721759127782
0.44375146823793216, 0.32331071735550626, 0.613235538236606, 0.9349670074299242, 2.9733797780698867, -0.005282612542514546
0.4437670494164252, 0.32329273951192317, 0.613238235026967, 0.9350623829701357, 2.973372721911443, -0.005267789532379789
0.4437685208666227, 0.32328153356595385, 0.613238404739321, 0.9350213293037767, 2.9733680037013355, -0.005301129870119264
0.4437898447620474, 0.3232651462707803, 0.6132199290121252, 0.9351456880419562, 2.9733278951394313, -0.005343689092875527
0.44377453325812993, 0.3232769744753007, 0.6132140595914636, 0.9350549225769632, 2.9733458882498165, -0.005308981219813801
0.4437721220171859, 0.3232486231460911, 0.61320004997824, 0.9351268032577069, 2.973315014676508, -0.0051918527916927975
0.4437639474727501, 0.32327803510901704, 0.613171720834703, 0.93503999972233, 2.9733477495938163, -0.005209489505214307
0.44376958244180825, 0.32325539950719356, 0.613181700223274, 0.9350541448097891, 2.973327755521995, -0.0051592233626054675
0.4437802930734282, 0.3232673182862313, 0.6131517692672589, 0.9350633807925396, 2.9733027196698885, -0.005357973400593766
0.44376661447368465, 0.32323118354424074, 0.6131750554188247, 0.9350866645191105, 2.973242671728078, -0.005230167778060776
0.4437502041825201, 0.32321133202967783, 0.6131930549091131, 0.9351707457803005, 2.9731997255056477, -0.005220535473181742
0.44376641420891977, 0.32322783296192287, 0.6131586704474239, 0.9351237002738974, 2.973244775297942, -0.005365637287620153
0.443747909020578, 0.3232152948171404, 0.6131804632672213, 0.9350316528975124, 2.9732672962479474, -0.005390304889330585
0.4437509528252566, 0.32321247912521384, 0.6131958405031619, 0.9351400250234921, 2.97332325695615, -0.005594537937008765
0.443743983061193, 0.3232093772921682, 0.613226347274184, 0.9350854094203483, 2.9732648338992242, -0.005481746983589538
0.443779543147278, 0.3232377303688315, 0.6132107223875308, 0.9350750841545196, 2.9733081581755236, -0.005659338603545199
0.44379048582587105, 0.32324021268407477, 0.6132088739424104, 0.9350544119420209, 2.973299264618761, -0.005609308134192246
0.4437830085157752, 0.32323675229627935, 0.6132203413850906, 0.9350615511423447, 2.973321097183443, -0.005552164011298978
0.44379945134832766, 0.3232405795661204, 0.6131971249218959, 0.9350924919588238, 2.973297773077611, -0.0056438285744703585
0.44380083290529526, 0.32323726578099377, 0.6131968694332398, 0.9350591565626145, 2.973306420179889, -0.005502423373220141
0.44379371014994506, 0.32326296752608985, 0.6131862835963361, 0.934979719631199, 2.973302292347187, -0.0055424109742636994
0.4438090133311309, 0.3232303985877413, 0.6131856808854546, 0.9350218688565349, 2.9733244221517037, -0.005704815479169224
0.44380335771232743, 0.32322235381615894, 0.6132145284695448, 0.9350436322513377, 2.973259526897177, -0.005559238428750901
0.44380499088446884, 0.32322731912005714, 0.6131990312792376, 0.9349790988283541, 2.9732388132702763, -0.0056060800833887545
0.44379709366449516, 0.3232425058500042, 0.613201933743246, 0.9348714056008665, 2.973255541565629, -0.005414166697632645
0.443846755086434, 0.32323346178177376, 0.6131662770368645, 0.9349507918026629, 2.9731953192649363, -0.005481464957023922
0.44381355312942633, 0.32322071726185386, 0.6131956778200768, 0.9349417620065132, 2.973232309133753, -0.005456716268562777
0.4437977569816493, 0.3232096063398056, 0.6132135505472697, 0.9348303999705041, 2.9732602592174557, -0.005524517186154491
0.44378280659074554, 0.32318182709030513, 0.6132756706555397, 0.934811989345818, 2.97328013593136, -0.005616035914407473
0.4437909328401476, 0.3231812075361861, 0.6132889571442495, 0.9347928610837807, 2.973281302718065, -0.005600463794453329
0.44381792948202303, 0.3231630978899602, 0.613268107928416, 0.9349571317122596, 2.9732450873242633, -0.005651464556627102
0.4438286638771121, 0.32320218752965596, 0.61320295729366, 0.9347698682970009, 2.9732514887676333, -0.005525699470798845
0.44382667467036735, 0.3231935992331948, 0.613195641875807, 0.9348822826935849, 2.9732337461920118, -0.0054923733489116505
0.44381571677228254, 0.32316510887468713, 0.6132323686371315, 0.9347980242282692, 2.9731315870524746, -0.005251971927983973
0.44380927350528865, 0.32317392416121404, 0.6132182809924978, 0.9347367406946775, 2.9731176214970665, -0.005233481122366901
0.44382471517915173, 0.323163854760943, 0.6132127533727353, 0.9348343099635383, 2.9731243185062413, -0.00531120823892477
0.4438088500421241, 0.3231494111122178, 0.6132491484274752, 0.9348164317991011, 2.9731269195451206, -0.005210639087578088
0.4438047391976368, 0.32316259302295525, 0.6132272565408512, 0.9347835725360569, 2.9731517717007367, -0.005303143748820169
0.44380234231491716, 0.32315034554276745, 0.6132439079800299, 0.9348205576670012, 2.9731504966284543, -0.005336913721860026
0.4438162290343933, 0.3231559828331885, 0.6132466600827784, 0.9347956060905965, 2.973122109454815, -0.0052185946322105
0.44380334337342964, 0.3231431702950006, 0.6132864948736478, 0.9348066925016045, 2.9730886063886106, -0.00507463827483653
0.44381473905757823, 0.32314466103692985, 0.6132509790210676, 0.9347733440749527, 2.973108549123121, -0.0051516721189654455
0.44393729462374504, 0.3232524026104514, 0.6135027594297584, 0.9347334892316194, 2.973416268361585, -0.006118482673187836
0.4439453108202142, 0.32322578913835354, 0.6139202073704724, 0.9348256520909929, 2.9733846467706133, -0.006015146115826898
0.44394725188606005, 0.32321934330900226, 0.614277283224488, 0.9347738926314754, 2.9732348816538585, -0.005693338779460402
0.44394213019539014, 0.32322800526328743, 0.614560378282323, 0.9347911205568119, 2.973268764091468, -0.005682832595132388
0.44396121220744605, 0.32321835303173735, 0.6148250805319584, 0.9347629868885333, 2.9731938761926395, -0.005452002595180909
0.4439654029124486, 0.32320678938291203, 0.6150555646769722, 0.9348423210426873, 2.9731558047797613, -0.005316007542680529
0.4439988243812636, 0.3232357299787899, 0.6152258616792716, 0.9348722051742598, 2.9731473680911362, -0.0052719512890516546
0.4440137724822799, 0.3232309131922755, 0.6154691906061164, 0.934830560361244, 2.9730041335926303, -0.004803423900961095
0.44398890598377133, 0.32319837111469685, 0.6157059530865141, 0.9348652916377215, 2.9729588442635184, -0.0048233745655064325
0.44400021015421315, 0.32317725669692343, 0.615837868853886, 0.9349462190807176, 2.9729933947366707, -0.004883912886756709
0.44401907493096865, 0.32317715198430264, 0.6159819811980182, 0.9349122132030893, 2.9729566039189423, -0.004772792649180698
0.44404925349035207, 0.32318144299376134, 0.6161172492470613, 0.9348951888661574, 2.9728417186194296, -0.004649374437920855
0.44407908389825645, 0.32317322361886414, 0.6161934379353067, 0.9349976597632081, 2.972876122641881, -0.004686912510868063
0.44409241036305924, 0.3231828948190467, 0.6163992837774676, 0.935024667792903, 2.9727913608573493, -0.004570459736416525
0.4440839801645642, 0.3231906567329482, 0.6165638374277581, 0.9349174567892279, 2.9727672118036774, -0.0044245796564252975
0.44407631906027, 0.3231788002063708, 0.616716172418672, 0.9349731529218537, 2.9727109934905953, -0.004386077548051399
0.44405646742652055, 0.3231648842577308, 0.6168969659403588, 0.9349239090190663, 2.9727878888021833, -0.004630983056153348
0.4440593636635697, 0.32314357532003923, 0.6171056566907993, 0.9349723378148048, 2.9726241340171, -0.004278402532508725
0.4440701245662277, 0.32314432668360155, 0.6172494377626886, 0.935005118482451, 2.9725455259800433, -0.0040983005430766835
0.4440549435586968, 0.3231272683728364, 0.6174388456149502, 0.9348990666517427, 2.972532258943081, -0.0039449437591171765
0.44407001633502813, 0.32313255185050427, 0.6176041585718385, 0.9349185087485136, 2.9724831899773823, -0.0038482722181010518
0.444088250919483, 0.32311904792174706, 0.6177126087556265, 0.934972109719209, 2.972474725825462, -0.0037400396093302418
0.44410867023327155, 0.3231464712420416, 0.6178160542976204, 0.9349665808538473, 2.9724836507313146, -0.003897839280295211
0.4441013265891553, 0.3231623541731942, 0.617928369871828, 0.9348829270385159, 2.9725441369162025, -0.0038731340968561263
0.4441321904802572, 0.3231498419347596, 0.6180406744399695, 0.9349441304424188, 2.9724313955024906, -0.003792818746635128
0.444164479433423, 0.3231934825582062, 0.6181722883760218, 0.9349136684258604, 2.972408992107029, -0.003731734917130629
0.44418372406806145, 0.32320538217752137, 0.6181641192703097, 0.9349094600402066, 2.9724777196326797, -0.003952813670281951
0.4441839164041222, 0.32319420843316515, 0.6182712856496024, 0.9349847468687758, 2.972411110158618, -0.0038562462058745984
0.44420006842425236, 0.32319307977478595, 0.6182983505960468, 0.9349780965144457, 2.9723872766469666, -0.003771966847501488
0.4442143986140236, 0.3231608663831027, 0.6183711397283811, 0.934997335454717, 2.9724021778393634, -0.0038415459123344385
0.44422658980669555, 0.32315681267814905, 0.6184063146482117, 0.9350743716333969, 2.9724103760617986, -0.003901928604123806
0.44426000473475397, 0.3231489192768271, 0.6184591991570164, 0.9351992216675161, 2.972373021573184, -0.0038180478911696097
0.4442868936363992, 0.32315603087686073, 0.6185009669733348, 0.9351954375251705, 2.972283677470493, -0.003612516465189561
0.44428183513625674, 0.32313311307394266, 0.6184616034715019, 0.9352733929228496, 2.972369479814105, -0.003928859204194223
0.44429967225335293, 0.3230967424484933, 0.6184867654622694, 0.9353684981463932, 2.9723084239115614, -0.0040530395837724865
0.4443053107956678, 0.3231027082179594, 0.618548622391097, 0.9353306426754088, 2.9722322076774232, -0.0037645452501755762
0.44438736195696393, 0.3231741953758775, 0.6187913071697446, 0.935302807921587, 2.972240911422005, -0.003763161799628942
0.44440322250880115, 0.32317209581446144, 0.6193819656967383, 0.9352621455079462, 2.972194903651427, -0.0038374110958664586
0.4444422190482035, 0.3232098019708273, 0.6199719880722286, 0.9351914338582921, 2.9720843988784726, -0.0035338978250568213
0.44447209809822946, 0.3232632305325669, 0.6205865344408329, 0.9351434965458364, 2.9720687101293866, -0.003382900631994996
0.44448997661107553, 0.32325988641806847, 0.6211787655228316, 0.9350901969885669, 2.9719480896107093, -0.0030204313521046133
0.4445399929653562, 0.32330320384407774, 0.6218593148281972, 0.9350468703566033, 2.9717987838630373, -0.002528349563404214
0.44449613194770177, 0.3232713979060957, 0.6225051147941468, 0.9348959881594862, 2.9716732978361002, -0.0020047516489795133
0.4445021996677916, 0.32321499205688736, 0.6231338412608826, 0.9350251529129981, 2.9715253006677718, -0.0017854237976281015
0.44450817277161225, 0.323198694861515, 0.6237364515209288, 0.9350432786085912, 2.9714750907073726, -0.0017264261392302789
0.4445160731151801, 0.32314570263649073, 0.6244287731611657, 0.9350231024639153, 2.9712909194478887, -0.0014628510370112667
0.4445242722771014, 0.32314758328358895, 0.6251126829085546, 0.9349446869462351, 2.971169906618008, -0.001163989371488691
0.44457757363457284, 0.32315838105134626, 0.6256820538285438, 0.9350380304210555, 2.971217000604279, -0.0016802453318005258
0.44457029616227367, 0.3231381269332065, 0.6263797405970178, 0.9349979138096738, 2.971062121723585, -0.000905980246737395
0.4445663368113747, 0.3231055043553815, 0.6270711263585955, 0.9350268537592262, 2.9708282311119203, -0.0003948130048279936
0.444621765865478, 0.3231684853156805, 0.627618336115101, 0.9349837778035471, 2.971003384131399, -0.0008738046817799661
0.4446713930464398, 0.3231858332888753, 0.6281832917371537, 0.9349911767850226, 2.9708864537186095, -0.0004544462342316548
0.4446410344168207, 0.32314812614923255, 0.6288886435791383, 0.934980794712604, 2.9707254104067053, -5.537233465602414e-06
0.44468458697354624, 0.32309770942770116, 0.6295734951385551, 0.9350829371008431, 2.9705502234824266, 0.000415103357129054
0.4446715745744835, 0.3231308458764222, 0.6300925597030046, 0.935015004239073, 2.970518858540475, 0.000590764699313781
0.44468315814616677, 0.3231478787817808, 0.6307451720448812, 0.9349343888794579, 2.9704723769632015, 0.0006918733765704643
0.4446560942422273, 0.323117196497997, 0.631387641804979, 0.9349209840451237, 2.97042895566743, 0.0011179667026936487
0.44469418061568305, 0.3231298381862789, 0.6319748760328997, 0.9349680011546927, 2.9703292541502355, 0.0013953000515695639
0.4446963452756463, 0.3231796890559511, 0.6325878551165337, 0.9348388053718646, 2.9703007996086708, 0.0016228614165095367
0.4447271267829121, 0.3231920642670283, 0.633235675039501, 0.9348555843161973, 2.970167765512379, 0.001994640493443918
0.44479009294274896, 0.3232401893463625, 0.6338894261585178, 0.9348455546967546, 2.9700899241597933, 0.002213197424403258
0.44479780432984534, 0.32323353440488123, 0.6344972339364822, 0.9348453251180403, 2.9699653650474116, 0.002484396512607763
0.44476039491118385, 0.32321544183362205, 0.63514654587454, 0.9346812473300833, 2.969945466633842, 0.0028512878178933994
0.4447518381301954, 0.3231794905314334, 0.6358366298472189, 0.9346739301708954, 2.9698114283574637, 0.003114878642080606
0.44476726731860466, 0.32313982303831695, 0.6364091917845024, 0.9346800033283565, 2.9696563540044187, 0.00311937509632829
0.4447918582889121, 0.32315006089518683, 0.6371205327962095, 0.9347310079363135, 2.9695093650206847, 0.0036341839140047114
0.44481976000374956, 0.3231708499036205, 0.637657420866318, 0.9346523647444, 2.9695274490779617, 0.003654216938177274
0.4448362126249783, 0.32313697090586124, 0.6382651707596345, 0.9347411838789587, 2.969438069665367, 0.004029133719393391
0.44486731771678667, 0.32313528387180096, 0.6390002678715212, 0.9346701384685429, 2.9691985993077483, 0.00469716780700364
0.4449157633243384, 0.3231531339409169, 0.6395827605427522, 0.9347592292968362, 2.969206550004507, 0.004668716119397248
0.4449619809383034, 0.3231814041933972, 0.6401071066393518, 0.934788171762561, 2.969204281012801, 0.0045559959975075785
0.44497344256115234, 0.32319468484448494, 0.6408017739580957, 0.934709420700135, 2.9690759049336917, 0.00509494520310299
0.4449357360140312, 0.3231329641059461, 0.641438117797061, 0.9347150806940457, 2.9689777074685533, 0.005405371061344418
0.4449449953745678, 0.32311998488173654, 0.6420942724284134, 0.9346115048063406, 2.9689164578064067, 0.005615528926415226
0.4449623634563215, 0.32308712460337935, 0.6427380201573831, 0.9347708119362911, 2.9688151030299483, 0.005956079716651861
0.44497165174003805, 0.3230722429601013, 0.6434681191376352, 0.9347130165823175, 2.9686339513491093, 0.006463845887270612
0.4450183035268036, 0.32310565631731664, 0.644003833077144, 0.9347207689844637, 2.9686142145748873, 0.006561605191733707
0.44507867724763106, 0.3231154792695452, 0.6445893861270081, 0.9346770814327064, 2.968479175324569, 0.0068129122910907045
0.4451088419009707, 0.32314315528500515, 0.6452291560298636, 0.9346549814914978, 2.96835976837666, 0.007084881730294282
0.445136971916548, 0.32315112607836516, 0.6457499959520633, 0.9346174825519742, 2.9682518431938827, 0.007111169235254422
0.4451040935837734, 0.3230992845897376, 0.6464040937020982, 0.9346318325923442, 2.9680373058264538, 0.007653127556590203
0.44509329156108535, 0.32306083815649217, 0.6470272568835834, 0.9346184503900806, 2.967935145512021, 0.008080255857508413
0.44510716943366446, 0.3230544629418759, 0.6477327474225035, 0.9346019247375957, 2.967851990825178, 0.008315145613841418
0.44510479984854606, 0.3230268860044035, 0.6483501681536646, 0.9345897830670098, 2.9677499550898823, 0.008784353089209824
0.4451717475532112, 0.323095151448879, 0.6489190619274, 0.9345453500099944, 2.967605498710202, 0.009156683335127896
0.4452174071019207, 0.32312102711741686, 0.6494691954431712, 0.9345941659695494, 2.9676005887043493, 0.009251441772856387
0.4452357374859999, 0.32313229775543595, 0.6501282863007518, 0.9344733832741667, 2.967482949604719, 0.009523337055747063
0.44520838943795615, 0.3230834672706108, 0.6508036963640517, 0.9345051113239874, 2.9673443651061318, 0.009976725412490164
0.44523720240639963, 0.3230635033248038, 0.6512533778490524, 0.9345073250325839, 2.967296975630182, 0.010030663386617822
0.4452773225436944, 0.3231065142616395, 0.6511321415638087, 0.9345252975802867, 2.9673590982719706, 0.009768711278289934
0.4452922065079575, 0.32310397730835666, 0.6510765106180357, 0.9345904441187811, 2.9674490172182577, 0.00967893446270414
0.44530359005780296, 0.3231181701958615, 0.651060629605422, 0.9345449967040371, 2.967432847015169, 0.009554998364097542
0.4452789568569824, 0.3230989382213955, 0.6510892109377096, 0.9346252712550888, 2.9674381924777076, 0.009680070207395091
0.4453033397565588, 0.32308570396155295, 0.6510866495884736, 0.9346761401436414, 2.967347850395209, 0.009607374502170382
0.4453144609075159, 0.3231206440390224, 0.6510235121366369, 0.9345857496997068, 2.967436223873191, 0.009503108889578608
0.4453176283180229, 0.32306953213007455, 0.6510762057990844, 0.9347253659901099, 2.967382941256658, 0.009620037976813866
