0.36356279114635387, 0.409900161049539, 0.6424013394085604, 0.795688962351828, 3.0355964786583893, 0.007979891942670115
0.3635572421666069, 0.40988412376759836, 0.6424118450111229, 0.7957517663417366, 3.0356162951814594, 0.007994924330338361
0.36356624795503883, 0.409895395357063, 0.6424002013116522, 0.7957106832255353, 3.0356058836418573, 0.007966721921116363
0.36356772637463314, 0.4098957836735272, 0.6424013394085604, 0.7956891278802692, 3.0355963724523853, 0.007979827206388013
0.3635510948858242, 0.4099034081616162, 0.6424087637181596, 0.7955947453363192, 3.03560913885492, 0.007974895228902565
0.36356826833898015, 0.4098967090570768, 0.6424024761623012, 0.7956700702594286, 3.035598088169956, 0.007997848425285947
0.3635596459305408, 0.4098883119709288, 0.6424103016544701, 0.7956975007122347, 3.0356304219375847, 0.007994827027391488
0.36356110832444344, 0.4099122910029598, 0.6423900980493932, 0.7957114763113826, 3.035609045570032, 0.00794879279602002
0.36356360646911134, 0.40988418226364426, 0.6424152621702268, 0.7957355131514287, 3.035550686994825, 0.008024208828520082
0.3635425436766958, 0.4098928481562238, 0.6424145278033743, 0.7956725499589686, 3.0356095202123927, 0.008002966171537196
0.3635605565644892, 0.4098983976845981, 0.6424052004580779, 0.7957086720060254, 3.0355966051297463, 0.008021672967997674
0.3635456734763677, 0.4098703017658236, 0.6424250383765203, 0.7956694530556195, 3.035598330051607, 0.007997925552061422
0.3635627602382915, 0.4098893563432694, 0.6423994712822518, 0.7957299347053528, 3.0356073669247783, 0.007930647035210429
0.36356427821578124, 0.4099050497533884, 0.6423794776065522, 0.7957141400923078, 3.0356214082995967, 0.007875788843288975
0.3635749078482419, 0.40988691076920974, 0.6423930782946616, 0.7957152987495112, 3.035626292969329, 0.007917395417341083
0.36356078208242987, 0.4099116810910479, 0.642396083066617, 0.7956739297888042, 3.0356123296315976, 0.007984838163371581
0.3635694302040465, 0.4098924776805452, 0.6424073203140355, 0.7957326924747776, 3.03561469851611, 0.008030933070930455
0.36355649453937117, 0.40990203420927884, 0.6424050508889896, 0.7956707212369382, 3.0356012904628837, 0.007979924989437498
0.3635686721876274, 0.40989524122363463, 0.6424013407911106, 0.7957224419248986, 3.03557570104154, 0.007974925862749256
0.3635706367098272, 0.40990534157409414, 0.6423781267103641, 0.7957172034064309, 3.035632411107111, 0.007881410789546562
0.3635555580778862, 0.4099025712657877, 0.6424050495330603, 0.7956370160568893, 3.035621944214647, 0.007984776667102506
0.36356444172759383, 0.4099097733228247, 0.6423837493235827, 0.7956835692876641, 3.0356537099779803, 0.007885801930270317
0.3635726665254833, 0.409906650021713, 0.6423804014338279, 0.7956950244929817, 3.0356196980907733, 0.00791252201706335
0.36356363883831877, 0.4099060387021356, 0.6423938082409688, 0.7956779916117211, 3.035629698742304, 0.007953631286382993
0.36356505451638804, 0.40988261740786647, 0.6424092717012826, 0.7957483373550126, 3.035601526603221, 0.008007800511797114
0.3635607913017109, 0.4098945049930993, 0.6424017474643766, 0.7957047308636512, 3.0355836263754057, 0.007956906005495831
0.3635582935576101, 0.40988148727948326, 0.6424166959171012, 0.7957270527989535, 3.0355951344927203, 0.008002868317590292
0.36356304752196866, 0.4098963053027081, 0.6423979319885125, 0.7956849966027685, 3.035583375829509, 0.007915847313960897
0.3635485454427096, 0.4099033702139666, 0.6424006079976655, 0.7956747205388124, 3.0356186865954835, 0.00794879812597348
0.3635469676087226, 0.40989835018768184, 0.6424152594060274, 0.7956504392441403, 3.0355969028037944, 0.008034124237483387
0.36356017603587737, 0.40987640356492605, 0.6424144196828993, 0.7957702918413881, 3.035614654328668, 0.00797683890201878
0.36356704151149527, 0.4098860720920556, 0.6424136077898409, 0.7957481041244316, 3.0356015784612334, 0.008007798856612314
0.36355825636483496, 0.4098943643968123, 0.6424137146935268, 0.7957077908976069, 3.035593716831286, 0.008039006658793372
0.36356673198088674, 0.4099006845400143, 0.642398655100401, 0.7957346858040757, 3.0356239785725445, 0.007976831397410716
0.363562429532596, 0.40990399559887464, 0.6423845184748921, 0.7956434818552703, 3.0356484284540803, 0.007899403753511001
0.36364406132967764, 0.41001758162279983, 0.6414925788396424, 0.7958020390111851, 3.0356700579085127, 0.007409287887799335
0.3636579791859817, 0.41007138450465264, 0.6405016827387251, 0.7958063281982314, 3.0357418018010858, 0.007079063030610996
0.36367022536602195, 0.41010720640951753, 0.6395221673589941, 0.7958284945670381, 3.0358164593758943, 0.006634041830674509
0.3636523019737132, 0.4100731829686119, 0.6386476027293466, 0.7959400412679073, 3.0358668361471044, 0.006481984757035241
0.36361973381259854, 0.41000468955952724, 0.6376829950188747, 0.7959011503553629, 3.035846029812246, 0.006224337186560782
0.3636384655092096, 0.4100063027330865, 0.6367496095368522, 0.7960288455964356, 3.0358729544817042, 0.006103059766355536
0.3636369696698376, 0.4100354177107436, 0.6357973171709902, 0.7959793931195094, 3.0359768631255437, 0.005740712092586852
0.36366179594716164, 0.4100887315923586, 0.6348028079153933, 0.796010987173089, 3.0360140036038454, 0.005340988694281366
0.36369866520173244, 0.41014606814447924, 0.6337141747321174, 0.7960240750623718, 3.0361172198139426, 0.004888063941793412
0.363669977728021, 0.4101232669227128, 0.632767169815107, 0.7960199676982834, 3.0361685561277314, 0.004605172183479661
0.3636226062827077, 0.4100245828505711, 0.6318786541919414, 0.7960751433429518, 3.0361504038979685, 0.004477629108519585
0.36362629549060715, 0.4100131870820203, 0.6309276633832841, 0.7960272148937316, 3.0362647634210846, 0.0041211794114041364
0.3636049516669682, 0.4099878744686399, 0.6300059231623347, 0.7959976062215608, 3.036300391335191, 0.003888736530121299
0.36358093596707297, 0.4099880237546218, 0.6291317391867668, 0.7960960006905746, 3.036300350114978, 0.0038131234731700187
0.36359963433864134, 0.4099659860424757, 0.628128877774914, 0.796088714518363, 3.036343583718145, 0.003430908733713682
0.3635818735652969, 0.4099987174502912, 0.6270914869417108, 0.796014262052876, 3.036419174398073, 0.003035655072245776
0.3635568724153768, 0.4098811552569071, 0.6262763160216174, 0.7961356892199157, 3.036464802950102, 0.0026692587520854355
0.3635439133734399, 0.40989622459084046, 0.6252758993635491, 0.7961059767244021, 3.0364831721748873, 0.0025274939746823604
0.36352088537130406, 0.40985499271532577, 0.6243983068611713, 0.7960372213161673, 3.036527967353882, 0.002296892782319402
0.36354099650489485, 0.4098780828136069, 0.6235327096483293, 0.7961527386739428, 3.036536695469047, 0.002069960524636458
0.36351846293812934, 0.40988367675123555, 0.6225564793028856, 0.7961470231100857, 3.0366852017057955, 0.0013818320711092502
0.3635327027498939, 0.40990767054018884, 0.6215548870102131, 0.7961281931393464, 3.036771164089841, 0.0008408976069228922
0.3635625010328775, 0.40991125837858666, 0.6205818247246627, 0.7961224380224194, 3.0368202376836764, 0.0006366049338903362
0.3635218289310682, 0.4098519338340618, 0.619638352876406, 0.7961790234067632, 3.036808688459512, 0.0005322216206330075
0.3634627180688808, 0.40979951113163005, 0.6187156109337938, 0.796131634350377, 3.0368602697736646, 0.00022780818526169213
0.3635109242468428, 0.40981567020349435, 0.6177823088477152, 0.7961697528227546, 3.0368677722326862, -2.760884742790688e-05
0.3634953758012539, 0.4098069320752435, 0.6167566960508645, 0.7961712496257877, 3.036941874890505, -0.0003167839783285515
0.3635308519800859, 0.40989391077808673, 0.6156692427859214, 0.7961034785511318, 3.037062842889038, -0.0009858038389768693
0.36353959857644513, 0.40990201261883336, 0.614490673110896, 0.7961505476842241, 3.037147155498319, -0.0014039676672559622
0.36349902913463217, 0.40981244435978753, 0.6135739993274071, 0.7962119521853916, 3.037077900299426, -0.0013362019843840415
0.363444560163015, 0.40975230523701817, 0.612704642356774, 0.7961215295165377, 3.037018826070878, -0.0010285965789174156
0.3633114001848872, 0.40948694345147985, 0.6120354258880232, 0.7959850971547396, 3.0367472807965235, 0.0004721087687742408
0.36313431580868916, 0.40915295947402636, 0.6117300265202368, 0.7959646635890233, 3.0363655867952257, 0.002276068657912887
0.36292655467146345, 0.40879240285114915, 0.6116630442791228, 0.7959621349443892, 3.0362160979116797, 0.003185158069079
0.3628974419822666, 0.4087498023457724, 0.611604358411836, 0.7959023483313422, 3.0361658565865546, 0.0038389266333851276
0.36289313911049653, 0.40876579634095894, 0.6116008582772305, 0.7958421838217042, 3.036156682658519, 0.003906204789693334
0.3628781197181038, 0.4087204032200365, 0.6117050520123491, 0.7958349563726439, 3.036155303569927, 0.0037108960901902624
0.36291656678557854, 0.40878349399406516, 0.6117750508078456, 0.795859648791132, 3.0362157321854935, 0.0031955907784113734
0.3629195691817535, 0.40876532993885045, 0.6119493178289267, 0.7959004013445079, 3.036266268849209, 0.0029284663457349895
0.36288907014176075, 0.40877872617654054, 0.6120254331466816, 0.7957570323464288, 3.0363288965663404, 0.0028613150596665925
0.36289662784974697, 0.40879632774344016, 0.6120524488628175, 0.7958060505938441, 3.0363071497688354, 0.002625046831149527
0.3629389113793022, 0.4088009474327833, 0.61202031694764, 0.7957943138627538, 3.036247124461254, 0.0028330008044978802
0.3629192055005168, 0.4087771484929108, 0.6119438417402384, 0.7957494089901083, 3.036195202149728, 0.003116148169127505
0.3628863297819206, 0.40872181857565554, 0.6119597859510084, 0.7958179729111488, 3.0361500151701333, 0.0033400234918707305
0.3628634752652846, 0.4087185004216079, 0.6119001861821693, 0.795792484892852, 3.0361807643542957, 0.0035633257940836803
0.36286854260137863, 0.40868433683866273, 0.6119017393417392, 0.7958610340354138, 3.0361485769620473, 0.003499220872262831
0.36287238358740365, 0.4087015959491432, 0.6118513321762313, 0.7958176673154058, 3.036112082363498, 0.003693516307655801
0.3628823749237845, 0.40870176626393484, 0.6118386760893003, 0.7957956880109447, 3.036103578913053, 0.0036293668355584967
0.3628700781508965, 0.40868674191856275, 0.6118703649086719, 0.7958909897808712, 3.0360920064169092, 0.003770785679365277
0.36287344136548283, 0.4086927522498108, 0.6118450923028307, 0.7957679965741487, 3.0361468513246788, 0.0036434467224054075
0.3628713710517397, 0.40869991664087624, 0.6118427353039537, 0.7958752235641801, 3.0361100838174604, 0.003620641248086325
0.36287341927736666, 0.4087056539121304, 0.6118426425075483, 0.7957679012988614, 3.0361469006698005, 0.0036434992068911536
0.36287477983089106, 0.408710152939426, 0.6118409372068255, 0.7958243992620171, 3.0361374182424963, 0.0036853291616105095
0.362865726280339, 0.40871793043455884, 0.6118403692864038, 0.7957656407790082, 3.0361346032910963, 0.003715827172546949
0.3628810140981615, 0.40869935540304436, 0.6118421685053265, 0.7958125707235136, 3.0360927063892884, 0.003665509603055084
0.3628590310883701, 0.4087041317020084, 0.6118502441799758, 0.7957640004376325, 3.0361327582064415, 0.003656707159582788
0.3628699362892305, 0.40870581544698587, 0.6118393314213083, 0.7957948014677314, 3.0360975279084306, 0.0036648657541114623
0.3628765638058278, 0.40869591982951303, 0.6118496289246509, 0.7958354876739249, 3.0361042850098166, 0.0037108190615329347
0.3628703260144475, 0.4086958640792469, 0.6118514248721058, 0.795852255566991, 3.036094392463957, 0.0036705990772486997
0.3628764318375469, 0.40870654944265467, 0.6118318661633013, 0.7957986924201147, 3.0361148059771814, 0.003634377221881159
0.36287767606981985, 0.4087021948807023, 0.611849534685651, 0.7958041749947959, 3.0361331210894886, 0.00373870367948019
0.36287431073712684, 0.40869203289061734, 0.6118514232807384, 0.7957637284054185, 3.0361293818259893, 0.0036753229625422243
0.3628573651136562, 0.4086990223330448, 0.6118509916513868, 0.795759985781797, 3.036115324082526, 0.003688623933523368
0.3628699362892305, 0.40870581544698587, 0.6118393314213083, 0.7957948014677314, 3.0360975279084306, 0.0036648657541114623
0.36285281996101165, 0.40870608342490067, 0.611853781854221, 0.7957265657235365, 3.0361359788506306, 0.0036935451954370345
0.3628766157589566, 0.4087046151049974, 0.6118432569182953, 0.7957937313251285, 3.036094556304355, 0.003682872224213459
0.3628725033909448, 0.40868890753756904, 0.6118474977942066, 0.7958922169715045, 3.0360990268304895, 0.0036574530342821546
0.36287015368401754, 0.4086892369373286, 0.6118400315363511, 0.7958630370856784, 3.0361403528533124, 0.0036123792004205584
0.3628846743820254, 0.4087057825800714, 0.6118235830709368, 0.7958509696076134, 3.0360893476854045, 0.0036279830263542126
0.3628789342343897, 0.4087216210301056, 0.6118123719514078, 0.795744433300975, 3.036130153700653, 0.0035556908575430585
0.3628766821484269, 0.4086833573831106, 0.6118456337087581, 0.795818275836366, 3.0361152101040276, 0.0036746182562772205
0.36285598084637827, 0.40867510170075155, 0.6118832056483601, 0.7958347812278971, 3.036103521358308, 0.0037888290328168144
0.3628812596589104, 0.40867388284519673, 0.6118670538778743, 0.7958626636084534, 3.036056976180962, 0.0037919024156224824
0.36286103260009406, 0.4086901312686032, 0.6118722042197183, 0.7957526280916433, 3.036082626445353, 0.0038100203143825407
0.36287960403014163, 0.408701243528513, 0.6118362393257323, 0.795854660993457, 3.0361026016038486, 0.0036920495299158757
0.3628956801378804, 0.40872491083587154, 0.6118209468431932, 0.7958133648760736, 3.036092574374323, 0.003664760583035538
0.3629077445836226, 0.4087611272974889, 0.6117938700679192, 0.7958372078446034, 3.0361081405824626, 0.003614886265731244
0.3630809197410605, 0.409047448738423, 0.6122170297654598, 0.7957890510061629, 3.036489671075531, 0.0014155058611498698
0.363212907548024, 0.4092911438302088, 0.613759320977603, 0.7957663411642161, 3.0368365735466085, -0.0004728865040988188
0.36331202662394846, 0.4094462036161051, 0.6150716952492228, 0.7958206352465822, 3.036928843938479, -0.001196192165040297
0.36331984577252496, 0.4094501534286548, 0.6163224797874645, 0.7957057211249469, 3.0369186531925787, -0.0012395838932234252
0.3632917249212586, 0.4094065071828833, 0.6174937930978043, 0.7956641741170157, 3.036872039959409, -0.0011162612287116238
0.3632868271510168, 0.4094075690438919, 0.6184796438246714, 0.7956334746882255, 3.0368301910381756, -0.0008944869111772443
0.3632876695003393, 0.40939312874648354, 0.6193509116268151, 0.7956411818040626, 3.036840425383414, -0.000590656101293041
0.36331302416267597, 0.4094320887831847, 0.6200764132006295, 0.7955631423436537, 3.0368017084245547, -0.000393052175131596
0.3633364920926321, 0.40947213812562233, 0.6208153751469135, 0.7955645123904699, 3.0367727176213384, -0.00022309607593369528
0.36336603798387496, 0.4095099979508479, 0.6214971870700265, 0.7955135678199823, 3.0367603451399154, -7.067953434238198e-05
0.3633647022924584, 0.40950237454707716, 0.6223062631387208, 0.7954137942650655, 3.0367272539650103, 0.0001269013038584068
0.36334404490531275, 0.40948646474182765, 0.6231491345665767, 0.7954249266065747, 3.0366495235892166, 0.0008448047923603225
0.36334844849035824, 0.4094671498306376, 0.6239872417992899, 0.7953966002620863, 3.0365862022881154, 0.0012501461559691507
0.3633397479492122, 0.40945757385931375, 0.6247918037678649, 0.7953332905217385, 3.03655080961955, 0.0013337036107940378
0.3633496395133412, 0.4094799821925852, 0.6257184546123681, 0.7952433692059035, 3.036502642574116, 0.0015277973903830681
0.36335237616640403, 0.4095153982690284, 0.6267388171372479, 0.7951025486861224, 3.036406247818716, 0.0020672796900294086
0.36337227977609526, 0.40955095735121333, 0.6276451682258719, 0.7950370479138755, 3.036367078314938, 0.0024615920233731024
0.3634207849824311, 0.4095608468762935, 0.6286050815805876, 0.7951202441605523, 3.036238739923181, 0.0027769947911156687
0.36340958071552815, 0.40957673858171545, 0.6295343451875093, 0.7949986460369067, 3.0362222779877084, 0.002980803481001884
0.36342049298662293, 0.40956217405066386, 0.6304683233415838, 0.7949964583981367, 3.036140685160558, 0.0032302784449566883
0.3634269502660533, 0.4095854155271652, 0.6312963126482757, 0.7949984357646214, 3.036149270238885, 0.0031832536596363863
0.36343210788625196, 0.4095869001399619, 0.6321796666356411, 0.7948606422601122, 3.0361517928438633, 0.003157972166927745
0.363427508125873, 0.40961867140041386, 0.6330549566817599, 0.7947458334766403, 3.036156938109323, 0.0033722087515497255
0.36347637839714814, 0.40965129353825835, 0.6339585174092855, 0.7948189290201744, 3.0361623859347473, 0.0032360766046068317
0.36346196497074784, 0.4096137854165065, 0.6349722230809868, 0.7947492470747656, 3.036057902826763, 0.0035650312080058454
0.3634655333594974, 0.40959494767379684, 0.6358191089626601, 0.794777804917255, 3.0360057825488442, 0.0038866245082537407
0.3634440055327934, 0.4096142618435163, 0.6367622878935545, 0.7946421417409191, 3.036010602180641, 0.004273827448462016
0.3634921225823358, 0.4096560608514926, 0.6376118660716414, 0.7946537086616032, 3.0359874843417316, 0.00431310505874935
0.3635015900172682, 0.40964857137774896, 0.6378992528307327, 0.794651758061497, 3.035973171329568, 0.00403637669820822
0.3635117411438209, 0.4096858432908941, 0.6378706445572595, 0.7946272405818686, 3.0360282595858656, 0.003978919507350846
0.3635017576168554, 0.40967036314370725, 0.6379030607884666, 0.7946070308253451, 3.0359479600887425, 0.0040995112855623005
0.3635047200492017, 0.4096411721498958, 0.6379092398575867, 0.7946512951060145, 3.0359731309659175, 0.00403703964508723
0.3634802975289907, 0.4096461589290765, 0.6379099501405604, 0.7946455213207858, 3.036028971004665, 0.004020829680405666
0.3634594211791216, 0.40962024042699385, 0.6379542088061642, 0.7945998553499153, 3.0359997438773276, 0.004179116963270139
0.3634672725101147, 0.4095930281061303, 0.6379575548447374, 0.7946712349163937, 3.0359788413269393, 0.004119978790649572
0.363476246108116, 0.4096150493018541, 0.6379478284452542, 0.7945892279279454, 3.035957904065573, 0.004141186996711841
0.3634685387511042, 0.40962110450527284, 0.6379478225320283, 0.7945785947679191, 3.0359901406096195, 0.00419216435716513
0.3634683192171098, 0.40962078371030314, 0.6379404628485384, 0.7945986315802609, 3.035994732682163, 0.004137303779989452
0.3634817279350957, 0.40959880729442544, 0.6379519482905996, 0.7946802814452427, 3.0359373225238473, 0.004123165551820031
0.363471855517908, 0.4095964549579506, 0.6379764687087974, 0.7946411753170983, 3.035930366654459, 0.0042913580270116216
0.363454997458885, 0.40959757846492945, 0.6379590475078456, 0.7945984507405007, 3.035997895659251, 0.004119980963493337
0.3634764644307118, 0.40963944271800556, 0.6379152641497714, 0.794571511663004, 3.0360418254610746, 0.004056821758638746
0.3634693439249015, 0.4095987515171169, 0.6379571943056539, 0.7945997536698008, 3.035999678826722, 0.004178931893962549
0.3634644378950938, 0.409596535561703, 0.6379779158337089, 0.7946974243954633, 3.035922320307132, 0.0042546864863191895
0.36348042830074306, 0.4096201894425836, 0.637941442124243, 0.7946233262163808, 3.035940351529815, 0.004118279585011635
0.3634768838874063, 0.4096075509488722, 0.6379493173191058, 0.7946675463507051, 3.0359613320323593, 0.0041511238010272745
0.3634760498750583, 0.40960607539305266, 0.6379542127166371, 0.7946668074145982, 3.035958295891279, 0.004169181309042332
0.3634782613108994, 0.40960995410838347, 0.6379455560892554, 0.7947042625310133, 3.0359517531786455, 0.004151185532564324
0.36347983922815186, 0.40961268040176396, 0.6379489586834376, 0.7946308014485538, 3.0359676830929563, 0.004169115443593539
0.36347058839129204, 0.4096051700417776, 0.6379557094577087, 0.7946427107424616, 3.035940732136556, 0.004159342181478162
0.3634767326282022, 0.4096245709928367, 0.6379354145479921, 0.7946400293394621, 3.0359304822466826, 0.004077301835740108
0.36347281196151826, 0.4096068110277199, 0.6379651436432369, 0.7945650498453357, 3.0359394128423784, 0.004208471569908794
0.3634918400638917, 0.4095990849905657, 0.6379455640662719, 0.7947109550836959, 3.035902169922347, 0.004131345999363135
0.36348032585852297, 0.40962220210551326, 0.6379365446955517, 0.7946269432464804, 3.0359545202321847, 0.004105133682665442
0.36348324672332166, 0.4096295199848515, 0.6379310328862332, 0.7946130271805458, 3.0359767336158354, 0.004073225539126374
0.363481236893917, 0.40959793632701913, 0.6379508140602229, 0.7946436144374341, 3.035943659988262, 0.00414115822583063
0.3634830281566509, 0.40962695163193574, 0.637929022136187, 0.7946283043333559, 3.0359606195558433, 0.004069018690745308
0.3634596946631144, 0.4096034727909643, 0.6379669889505571, 0.7946840919912858, 3.0359474029775124, 0.004205458969869572
0.36346991952216184, 0.40961061446742414, 0.6379470469846183, 0.7946899107488714, 3.0359739926726035, 0.004120066999358568
0.36346136270346024, 0.4096064240948775, 0.6379571982161113, 0.7945939849995736, 3.03597736385361, 0.004169185036612104
0.3634669085173138, 0.4096183215380376, 0.6379444199298608, 0.7946346469813594, 3.0359852104633434, 0.0041380900655773175
0.3634662177548799, 0.40959746877149594, 0.6379730225017012, 0.7946398718672912, 3.0359285590919605, 0.004231571454795275
0.36348832329967895, 0.4096123915558899, 0.6379546316299568, 0.7946075851845068, 3.035952128617737, 0.0042182753988423164
0.3634697364017382, 0.4096166992333714, 0.6379444258639253, 0.7946259541586926, 3.035951589485382, 0.004123257609538469
0.36347380224145664, 0.40962820589627624, 0.6379305111253524, 0.7946338788037398, 3.0359830875076863, 0.004078954960117859
0.36348781078045866, 0.4096244254034849, 0.637937318108925, 0.7947204785159773, 3.035935627295294, 0.004146300537851028
0.36348153961853413, 0.40959624650096443, 0.6379628751778874, 0.794675341758166, 3.0359170397677735, 0.004172424195160636
0.36346933407006093, 0.40961816945952606, 0.6379455580541558, 0.7945555163872865, 3.0359787344023186, 0.004146147640499333
0.3634660496368363, 0.40960808140581006, 0.6379545772478113, 0.7946221437125551, 3.0359374759646025, 0.004136406818682126
0.36347860649771596, 0.40959765622333694, 0.6379555096412685, 0.794647638155156, 3.0359569381498215, 0.004204478014114311
0.363478765996315, 0.4096064711576238, 0.6379493212816161, 0.7946983218015128, 3.035929417892965, 0.004141315088647018
0.36347480932538034, 0.40961472085774175, 0.637946692254835, 0.7946097666956512, 3.0359613217426156, 0.004164235243898077
0.36345855006483135, 0.4096077799605245, 0.6379619036941387, 0.7945289086709333, 3.0359490426978932, 0.004207814658531157
0.363463774527235, 0.40961062599417486, 0.6379557054952518, 0.7945940237327302, 3.035977350122032, 0.004169183486620964
0.3634735237413931, 0.40959940641802084, 0.637966677911267, 0.7946426533027277, 3.035936440386743, 0.004255243657129163
0.3634796710832628, 0.4095929723162034, 0.6379655021827579, 0.7946566196537747, 3.0359186968575265, 0.004190449639564933
0.36346675810228024, 0.40962423186155894, 0.6379550377833946, 0.794586081552742, 3.0359425145043297, 0.004232316289400577
0.36345585988496754, 0.4096052500774789, 0.6379718882497829, 0.794531330963952, 3.035960164675698, 0.00421345209741143
0.36346886378370546, 0.4096108130637709, 0.6379519523051431, 0.7946017594222299, 3.0359340166535898, 0.004113357272821282
0.36346929542187134, 0.4096137588539033, 0.6379481890845604, 0.794641382480621, 3.0359356824430725, 0.004118380117499154
0.36346783427859397, 0.4096046055797587, 0.637973794360938, 0.7945717652716272, 3.035963742645447, 0.0042774274840849036
0.3634679109817425, 0.4096241489488024, 0.6379489646366604, 0.794585601041381, 3.035943801987257, 0.004154457942629341
0.3634895557135757, 0.40960163506102903, 0.637946692254835, 0.7947371639982608, 3.0359279911793715, 0.0041642667210901015
0.3634785598815575, 0.4096169152792295, 0.6379440692061769, 0.7946046041762688, 3.03594200886224, 0.004136305252461342
0.3634876166344957, 0.4095809886705786, 0.6379681291426876, 0.7947470209368058, 3.0358918220833258, 0.004208538869071688
0.363507194145348, 0.40953147060442785, 0.6380033626405747, 0.7948407754873908, 3.0358801684824166, 0.004350164116092068
0.3635221457702597, 0.4094842971810413, 0.6380220128027296, 0.7948815364225924, 3.0358117880113946, 0.004385084476961793
0.3635004447335154, 0.40950454628171407, 0.6380088254845008, 0.7948225395089409, 3.0358141996153, 0.004244133881892119
0.3634692808049004, 0.40958981828510865, 0.6379756494295299, 0.7946213222768601, 3.0359301369102987, 0.0042495331533298295
0.36348962853525485, 0.40959520632845065, 0.6379542206935586, 0.7946554015755725, 3.035913434027204, 0.004149308769481677
0.36350139810401, 0.4096309170444333, 0.6379314531627278, 0.7946238321496011, 3.035940268154087, 0.004117422591629659
0.36347262240431005, 0.40969928154650753, 0.6378992515473911, 0.7945396569207952, 3.035990648787378, 0.004031727522864027
0.36347858953011225, 0.4096817984097839, 0.6378890469360399, 0.7945397305106495, 3.0359948301536783, 0.003936409238958585
0.36346832288660347, 0.4096787984085336, 0.6379066145493333, 0.7945205988082665, 3.0359922445905556, 0.0040504172206281665
0.363462894892077, 0.40970821429938253, 0.6378860581847011, 0.7945235673564608, 3.0360045938325433, 0.003977649448048587
0.36346930587845444, 0.4096698783702817, 0.6379069716135077, 0.7945421431009703, 3.036001828647978, 0.004037291043801606
0.363480115775076, 0.4096821103636942, 0.6379034219536457, 0.7945319394912861, 3.0359589057134087, 0.004076623922218685
0.3634688662760713, 0.409679726155472, 0.6379077486853986, 0.7945200152848431, 3.03598916786376, 0.004068473381567286
0.3634905610914993, 0.40967468430708703, 0.6378779277032186, 0.7945923254920186, 3.0359724029534303, 0.003912636279641999
0.36345875989875415, 0.4097439175904382, 0.637719839983249, 0.7947462730572467, 3.0365706130718437, 0.003571415324918286
0.36347799974375444, 0.40977547318722596, 0.6376718146638937, 0.7946592626320221, 3.0366105668422865, 0.003403091566532979
0.36347752971748215, 0.40977463790899893, 0.6376707238148073, 0.7947130765814479, 3.036593171541647, 0.0034219509194420472
0.3634840309811069, 0.40977098985891774, 0.637645230335349, 0.7947709633938506, 3.036595308741083, 0.003253022021164923
0.36348514021532896, 0.4097622263005911, 0.6376530077342253, 0.7947540075116979, 3.0366051403259773, 0.003294750493446276
0.3634861211724751, 0.4097725281957675, 0.6376341093139128, 0.7947336103728374, 3.0366029723274406, 0.003193154311992836
0.3634899559674971, 0.4097707471760838, 0.6376292097557789, 0.794740145427161, 3.036628354718837, 0.0031849080321643057
0.36347969718512246, 0.40978930593427815, 0.6376299846795431, 0.7947181932113563, 3.036615704008002, 0.003216197328127532
0.363499637361215, 0.4097638874307716, 0.6376375051561456, 0.7948134694757779, 3.0366081532882676, 0.0032620620108906864
0.3635033114977062, 0.40977250491847256, 0.6376273504536383, 0.7947988543475795, 3.036627191563136, 0.00324892927643471
0.3634804154710105, 0.40979279320297246, 0.6376201898383722, 0.7947225904557715, 3.0366330063179325, 0.003185029843355764
0.3634910732242195, 0.4097986097683258, 0.6375989136081966, 0.7947071541811133, 3.0366500264350735, 0.0031119798118409703
0.36350697151209377, 0.409772354955344, 0.6376224580653165, 0.794827449764872, 3.0365870555600663, 0.0032160924824354248
0.36348965584006815, 0.4097702504044498, 0.6376221027530163, 0.7947775691832238, 3.036621811300962, 0.0031668963967664276
0.3635054433697732, 0.40977419643902374, 0.6376030356791913, 0.7948197502871548, 3.0366356493455458, 0.0030987804312940597
0.3634974801069108, 0.4097449383865315, 0.6376545009195882, 0.7948270845056039, 3.0365859911215036, 0.003294701395130365
0.3635020961359135, 0.4097638956619747, 0.6376254479285084, 0.7947737600749826, 3.036607524359334, 0.003179897795601428
0.36350707094795415, 0.40973367443637804, 0.6376446738387836, 0.794879679878808, 3.0365636917029843, 0.0032702102268654764
0.3635209171226719, 0.40971045668225625, 0.6376633198607685, 0.7949746415823208, 3.0365528860397486, 0.0033349133082705416
0.36350863013578905, 0.4097233966139402, 0.6376513191004657, 0.7948062705039192, 3.0365794799056434, 0.00328884306210766
0.3635255328304545, 0.40971428253893966, 0.6376426062273709, 0.7949365268787966, 3.0365615158748867, 0.003198563408836132
0.3635119569060279, 0.40973359200997195, 0.6376422403096142, 0.7948677858534939, 3.036593753195313, 0.0032626621619772284
0.3635166159633135, 0.4097591862040388, 0.6376130221490973, 0.7948421226006075, 3.0366470506532117, 0.0031453700602969027
0.3635133251211707, 0.40976189605933844, 0.6376190550398398, 0.7948168959120279, 3.0366233233231235, 0.0031716505874261804
0.36350352331827696, 0.40975775702947287, 0.6376220978838679, 0.7948155838705135, 3.0366172522249246, 0.003207825635102212
0.36350158114588665, 0.40973908919920166, 0.6376593974960123, 0.7948080524387923, 3.036587709057015, 0.003312686716752186
0.36352079964908623, 0.4097340698179374, 0.6376284926245651, 0.7948857235479321, 3.03659018156299, 0.0031847577617582583
0.3634999059326877, 0.40975142440109513, 0.6376347171096802, 0.7947782970778932, 3.0366236354257365, 0.003226563386359127
0.3635160995788663, 0.40973431990113135, 0.637638484726904, 0.7949338090502728, 3.0365471860341344, 0.003211864910712384
0.36351889574143753, 0.4097608903985757, 0.6376224537289301, 0.7948908155780341, 3.036606331695332, 0.003230841901057915
0.3635047158175532, 0.40973175733288764, 0.6376486314658425, 0.7949012362337263, 3.0365699407160136, 0.0032759190279257953
0.3635126937344874, 0.4097434913668093, 0.637636986824769, 0.7948804695728315, 3.0365665730079585, 0.003252867531133462
0.3635076815238038, 0.40975419281188297, 0.6376294591978348, 0.7949093850144099, 3.0366013885578984, 0.0032316450351805148
0.3635034633129956, 0.4097446470083814, 0.6376384803659954, 0.7948691926478313, 3.0365998828210885, 0.003226640468727905
0.36351644604036326, 0.40975227987068524, 0.6376265798405636, 0.7948854088253711, 3.03658708215565, 0.0032029167017478305
0.3635068722763974, 0.40973557475993544, 0.6376399749294781, 0.7948662620712192, 3.036588740571059, 0.0032216824923168097
0.3634969360994841, 0.40975064735260686, 0.6376324474977108, 0.7948580447825861, 3.036633156458438, 0.0032004094998335274
0.3635213435498236, 0.40973499820315096, 0.6376296259999695, 0.7949036009855064, 3.036582289501953, 0.003202844074592714
0.36349352210658936, 0.4098072203333608, 0.6375947871499258, 0.7947125611844869, 3.0366692772030652, 0.003139903815604718
0.3634679030951005, 0.40980981068149364, 0.637611333859117, 0.7946503993292404, 3.0366552745069506, 0.003166293453917008
0.3634735426570229, 0.40979596440789, 0.6376177224793295, 0.7946888788779741, 3.0366538479450313, 0.0031892154113592306
0.3634837700098781, 0.4098115731900747, 0.6376181722153219, 0.794666658063915, 3.036641042986539, 0.003221844165307719
0.36348272252073544, 0.4097990045110344, 0.6376137983223092, 0.7947631860738222, 3.036637514372243, 0.003171925040752031
0.3634875985561795, 0.4098162676382457, 0.6375838679978553, 0.7947440951268055, 3.0366413096585427, 0.0030349238321328467
0.36346767286931686, 0.40978574652904626, 0.6376260605071934, 0.7947075214132123, 3.0366519538069694, 0.003172629570801542
0.36349200859761993, 0.40981085984382387, 0.6375959248230687, 0.7947032659352629, 3.0366326093707117, 0.0031431915038597153
0.36348042202185793, 0.4098058471200423, 0.6376038103886497, 0.7947066057478976, 3.036646996380154, 0.003130143342461638
0.3634822740792996, 0.40978539815218934, 0.6376154557679821, 0.7947264271909908, 3.0366504446656215, 0.0031530430592557972
0.3634847941805515, 0.4097919405535794, 0.6376164236086151, 0.7947100737425206, 3.0366601375960998, 0.0031948188180810065
0.3634785732353206, 0.4098090469369582, 0.6376194655392653, 0.7946572295521086, 3.036679411822198, 0.003235873244122569
0.3634689322941179, 0.40979855765467715, 0.6376299832162344, 0.7947216627234883, 3.0366268536683805, 0.0032212568912783454
0.36348777764817003, 0.409823075900649, 0.6375834999603925, 0.7947142764364796, 3.0366753197297944, 0.0031038767055551826
0.3634998526889811, 0.40978581050940965, 0.6376149345842056, 0.7947743404972618, 3.036607413499267, 0.0031799933649669238
0.3634637242501276, 0.409789542267079, 0.6376260619431375, 0.7947234689934967, 3.0366359301359895, 0.003167797741100296
0.36348125390780966, 0.40980731928471126, 0.6375989136081966, 0.7946888823112326, 3.0366548449153052, 0.003112055130283393
0.3634937192213897, 0.4097944954283475, 0.6376183335610236, 0.7947642549999765, 3.0366427395838476, 0.003212903499333326
0.3634923711362806, 0.40979002493074435, 0.6376064356500157, 0.7946907446989909, 3.036659727869465, 0.0031529382699627367
0.36349348474404436, 0.4098028115955262, 0.6375974201895104, 0.7946890900812099, 3.036654738066556, 0.003111953252324965
0.36347104172626704, 0.40981749417727037, 0.6376000454957768, 0.7946186003817579, 3.0366819008349104, 0.0031350246385525977
0.36349300698048287, 0.4098041625211414, 0.6375987512928953, 0.794747087551135, 3.0366545765420994, 0.0030995983748308437
0.3634681375650126, 0.4098014941050534, 0.6376322471581858, 0.7946893578380826, 3.0366527277921938, 0.003267193211104519
0.3634772997326126, 0.4098154627862401, 0.6375962854426975, 0.7947296914206389, 3.036659322188586, 0.0030990015206491424
0.363487289787797, 0.40980702348253184, 0.637603648026754, 0.7947832816544554, 3.0366419302037007, 0.003117761761782812
0.36347154583343694, 0.4098032484159966, 0.63760190027231, 0.7947442054124257, 3.0366404352558423, 0.0031121848154676782
0.36348298196150025, 0.40980167762992037, 0.637602670755869, 0.7947302129796081, 3.036661478951367, 0.0031580446402251026
0.3634859721673546, 0.4098177322696586, 0.6375910284764037, 0.7946382781435009, 3.036683154371021, 0.003098822734913878
0.3634736270715881, 0.40982425428464425, 0.6375876236946827, 0.7946782945551952, 3.0366879885686395, 0.0030858682102543134
0.3634813283009794, 0.40978594066239254, 0.6376154543307115, 0.7947293416469019, 3.036661688549031, 0.003158000609947334
0.3634741284742053, 0.4098035306369121, 0.6376186907830929, 0.7946793821472335, 3.036692086307662, 0.003204735094583535
0.36349173413610336, 0.4098063881581498, 0.6375864925138236, 0.7947190075173551, 3.036698817151506, 0.0030364430734920456
0.3634845309720511, 0.4098258981834674, 0.6375894766357014, 0.79469010952755, 3.0366577599988576, 0.0030940382505062736
0.3634731392492662, 0.40979084044975456, 0.6376266377435635, 0.7946448891517398, 3.0366316431151557, 0.003234207253847133
0.3634965874900404, 0.4098126803253219, 0.6375809812527863, 0.7947163459717353, 3.036687749958652, 0.0030308092295590855
0.36347627954014344, 0.4098051189141453, 0.6376075661519288, 0.7946413043425334, 3.0366933731186694, 0.0031809410948416697
0.3634880278285067, 0.4097911356514592, 0.6375970049351654, 0.7947230062082727, 3.0366371132923256, 0.0030889879781618415
0.36347888318303606, 0.4098225424135001, 0.6375972516253068, 0.7946427258119165, 3.03669933354065, 0.003145584600272207
0.3634882728218763, 0.4097913985737202, 0.6376174074870818, 0.7947362897225457, 3.0366077304170496, 0.0032342280690519478
0.36349661717537046, 0.4097974411831089, 0.6376025114047545, 0.7948010826388032, 3.0366340130911085, 0.0031357479132400642
0.36349417979374343, 0.40980613417308626, 0.6376008187627793, 0.7947629887513655, 3.036637663039554, 0.0031711453280439126
0.3634851003651414, 0.40980108585966, 0.6375966469995025, 0.7947637279658981, 3.036641728869894, 0.0030759839919268007
0.36347519104968884, 0.4098074514740844, 0.6375943783340773, 0.7947057275178057, 3.03664491586812, 0.0030710515041716645
0.36348051861411496, 0.40979741999312697, 0.6376041675526535, 0.7947312320008573, 3.0366676610284653, 0.0031219237699345107
0.3636234659526673, 0.40953642597819606, 0.6377301923047346, 0.7953778921691776, 3.0363903547041744, 0.003507040895781936
0.3686450622044816, 0.40342810922629213, 0.6389094610635121, 0.8163486268313113, 3.0303410157963513, 0.006897196551531883
0.3861582341768108, 0.38622189550105374, 0.6392499664868992, 0.8839463125171049, 3.0111100968297775, 0.00781634899023702
0.4077188575824007, 0.3616389202406698, 0.6404143161888272, 0.9727753263750558, 2.9826001541841416, 0.01084561951515547
0.42442418890151284, 0.3357530331783778, 0.6441555986054631, 1.0533915737857418, 2.952460249985575, 0.021091835795556794
0.4372618200272872, 0.31102374539274913, 0.6485938710517509, 1.1243570840016401, 2.922298640104404, 0.03298393498735781
0.4503865856424227, 0.2918072177008804, 0.6485176877165487, 1.187265279647452, 2.8968485967252704, 0.03234998064718416
0.457060164522261, 0.2815128825091971, 0.6483564104282423, 1.2202881058010064, 2.8829401481709334, 0.03159911788073229
0.4577991865164111, 0.28222243661051055, 0.6473456848089965, 1.220694187921056, 2.8837124384361403, 0.02892700621618561
0.4578065387816658, 0.28222080465979843, 0.6473308419489537, 1.220702810160791, 2.8837352642932617, 0.028840666171248298
0.4578060297836425, 0.2822232398132122, 0.6473391657643115, 1.2207247315888807, 2.8837388643738344, 0.028889851787656365
0.4577822120946763, 0.2822077864317097, 0.6473550129245881, 1.2207364128828428, 2.883717219024072, 0.02890055104497487
0.4578065535492532, 0.2822105613538839, 0.6473382214230471, 1.220750612255521, 2.883703441632687, 0.028832477233779238
0.45780373543321695, 0.2822297935761858, 0.6473271273532681, 1.2206937537219404, 2.8837625818449784, 0.028855664530494717
