0.48824997706528456, -0.5490572677929123, -0.027512993060363675, 2.3816110574270546, 2.041971894828618, 0.00011785739797489145
0.4882239203311284, -0.5490572105880713, -0.027531196407468175, 2.3816611002780705, 2.0419893716019852, 0.00012333399775106985
0.48823344756481046, -0.5490519767619355, -0.02754289786844108, 2.3816644340060136, 2.0420426557666795, 0.00013284206179064816
0.4882370852176175, -0.5490353235633864, -0.027546626147898365, 2.381682882114947, 2.042033272623836, 9.26368867136222e-05
0.48824298107455527, -0.5490402290932926, -0.027560205357952658, 2.3816672421047462, 2.0420695708772567, 8.944099018343356e-05
0.48823228725578616, -0.549050992815594, -0.027530096266140135, 2.38172901568901, 2.041949297305356, 0.00013632877255112408
0.48825349881019603, -0.5490447355551688, -0.02751991410500025, 2.3815913710911203, 2.042004384793285, 0.00017315934104297407
0.48824004269827637, -0.5490574083436955, -0.027512084839508413, 2.3816405912697243, 2.0419975680263778, 0.00014582638562210762
0.4882445751299926, -0.549048576859242, -0.02754477532213253, 2.3816237464409147, 2.0420569212184683, 0.00015750698395162945
0.48823997390147256, -0.5490433255825261, -0.027537614418912136, 2.381670549528882, 2.0420233532876377, 0.00017311969929248257
0.488245707246737, -0.5490537155114421, -0.027518814448082997, 2.3816048704467376, 2.0420159517428926, 0.00011143910748843017
0.48822561587042, -0.549061403461926, -0.027534244510250626, 2.381688223026362, 2.0419880084714532, 8.034979000259756e-05
0.48822592620605587, -0.5490729356728365, -0.027517679265554297, 2.3816193649808013, 2.0419780083501813, 9.565576908331723e-05
0.48824191902220115, -0.5490379411523302, -0.027540985242345994, 2.3816175730110096, 2.042076253933353, 0.00011713953685646878
0.4882259753926928, -0.5490486412597037, -0.027558292496160017, 2.3816583305751107, 2.0420618686782848, 9.217796584813421e-05
0.4882444612348909, -0.54904012293994, -0.027559034817455596, 2.381657662659323, 2.0420113610862605, 0.00011993078096892259
0.48823277888462796, -0.5490430101867728, -0.02755077412253302, 2.3817072412286198, 2.042004856600733, 9.260774607460507e-05
0.4882354238993454, -0.5490550131454993, -0.027510172423661834, 2.3816059016592863, 2.0420169691109846, 0.00013000076408395216
0.48820625792103345, -0.5490707090902515, -0.02754212080346943, 2.3816706636115215, 2.041997018961015, -0.00010861099938714595
0.4882305334396805, -0.5490707177813211, -0.027532571328115395, 2.3816281021672183, 2.0419858889161793, -0.0001359391452529509
0.48821700102544885, -0.549067002025457, -0.02755038143906915, 2.3816568776496307, 2.0419853996250303, 6.729489918315053e-05
0.48822794171347267, -0.5490818226968147, -0.027517124276282758, 2.3815347356670244, 2.0418797540429128, 3.3201527608037564e-05
0.4882582104167318, -0.549086925180311, -0.027492025575128913, 2.3814028312379625, 2.041791383479412, 3.628967716076137e-05
0.48826312922937537, -0.5490705328101851, -0.027497607944587638, 2.3812856501176443, 2.0418141500198375, 0.0004916994124323148
0.488252748345395, -0.5490787106882541, -0.027506381566096763, 2.3814037131115553, 2.0417919412768915, 0.0003964802809970353
0.48823288289321287, -0.5490876740120842, -0.027529214491831624, 2.381407895790209, 2.0417206540377526, 0.0002167449827787032
0.488265168114928, -0.5490933684158928, -0.027472029481647092, 2.38117610473365, 2.041794866503889, 0.0003833610513527531
0.48820451104807217, -0.5491406578461792, -0.02748388877249642, 2.3812822052459794, 2.0415880308865493, 0.0004535220388819524
0.4881436648039063, -0.5491916230298901, -0.02751348066836741, 2.3815739571206294, 2.041589514304922, -0.0002121766029532255
0.488190527359714, -0.5491528242120972, -0.027509956710474827, 2.381417614340856, 2.0416290942821838, -5.499277125601174e-05
0.4881574664875341, -0.5491718587884447, -0.02752548637502764, 2.3814248646828093, 2.04163566875165, -7.752079464083741e-05
0.4881450782124156, -0.5491982151862511, -0.027516290133558143, 2.3813440234094583, 2.041640041335997, -0.00040530087088847146
0.48813359171489734, -0.5492146682577905, -0.027534742881827313, 2.3812316495928036, 2.041615710484958, -0.0005706767964239898
0.48814138481712194, -0.5492049708338739, -0.02750884706706235, 2.381288530584504, 2.041715490085976, -0.000692594373196544
0.4881373044880184, -0.5492341677230915, -0.027488606581178812, 2.381307164893541, 2.041806122952927, -0.0006913799468764381
0.48812535603394214, -0.5492429283606384, -0.027490956079344944, 2.3813820743078287, 2.0417950881564617, -0.0007992571081578571
0.4881836718152373, -0.5492130281093146, -0.02748687228960748, 2.3811043839914148, 2.0421035592552697, -0.0006633132753874314
0.4881348315420197, -0.5492222873100505, -0.027511992160260346, 2.3814793988435285, 2.0421043323624812, -0.0004889157203897793
0.4881061606596032, -0.549240530862385, -0.02752953957921393, 2.381722876326601, 2.0420180214505446, -0.0001790609801643507
0.4880634562097751, -0.5492995263937197, -0.027502844809611016, 2.3818087434904958, 2.0420915603516514, -0.0007213018851118774
0.48809967965906154, -0.5493088967850318, -0.027490415445115837, 2.381556503263047, 2.0418981260215974, -0.0005067248930396898
0.48811956349280206, -0.549306341320075, -0.027491231963592745, 2.3819273138782835, 2.042194742572156, -0.0003785797235515097
0.48808620336487757, -0.5493572776975963, -0.027483000637228038, 2.3821983046721305, 2.0419824303522804, -0.0005471414173323793
0.4881065567254922, -0.5494122753801478, -0.02744263399475471, 2.38218987867267, 2.0417006410709386, -0.0008586120469636708
0.48813103993735973, -0.5494104521008535, -0.027447484893061147, 2.382053899091148, 2.0414836480698826, -0.000643862430058879
0.48812436914375296, -0.5494171477599754, -0.027480702427678423, 2.382343988317696, 2.041661014788637, -0.00044386554824535926
0.48812191438189556, -0.5494251957378852, -0.027519275662627338, 2.382377453053265, 2.041515510236945, -0.00040806139369051707
0.48808611365891014, -0.54946206844414, -0.027522289850584282, 2.38246808809065, 2.0413946272679273, -0.0003865785588786603
0.48809476428668913, -0.5494448770792408, -0.027555068977140794, 2.3826872267513433, 2.041684929073437, -1.3492323341919228e-06
0.48808609742273507, -0.5494851233056599, -0.027546183583586653, 2.3822481453376363, 2.0416025442136463, -0.00022727307033306368
0.4880278610894653, -0.5494745003425546, -0.027637340382322982, 2.3830652622625945, 2.041686647253068, -0.00015283580963694425
0.48804530414441233, -0.5494955978956039, -0.02761918864815, 2.3828418693168802, 2.0413696154392422, 0.00032336326789669356
0.4880403433143434, -0.5494877453871252, -0.027637370328763147, 2.3830773178055162, 2.0416233603484972, 0.00012169412272099748
0.4880219448740375, -0.549502328100156, -0.027638339455682514, 2.3832169628549886, 2.0415943864317456, 0.00015685946459002354
0.4880555767512452, -0.5495211529645729, -0.027599514513218834, 2.382802346448651, 2.0411856137126265, 0.00028623570856594406
0.48805794916511663, -0.5495312706821716, -0.027598217502557518, 2.382974015634821, 2.0412592246593837, 0.00012738352473130925
0.4880532937830972, -0.5495751196686796, -0.02756126653708194, 2.3831004268387623, 2.04104560466641, -4.9733314027833386e-05
0.48807226557593614, -0.549590485401878, -0.027520270132900676, 2.3832643365791846, 2.0411139165650303, 6.1002317898695333e-05
0.4880488381423532, -0.5495983536436931, -0.02757508767193425, 2.383965321416862, 2.041246723886314, -0.00017200908640899214
0.4880897816256652, -0.5496068055615685, -0.027546570370028823, 2.3839554698600525, 2.0413374813150056, -0.0001454291205298959
0.48808066697166197, -0.5496744878191119, -0.027601554418408766, 2.383897111588154, 2.0413358271646165, -0.00022992884537750076
0.48807162211072197, -0.5496817406497165, -0.027656374298017865, 2.383847333351957, 2.041368077570315, 0.0001912824333529122
0.4880031641052818, -0.549672274735899, -0.027790731244939193, 2.3842507572650002, 2.041840388271405, 0.0001457709608647348
0.48798712842820136, -0.549681757055497, -0.027902981172039508, 2.38431992235473, 2.041849645837614, 0.0001281407493735613
0.4879292567437642, -0.5497207856626363, -0.028023340203494576, 2.3845274962963168, 2.0416784384328364, -0.00013438662454183308
0.4879252450717363, -0.5497275302392992, -0.02818009767709648, 2.3847005107175683, 2.041752349340831, -0.0001642699387684172
0.4879123629196098, -0.5497509254293041, -0.028205654764419115, 2.3850957741614573, 2.0414958496307296, -4.5629968042467556e-05
0.4879135203679071, -0.5497478097198347, -0.02828754088044576, 2.385062178956996, 2.0416648083958187, -0.00016442888983021347
0.487879046041703, -0.5497990938713502, -0.02834633641988528, 2.3855482225149554, 2.0415374968851014, -0.0005610957752066969
0.4878983942007546, -0.5497999494436134, -0.028383466761048626, 2.3853106258606225, 2.0416547656356765, -0.0006306346097101655
0.487877120787218, -0.5498544403110792, -0.028476412599898932, 2.3856348996550096, 2.0416607573588763, -0.0004483097168572369
0.48789139919771085, -0.5498248733485458, -0.02848914869117329, 2.386213071925874, 2.0416368648429923, -0.0004605310399738937
0.4878790979578888, -0.5498968407846864, -0.028452147874151755, 2.3856684940785153, 2.0415409190204294, -0.0008333068626334621
0.4878805047711552, -0.549891375598758, -0.028535275338854797, 2.3855738464522935, 2.041532973557242, -0.0008731898317682874
0.487862874294798, -0.5499180780505285, -0.02854788059517953, 2.385686354684656, 2.0413560452467747, -0.0008085130680283586
0.4878809240568047, -0.5499200828198804, -0.028561055922931414, 2.385786827008998, 2.0415918001420863, -0.0006952243480798304
0.4878995094455603, -0.5498929171270678, -0.0285647018531236, 2.386028368726269, 2.0417260073903165, -0.00019256591885947577
0.4878708642605888, -0.5499137892497984, -0.02855736852773944, 2.3866203159049943, 2.0418139457647193, 0.000137094220424484
0.48785710980083924, -0.5499180176565809, -0.028584488918327305, 2.3866869952528775, 2.0420953352948015, 0.00017261888994420422
0.4878905604353884, -0.5498747685295304, -0.028605651843772638, 2.386578867666379, 2.042499374682057, 0.0006218311042115685
0.48789691030784144, -0.5499390308229768, -0.028556243890968298, 2.3859035619498234, 2.04229042730348, 0.0009211555691571445
0.4878882824500752, -0.5499372659901451, -0.02858496086269681, 2.38625738109765, 2.042197909395461, 0.0009440937030387815
0.48787999363516443, -0.5500028967286367, -0.028571914861734868, 2.3857313622335243, 2.0420425474335255, 0.0005567857123115088
0.4879050803787566, -0.5499977555797603, -0.028591848059688976, 2.3860578939667936, 2.042349617493784, 0.0007868696204797463
0.48790641321891837, -0.5500276459127382, -0.028577599488005583, 2.385761452860711, 2.042019019576355, 0.000517545073857378
0.4878402844850932, -0.5500215046090495, -0.02865406342089279, 2.3862942623060412, 2.0425768482386113, -4.114999474027276e-05
0.48785648774052104, -0.5500829521785005, -0.02860312420258403, 2.385477118051842, 2.0422956613373877, 0.0007543506620894809
0.48781633834321636, -0.550069967626163, -0.028634391232890175, 2.3858407626187135, 2.042709794239746, 0.0006346097676137251
0.48782443982450513, -0.5500395925069367, -0.028654405137135547, 2.385936528099771, 2.043115833724824, 0.0011976942258715188
0.48782108962784865, -0.5500708103563602, -0.028628807358160355, 2.3860701028973654, 2.0427080371991653, 0.000781944157097023
0.48786276905612974, -0.5500947066042065, -0.02861520404817868, 2.3857730455387363, 2.042477005299531, 0.0010303307977470677
0.4878333481543471, -0.5500703097574283, -0.028653781756978185, 2.3859535486799563, 2.0423090129027672, 0.0011747722591243033
0.4878275146287908, -0.5500327905119791, -0.02875044722330952, 2.3861058662388617, 2.042737763600604, 0.0013583627221770258
0.48777690917859884, -0.5500404973769849, -0.028807771331837963, 2.3860831083463894, 2.042942100812851, 0.0014223407738964005
0.48778052276204165, -0.5500448722460958, -0.028855226029134005, 2.386273522963349, 2.04290664822614, 0.0010667561487946666
0.4877632716123871, -0.5501065768349871, -0.028858720794736316, 2.3859136398134573, 2.042819160470961, 0.0015124892447765925
0.48774341516633307, -0.5501013199187953, -0.02892874755149382, 2.3862078600306096, 2.0427241555812663, 0.0013174242441797049
0.4876630114496917, -0.550144461550453, -0.0289579203394597, 2.386505562536374, 2.0427823788155637, 0.0012879900194636583
0.4876523042972606, -0.5501171250040314, -0.02900647244255191, 2.3868091083467666, 2.0427197359243325, 0.0014863742111607345
0.48723416037100714, -0.551196205737382, -0.03195132168947763, 2.4268002815507885, 1.9907557359362387, -0.02316562713742829
0.4892651037673104, -0.5483432713467642, -0.030317499908151573, -2.392389648316347, -2.0301149660608933, -0.03324952232029272
0.4891516278693374, -0.5486361131501286, -0.029625780476168068, -2.393622557352682, -2.02912738321536, -0.03484243811101023
0.48903920100454606, -0.548595223179942, -0.029707435909125286, -2.393584278746988, -2.0283702912820427, -0.035519265179878134
0.4889989873610309, -0.5485688132507898, -0.03006581492517233, -2.393740634322397, -2.0283539397211037, -0.035615362975610756
0.48902875570469867, -0.5485442912773703, -0.030092678561645922, -2.3936485384194537, -2.0283975723643164, -0.03566076052011357
0.48903431004023024, -0.5484309358091382, -0.030389262099598656, -2.3931578382712346, -2.028217525659654, -0.035269792680601826
0.4891698639388921, -0.5483684222753055, -0.030323979587042055, -2.3932024147666726, -2.028729839988716, -0.03514223227235571
0.48921265776339856, -0.5484260925959739, -0.030095691932092022, -2.3935764472713883, -2.028660049302319, -0.03536765691750594
0.4891554970271434, -0.548520176690656, -0.02998181436651423, -2.393825532905679, -2.028628831507422, -0.03549380023525372
0.48914804692179253, -0.5485380160245094, -0.029980348592822618, -2.3938595606292092, -2.0286837485309954, -0.035491520188592945
0.48913181909910014, -0.5485488467954509, -0.02997623712962958, -2.3939319618548804, -2.028546414844549, -0.03546342893144032
0.4891589713915272, -0.5485188797432189, -0.029987005075856214, -2.393886437239132, -2.028582284990133, -0.03555559633613314
0.4891615057091302, -0.5485350942974436, -0.029958478884972592, -2.39390659777949, -2.028674947046926, -0.035538655279495
0.4891519683277564, -0.5485384071165177, -0.029955100883798005, -2.3939584867079913, -2.0285956762247457, -0.03553547997370126
0.48915307062957925, -0.5485294963087715, -0.02997616030004465, -2.393930074267321, -2.0285954736954035, -0.03550988166144127
0.489140867615723, -0.5485291897807876, -0.029977600806696116, -2.39388675395308, -2.0286078469474904, -0.0355218465158312
0.4891480026046066, -0.5485567159214207, -0.029957937781786757, -2.3939873737899284, -2.0285950693354917, -0.03556076654952523
0.4891209486720297, -0.5485425765016962, -0.029973040345165063, -2.393916843755117, -2.0285087278387164, -0.03556813960930683
0.48915851010984057, -0.5485227623564315, -0.029984820531836445, -2.3939091024362695, -2.028601922416337, -0.03550642456094421
0.4891433455276555, -0.5485410722944227, -0.029966343507779027, -2.393942217043287, -2.028556626197642, -0.035544091036291615
0.48916291456970173, -0.548533430652252, -0.029958427303622935, -2.393951445123083, -2.0286144114003153, -0.03557573897272939
0.48913339930230565, -0.5485431197699899, -0.02996404493205248, -2.393962415995338, -2.0285484926239223, -0.03556598568484513
0.48914695608824843, -0.5485441040872674, -0.0299539442215472, -2.393990065516588, -2.0285731449588758, -0.03555732780428515
0.48914215047402704, -0.548528878481246, -0.029983928283563124, -2.3939305223279304, -2.0285710681188456, -0.03554353406848036
0.489155346994356, -0.5485284919319031, -0.02995317438699186, -2.3938787414226796, -2.028650762531211, -0.03554774935150466
0.48913005420363853, -0.548550189017236, -0.029960652440810198, -2.393948944971391, -2.028561631849942, -0.035584671904972366
