0.3697096717302459, 0.046416572186732695, 0.5761051768022596, 1.9490276272205942, 2.4344346826641274, 0.08310299641133038
0.3697192277314927, 0.04640558613776995, 0.576102101165785, 1.9490407678086632, 2.434356885434015, 0.08305910710248862
0.3697202283920283, 0.046421392038447785, 0.5760967010795754, 1.9490202578481775, 2.434455054929701, 0.08306986885074216
0.3697130286515116, 0.04641925997732092, 0.5761185160398428, 1.9490377141281674, 2.434418163386801, 0.08316137527001008
0.3697220418759869, 0.04641160794650394, 0.5761099971125099, 1.9489695541910668, 2.434450160689502, 0.08312570759270764
0.3697132418029142, 0.04640758719961904, 0.5761139848439166, 1.9490362901991665, 2.434384133994796, 0.08315901215345863
0.3697196325256001, 0.046415229990258176, 0.5761076158728698, 1.9489915956239863, 2.4344486253049107, 0.08309345717747171
0.3697015227488752, 0.04640814147026941, 0.5761160335362163, 1.9490129187977694, 2.434415875646333, 0.08316837528792144
0.36971101283305274, 0.046418390718230625, 0.5761094363492943, 1.9490226576573637, 2.434459503717822, 0.08309449168340662
0.3697250225525779, 0.04641418249956534, 0.576103383614323, 1.9490601751280294, 2.4344152777644754, 0.08308612547528335
0.36970212610423675, 0.04639549433291355, 0.5761136351735674, 1.9490304855811036, 2.4343758305951337, 0.083108875974578
0.36971967725047633, 0.04640937096412378, 0.5761063719180306, 1.9490626613177378, 2.434387234390836, 0.08306820992269065
0.36973617567105327, 0.046427429392005344, 0.5761025737545152, 1.9490220835940262, 2.434426097889065, 0.08309363760311331
0.3697014849127766, 0.04640463926613904, 0.5761247321544803, 1.9490662345661802, 2.4343945605420556, 0.08316097210728497
0.36972351476659965, 0.04640995250365087, 0.5760910053398871, 1.9490345482646472, 2.4344104463030254, 0.08302613794296265
0.3697197441143646, 0.046411772677767756, 0.5761076215583832, 1.9490418017167517, 2.43442215204295, 0.08310237038427226
0.36972063498040253, 0.046414584167685395, 0.5761118867566632, 1.9490279721544783, 2.434467109409354, 0.08310243464863958
0.36972049323345496, 0.04641800506598556, 0.5761031392712976, 1.9490928853654517, 2.4343969814109268, 0.0831115455259711
0.36971376982893245, 0.046404412253948715, 0.5760885776578433, 1.9491115721786076, 2.4343896475114035, 0.08305273187828974
0.36972316411643097, 0.046410955210786704, 0.5760978802545598, 1.949062732973773, 2.4343868215421907, 0.08306882935037889
0.3697197441143646, 0.046411772677767756, 0.5761076215583832, 1.949026802289991, 2.4344337531022338, 0.0831021536029333
0.3697182058291041, 0.04640993519304517, 0.5760983178755348, 1.9490649269502691, 2.4344211013442814, 0.0830267679040893
0.36972883125173883, 0.04641366179602158, 0.5760825262377813, 1.9490682877942813, 2.434457019575722, 0.08305298151692969
0.36972186951087366, 0.046417421314995475, 0.5761043241292436, 1.9490388093607427, 2.4344181644635294, 0.08311856460024884
0.36971530977242484, 0.04641561462717472, 0.5761142464525919, 1.9489783855640093, 2.4344632233002055, 0.08316007523804661
0.3697187108458609, 0.046387929366742534, 0.5760940221208732, 1.9491838932189922, 2.4343308726985122, 0.08305145900792588
0.36972133177507627, 0.046404315963722104, 0.5761088179276281, 1.9490581883836626, 2.4344138173682386, 0.08312695677488734
0.3697146523006514, 0.046417615713457545, 0.5761042549504399, 1.9489815157437593, 2.4344353808981025, 0.08314252709314868
0.36973044041790887, 0.046423768177484344, 0.5760882366037832, 1.9490689659509022, 2.434457829955345, 0.08305452178718627
0.3697304151205518, 0.04640728086199018, 0.5760891655801161, 1.9491076448758344, 2.4343845329408658, 0.08306874936183038
0.3697057194982825, 0.0464007311879875, 0.5761026672107955, 1.9490744547963932, 2.4344037263664524, 0.08308524462295433
0.3697172434441615, 0.0464105904332219, 0.5761154313471062, 1.9490719627200424, 2.434369412336571, 0.08316880553171904
0.369698600031777, 0.04640685887795104, 0.5761211545212926, 1.9490859575945203, 2.4343888916383656, 0.08310349477232676
0.3696977292886039, 0.046404119137504564, 0.5761245841671331, 1.9489802897882509, 2.434466944380987, 0.0831849151600692
0.36972713632548726, 0.04639991079650734, 0.5761033779288477, 1.949067552390979, 2.434394041932741, 0.08307635736215267
0.36972482692747904, 0.04640245439270369, 0.5761021569251067, 1.9491192828398687, 2.4344014025666394, 0.0830859520019455
0.3697232076175477, 0.046422889246642514, 0.5760843787645101, 1.9490587845622216, 2.434507434237663, 0.0830373612543536
0.3696958113669847, 0.046404386769680867, 0.5761421611034349, 1.94901605605927, 2.434423093345612, 0.0832600886530162
0.36972117054313475, 0.04641832805416063, 0.5761036711185827, 1.9490843328560887, 2.434418544127027, 0.08322872671819705
0.3697314921204121, 0.046400824049006036, 0.5760922402716904, 1.9491558218293243, 2.4343873040862367, 0.08305237024599472
0.3697218982591136, 0.04639643054717856, 0.5761019544384754, 1.9491301115868938, 2.4343848643101125, 0.08310217611038898
0.36974095044535626, 0.04642255688866229, 0.5760873720722647, 1.9490316238377956, 2.4344061114255413, 0.08304299344523747
0.36970945907595176, 0.046407015479075865, 0.576114836210346, 1.9490286848835685, 2.434373199129867, 0.08308385702363336
0.3697050157011058, 0.04640977445693061, 0.576117937939633, 1.949027130781801, 2.4344346628940805, 0.08310197005983526
0.36971572107008266, 0.04640401907992434, 0.5761251554753494, 1.9490912360388313, 2.434333264353008, 0.08317659018818398
0.36971317367817513, 0.04639697088394341, 0.5761251180125653, 1.9490071027575397, 2.434376890716294, 0.08318274248674244
0.36972283283639124, 0.04640027830029851, 0.576095445804955, 1.949063211457798, 2.434386724921796, 0.08302573045545257
0.36971422203315507, 0.046412784245244136, 0.5761049368899476, 1.949054488622283, 2.4344079172444264, 0.08307654300146292
0.36971657597280577, 0.04640917074940006, 0.5761094566679504, 1.9490575160590065, 2.434411887645174, 0.08306035578723386
0.3697035815309348, 0.046386887964564284, 0.5761180813494368, 1.9491015308962911, 2.4343787738592173, 0.08312678315314716
0.36971375701108156, 0.046405507665700396, 0.5760940208392854, 1.949045550453513, 2.4343945903467783, 0.08304280093865335
0.36970937914524504, 0.046392863378077374, 0.5761240536927019, 1.9490094093792125, 2.434348368582025, 0.08316612310599969
0.36961484709036924, 0.04661237600672668, 0.5760652814902986, 1.9482846258928423, 2.4349972662644004, 0.08292846061298184
0.36943871395981753, 0.04704611475295156, 0.5760118796026518, 1.9467820810439407, 2.436290772814905, 0.08281094652638538
0.3691169179433132, 0.04761553585400277, 0.5759660514764686, 1.944699624919811, 2.4379653851398873, 0.08281097790470503
0.3687668852739568, 0.04835401743037733, 0.5758348371452527, 1.9420788865015959, 2.440161059441491, 0.08248658375126756
0.36832949850275054, 0.049312732288010815, 0.5756949762173134, 1.9387524110079106, 2.4430045610126436, 0.08213459704612805
0.3678071830783968, 0.050414521297461615, 0.5755388743770496, 1.9348321444962857, 2.446241037942531, 0.08186372621231405
0.3671616423254562, 0.05172743233113476, 0.5753456054876065, 1.9302123164061349, 2.4500370134794154, 0.08143001577275384
0.3664697017495842, 0.05322170304965053, 0.5751062514196649, 1.9250606504915193, 2.454467967397536, 0.08093225408490332
0.36567634709856306, 0.054878655099681484, 0.5748973659921283, 1.9191002604493321, 2.4593141407986634, 0.08058311957372807
0.3648344780628552, 0.056687901193490965, 0.5746236564056185, 1.9129861231554146, 2.4644575024065802, 0.07997825562421174
0.3638648465158829, 0.05872463906548751, 0.5743481157158586, 1.9056376208185062, 2.4703500515767165, 0.0793229033884167
0.3628794565682901, 0.060893415851404405, 0.5739679940009771, 1.898079785821244, 2.4765910613401836, 0.07840401267522579
0.3617134894984057, 0.0632879076022651, 0.5737108838898723, 1.8893434255373929, 2.483577729724151, 0.0780502730896904
0.36045519207179194, 0.06582617940416362, 0.5733659175339069, 1.8801918419265116, 2.4908492768701285, 0.07737112676244494
0.359160378088914, 0.06847037738551477, 0.572983263451857, 1.8706043738989173, 2.498381188925513, 0.0764105840142475
0.3578127525605753, 0.07144336941470074, 0.572534609303193, 1.8601316175943445, 2.506739345364827, 0.07552292520820496
0.35628709200292763, 0.07467043863023301, 0.5720722172815603, 1.8484017680708504, 2.5159196427261463, 0.07451444670389015
0.3547838305997638, 0.07794673868240959, 0.5715821985341483, 1.8364547220478635, 2.5250518642039768, 0.07333199626225946
0.35312762002921183, 0.08142079435937163, 0.571120102853122, 1.8240087887022822, 2.5346645285136504, 0.07250064639624103
0.35138930040257554, 0.08495056052131018, 0.5706399701658372, 1.8110074072806008, 2.544400491271091, 0.07152776667015123
0.34968663087095037, 0.0885125018158363, 0.5701245893437015, 1.797852308886903, 2.5542179925403716, 0.07039182994677755
0.3479970098535142, 0.09214167958152873, 0.5695710023069446, 1.784742709213271, 2.5640142680625533, 0.06909556086603201
0.3463172841037223, 0.09570569251321603, 0.5690993027030585, 1.7713623678389134, 2.573824175297415, 0.06809297375068205
0.34463593306912804, 0.09933089258033384, 0.5685810141668476, 1.7580823206390392, 2.583454318098202, 0.06710483764965137
0.34294764987103965, 0.10292226360680808, 0.5680395890790588, 1.7445820512225045, 2.593168264173556, 0.06579038559573576
0.3412170296588318, 0.10645510553798686, 0.5675530158691912, 1.7313173262134454, 2.60246387801396, 0.06478317008999944
0.3394893543500465, 0.11006066636281724, 0.5670676983333687, 1.7179281334455796, 2.6117834875276986, 0.06381844424433056
0.3378294396134038, 0.1136694376755839, 0.5665126123780583, 1.7043175029055124, 2.6213256702311667, 0.06258106440972594
0.33605506625557424, 0.11737264566877272, 0.5659899294857976, 1.6903689349009083, 2.630833172268129, 0.061390557147741276
0.33435712655070854, 0.12099847247836443, 0.5654730163813414, 1.6766238846525954, 2.640108784007401, 0.0601424758240012
0.3326497043589327, 0.12458486646450871, 0.5649697141702422, 1.6628386262143793, 2.6493709695311494, 0.05906669732682933
0.3309713296367696, 0.12817015705174803, 0.5644310035328803, 1.6491016043227693, 2.6584662131649837, 0.057792709196654364
0.3292699335108289, 0.13175304774227248, 0.5639189842470234, 1.6354032464118786, 2.6673807884720135, 0.05673252216228845
0.3275718165693342, 0.13532055468610635, 0.563416926119011, 1.6217190211264136, 2.6762191789326235, 0.05560800367500508
0.32586598909865133, 0.1389053600919218, 0.5629198123196539, 1.6078290400540285, 2.6851692789308803, 0.05453905721655487
0.32418458764573577, 0.14244184442405505, 0.5624272725199779, 1.5941928748982706, 2.6936586082485006, 0.05349638227275424
0.32247217106099074, 0.14600227888106526, 0.5618942464518726, 1.580116502732702, 2.7025316959865835, 0.05230993828799474
0.32068467556685515, 0.14979118235360356, 0.5613714253983447, 1.5656517868983546, 2.7114860720257856, 0.05114505185948805
0.3190025361071247, 0.15335957725130397, 0.5608452313069897, 1.5515749378088088, 2.7200323978324237, 0.04986386968092322
0.3172850306276553, 0.15696476390990755, 0.5603625005053458, 1.5372515796445083, 2.72864616457059, 0.048907850746734656
0.31556095091731157, 0.16056942974927188, 0.5598390479867968, 1.5231573771137183, 2.7370247813036594, 0.047750072174762404
0.31385020466396213, 0.164118398922389, 0.5593570413049745, 1.5088325411152952, 2.745381724660065, 0.046727808361251046
0.31212721193345133, 0.16764404292450924, 0.558884520837266, 1.4946863175634963, 2.7534827348618784, 0.045740948694156874
0.3104627007015984, 0.17127081301124708, 0.5583474810254506, 1.4804972958318967, 2.7617168089557302, 0.04451692057961912
0.30877979597953154, 0.17479857432635543, 0.5578442781359404, 1.4664826734984933, 2.7696878161936445, 0.04330065384869883
0.30708129448135457, 0.17843157206712093, 0.5573277166058078, 1.4519015848985544, 2.7778377216451156, 0.042286872136784524
0.30536532808677247, 0.18200563658653118, 0.5568129428351781, 1.4374153101017693, 2.785946521272933, 0.040998866961909894
0.30366391205264187, 0.18558928638839725, 0.5563251493672662, 1.423187490111624, 2.7937321617683506, 0.04008154952407729
0.3018807324574932, 0.18934275428803213, 0.555781989076677, 1.4079269178013163, 2.801990069047675, 0.03878835902662994
0.30017100034382976, 0.19294008819808883, 0.5552717661026101, 1.3932203385681838, 2.8097222194964497, 0.03750010109319463
0.29849516937854986, 0.1964759186850272, 0.5547495572498186, 1.3790601218032386, 2.8172155777561008, 0.03634918979517121
0.29680541786616815, 0.20007775969582522, 0.5542392253703021, 1.364427107002452, 2.8247269074097905, 0.03519568012130301
0.29510594638333176, 0.2036532389748662, 0.5537353611684194, 1.3498447892826382, 2.83227260987291, 0.034183847075379525
0.2934241774558427, 0.20724996953773014, 0.5532184376855139, 1.335165730558372, 2.839711190961781, 0.032956623644738316
0.29170692115515123, 0.21087439414656914, 0.5526748121607344, 1.320340593282454, 2.847069996988891, 0.0314798036932429
0.2900152677441899, 0.21448664689512975, 0.5521746268313084, 1.3053683202373685, 2.854377714643802, 0.030591842178797422
0.28831040391297225, 0.21800981720055457, 0.5516954608803908, 1.2906047289865084, 2.8616194632099052, 0.02960026805886493
0.28661295339922715, 0.22159095637572868, 0.551157559909817, 1.276157562326385, 2.8686115824106255, 0.028292575467650793
0.284928034600985, 0.22518636469280193, 0.5506153955715628, 1.2611261797632767, 2.875735093988535, 0.026934526606237602
0.28322088332506096, 0.228778579017161, 0.5500699411188689, 1.2462019686301904, 2.8826884013013188, 0.025717188827535795
0.2814431299509204, 0.23253377896213273, 0.5495565286676396, 1.2304070015788062, 2.8899561951465835, 0.024658868257617896
0.2797506872208231, 0.2361338063319769, 0.549048597838762, 1.2153913365449995, 2.8967698491437086, 0.02326718284358876
0.2780935300410598, 0.23968110802059886, 0.5485548402301905, -1.2002760416799263, -2.90294537409334, -0.022336145479698206
0.27634647741920804, 0.2432125387625727, 0.5480942636357098, -1.185081376117115, -2.9087354728068835, -0.021256617083901225
0.27463582125716535, 0.2468858831973452, 0.5475450509515954, -1.1691659193482042, -2.9146837757494803, -0.01993598392282227
0.27295586126368154, 0.25044818568691574, 0.5470669404884746, -1.1537682380662218, -2.920338237042909, -0.01902784397736777
0.27126224978270685, 0.2540104046908536, 0.5465493119131032, -1.1384858648961098, -2.925816963781574, -0.017783221017950015
0.2695336045396414, 0.2576340608938633, 0.5459984117354569, -1.1228095330067738, -2.9314053675973923, -0.016278774114688272
0.26782450338427977, 0.26118625547351626, 0.5455441415467827, -1.1072657206268781, -2.9369567481535723, -0.015451394016736841
0.2661787887228621, 0.2647529847710949, 0.5450025019223865, -1.0919301269543484, -2.9423546402426135, -0.014146103945245805
0.2643966799450937, 0.26848462426377, 0.5444328524815949, -1.0757886764310844, -2.947789047476313, -0.01262223282243747
0.262648634330204, 0.27213478185465223, 0.5439829319330456, -1.0598200317717208, -2.9531211262222543, -0.011862001280800791
0.26098971004721777, 0.2756499151745323, 0.5434851697100592, -1.0444586099730009, -2.958136595635062, -0.010781407981168147
0.2593145044843099, 0.2792216634030647, 0.5429237442221684, -1.0287885486467798, -2.9631124863792615, -0.009214112129149691
0.2575716404898532, 0.28288177505015927, 0.542445720808094, -1.0128268222971568, -2.9682538264250313, -0.008298160802561677
0.2558614807309705, 0.2864728198803405, 0.5419135076737953, -0.9973073664027405, -2.97299518458882, -0.006916176508418362
0.25419074879334713, 0.28997137821113916, 0.5414338303806259, -0.9813388993886875, -2.9778614663652214, -0.005995319930035318
0.2524552303849612, 0.2935898788697661, 0.5409455058073229, -0.9654024453641733, -2.9826203837426064, -0.004978925865729837
0.2507823356590634, 0.29721232388143004, 0.5403488218209301, -0.9498833705962081, -2.987133545278056, -0.003242473657096044
0.24904853030565183, 0.30084855972037367, 0.5398460424732422, -0.9337890349668104, -2.991738729504076, -0.002167608163314472
0.24742079945684933, 0.30423936521831335, 0.5393975461646301, -0.9185431548415816, -2.9961517294624325, -0.0013890012024587448
0.24597944842269845, 0.3073926881461155, 0.5389390597383781, -0.904884393941712, -2.9999785605091196, -0.0002016805733067061
0.2444956776319904, 0.3104675187519386, 0.5384780329693715, -0.8912889069964525, -3.0035510954256663, 0.0009242531794110022
0.24316701630067902, 0.31324442289242926, 0.5381224330448025, -0.878682272555981, -3.006816998170061, 0.0015083765996315214
0.24186580686356415, 0.315922670730285, 0.5377534096067406, -0.8665769031904317, -3.0101270814069774, 0.0024089938480833938
0.24076867609027158, 0.3183733201637369, 0.5373594822413574, -0.8562740265303884, -3.0128405311904247, 0.0034556393784673936
0.23966735465202135, 0.3206976597776026, 0.5370347232396564, -0.8456320976022182, -3.0155999938314846, 0.004083517525324405
0.23859336389815652, 0.3228582747863545, 0.5367563042314127, -0.8360389680479222, -3.0179287090710765, 0.004736367965037256
0.23771951103572825, 0.32474015384354266, 0.5364831752388998, -0.8276178252601022, -3.0200652118222173, 0.005407432222309579
0.23685808173940284, 0.3265406197444438, 0.5361966627781933, -0.8195724159559636, -3.0220044330813494, 0.0060114906991431735
0.23611169364931722, 0.3280874286922753, 0.5359995508560659, -0.8126838161826776, -3.023706507172857, 0.006456068026325636
0.23548072680717877, 0.32949426243975205, 0.5358102778497292, -0.806570638736028, -3.0251822216190143, 0.006730055136513484
0.234936681948301, 0.33070879107064693, 0.535613746403078, -0.8010876345752549, -3.0264850873986786, 0.00730214823747279
0.23442258441412955, 0.3316925955273367, 0.5354920471815423, -0.7965753189406414, -3.0275003310021664, 0.007609113146403149
0.2339909625012101, 0.3325295527923645, 0.5353686347687407, -0.7926416472188836, -3.0284419145953607, 0.007946276239430889
0.23366765675728596, 0.33321186047137763, 0.5353053984247073, -0.7896560601681369, -3.029147826195552, 0.007980095223129043
0.2334533210070227, 0.33370508851301245, 0.5352227477549543, -0.787420686148197, -3.029622677048247, 0.008138506026902892
0.23330708291327576, 0.3340345366020584, 0.5351772993498555, -0.7860673917105226, -3.0299946117271666, 0.008238721460280719
0.23325962587403734, 0.33417240589859365, 0.535135743152466, -0.7855565876204037, -3.0301089583148686, 0.008350505689475115
0.23325312527544617, 0.3341824221242254, 0.5351422221783422, -0.7854657668129207, -3.030133487942392, 0.008331802012325798
0.23324783476598782, 0.3341812820637368, 0.5351660967830372, -0.7851950161562092, -3.0302095215472247, 0.008218109730444135
0.23324164594892635, 0.33419531746748704, 0.5351648067551226, -0.7851927685790648, -3.030199991500114, 0.008179740984454016
0.23321506664860436, 0.3342013699021304, 0.535179719138353, -0.7851053928381649, -3.0302383427586332, 0.008126303529121201
0.2330054391092168, 0.33425678230614225, 0.5349480257782356, -0.7852029800198115, -3.030212648642532, 0.00823052679225947
0.23266431063298287, 0.334251408815778, 0.534518453438383, -0.7850973023698784, -3.030209766523249, 0.008693111665528455
0.23215928182175435, 0.33422745612418553, 0.534095778969846, -0.7851494971364259, -3.030212775371426, 0.008604925244476517
0.23147064571771547, 0.3342243939832073, 0.5335239283666197, -0.7851483727730967, -3.030141694555727, 0.008606796464784907
0.23069077457057402, 0.33422391179466876, 0.5328169797727007, -0.7851658426686916, -3.0301941313660623, 0.008348706765732378
0.22968989743910084, 0.33421434672651984, 0.5319722441039353, -0.7846533122345973, -3.03028980428029, 0.008516534252786616
0.22860753861177896, 0.3342879841653985, 0.5309655312109355, -0.7850659332361696, -3.0301790526921404, 0.008380126276118772
0.2273813009005851, 0.3342999933433837, 0.5298313353116422, -0.7853168407870619, -3.0301186697649154, 0.008625661181953532
0.2260211548287775, 0.3343628182279107, 0.5285785718984932, -0.7853486014096199, -3.030161628059543, 0.00848689773179683
0.2244552113112514, 0.3343762278441914, 0.5272261973712595, -0.7853222934254666, -3.030128327186631, 0.008517013561476458
0.22268487228726705, 0.3343721105712953, 0.5256058834768079, -0.784987555266166, -3.0302213781570044, 0.008744439874745685
0.22112043099065598, 0.3344097143188099, 0.5241580706054564, -0.7851142909303811, -3.030160537104939, 0.00883271144019038
0.21967522106015214, 0.33448104695486797, 0.522773901015723, -0.7849883443471949, -3.0301835961132646, 0.009031417384067755
0.21835470366804688, 0.3345286631342267, 0.5217080603205733, -0.7847957895580808, -3.030270881487507, 0.008455245927791373
0.21719955449125825, 0.33450245426343056, 0.5206740305196047, -0.7849062075141156, -3.030279953193355, 0.008493059143509509
0.2162217240222009, 0.3345058543002868, 0.5197339949850953, -0.7853015813796802, -3.030130105463702, 0.008800183857231832
0.21538809232963407, 0.3345446727115803, 0.5189922427186476, -0.7852075835908618, -3.030193692142815, 0.008541507191563097
0.21466537566814922, 0.33458610424130053, 0.5183116133690308, -0.7850363498207851, -3.0302016294215885, 0.008684370415618705
0.21410082011707482, 0.33461115478783665, 0.5178330724219459, -0.7849344479748412, -3.030195054650667, 0.008540095983282451
0.21369878410849205, 0.33463754287866027, 0.5174764675180015, -0.7851420820841513, -3.0302052899064944, 0.008357614108770693
0.21345741978221888, 0.33460908053889843, 0.5172812379313632, -0.7851195010733677, -3.030167934357901, 0.008308343769694955
0.21333507940225588, 0.3346181319301427, 0.5171742230427104, -0.785151135414412, -3.030201012145908, 0.008261121103676867
0.2133347999747013, 0.3346211153696342, 0.517173075129728, -0.7852385453965257, -3.030165165444139, 0.008298255670792785
0.21332145628982818, 0.3346201444706239, 0.5166978159358678, -0.7852381434416312, -3.0301181988349173, 0.008860690343404651
0.21332050368738614, 0.334623396259126, 0.5153802272634853, -0.7853018224841958, -3.0301373144828485, 0.008886832033777643
0.21334937888680558, 0.3346305063974192, 0.5140198261553935, -0.7853804751801062, -3.0303617491325054, 0.008962070939016006
0.21339322987630926, 0.3346215247782917, 0.5126005179134592, -0.7856121857597332, -3.0306541905083795, 0.009230386784875175
0.2134025536917224, 0.3346383615739191, 0.5111510019807837, -0.7855560267534778, -3.0308743738012596, 0.009435848775625451
0.21342497471274388, 0.33463369561029527, 0.5095969660499782, -0.785729875535806, -3.0309284432576353, 0.009971785800452989
0.21342547800039555, 0.3346584395766178, 0.5081607889071936, -0.785668323397143, -3.030912820218242, 0.010725764282201239
0.21343363138988622, 0.3346400206863318, 0.506706043021736, -0.7856282618208682, -3.0309690418737167, 0.01088284468246941
0.2134236103778223, 0.3346115246422577, 0.5050935125119002, -0.7857575632409872, -3.0309166302630497, 0.011226637852407675
0.21343703473279063, 0.3346230298190342, 0.5035443518291817, -0.7856712481144683, -3.0309381668211097, 0.011776131372227973
0.21342110586317856, 0.33464880300399263, 0.502018982990237, -0.7856504704865008, -3.0309933589924216, 0.012310155628204821
0.2134446414054799, 0.334634243653403, 0.5005385542705597, -0.7856974625906247, -3.031080957370495, 0.012320174525162458
0.2134455377665289, 0.33457239657379767, 0.49913789163755407, -0.7857896895159242, -3.031276858411596, 0.011999405498224255
0.2134811220305521, 0.33461240998922015, 0.4976688314269239, -0.7857768986862889, -3.031372699072288, 0.012742011267346863
0.2134397113888745, 0.3344509070720574, 0.496525872613937, -0.7858595546821415, -3.0313950045463733, 0.011510006423732953
0.2134472160821444, 0.3345562270174185, 0.49512061279088576, -0.7856910555633959, -3.0314243504893073, 0.01254700172614772
0.2134543190528331, 0.3345572916810017, 0.49362886133130623, -0.7857261701448399, -3.031260155141541, 0.01376150930664775
0.21333027437034469, 0.3344468719189333, 0.49260990905961993, -0.7855289132887749, -3.0307390001468533, 0.013320105215005961
0.21326241826120557, 0.3342382614225347, 0.4919821059331154, -0.7854897246665493, -3.030717145525857, 0.011500267309071556
0.21321477772161654, 0.33409134851839073, 0.49174057275929195, -0.7855364111179215, -3.0306933391148014, 0.009681432095846442
0.21321610991310377, 0.3340676483163239, 0.4916745864770928, -0.7855315177651995, -3.0307384924115532, 0.009439322086193502
0.21321117824842994, 0.3340927819929228, 0.49187500823989094, -0.7854761638076896, -3.0307087353679716, 0.010111632512412249
0.2132475954350881, 0.3341992301614794, 0.4921599836539702, -0.7854056770192102, -3.0307079533031644, 0.011197047495030598
0.21328459101206168, 0.3343043763673754, 0.49238015467249785, -0.7854430396692478, -3.030743507174113, 0.01221287456516405
0.2133219834077919, 0.3343733234179557, 0.4925581415438002, -0.7854182869072305, -3.030823497214574, 0.01262816568578277
0.21332823307167356, 0.3343787003482915, 0.4926304292894859, -0.7854519223361475, -3.0308130582318604, 0.012666172563353882
0.21332119563425267, 0.33439501744311473, 0.49252242806673885, -0.7853538744611027, -3.030867276577712, 0.012555006166531543
0.2133157100583439, 0.33437105385107146, 0.4923172627358033, -0.7853162925746007, -3.0308461567971436, 0.012384739388774
0.2132869720000515, 0.3343244363616716, 0.49216908480355026, -0.7851776842010332, -3.0308851318349466, 0.01186024378219687
0.2132855925973779, 0.33427414615209405, 0.4921547263789583, -0.7852881487357224, -3.0308557288885924, 0.011427623049333464
0.21326822843092097, 0.3342711325737566, 0.4921179894736885, -0.7851935975168542, -3.030858390302212, 0.011332340676637352
0.21328473622779964, 0.33425512680797315, 0.492143269463771, -0.7853242903468031, -3.0308449659351955, 0.011484324155013848
0.21327687303596948, 0.33428146578477097, 0.49221837109458555, -0.7851710170132944, -3.0308650777220683, 0.011726567004847093
0.21328140461848574, 0.3342725621116463, 0.49222102670849877, -0.7852724678291384, -3.0308105202132722, 0.011855888320554791
0.21328686755825108, 0.3343124860641722, 0.49229133889324583, -0.785168179645885, -3.0308678788591936, 0.01208380395500432
0.2132946644827229, 0.334319263138396, 0.4923102395291804, -0.7852235520212122, -3.030861324167991, 0.012252448596104073
0.21329634813499732, 0.3343410903085843, 0.4923020964211975, -0.7852062652337046, -3.03086693367498, 0.012215254548903716
0.21330757773967016, 0.3343421133187801, 0.49230100413300326, -0.7852525582629543, -3.0308186713993326, 0.012174780518672443
0.21329920233442876, 0.3343184360600536, 0.4922583865340112, -0.7852068889240622, -3.030866499528128, 0.012233525699707782
0.21330117845641827, 0.3343364447455184, 0.49221685227099043, -0.7852186554279462, -3.030828248406007, 0.012175570978030108
0.2133003871655668, 0.33434575109743714, 0.4922133484232144, -0.7852048142754521, -3.0308468643120485, 0.012082393518172347
0.21331379805814657, 0.3343267169715352, 0.49219484709804656, -0.7851674843535289, -3.0308552155640025, 0.012119440552174758
0.21331357252636796, 0.3343259336019328, 0.49220534196776633, -0.7851312216834312, -3.0308649342072527, 0.012099840871687188
0.2133133706739824, 0.3343415392075435, 0.4922019937874009, -0.7851309347188199, -3.030864136028927, 0.012137340591337408
0.2133009528079764, 0.3343356608694602, 0.4922273469833751, -0.7850544089744923, -3.03087078448945, 0.012155264535993072
0.21329895218770442, 0.3343250839486744, 0.4922535694220795, -0.7850564043900061, -3.0308824191697483, 0.012156710435329668
0.2133047579513421, 0.3343287009595461, 0.49224700494584495, -0.7851102393665775, -3.030866580915634, 0.012231408206069426
0.21330501904086022, 0.33432577329712687, 0.49226640472356653, -0.7850946645693335, -3.0308831847470796, 0.012213355975103354
0.21330464987122302, 0.3343006057416147, 0.4922901930800026, -0.7851549571158803, -3.030895117281007, 0.012102968327311546
0.21330723830357484, 0.3343370259490125, 0.4922810569249129, -0.7851282444354747, -3.0308636207980117, 0.012157640267666338
0.21330380594423567, 0.33432154461176294, 0.49228825328062364, -0.7851309484760189, -3.0308756932425074, 0.012138201884827726
0.21331221523437802, 0.33433405529502325, 0.4922755785146883, -0.7850949439943733, -3.0308839327168013, 0.012175853765650441
0.21329632964869094, 0.33433340529058647, 0.4922685504699839, -0.7850663281416208, -3.0309263287379524, 0.012272580811718278
0.21330601241259886, 0.3343329934916513, 0.4922824920762486, -0.7851094427580465, -3.0308669459760673, 0.012212740855018505
0.2132942348281277, 0.3343215306115491, 0.4922880662850262, -0.7851125324988747, -3.030878566020125, 0.01221459393929985
0.2132858489009243, 0.3343243933661378, 0.4923190670937539, -0.7850645286987153, -3.0308452825155054, 0.012061055561227432
0.21329428177286502, 0.3343216607039716, 0.49229398817026615, -0.7850211048081112, -3.030902470852585, 0.01219469194876406
0.2133045486054986, 0.334319670540765, 0.49229518033743225, -0.7851212698183614, -3.0308393580969093, 0.012192559233232352
0.21329592670534406, 0.3343225444939995, 0.49231339513101124, -0.785103535669979, -3.0308464423686834, 0.012098860541013093
0.21331054123787113, 0.3343198302073565, 0.4922928840422073, -0.7851429907548177, -3.0308471552166187, 0.012155129151870992
0.21330357559576585, 0.334324630649088, 0.49229287192362126, -0.7850915704168989, -3.030872949977724, 0.012155943168487178
0.21329919301247727, 0.33431364061750984, 0.4922997169843796, -0.7851063317492658, -3.0308566791282794, 0.012155326510646573
0.21328972615076994, 0.33432533045975515, 0.4922963368625947, -0.7850795012473376, -3.030826648064393, 0.012153497348494018
0.2132940796413538, 0.33432087512071385, 0.4922857478012049, -0.7850582783426573, -3.03089402012112, 0.012157599316146907
0.21330042821572004, 0.33433412471242435, 0.49229729835807284, -0.7850699176509855, -3.03086509569909, 0.012194118024144825
0.2133022065475232, 0.3343278342762785, 0.4922800110796558, -0.7850125807006023, -3.030866444264491, 0.012230208742186771
0.2133015886326652, 0.3343179396861222, 0.49229516672016943, -0.7850366007623987, -3.0308865206975275, 0.012174290014294473
0.21331067286936167, 0.3343241443140095, 0.4922984429515156, -0.7851399287939111, -3.0308354483683604, 0.012155158830737678
0.21330049910186355, 0.3343342545843774, 0.4922844857046946, -0.7850161339296571, -3.0308800094112622, 0.01215652542470956
0.21329261916586076, 0.3343152033796334, 0.49232022931992825, -0.7850093391283879, -3.030857712662445, 0.012117044239562029
0.21328315530680172, 0.33432225869783133, 0.4923194423986693, -0.7850279511259012, -3.0307779173399094, 0.012149741741618224
0.21328566273535046, 0.33432600929646283, 0.4923305990322298, -0.7850381966885849, -3.030740955140397, 0.012035614285464416
0.21329435124468923, 0.3343047049615895, 0.4923418154416111, -0.785082448220767, -3.0308411636522585, 0.012023990489044185
0.21329539260831834, 0.3343234378991894, 0.4923546643543212, -0.7850349346552621, -3.0308058337967423, 0.011944858017012902
0.21329569359703598, 0.334296793180007, 0.4923716242226328, -0.7850075255165632, -3.0308516133441845, 0.01187197830654829
0.2132929063752036, 0.33431984767391504, 0.49233069535656687, -0.7850072085528861, -3.03084828042075, 0.012021590097307366
0.2132956351721875, 0.3343174304656745, 0.49233856268295295, -0.7850346714767363, -3.0308802951890654, 0.011949221815105413
0.2133011296724862, 0.33431163655011303, 0.49234435536372056, -0.785027904124972, -3.030855053137813, 0.012022740986243384
0.21330773626339056, 0.33431407929680856, 0.4923238894306738, -0.7850672037351997, -3.03085589350718, 0.0120786571296284
0.2133008390189563, 0.3343142888721343, 0.4923397208646446, -0.7850081136572826, -3.0308502723666533, 0.011927940476154577
0.2133020074346849, 0.33431066868650483, 0.4923417975407977, -0.7850495937997635, -3.0308633113910237, 0.011967601860219453
0.21329419179038842, 0.33430872077648477, 0.49235568377077044, -0.785055416387493, -3.0308872294655362, 0.011950027375999305
0.21329392467063021, 0.33430313855212784, 0.4923442973935449, -0.7849922519863928, -3.030865807440155, 0.011966049007032556
0.21329845873640133, 0.3343309046493303, 0.49234092093258336, -0.7850135607569211, -3.030872768823997, 0.01196705675285133
0.21329946453575818, 0.3343180755185564, 0.4923488755444942, -0.7850681305629352, -3.03085910304236, 0.011948504909974537
0.21328867360499643, 0.3343098315496792, 0.49235198338838526, -0.7849983993545707, -3.0308905380783195, 0.011912663206199057
0.21330150768054584, 0.33430896581057457, 0.49235686413034174, -0.7850493331006739, -3.03086375307077, 0.01194819933101938
0.21329278703914162, 0.33431603407559635, 0.49235558701368154, -0.7850046802805012, -3.030914626788192, 0.011876034758724759
0.21330038951023542, 0.3343096340139468, 0.4923430766813104, -0.7850587743713556, -3.030899191102439, 0.01193188799597632
0.21330395216388845, 0.3343188351169512, 0.4923328184814002, -0.7850550043416232, -3.0309607029288297, 0.011991490231012886
0.21333591540313798, 0.33433344265847503, 0.49229117443159714, -0.7851219325117029, -3.0311419767841365, 0.01198391569777536
0.21333324910792903, 0.3343554341506229, 0.49223814393866727, -0.7851498865669889, -3.031088976311474, 0.011869595439263653
0.21331302848703665, 0.3343448834855027, 0.4922441830182694, -0.7850666503877943, -3.0309193017394547, 0.012065392688057619
0.2133185712676109, 0.3343392216220907, 0.49225589819155446, -0.7850599235939691, -3.0308945082505785, 0.012119515369382099
0.21331068628576538, 0.3343329740013607, 0.4922942171640492, -0.7850175141783095, -3.0308883019084347, 0.012286630440660964
0.21332858908830696, 0.33442715719092464, 0.4926155364651112, -0.7850293746535825, -3.030757894201527, 0.013217210937861951
0.21333992391920523, 0.33450544404044547, 0.4948526998193803, -0.7848437227112853, -3.0306675979708353, 0.013408281683642212
0.21332904897223548, 0.33448907277637047, 0.49696156611409753, -0.7847801507663031, -3.0306648560208367, 0.013380562666713815
0.21334008852166525, 0.3345016672150954, 0.4992306116259769, -0.7847489447087892, -3.0307131720442024, 0.012473700083903442
0.21334507986004908, 0.33447073262917687, 0.5010275762536367, -0.7847470286729252, -3.030697752617305, 0.012896883187121962
0.21332885829858228, 0.33443240632585164, 0.5029690388129546, -0.784631070320214, -3.030774313490901, 0.012799529234197056
0.21335189392648513, 0.3344530671544202, 0.5045691285682873, -0.7846673919395611, -3.030794580970083, 0.012531400426310879
0.21332816840990693, 0.33444283299430266, 0.506124074440258, -0.7846408894592978, -3.030788546512258, 0.012037798733506942
0.21334532896000233, 0.3344785507075306, 0.5075381965423268, -0.7846310818852994, -3.030758116302048, 0.011862445845807007
0.21335299736683255, 0.3344591341634994, 0.5090013179804396, -0.7845821684132032, -3.030811048871831, 0.011708165608526984
0.21334153182568907, 0.3344354232844694, 0.5104720331064548, -0.7845359057819206, -3.0308770966452343, 0.011518107186574518
0.2133503374093516, 0.33440322437488856, 0.5119318840194002, -0.784581463732028, -3.0308509076728294, 0.011568581622974783
0.21335232584617655, 0.3344213107667033, 0.5134183707677945, -0.7845014299359987, -3.0309364642400407, 0.01143495941644896
0.21336353042256398, 0.3343889558146006, 0.5150030711095442, -0.7845165141494501, -3.0309503673937055, 0.011167327644135942
0.21337683602970087, 0.3343730219493652, 0.5164726001170331, -0.7845691396469124, -3.03102623166223, 0.011053669194051428
0.21337698435784178, 0.3343720175786529, 0.5180987704361949, -0.7845024446463061, -3.0311008424650483, 0.010694624652810885
0.21339729735865098, 0.3343883615502257, 0.5196290072230331, -0.7845649059105728, -3.031054255760385, 0.00993668849501025
0.21339510452053853, 0.33437020049284044, 0.5211419322804555, -0.7845000943259633, -3.031050780559599, 0.009740301558024148
0.21340093299274454, 0.33440751217822723, 0.5227944033806365, -0.7844364782352921, -3.031063298703172, 0.009358461810565091
0.21342132624478075, 0.3343973588359937, 0.5243096468879085, -0.7845015667109282, -3.0310387053739447, 0.009164176862845173
0.213425536556974, 0.3343926746970436, 0.5259273340819275, -0.7844060707616005, -3.031074501419008, 0.00868996125302899
0.21342362591301545, 0.3343624551585528, 0.5274561963101462, -0.7844491269249106, -3.0310373448701537, 0.008250116023557519
0.2134544742023099, 0.3343897125204299, 0.5289026610262938, -0.7845046941238127, -3.031054074240357, 0.008508578229165233
0.21346107108403414, 0.3343932971887402, 0.5305605336876089, -0.7844235100994685, -3.0310798319320424, 0.00827689469252064
0.21344371951053143, 0.33439173164878, 0.5320743744028296, -0.7844058329140626, -3.0311055826218096, 0.007954765162502993
0.21345060537533309, 0.3343687763152603, 0.5335396403263836, -0.7843166822929799, -3.031227439456317, 0.007503254020374889
0.21347162934621197, 0.3343954683142213, 0.533654542887974, -0.7843858804503286, -3.0312022722668948, 0.007257622610476828
0.21345416558664743, 0.33441312448463845, 0.5336161743947747, -0.7843699181885214, -3.0312137603149054, 0.007483770354756756
0.21346336715122188, 0.3343679971857284, 0.5336309664465176, -0.7843467443884241, -3.0312059466790164, 0.007520034995004746
0.21347028525261866, 0.33438768001957203, 0.5336185936310688, -0.7844224051902867, -3.0311976154690687, 0.007576332686767646
0.21346198167816297, 0.3343951037018156, 0.5336208555382176, -0.7843479095500251, -3.031205384064947, 0.007538336523144642
0.2134606063544013, 0.3343826605831342, 0.5336253706492168, -0.7844128270053488, -3.0311624758331246, 0.007593109636841833
0.21345831552422065, 0.3343905332120522, 0.5336152551854686, -0.7843591231265009, -3.0311754818224284, 0.007630312739303384
0.21346113332178737, 0.33439609395295605, 0.533635255339432, -0.7843806604191348, -3.0311844275229984, 0.00753783562205194
0.21345943923197636, 0.3343905612535292, 0.5336094445896975, -0.7843074394541528, -3.031200626697434, 0.007650099191209158
0.2134570990268928, 0.33440262281411276, 0.5336173263679196, -0.7843590265955873, -3.031175546895088, 0.007630509787526231
0.21345946241900413, 0.3343828416600518, 0.5336297851396857, -0.7843859563934946, -3.031206552857422, 0.007595173788682384
0.2134639450295443, 0.33438641014975545, 0.5336141062378869, -0.7844004325065741, -3.0311890645578865, 0.007650344233392678
0.21346887177036222, 0.3343946209769897, 0.5336050503830813, -0.7843401039710592, -3.0311789221142846, 0.007685774118808802
0.21345407395724267, 0.33438468427479595, 0.5336286723514837, -0.7842918963282113, -3.03121791492537, 0.007612836494384126
0.21345541787181388, 0.3343893733535589, 0.5336118565745708, -0.7843462172903215, -3.03120220260916, 0.007687742814443411
0.2134617795011266, 0.33438670508771967, 0.5336197058952798, -0.7843584122409908, -3.031175572668255, 0.007630116482914703
0.21345833861139182, 0.3343751233874027, 0.5336151617655938, -0.7843760343551174, -3.0311701247627196, 0.0076682644181711715
0.21345865291930552, 0.3344042737927962, 0.5335834147989814, -0.78430716083463, -3.0311985920588405, 0.007744305940198115
0.21340375706566447, 0.33425057213083503, 0.5337130557633067, -0.7841435819985237, -3.031096880063665, 0.007021983738970859
0.2132516341711145, 0.33396076804392655, 0.5339758613141001, -0.7833167320514005, -3.0312877008774075, 0.005347029050784884
0.21296976087936692, 0.3335501115166166, 0.5343961682191528, -0.7820813893670798, -3.0315558170502697, 0.002696685329983156
0.21263514009392756, 0.3329856109704742, 0.534898919527192, -0.7806313576537378, -3.0319010816479213, -0.0005177226146459943
0.21222902662550241, 0.33230829013358887, 0.5355231032424304, -0.7787819829598669, -3.032135772788993, -0.004399196686729755
0.21174750298948208, 0.3314784148600033, 0.5362754800275459, -0.7765289529855263, -3.0325461967748364, -0.00908487053412815
0.21119117141290755, 0.3305523783655117, 0.5371517665770205, -0.773964042025676, -3.0330327204914838, -0.014764087633763929
0.21056073464182445, 0.3294672949019116, 0.538135886747157, -0.7709758293344471, -3.033401539438814, -0.02096256930384511
0.2098214572226168, 0.32819441968702034, 0.539314788799182, -0.7675195973697172, -3.0340851551173267, -0.02816313485150899
0.2090026716355006, 0.3268387300460672, 0.5405593948859737, -0.7637764850852365, -3.0346444599786584, -0.03606359052961524
0.20814017063710544, 0.3253376204559825, 0.541940930585348, -0.7598620632819416, -3.0351695251574826, -0.04484616020168577
0.2071417128090151, 0.32366363993465685, 0.543502772591729, -0.7552616873967376, -3.0357067283559847, -0.054609188013484085
0.20610538319372113, 0.3219362633951142, 0.5450655375973223, -0.7504271784513076, -3.0364638921195755, -0.06451056278744098
0.20497162110585113, 0.32001443785541955, 0.5468624067486985, -0.7447440102960067, -3.0372124136194802, -0.0759567244473915
0.2037828951509356, 0.3180103996752763, 0.5487068243803205, -0.7391168434627808, -3.037769224459988, -0.08760749227468839
0.20250689697262395, 0.31579056929976085, 0.5507522945751733, -0.7333829904593128, -3.0383962832938245, -0.10031764106877371
0.20114227684981886, 0.3135206084905577, 0.552850081377551, -0.7265844492290082, -3.0389382823654447, -0.11363120038883183
0.19971138677349953, 0.31100730817176997, 0.5551648366057509, -0.7198332618518277, -3.039607652130351, -0.12811367046754824
0.19815957554595184, 0.3084595674951759, 0.5575293379153419, -0.7123828831662883, -3.0400487493717483, -0.14313448264739215
0.19654279582095305, 0.3056844364963464, 0.5600944907252121, -0.7044468792607782, -3.0405945020119374, -0.15910481265568635
0.19491815337851473, 0.3030204811496994, 0.5625458933046679, -0.6968100581293856, -3.0407747572008335, -0.17440408407621286
0.1933590650407513, 0.3003281954288026, 0.5650368560805287, -0.6893504481649765, -3.041261118074316, -0.19014206995211458
0.19174741164855946, 0.29759730465351353, 0.5675671297604246, -0.6816811593861689, -3.0411112663399678, -0.20607606277607746
0.19019846019389794, 0.2949688207539023, 0.569998603459388, -0.6741830027224878, -3.0412169053683713, -0.22130535765609494
0.18860436586171436, 0.2922206260122146, 0.5725155471399037, -0.6663639624666994, -3.0411917009344864, -0.23701122604882396
0.18698303497673635, 0.2895067860934109, 0.5750064821364721, -0.658683603860294, -3.0410270929595327, -0.25250948101477855
0.1854000652927524, 0.2868011147196364, 0.5775194423485079, -0.6509863500861446, -3.040848937828616, -0.26816692359236993
0.183799717514008, 0.28410201065065604, 0.5799917869908435, -0.6430893024118728, -3.040417841264705, -0.2835822904599324
0.18227069343818503, 0.2814965310386567, 0.5824336925309155, -0.6354699209285757, -3.0401210049587424, -0.2990450171266182
0.1805787015661854, 0.27861653034803147, 0.585078757357466, -0.6273649532038119, -3.0393777511814775, -0.3155743845488244
0.17901678169106366, 0.27596485574750845, 0.5875295708712914, -0.6197839792062957, -3.038988757496963, -0.33085726213441474
0.17740313082116765, 0.2732359464801805, 0.5900385927147239, -0.6116954986923637, -3.0381668395068635, -0.34637021565379367
0.17581026983234344, 0.2705580139048525, 0.5924853981128239, -0.6040067574683364, -3.0373982118913228, -0.36166233321801877
0.1742417262696051, 0.26785961091994587, 0.59496992409649, -0.596153837001718, -3.0364742441630987, -0.377145069792474
0.17262396152103526, 0.2650980500359087, 0.5974839214021506, -0.5882871137885164, -3.035541350069481, -0.39260481220300947
0.17103875446925257, 0.2624963149649096, 0.5999751675600865, -0.5802335700652833, -3.034520486937067, -0.4079164705518175
0.16943032447461198, 0.25970715938615996, 0.6025395680602098, -0.57241125128675, -3.0331683646348035, -0.4238242728507931
0.16790638489755452, 0.25710069139891895, 0.6049592717521307, -0.5645212355133666, -3.0321285074362674, -0.4389304703727176
0.1662739209014609, 0.2543211212879384, 0.6074832622388654, -0.5564151766222619, -3.0307944706959313, -0.4543948723596686
0.1646157379046492, 0.2516094768331351, 0.6100501483146643, -0.5481290241356453, -3.0291919006790513, -0.4702233637297762
0.1630340030796272, 0.2488129170453154, 0.6125727987387706, -0.5405247594199837, -3.02769524730975, -0.48561236637980065
0.16147709416943187, 0.2461937539946822, 0.6149952826683162, -0.5324621940168404, -3.026025888221681, -0.5007457454931908
0.1598381179265809, 0.24345359357507246, 0.6175686004782811, -0.5241650808534528, -3.024274608703554, -0.5165146662884545
0.1582632126923385, 0.2407660294312118, 0.620023099694742, -0.5162860731593488, -3.022398439094425, -0.5315155880619499
0.15666453484925483, 0.23803548751373574, 0.6225536602370333, -0.5082922301195739, -3.0204433747645347, -0.5470670322812683
0.1550924308237484, 0.23542319299804515, 0.6249638795010345, -0.5004419429058652, -3.018548295690056, -0.5617487499110376
0.15347391941189673, 0.23267190761777895, 0.6275390175620039, -0.49200367166942943, -3.0164201745375863, -0.5774682490499558
0.1519202625571221, 0.2300200402823636, 0.6299684435475807, -0.4841879858205568, -3.0142526565156857, -0.5922572145468624
0.15031921900737127, 0.22728063862720788, 0.6324925510164511, -0.47608478109000296, -3.01191958711996, -0.607636934757715
0.14871561951810347, 0.22462236091178409, 0.6349340393757477, -0.4679219756445079, -3.009550920205743, -0.6223674932096405
0.1470634545536979, 0.22178157954359698, 0.6375744761564677, -0.4594316672447177, -3.006903675171831, -0.6385202856972354
0.14546173878835905, 0.21914487328312615, 0.6400401850565796, -0.4512933251813205, -3.0043766647687793, -0.6534194594490176
0.14387609948207766, 0.2163970000476432, 0.6425374264489113, -0.44306123712503326, -3.0018007544985883, -0.6685114502705009
0.1423193959482805, 0.2137443949138218, 0.6450090683262305, -0.4350201495584755, -2.9992118797230862, -0.6834036851672715
0.14068537039134268, 0.21098477614038183, 0.6475340163317517, -0.42682735682097195, -2.996190578307743, -0.6986367998990398
0.13913758210003271, 0.2083632505890218, 0.6499765091319166, -0.41881325761988825, -2.9933398356339906, -0.7133387507554162
0.13749961474136593, 0.20555780507839103, 0.6525295310530284, -0.4103792527308235, -2.9902175512064066, -0.7286346069821642
0.1359576523335136, 0.20295987011311503, 0.6549846175947585, -0.40243506468878854, -2.987203827127797, -0.7434335584284117
0.13433230049426234, 0.20018090222055232, 0.6575053396935112, -0.39391333014320506, -2.9840678214886474, -0.7585196768819409
0.13271039449099653, 0.19741047172128662, 0.6600741663272902, -0.38563146451791275, -2.98067797792445, -0.7737672456698177
0.1310849097211213, 0.1946892344236129, 0.6625881010794543, -0.3772262859840253, -2.9770779675648593, -0.7887013516028658
0.12951842045931705, 0.19200335113502792, 0.6650391769600917, -0.3692709286321003, -2.9737385571915653, -0.8033030430948811
0.12790801474361335, 0.18937355499037017, 0.6675452056320934, -0.36084270646978145, -2.9700749099067045, -0.8181962007526092
0.12632087519958854, 0.1866482379050969, 0.6700281724979417, -0.35280257943404886, -2.9664307352398405, -0.8330013630192428
0.12477797485457331, 0.1839589139587952, 0.6725184268013332, -0.344781034263118, -2.9628439571857212, -0.8477492025170512
0.12314876081748684, 0.18115844142828855, 0.6750791412841407, -0.3363033150380925, -2.958757927842809, -0.8628513295175733
0.12155909546565133, 0.17859862201301036, 0.6774951279140115, -0.32796996128349293, -2.9549642389394926, -0.8770838272320864
0.12004468917844612, 0.1759922916718253, 0.679859151352431, -0.32023240816335563, -2.951005184409581, -0.8908799439187979
0.11860482924777939, 0.17346707584194734, 0.6821721064164274, -0.31274111654801057, -2.947425256254418, -0.9046200421029472
0.1172370776440233, 0.17127285282042568, 0.6842497560852115, -0.3057313334881473, -2.943849891269064, -0.9164902626148743
0.11597265869797466, 0.16904906822716395, 0.686252441052847, -0.2992506528338451, -2.9404631423756196, -0.9284116878731976
0.11480760913920635, 0.1670617361267307, 0.6881227938343718, -0.29312950151841827, -2.9372525690131397, -0.9392445500626948
0.11372053421825348, 0.1652780509398113, 0.6898061878925045, -0.28762361389551355, -2.9343222732846215, -0.9491045283433489
0.11265743102217234, 0.16342642584083256, 0.6914689945698155, -0.28183233648585876, -2.9312741313325965, -0.9588012763105026
0.1117301940635947, 0.16186462773803975, 0.6929242419898073, -0.27718572146961024, -2.9287497994277345, -0.9672052901045887
0.11086171255679245, 0.16038648383266874, 0.6942920957683875, -0.27258199622339796, -2.9261720502394857, -0.9751059234289698
0.11004547109553686, 0.1590398961174102, 0.6955480391699871, -0.2684321379474882, -2.923898620768237, -0.9824008428302248
0.10934316588532147, 0.15780071627967915, 0.6966612838346301, -0.2647239407200106, -2.921815041112401, -0.9888716992412074
0.10872030324754928, 0.15673754988328953, 0.6976391949197185, -0.26124952425304443, -2.920027351280112, -0.9946026415485318
0.10817892919992293, 0.15586663816498791, 0.6984902894781695, -0.2587238321538951, -2.9183568489708382, -0.9995362535531195
0.10770683655245869, 0.15510904264857575, 0.6992268460024441, -0.2558439621214537, -2.9171035128093754, -1.0036930542609201
0.10733355985243632, 0.15443965066182763, 0.6998097222721006, -0.25422129996232257, -2.9159004100014743, -1.0070491822264358
0.10699761261368067, 0.1539531158036226, 0.7002866747323159, -0.2523854037958193, -2.914933111441524, -1.0096765189531713
0.10677880997501688, 0.15350691335451802, 0.7006487789278876, -0.2510678952825652, -2.9142738409581996, -1.0118451019651362
0.10664768124203207, 0.15326287674239, 0.7008620572865792, -0.2507860954515052, -2.9137534330131483, -1.0130903717540363
0.10657081509499014, 0.1531618122918418, 0.7009782517624803, -0.25016833171394787, -2.9135560124969864, -1.0137065493581432
0.1065678842544935, 0.15313592698900394, 0.7010030842214022, -0.2502973892302994, -2.9135225703649645, -1.0137661000165261
0.10657591639214507, 0.15313532683440867, 0.7009813459115565, -0.25037665112993374, -2.913609746766295, -1.01377946674337
0.10657414852089785, 0.15314185091438612, 0.7009829112297232, -0.25026895158313667, -2.9136572252624817, -1.0137794466392027
0.10657221848229113, 0.153128112253888, 0.7009848580080827, -0.25029540006191947, -2.913622776886167, -1.0137843165335303
0.10657873094286247, 0.15311579913803539, 0.7009977123235628, -0.2503443034388664, -2.913630250627609, -1.0138326415285237
0.10657823246277079, 0.15311744034338834, 0.7009912570078606, -0.25036573849637045, -2.9135934454212635, -1.0138544039907815
0.10658501797997287, 0.15308513598967977, 0.7010365264527391, -0.250390585243181, -2.913589312758659, -1.0140675220935247
0.10659604239089235, 0.15299197701702902, 0.7010641560580201, -0.25041202671119916, -2.9135510485593454, -1.014302303238761
0.10659208037901166, 0.15299862193253727, 0.7010574362093929, -0.2504271120702559, -2.913523809501659, -1.0141583333163926
0.10657798583824774, 0.15306648752041185, 0.7010620126906938, -0.2503474211831373, -2.913526268797637, -1.0140291915027528
0.10659134825264738, 0.153059450522865, 0.7010655269142158, -0.2504660994306567, -2.9135617822685793, -1.0141406883735706
0.10659013850582821, 0.153025188363156, 0.7010727135600768, -0.250412658279263, -2.9135319277081937, -1.0142064150758119
0.1065767002800193, 0.1531190315455355, 0.7009803914917755, -0.2503438425942379, -2.9136616139290497, -1.0137452569406484
0.10658732637830758, 0.15306865779781068, 0.7010116102892795, -0.25049780509059105, -2.913595358506869, -1.0139508290110772
0.10659611383588805, 0.15310736957891916, 0.7010080191128121, -0.2506845717118727, -2.9136541001150995, -1.0140406196486211
0.10659794484137175, 0.15308238337917307, 0.7010100492537367, -0.25066375561876114, -2.9136634377888337, -1.0139798145591625
0.10656837040280549, 0.1531834542855993, 0.7009851853655471, -0.25047064075921005, -2.9135834384274366, -1.0137960133613801
0.10662579918753011, 0.15306851941311517, 0.701024240692497, -0.25075241052567215, -2.9139249089387276, -1.0141794827182427
0.10656688690302726, 0.1530585825639412, 0.701021281111181, -0.25033721515831486, -2.9134744414117484, -1.0140034469417638
0.10657978033274351, 0.15306414426612264, 0.7010246095686726, -0.25050418233218263, -2.913557124403487, -1.0140190655841934
0.10658344598063102, 0.15316438219829182, 0.7009863427404115, -0.2505618814536836, -2.913754066360597, -1.013816770586555
0.10657343433048208, 0.15313654195002976, 0.7010116664535064, -0.2504335901635912, -2.9136055712249123, -1.01389186041807
0.10656710250413695, 0.15314927753197638, 0.7009923625410482, -0.25039956862515694, -2.913589521364104, -1.013796032016484
0.10656554525916156, 0.1531855552547738, 0.7009901032894706, -0.2504098605093118, -2.913640705136126, -1.013763598744015
0.10655827407658112, 0.15318748889584666, 0.700999470360894, -0.2503060459925318, -2.9135917177207875, -1.013771851950383
0.10655825779377101, 0.1532214338190636, 0.7009545544762203, -0.2504043461053125, -2.9136733096813288, -1.0135284825990103
0.10655645858385152, 0.15318977754213386, 0.7009597432992077, -0.250337561249022, -2.9136250315035244, -1.0136012843111262
0.1065578040208242, 0.15316939983339475, 0.700979207477939, -0.2503710805017063, -2.9136148401971713, -1.0135978995292403
0.10656224523493889, 0.15317864273439002, 0.7009728292113084, -0.25042724878692924, -2.9136242921823627, -1.0136494440932224
0.1065627420510898, 0.15318011809574744, 0.7009632868871366, -0.25040391408047663, -2.9136578705081346, -1.0135811931084766
0.10656194203529949, 0.15317379966839587, 0.7009855314425154, -0.25038193300883743, -2.913611041949786, -1.013723595261474
0.10655991197426942, 0.1531872003338279, 0.700971093253776, -0.25037544313159055, -2.913639907828653, -1.0136344050695845
0.10655670005880738, 0.15318344622486135, 0.7009822019491704, -0.25030522271732775, -2.9136230737327464, -1.0136844569026795
0.10656551172873331, 0.15316651956959706, 0.7009886753644435, -0.25043840178177224, -2.9135935859988615, -1.0137153111193629
0.10656263194607274, 0.15316241159856805, 0.7009826547727317, -0.2503470146431301, -2.913652026635478, -1.0136595572743836
0.10656986219827458, 0.15314590121672886, 0.7009816438686928, -0.2504268100804759, -2.9136580930159335, -1.0137319398647224
0.10655884546133343, 0.15317744196615543, 0.700972897093289, -0.25034021854520144, -2.913620139582185, -1.0136844927374236
0.1065709249858911, 0.15306486335252936, 0.7009976014250654, -0.2503457158518487, -2.9135668515652275, -1.0138651241523526
0.10656450458369078, 0.15310163125075138, 0.7009810307069609, -0.250332053988015, -2.9135868591659078, -1.0137500571679694
0.10657055456953148, 0.15309747816654218, 0.7010015391350285, -0.25041574249588916, -2.9135457111807734, -1.0138790960033741
0.1065704641719022, 0.1531040085378379, 0.7009795201768302, -0.25036062786600305, -2.9136235635085876, -1.0137933573018887
0.1065718461427274, 0.15311681028976715, 0.7009918259272645, -0.2504261929739812, -2.9136117649110047, -1.0138333739594694
0.10657276692870879, 0.1530865654488663, 0.7009909774436164, -0.25043574294025933, -2.9135742484190703, -1.0138765978256563
0.10657968003538859, 0.15309100863716799, 0.7010082980257836, -0.2505048412098733, -2.9136101565323655, -1.0139223714444392
0.1065736173330204, 0.1530967204732205, 0.7010034427988571, -0.2504556476665079, -2.913595056690572, -1.0138907164550681
0.10656734912255472, 0.15309386895308386, 0.7010142014074179, -0.25039707504198466, -2.9135060381559312, -1.013940805418023
0.1065689826148957, 0.15309440835368132, 0.7009953883470584, -0.2503979853189875, -2.9135589259708157, -1.0138440790502417
0.1065665102626636, 0.15312091703427191, 0.700983759827102, -0.25045661331774466, -2.9135845753450886, -1.0137567892832742
0.1065654366029165, 0.1531085062637196, 0.7009978934774489, -0.2503708630031204, -2.9135447216587527, -1.013789448766679
0.10656300344712587, 0.15314420471858448, 0.7009797747603397, -0.2503205877847991, -2.9136134787307673, -1.0136769970852715
0.10656121266287304, 0.15311278774923362, 0.7009914838208724, -0.25033949572071273, -2.9135393158856435, -1.0137427918390385
0.10656066960443479, 0.15311356196799836, 0.7009757012991926, -0.25039506803872796, -2.913538071439129, -1.0136610888533006
0.10656465692835206, 0.15313501633809584, 0.7009642367968061, -0.25039611097437325, -2.9136178817111245, -1.0136428266197384
0.10656276997107723, 0.15309637121148806, 0.7010030496260093, -0.25036949565624295, -2.913506958234402, -1.0138341308903822
0.10655379498960975, 0.15311250677639604, 0.7009883638425977, -0.25030675772598077, -2.913504354198268, -1.0137227815455014
0.1065645503304283, 0.15312215528906684, 0.7009866214942778, -0.25035445434120374, -2.9135418400674435, -1.013808477828859
0.1065717872530678, 0.1531220130488648, 0.7009961908335288, -0.250389713946084, -2.9135802485643163, -1.0138742903616327
0.10656559760993338, 0.15313567871086683, 0.7009834148883048, -0.2503538281968232, -2.913584280476647, -1.0138342597705485
0.10656295876854248, 0.15313864697925902, 0.7009866086842076, -0.2503765308555262, -2.9135894439677394, -1.0137983150036094
0.10657303153767914, 0.15311325976415904, 0.7010046624301342, -0.25040089996870135, -2.913588684827714, -1.0139891228796432
0.10657830225083258, 0.15309092352994116, 0.7010305010331244, -0.25045140543258115, -2.9135463314690764, -1.0141806208120818
0.10657099383734067, 0.15310597972640214, 0.7010202767202985, -0.2503566801117535, -2.913517822240083, -1.0140709088169289
0.10657004213295071, 0.15310689457874346, 0.7010184970644505, -0.2504330606650329, -2.91348726040404, -1.0139941835470767
0.1065677895358044, 0.1531236717852915, 0.7010008381530798, -0.2504096657114227, -2.9135211743934284, -1.0139066640425087
0.10655145501631816, 0.1532578097547274, 0.7009440903169002, -0.2503604984984837, -2.9136871230188275, -1.0134060997890464
0.1065406408392126, 0.15328605869577375, 0.7009417240678392, -0.25025658792787464, -2.9136695146261937, -1.0133269955270228
0.10654681499177819, 0.153304598777388, 0.7009005802611288, -0.25033989721670546, -2.913832101511686, -1.0131288042321807
0.10657188546136376, 0.15310411922384354, 0.7009654106003433, -0.2503976387972647, -2.9136778324267945, -1.0137217770121671
0.10657100097608192, 0.15310494697494337, 0.7009635856838782, -0.2503545490830645, -2.913652219263937, -1.0137235146360395
0.10656833991165122, 0.1530777614629255, 0.7010020177606475, -0.25036224481887837, -2.913547058876274, -1.0138767912571545
0.1065605671374697, 0.1531269840692299, 0.7009708841526355, -0.2503357268989054, -2.9136247839911027, -1.0136019572604382
0.10656361569640405, 0.1531023123390611, 0.7009776516289883, -0.2503916496348528, -2.9135385584916444, -1.0137251088735333
0.10656068592464878, 0.1531369562225136, 0.7009719932142765, -0.2503132388859087, -2.9135739960585547, -1.0137186219925542
0.10656230639255508, 0.15313439485425198, 0.700970798359793, -0.25033288265371956, -2.9136176309559434, -1.013682657984373
0.10655966427034565, 0.1531320114742576, 0.7009706979628579, -0.2503254293150688, -2.9135860482740137, -1.0137069144411055
0.10656352600161705, 0.1531266224111133, 0.7009803129889443, -0.25032653939337496, -2.913600221281614, -1.0137135631419474
0.10656273437361441, 0.1531318836220072, 0.7009722353842622, -0.2503306960244097, -2.913591293969072, -1.0136869168069373
0.10656158575239373, 0.1531233251467593, 0.7009850113105561, -0.25032966781484917, -2.913568947123055, -1.013716941195803
0.10655881144698724, 0.15312861992558158, 0.7009756264708074, -0.2502671717872146, -2.91358386782337, -1.0137233976088516
0.1065579558190576, 0.15312520523782375, 0.700978747538875, -0.2502427443020743, -2.913580045945046, -1.013718632067081
0.10655993611764764, 0.15309596787549534, 0.7009873739687633, -0.25032808872642415, -2.9135159696255157, -1.0137950033795928
0.10656387321025153, 0.15310572936590075, 0.7009948518972293, -0.25033609551866143, -2.913547719105428, -1.0137894560927414
0.10656325389764983, 0.1531208121409416, 0.7009836418345308, -0.25034954175897683, -2.913582096242805, -1.013747714727706
0.10656380533383539, 0.15312316754964955, 0.7009835518210432, -0.25034366896889515, -2.9135643916146563, -1.0137793005471187
0.10656344585236784, 0.15312123495909702, 0.7009771929950048, -0.25038189940608485, -2.913568468411732, -1.0136985762588548
0.10656895128879602, 0.1530982056855031, 0.700985717483353, -0.2504301558707687, -2.9135454042183926, -1.0137949782291935
0.10655854953700161, 0.1531326672014193, 0.7009786680026789, -0.2503183927746554, -2.9135687498640115, -1.0137184032693416
0.10661551920825083, 0.15319651931368472, 0.7009704447788655, -0.2506000584349217, -2.9136761378797487, -1.0137015743334157
0.10674466930477164, 0.1534328113617725, 0.7009617025699445, -0.2511139859206605, -2.9136777173714763, -1.0132741060521238
0.10695779513826975, 0.15390463718677452, 0.7009346578892327, -0.25205924694058957, -2.9137953346058505, -1.0125680742737981
0.10729070035535866, 0.1546004352242132, 0.7008864421318086, -0.2529731664363384, -2.914329630420708, -1.011524232636812
0.10767943787700877, 0.1553832267655218, 0.7008296996739705, -0.25443985809123126, -2.9145763807472975, -1.0103263169199683
0.108167032212782, 0.15639833009746254, 0.7007773519193233, -0.25617328194981154, -2.914912523795792, -1.0088643015813707
0.10870536442619722, 0.15757182251458055, 0.7006693203717532, -0.25772353946444615, -2.9152955146790522, -1.006801084486774
0.1093312560447115, 0.15892529691033025, 0.7005634923036029, -0.2596087825275317, -2.9157426400370903, -1.004526834480505
0.11004961692490049, 0.160466188377333, 0.7004453869561399, -0.26207022305017735, -2.9162741460095982, -1.0020362355012415
0.11087186316017199, 0.16223089101519, 0.7003002285753535, -0.2648364428518219, -2.9169742820109845, -0.9990709864138559
0.11178401367321388, 0.16407924208877459, 0.7001712552878047, -0.2677383613473558, -2.9177635899746996, -0.9961771030512958
0.11272660508671631, 0.16628901223275808, 0.6999490415021173, -0.27076013868932874, -2.9184164053342, -0.9924088573443282
0.11386152694935468, 0.16854589035254947, 0.6997848134761815, -0.2747099627737666, -2.9193546224010345, -0.9886291784398149
0.1150350397754379, 0.17101708585681866, 0.6996230721524508, -0.2786679551976031, -2.920112769139677, -0.9848898525275153
0.11625947238226887, 0.1735794790482095, 0.6994388068919385, -0.2827108461015734, -2.920967843607686, -0.9807729270477691
0.1175570538942698, 0.17650745091043346, 0.6991679292316825, -0.28677232916348205, -2.9220230378776377, -0.975658334487462
0.11899720200059348, 0.179386955882582, 0.6989789886952621, -0.2918827105600091, -2.922909537430186, -0.9713015640035416
0.12050990867216192, 0.18257145129434535, 0.6987391695778562, -0.2969241101125537, -2.9239236018980863, -0.9660997978251245
0.12211056918896136, 0.18596570507382032, 0.6984437222034551, -0.30221077227792514, -2.9253456194235956, -0.9605411920721337
0.1237490650640487, 0.18944924895032886, 0.69820419453572, -0.30787623206636394, -2.9262204017393425, -0.9549522532649135
0.1254644933124162, 0.19309144495745267, 0.6979070946165363, -0.3136006457528817, -2.9274000321904188, -0.9489128450580798
0.12720149316506033, 0.1967276375487551, 0.6976177937932395, -0.31939467055599263, -2.9286455460278833, -0.9431057911560765
0.1288761753041391, 0.20024751779112782, 0.6973739536869643, -0.32501034283957914, -2.9296310179272296, -0.9374610154103346
0.13065493691212024, 0.20402769447316668, 0.697069571378783, -0.3309790186204702, -2.9307760941684085, -0.9310969798191877
0.13237249558369688, 0.20767400394577942, 0.6967870899541907, -0.3364949862127275, -2.931766713198432, -0.9251383549245243
0.13406241003172095, 0.21130550623667865, 0.6965075326158248, -0.3420442422655562, -2.9329194244124523, -0.9192612054873787
0.13578227048954772, 0.21479589349616499, 0.6962372425723878, -0.34822168068024784, -2.933844206397752, -0.9133389981122257
0.13746675006421513, 0.2184822715690859, 0.6959890938723768, -0.35370159479399027, -2.9347411776754315, -0.9075769227635881
0.1392129482320152, 0.22210374062250077, 0.6956936985831743, -0.3597973982348485, -2.9357662099283584, -0.9015102790860656
0.14089300942643088, 0.22567296318085545, 0.6953950633117107, -0.3649846464531131, -2.936922010078852, -0.8956593840024565
0.14257991868074696, 0.229252279388477, 0.6951503288699052, -0.37055352738963887, -2.9375367356568107, -0.8897462589465814
0.14430673915405204, 0.23295144076503194, 0.6948144389581637, -0.376390313047079, -2.9386102853595504, -0.8835473487954663
0.1460160755061847, 0.23657771713327902, 0.6945129035802786, -0.38197308041363454, -2.9395881223491993, -0.877506841944999
0.14778066834407125, 0.24023599183688846, 0.6942762663313837, -0.3876846986511516, -2.9403503505574866, -0.8715828208198386
0.1494805147331923, 0.24390968970656843, 0.6939812657688528, -0.3931460228947388, -2.9413226647298605, -0.8655375321250434
0.15121872717752516, 0.24751092444716413, 0.6937327473467425, -0.399082004925064, -2.9420736095842455, -0.8597735143933125
0.1529033800323605, 0.2510590232418473, 0.6934754637543237, -0.4045062855080809, -2.9429359352027213, -0.8540101395098448
0.1545847697206804, 0.25471061121334004, 0.6931491384744197, -0.4100153450904705, -2.9437420852473526, -0.8476890594350366
0.15630715581332924, 0.2583225117151504, 0.692905752726392, -0.41581264282332925, -2.944392573120335, -0.8417031773689166
0.1580146899394139, 0.2619464021809823, 0.6926071860659688, -0.4215018157111147, -2.9452217317584966, -0.8356638600946747
0.1596893332353793, 0.26549065753860923, 0.6923700969980732, -0.4268929643298132, -2.945793650783934, -0.8299748082985603
0.1615149386271221, 0.2692934342331258, 0.6920033289542098, -0.43294604816721055, -2.946796489236318, -0.8232847497456156
0.1632085176662657, 0.27294749180941974, 0.6917118232985884, -0.43840230519991585, -2.94734480681453, -0.8173283315588776
0.16487979538032094, 0.27648603613164585, 0.6914777965246018, -0.4437321245786046, -2.9480614236852403, -0.8114367636950267
0.1665732651396124, 0.2800962430892632, 0.6911939984616408, -0.4493380640959555, -2.9486008415010674, -0.8054277768737236
0.16831786634379856, 0.2837130077412498, 0.6909164540457332, -0.45531476183407477, -2.949282278305675, -0.7993192222277724
0.1700339573916302, 0.2873580169866774, 0.6906258127952729, -0.4607055391469289, -2.9500138560515925, -0.7934495361966175
0.1716883529682441, 0.29084505561106777, 0.6904384151344084, -0.46636204084798, -2.950334310404763, -0.7875633697677645
0.17339819627723677, 0.2945416417838011, 0.6900870211433319, -0.4716856399048901, -2.9510156351211774, -0.7813263054373165
0.17514009217111406, 0.2981853855148825, 0.6897639830638322, -0.47738503146670486, -2.951623957977268, -0.7750454512613901
0.17683489520852944, 0.30173406415651355, 0.6895096106552642, -0.4831147785903786, -2.952025751033736, -0.7691426211304772
0.17860525730698748, 0.3054820797583716, 0.6892513763488927, -0.48881521270233086, -2.9525298679620677, -0.763053608062235
0.18029184732400802, 0.30910223883319254, 0.6889603342958472, -0.4942648352742352, -2.953060381776119, -0.7569476695469913
0.1820091652767381, 0.31275283486818495, 0.6886819540972572, -0.5001071315245207, -2.9534305437981496, -0.7507931603171146
0.18372266083648908, 0.31627719688448747, 0.6884742025194797, -0.505446422654497, -2.953974139466983, -0.7450130215788754
0.185422518877335, 0.31981578152947865, 0.6882140896956762, -0.5111333234688817, -2.95431584473816, -0.7391442590360005
0.18715368418154438, 0.323552402292337, 0.6878445154733384, -0.5167278210916093, -2.954747200335838, -0.7328152429774636
0.1888518956698971, 0.32724715920995473, 0.6874635374779278, -0.5223298111668432, -2.9551576758793225, -0.7261160712406792
0.1905246521156907, 0.3307650942434048, 0.6872927481158096, -0.5275649436579458, -2.9554791913856224, -0.7205278000959848
0.1922373257436567, 0.33432817650347213, 0.6870739768852362, -0.533092632408833, -2.955795985974038, -0.714769327860769
0.19396277282546048, 0.33795587899212476, 0.6867084988413085, -0.5389036325166663, -2.956113648554287, -0.7081632735537152
0.19568315940681613, 0.34162698865290003, 0.6864226788281544, -0.5443459724138433, -2.9564232317371575, -0.7020545135300496
0.19741959444444018, 0.34531343559008393, 0.6861907613065297, -0.5500433197532436, -2.9566198157290455, -0.695908545015752
0.1991150576224377, 0.34892974816551026, 0.6858886118236526, -0.5552963744063706, -2.9569082827130555, -0.689898521941356
0.20081361277316986, 0.3525301574914542, 0.6856310105095095, -0.5609097031911641, -2.9571224438416035, -0.6838141738370227
0.20253886080528277, 0.3561610060464337, 0.6853291616729104, -0.566622286647766, -2.957252153598411, -0.6775161054968901
0.20425607940110313, 0.35976496581820977, 0.685041831938239, -0.5723111484915788, -2.9574766723800954, -0.6712795069058152
0.20595940424492792, 0.36334095928902954, 0.6848166058729056, -0.577764301371804, -2.9576064522782124, -0.6653473296884332
0.2076279843004707, 0.36687770873264736, 0.6845748532379422, -0.5832529403501936, -2.9576878955857495, -0.6593956381645368
0.20936059310692312, 0.3705824549827431, 0.6842079285216702, -0.5886550644027961, -2.9579420659968307, -0.6528391575178544
0.2110609363745888, 0.37424005403474037, 0.6838766052215104, -0.5940353922419517, -2.958078124301513, -0.6465182861600004
0.21276134794118562, 0.377812164738099, 0.6836552707534259, -0.5996463249555504, -2.9580834987759705, -0.6406642776879895
0.21451893988501286, 0.3815305897452242, 0.683443397954801, -0.6052820335291667, -2.9581238061267023, -0.6346629659843896
0.2162492149053924, 0.3850940005134106, 0.6831724757682429, -0.6107269702588083, -2.958248951032674, -0.628587162966496
0.2179700070208125, 0.3887443679521768, 0.6827916216662873, -0.6164453662889277, -2.9582183542367684, -0.6219203982729897
0.21968648856742048, 0.392424395958805, 0.682469087997342, -0.6217391698201806, -2.958305113856353, -0.6155815813384558
0.22138841682341492, 0.39604987508413586, 0.6821960766288, -0.6274507043387512, -2.958126807055033, -0.6093914839358987
0.22305186992471104, 0.3996004489636573, 0.6820123688539584, -0.6326690585900124, -2.95801688771052, -0.6037639156320803
0.22474392908731625, 0.4031209656203097, 0.6817604388279388, -0.6383992524265232, -2.9578805862991233, -0.5975204531218934
0.2264662915029495, 0.40677260350062766, 0.6814058077728583, -0.6437843209484813, -2.9579169171655595, -0.5909642428021108
0.22816451194678608, 0.4103941014658961, 0.6811746577184469, -0.649030935454538, -2.9578489513261044, -0.585151883383814
0.22992566679608484, 0.41414411758486763, 0.6808839993241713, -0.6547828895149881, -2.957705324701244, -0.5784951714917508
0.23168533340327097, 0.41784806357407556, 0.6804992208381101, -0.6599259460490775, -2.957669172167088, -0.5720109638792027
0.2333543750680387, 0.4213773406582388, 0.6802649576184392, -0.6658236933577769, -2.957321653759803, -0.565947131116342
0.2350851185720511, 0.4249336599596626, 0.680052053843912, -0.6712202622044827, -2.957227553644799, -0.5600402910183985
0.23676788326214743, 0.42856269688076504, 0.6797819723398236, -0.6764154587322909, -2.9569891933142243, -0.5539942830148095
0.23846417135303932, 0.4321478970723438, 0.6795168920500602, -0.6819809430256265, -2.956824905326296, -0.547749528362123
0.24018449269221, 0.43578049209119774, 0.6791740611418813, -0.6874100927232641, -2.9565161738840606, -0.5413658752369901
0.24187082255874778, 0.43942576990464277, 0.678924954065333, -0.6928055122671014, -2.9561910650870713, -0.5353031785621714
0.24356411305452036, 0.44304961208554633, 0.6786300205980902, -0.6979465987989709, -2.9558876279126722, -0.5290308342268134
0.24528827034393696, 0.4467465522311128, 0.6782126359175977, -0.703259130443108, -2.9557745278035292, -0.5222323048712422
0.24702338948944974, 0.45030542594147244, 0.6779883857776612, -0.7091727514413978, -2.955260065787919, -0.5162849503945631
0.24872620326772263, 0.45388074425252306, 0.6777501453210992, -0.714340886599921, -2.9550198425965006, -0.5101992156942675
0.2504827162695851, 0.45769425175528633, 0.6774287225472554, -0.7196200819101415, -2.954586626588761, -0.503724067955926
0.2521912617358154, 0.46128669409479295, 0.6771018790126601, -0.7255213740232495, -2.9540479692983337, -0.49719065483678826
0.2539156152795442, 0.4647693984249013, 0.676967259133731, -0.7308238135462523, -2.9537040494343256, -0.4914907635421919
0.25553182155202286, 0.46821749899718124, 0.6766406738173601, -0.735717480672043, -2.95339799048257, -0.4853713509717511
0.2570120467839643, 0.47146042239299707, 0.676374195168438, -0.7405704289751779, -2.952912518282057, -0.47968499350669475
0.25844719281223155, 0.47450692268779504, 0.6761858959555794, -0.744934903648127, -2.952554600327677, -0.4746093542330233
0.2598585767332954, 0.4773278263136968, 0.6759833938175582, -0.7496508185770894, -2.9520876923892803, -0.4695828123808541
0.26105716081995084, 0.4800275860689342, 0.6758100430436607, -0.7531953517617946, -2.9516496385016238, -0.46513677936571335
0.2622851113175428, 0.48259462837572037, 0.6755541557064978, -0.7573203298033577, -2.9511881021881443, -0.46061496725627765
0.2633795070454079, 0.48482230741729065, 0.67548856868071, -0.7603024039995493, -2.951055511312829, -0.45687253927449056
0.26440689325919536, 0.4871939722046967, 0.6752227690776099, -0.7635970765125568, -2.95061358589092, -0.4529681027928548
0.26535190363061884, 0.48926341888428476, 0.6749493231772346, -0.766466164006263, -2.950453390385085, -0.44903584015025494
0.2662394526373971, 0.4909185747148325, 0.6749000710889603, -0.7694718677469957, -2.950073436041701, -0.44635450943524246
0.26700490072609295, 0.4926114376428254, 0.6746856379310915, -0.7718492200577582, -2.9498597531060264, -0.44317162225217566
0.26764221240856684, 0.49395710916526075, 0.6746953751791223, -0.773700920653694, -2.949551980161184, -0.44111546219211173
0.26826279487379356, 0.49525207778077923, 0.6745469897571302, -0.7757135904428656, -2.9493392800235902, -0.4388933505869607
0.268746240212904, 0.4962305842985587, 0.6745261656791172, -0.7772687562872789, -2.9491914936136014, -0.4371395200237286
0.26917199769826433, 0.4971505020759007, 0.6743914979246595, -0.7785476918769902, -2.94908540958859, -0.43529320694303164
0.26953146747438994, 0.49784869280887833, 0.67436620336672, -0.7799036432106212, -2.9488159592758816, -0.43428110402109643
0.26974948259285864, 0.4984143089643856, 0.6742922783109185, -0.7806605930046714, -2.948706490352487, -0.43323511867821857
0.26990620701055057, 0.4986749223012944, 0.6743147759219603, -0.7809173456742464, -2.948752167829384, -0.4326780572631732
0.269998999462931, 0.498849196381798, 0.6742746080410356, -0.7812947047661546, -2.948697336940826, -0.43234258341273707
0.27001529480915887, 0.49884544208029047, 0.6742991845272472, -0.7814506401687094, -2.9486882409331026, -0.4323242765041771
0.2701513142809984, 0.4986983487052776, 0.6743253601694402, -0.7820117470523118, -2.948626740479893, -0.431993383743583
0.27045098321379135, 0.4984423980108458, 0.6742462059861987, -0.7831878259481021, -2.948677481314081, -0.4305913675044485
0.27091933868321905, 0.49809045941690344, 0.6741796524515218, -0.7850160216838029, -2.948566845535561, -0.4290547521718114
0.2715406903465662, 0.49756182958559214, 0.6741201876863768, -0.7874507736779224, -2.9484850127895337, -0.4269771731504827
0.2722976525066154, 0.49693228216758656, 0.6739882318199646, -0.7904257267556813, -2.948323299635554, -0.4240114196633704
0.27318776510104464, 0.49615018711943176, 0.6738932024307517, -0.7939739630214387, -2.9482331392768972, -0.42079602050189086
0.2741965124632592, 0.49527815602261516, 0.6737199205968296, -0.7979807812312958, -2.948173334123002, -0.4166753769207669
0.2753853232857939, 0.49423107741840255, 0.6735929541736735, -0.8027525726443174, -2.947887050610889, -0.41238702904476027
0.27679742629105536, 0.4930035641875726, 0.6733964129158815, -0.8082789931643632, -2.9476254036123066, -0.407025594613651
0.27830456849833607, 0.49162997106531303, 0.6732574307623989, -0.8144168541954432, -2.947211238531065, -0.4014462734239044
0.2799490726136255, 0.4901912786102449, 0.6730283900199472, -0.8208936654544776, -2.946895313426088, -0.39515172027097334
0.2817637488971685, 0.48865228646531655, 0.6727714120014461, -0.828006531989114, -2.9467467492491193, -0.3883060624571668
0.2837478366331649, 0.48692374814680284, 0.6725200223750478, -0.8358218133558947, -2.946094482464031, -0.38094683071364577
0.285815997292385, 0.4851214763777425, 0.67225450780135, -0.8440936511213041, -2.9455951657515067, -0.3730563608908334
0.28808591264467104, 0.4831751322408733, 0.6719551781263079, -0.8532372551271652, -2.944948658237932, -0.36460095730142933
0.2905114980767247, 0.48107021403111827, 0.6716107156827726, -0.8626607830642389, -2.9441824497565463, -0.35524228270779
0.29301889818160554, 0.47888820779335084, 0.6713065232149551, -0.8725871032131424, -2.9434995556476635, -0.34581635837556596
0.29580100365447837, 0.4764577526362511, 0.6709786029730692, -0.8834982498589754, -2.9423121738604805, -0.3356118536396675
0.29858662739788894, 0.4740255200826499, 0.6705844729796412, -0.8943946248400351, -2.941478114336277, -0.32468663843716106
0.30164480606053684, 0.4714103216635467, 0.6701832393817021, -0.9064905500863898, -2.940107346649532, -0.31327835033791496
0.304579098784543, 0.4688359428096174, 0.6697622529851822, -0.9179249867244643, -2.93889931848324, -0.30171596792848576
0.30764257890494134, 0.4661784736170862, 0.6694345952661905, -0.9301474518965469, -2.937576937577435, -0.2906368902945443
0.31077664634986335, 0.46350216613506995, 0.6689677857302101, -0.9423880287204685, -2.93595513784455, -0.2784277003663829
0.313774275486622, 0.46093611107532584, 0.6685649639826654, -0.9538567953174709, -2.934399127271768, -0.26707763457544514
0.3167832772284091, 0.4583094623973908, 0.6681631571929323, -0.9655345749606857, -2.933021147662669, -0.25547913135018707
0.3197853432236078, 0.4556598235954398, 0.6678130010928267, -0.9776278492743558, -2.9312027475182583, -0.24405695156370838
0.3228372984832183, 0.4529972340392783, 0.667418536095637, -0.9893626984536077, -2.9293655633886546, -0.23240627346652237
0.3257630697879877, 0.4504607507188782, 0.6669918418692027, -1.0007866267687926, -2.927386680525975, -0.22080039491556816
0.3288296428762809, 0.4478365828041566, 0.6666102482675158, -1.0125309225647932, -2.9253900368383166, -0.20939111068706068
0.3317310200889513, 0.44529008359541633, 0.6662344837541837, -1.0237251490631565, -2.9235398286357133, -0.19790044478860347
0.33484898774309696, 0.4426573227596855, 0.6658018995676319, -1.035519802534354, -2.921292984034915, -0.1862807315693643
0.3377812138222727, 0.4400316648929238, 0.6654761873789378, -1.0471406804774532, -2.919191500413543, -0.17483281012814209
0.34092104662448736, 0.43726490269303775, 0.6650786953853873, -1.0592913977182925, -2.9167480636701564, -0.16269581848744838
0.3439396502099475, 0.4347049412267754, 0.6646604192671658, -1.0706768821730193, -2.9144621293747672, -0.15107893317541343
0.34696104734542327, 0.4321423169717798, 0.6642177290880799, -1.082305696367459, -2.9117553452502927, -0.13938763226097528
0.34994482925695397, 0.429563098106673, 0.6637580448681715, -1.0936657981367552, -2.909393725135524, -0.12737951572677983
0.35266499030863585, 0.42711264310579766, 0.6634968264039007, -1.1041756286171387, -2.906876495779677, -0.11706286124009539
0.3553572914419802, 0.4248032627984249, 0.6631441914635867, -1.114581270880879, -2.9045773187149, -0.10686182032534973
0.35782045751420943, 0.42266723030166004, 0.6628018042225611, -1.123807022190087, -2.9022466810646312, -0.0969607153868772
0.36016149863378366, 0.42063350463630966, 0.6625136142110671, -1.1327107008110475, -2.90018537799847, -0.08796759161704286
0.3624026443321751, 0.4187134279584371, 0.6622231904022878, -1.141099640474961, -2.8980801569187227, -0.07950769962867614
0.3643813022334479, 0.41694642722386077, 0.6620028989959398, -1.1489296629995878, -2.8959750615511712, -0.07177922888383355
0.3663222339509835, 0.41522529437928524, 0.6617667193409007, -1.1560402525626583, -2.8939589377308748, -0.06440985247605127
0.3681006579421083, 0.4136725614320133, 0.6615168313911232, -1.1630348887512858, -2.8920545474620085, -0.05712539821836535
0.36969160703518034, 0.4123320603643476, 0.6612996558581276, -1.1687674571652547, -2.890690009050487, -0.050998086401774924
0.37117201713513936, 0.4111122209408453, 0.6610582019546536, -1.174474051966244, -2.8889376183438147, -0.04532060594357897
0.3724342135694035, 0.4099883742075916, 0.6609082892465148, -1.179176863810576, -2.8877508645948384, -0.04031344109057073
0.37353362485650926, 0.40899925074502924, 0.6607980893062594, -1.1832277129052455, -2.8864793874735764, -0.03606127476077169
0.37452191991155853, 0.40813745595912604, 0.6606783986964663, -1.186927777908309, -2.8854808675435333, -0.032296758682204815
0.37533668341565285, 0.40741977751028935, 0.6605749275408817, -1.1902528206499565, -2.8845559361134074, -0.02898677142118348
0.37605916421651475, 0.4068139212938428, 0.6604884644027821, -1.192826057493337, -2.88378162382521, -0.0265568736577851
0.3765941498019961, 0.40637972654938515, 0.6603747683709046, -1.1948990522349887, -2.8832576407302435, -0.02414312135891338
0.37699337882497735, 0.4060589154423773, 0.660303295941793, -1.1962900989930543, -2.8827076658202904, -0.022641938217594484
0.37720427773532755, 0.4058542677294743, 0.6602557592272834, -1.1971536995721266, -2.882399357608779, -0.021410961885219015
0.3772962925912325, 0.40577620408195914, 0.6602575253086861, -1.1974542207015912, -2.882439423824041, -0.021209215182273238
0.3773103180462909, 0.4057658522835693, 0.6602649655566053, -1.1976112489886994, -2.882427078810935, -0.021215533598957607
0.3773243111795448, 0.40575551303303736, 0.6602589738969233, -1.197750022754095, -2.8824167143113706, -0.021166128684742373
0.3773112434997785, 0.40576535189700985, 0.6602579065372407, -1.1976140679874678, -2.882433042842762, -0.021156799312991675
0.3773061214306319, 0.40576533133250386, 0.6602474123703856, -1.1976724589440826, -2.882424738739527, -0.021058221998959625
0.37733081985407463, 0.40573719084611753, 0.660244061964729, -1.1977432754352026, -2.882351913269472, -0.021012823929327205
0.37731061477481287, 0.4057726667253749, 0.6602422046317936, -1.197723672215325, -2.882401287268709, -0.021038519195450085
0.37732127228913687, 0.4057590151054705, 0.6602399957037782, -1.1976742098348543, -2.8823803778605703, -0.02101170522828488
0.377322648862604, 0.4057757013201276, 0.6602339273075346, -1.1976703492279324, -2.8823707643625496, -0.021032566290318095
0.3773072202240741, 0.4057524787497224, 0.660272966948742, -1.1977386972417083, -2.882344183171245, -0.021182506762484822
0.3773161393861665, 0.4057484640080654, 0.6602623545283046, -1.1976828444796568, -2.882402690882073, -0.021139130823853387
0.37733521784914104, 0.4057566206613614, 0.6602485962936855, -1.1977127590446703, -2.8823758085613926, -0.02112393113771514
0.377319270391514, 0.40575151070955934, 0.6602595444259903, -1.1976683016792056, -2.8824179705710793, -0.021098952051209756
0.3773305156113324, 0.4057490330284224, 0.6602457056804679, -1.1977790554951475, -2.8823403535618763, -0.02104811738899995
0.3773505027930189, 0.4057816669303099, 0.6602110575436281, -1.197673618322675, -2.8823772451605167, -0.020975689597889584
0.3773217203031943, 0.40576580185152133, 0.6602519493303793, -1.197708833625504, -2.8824154651916425, -0.021114516641513866
0.37733763868125814, 0.40575645537073957, 0.6602426540525299, -1.1977208793019096, -2.88239431970465, -0.021080751919664294
0.37732676252570785, 0.4057553859394475, 0.6602479886456173, -1.1977458035548398, -2.8823578734980586, -0.02108490811839359
0.3773576500882938, 0.4057662390598089, 0.660231437238642, -1.1978208164089386, -2.88234164149752, -0.021102349743432013
0.3773437972923865, 0.4057540880159679, 0.6602455015317961, -1.19775579692915, -2.8823817532419675, -0.021099879940535055
0.3773477157596533, 0.4057376803296827, 0.6602491512144846, -1.1977506441241867, -2.882371254376448, -0.02110275029517225
0.377347121560434, 0.4057595626663031, 0.6602316130206237, -1.1977192977342643, -2.882391433276259, -0.021044348729211813
0.3773450359556516, 0.4057665506947653, 0.6602216459578428, -1.1976871455840201, -2.8824100785034656, -0.020967216285739276
0.3773308305420799, 0.405774565645403, 0.660232181315116, -1.1977612230732622, -2.8823457262353083, -0.02102989064695317
0.37733194755849603, 0.4057576206030726, 0.6602461936294619, -1.1977597568261966, -2.882390602819914, -0.021077177126576897
0.3773333301178138, 0.40575358486003815, 0.6602446072430035, -1.1977287120470217, -2.8823652992206994, -0.021086218416237323
0.3773387878722089, 0.405747956562574, 0.6602577087778274, -1.197769880524355, -2.8823684829152083, -0.02115771644076149
