-0.3354283065780534, -0.4639482580584516, 0.319796402211606, 2.449989704102613, -1.8265641538995987, -0.05066979075038447
-0.33541794736131225, -0.4639630184330353, 0.31981013866973884, 2.4499780904671904, -1.8265109939156898, -0.050616106105949736
-0.33543517210335355, -0.46394718634693766, 0.3198033239317772, 2.449959764387147, -1.8265658983468387, -0.05066237555858295
-0.33542292568059373, -0.46395516071514564, 0.3198156632280027, 2.4499758109310017, -1.8265100127459717, -0.05063549495924806
-0.33543378188299555, -0.46394984120423755, 0.31979114566619143, 2.450012318545593, -1.8265160697255707, -0.05074374185129213
-0.3354228604942523, -0.4639524967214391, 0.3197996956465996, 2.450032437624671, -1.8265265564398327, -0.05067449698793937
-0.3354269958594351, -0.4639563054640251, 0.31980914334616434, 2.4499774014995253, -1.826513259058084, -0.05069316942798697
-0.3354166926563022, -0.4639523960620926, 0.3198019267665995, 2.450019641656032, -1.8265190316583677, -0.05068683945618507
-0.3354394253315954, -0.4639487510728338, 0.31982938615128853, 2.449955175633448, -1.8265200628446283, -0.05070894535736092
-0.3354301382928196, -0.46395237512522913, 0.3197818323700717, 2.450018423008709, -1.8265837028174876, -0.05068215185264
-0.3354196484693846, -0.4639590196240125, 0.3197806767976284, 2.4500468679460905, -1.8265596201087648, -0.05070258463213156
-0.3354292683826885, -0.4639640423460784, 0.3198047351979482, 2.4500105210421004, -1.826512544699365, -0.05068426357965468
-0.33544020577675976, -0.4639554037818648, 0.3197657597966796, 2.4501059318529035, -1.8265509437175436, -0.050611697711796216
-0.3354534455551228, -0.4639549068169649, 0.319758057375899, 2.4502411924628555, -1.8263981904807796, -0.050609668037589636
-0.33545915539776355, -0.4639468076282263, 0.31978126757711234, 2.4501002042065885, -1.826423029334764, -0.05083395881280968
-0.3354725243130041, -0.4639498442765357, 0.31979420044379536, 2.4499735667214297, -1.8263724687555505, -0.05050989325271125
-0.33548598293777804, -0.46393995104734415, 0.3197742729986245, 2.4499572407169836, -1.8265276093835936, -0.05023788896533381
-0.33553823782698583, -0.46392368151267666, 0.31979577716137597, 2.4497735898247535, -1.8263284924939387, -0.05109085844730091
-0.3355632834531308, -0.46392188167167364, 0.31975278879391195, 2.4497813119397303, -1.826316166833253, -0.05057573600183206
-0.33556274971813904, -0.4639471182622046, 0.3197381739449632, 2.4495270883580083, -1.82621979195774, -0.05005289645311028
-0.33564764543043746, -0.4639136491141802, 0.31972234178882214, 2.4493730209185585, -1.8260505800221472, -0.0493648167493348
-0.33565900489717115, -0.4639093268527719, 0.31965488340505177, 2.44927387971263, -1.8260154466111531, -0.04953834333976403
-0.33567308777212973, -0.46391162697741956, 0.3195963870162212, 2.4491879614170324, -1.8259930455449245, -0.049829503534510454
-0.3356778086846607, -0.4639291034458044, 0.3195421270818933, 2.4492971916481783, -1.8255155765281543, -0.04972485569418785
-0.3357312974509046, -0.4638863216212699, 0.3195270900005313, 2.449459412619501, -1.8253117200019808, -0.05019973395721808
-0.33572914373378665, -0.46389724660125503, 0.31948522031881493, 2.4496071067551193, -1.8251647315169304, -0.050106339132775166
-0.33570411303972153, -0.46390809466345195, 0.3194640038019211, 2.4492546584434955, -1.8254273418569797, -0.04922239706441772
-0.3357066914525834, -0.46390214551622694, 0.31940543074272487, 2.449512567593472, -1.8254428258068864, -0.04857923281395806
-0.3357537469504689, -0.46385983671172515, 0.3194180410066934, 2.4494122731352115, -1.825582366090284, -0.04880962077186668
-0.33575337315393644, -0.4638358554843609, 0.3193523209285104, 2.449652956056869, -1.8259444420487334, -0.049003183452153765
-0.3357438799952787, -0.46384738430850264, 0.31942027623758235, 2.4496399992495412, -1.8260843238549678, -0.048906916297936136
-0.3357781459515679, -0.46383082158667316, 0.3194295026653467, 2.4495541868920645, -1.8263171413441401, -0.04784977776161883
-0.33578300761126695, -0.4638282735785559, 0.3194509005630924, 2.449380235689485, -1.82666633637931, -0.047374926755282654
-0.33575078388870416, -0.46381131581391305, 0.3177999072177458, 2.4489318314413895, -1.8267654075548085, -0.04685447304333865
-0.33573168537551185, -0.46376612955937635, 0.31590151046409504, 2.449253383049552, -1.8263487568715822, -0.04643032729140445
-0.33570080014615816, -0.4637666319281769, 0.31360625048687907, 2.4490732149147547, -1.8262110613342168, -0.04618900756537064
-0.33568357000985516, -0.4637331898788391, 0.3117518285524354, 2.448511206185564, -1.8262411445289024, -0.04574532873303208
-0.335662369731878, -0.4636701128692287, 0.30984649514398416, 2.4485254927016236, -1.826110176206753, -0.04606244837425783
-0.33561874093544064, -0.46360035250768417, 0.30800269210300324, 2.4481077989754843, -1.8261027317199967, -0.04619269852560979
-0.3355788768808098, -0.4636003870354113, 0.306169837987682, 2.4478243562497903, -1.8257198623546251, -0.046775329312003046
-0.3354890906073255, -0.46359282097904697, 0.304521059409871, 2.4477337066223175, -1.8257185752813738, -0.04675990179429885
-0.3354195048862918, -0.46348078619673866, 0.3028031089671637, 2.4473971686902947, -1.8257755459912548, -0.04669760535584197
-0.335280330643812, -0.46339660098911645, 0.30123645632784696, 2.4477979357633144, -1.825922276234976, -0.04673801011349808
-0.3351687548646613, -0.4633037911247093, 0.29979125400062817, 2.447880814914865, -1.825888832536613, -0.04645099240270438
-0.33504130323218206, -0.46321448393703135, 0.2985263383995839, 2.4483118151918672, -1.8259605665949543, -0.04763412902662551
-0.3348894408878449, -0.4631604660911593, 0.29743567961029715, 2.4474737540137004, -1.8257939437753925, -0.04784606457199047
-0.3347532357083304, -0.4630497905408932, 0.2967101103065799, 2.446649597259791, -1.8250852946317389, -0.046999441113417695
-0.33458679030834865, -0.4629530004413007, 0.2961776830965773, 2.445726489402871, -1.8248941654619464, -0.04610582171799258
-0.3343463115170715, -0.46283127654622663, 0.2965101622974358, 2.4446264680910996, -1.8245498160927678, -0.04585621732726789
-0.33398906529838696, -0.4624899763858794, 0.29682829454988374, 2.4447756648587227, -1.824137974444525, -0.045354112795780284
-0.3336850024370652, -0.46235878103234257, 0.29685756933540475, 2.4445274168393882, -1.8239894109241042, -0.045722061434035316
-0.3334188175598798, -0.4622516996144161, 0.29700334183414423, 2.444484220123595, -1.8241542222433966, -0.045725002204135064
-0.333145887895962, -0.4621412705790806, 0.2968992018292544, 2.4441549753785394, -1.8241641290276513, -0.045287193466785516
-0.3328035493336196, -0.4619477802485909, 0.29712434103500307, 2.4437271571570642, -1.8239083220607806, -0.044943773670554764
-0.332569997281089, -0.46175449359170895, 0.29698361258985684, 2.4431886213398273, -1.8236236615049541, -0.04387068282490885
-0.3323284365151096, -0.46161845218778375, 0.2967146747231326, 2.442745960568829, -1.823622035142701, -0.04383642149549127
-0.33204006647160256, -0.4615266051609789, 0.2965508322068992, 2.4429976249300744, -1.8233737402420072, -0.04326533265941118
-0.3317944883418299, -0.46147603421838507, 0.2965311036015374, 2.442686299055502, -1.822995817958947, -0.04276184648759321
-0.33144382953052137, -0.46143523545535897, 0.2965438479605195, 2.442775884000743, -1.822456203154957, -0.04358916454808029
-0.33097107376048707, -0.46106101967217133, 0.296810283829942, 2.442356291490379, -1.822159496070702, -0.04424647908864692
-0.3306188650602863, -0.46092253490846036, 0.2967845837118258, 2.4423604834420845, -1.8217233417337992, -0.045261035156819444
-0.3303568533106638, -0.4608046089895382, 0.29669728623375086, 2.441778742592942, -1.8214024019388277, -0.045559613337405686
-0.3300742194398133, -0.4606736898453558, 0.29646520778941365, 2.4410344469045424, -1.820830978184821, -0.04494870823265924
-0.3297343936993366, -0.46060172155114987, 0.2964478185232771, 2.4408212230936925, -1.8203797038158689, -0.045256416543788154
-0.329444808011042, -0.46051663095039125, 0.29632230172348706, 2.4405383566457854, -1.819862646821284, -0.04504573573866871
-0.32911358679835145, -0.46034807205219036, 0.2964574788118272, 2.4399227231194125, -1.8196788747447243, -0.04459552926906609
-0.32877830931137525, -0.46026704334942165, 0.2964313002139328, 2.439918429836499, -1.8195712328684306, -0.04515689743425321
-0.3283862425157907, -0.4601541719761261, 0.2964152759834555, 2.4398693034844086, -1.8191880259965159, -0.04611068385958711
-0.3280268273185279, -0.46002842333194605, 0.2963723398258498, 2.439976362087472, -1.8189836536601593, -0.046263503455131916
-0.3276702069529452, -0.4599135200960689, 0.29635327465130423, 2.439554617286129, -1.8188434529323874, -0.04633512163454977
-0.32733702035019596, -0.4597586654327353, 0.2963364684137204, 2.4395296592732834, -1.8188746426673614, -0.04642156686472351
-0.32689258674758737, -0.45948802329344923, 0.2964650320341688, 2.4391561134297497, -1.8184130944271852, -0.04646043398502585
-0.32651529206746777, -0.45945410398731734, 0.2964310100809435, 2.4390155412576062, -1.8179691892549792, -0.04781339927042172
-0.3262329468058713, -0.4593175593037428, 0.29637967399267334, 2.4389861667744537, -1.817540023424604, -0.048364920449948307
-0.3259038596254422, -0.45907416718139904, 0.2963617833762896, 2.4384534870066568, -1.8173001495680237, -0.04775137344595418
-0.32561126468291524, -0.4589141693657531, 0.2962497943307937, 2.4378660225722535, -1.816936180760265, -0.0475454338812368
-0.32537197008264795, -0.45886700252555435, 0.29630433228096426, 2.4373643365256443, -1.8163652619499842, -0.04739884744397268
-0.32505689452547276, -0.4587310202647902, 0.29619609498367044, 2.4372563853216946, -1.8159283706586793, -0.047377645170150806
-0.3247415749478953, -0.4586786522995225, 0.29628209678021755, 2.436640148894079, -1.8158180208898693, -0.04801612455458522
-0.32440687420928943, -0.45851440514499775, 0.2962668335375621, 2.436552693462389, -1.8155161052416966, -0.04835425246220638
-0.32407109582439925, -0.45832404673300164, 0.2963587253596323, 2.4362545394956205, -1.8147898684880523, -0.048585290669323725
-0.3237504655760362, -0.45812809075645544, 0.2964098811975243, 2.4354890012778547, -1.814778600980338, -0.04872399136434697
-0.3233784882095225, -0.4579955513850678, 0.296322666682039, 2.435511392186845, -1.8142014313106558, -0.04899878074269579
-0.3230936686686169, -0.45793449529868574, 0.29624474121652966, 2.434900116020946, -1.8138904919625871, -0.04933375845388638
-0.32310247099325523, -0.45794743893334683, 0.29621949474956594, 2.4345902571015876, -1.8133992243793091, -0.04907328488880617
-0.32307179649389617, -0.4580169943992099, 0.29620348170995475, 2.4340813223823994, -1.8129101840272523, -0.049751217161176815
-0.32306498743050704, -0.4580416235680281, 0.29619105715398697, 2.4338344724658167, -1.8126899150440157, -0.04979470367201994
-0.32307152438729436, -0.4580764185247378, 0.2962403707446322, 2.4336373365626303, -1.8124155387096486, -0.04988121174460195
-0.3230644810059711, -0.45811247762415075, 0.29624638228979217, 2.433223287495731, -1.8121717031602633, -0.050345811679202865
-0.32298897224544176, -0.45817733913589503, 0.2962257236275231, 2.433223182748499, -1.8118461388793832, -0.051224637418315754
-0.322989655199544, -0.45824318615141263, 0.29624099207470317, 2.4326869303513443, -1.811431252032805, -0.05198642789827028
-0.32298633536305477, -0.4583098667679997, 0.29624707215286017, 2.432231435405006, -1.8112818824168675, -0.05320995381452179
-0.32297834311425283, -0.45839562646578874, 0.29619212211130286, 2.4319802223708984, -1.8105866055228643, -0.054640971680818856
-0.32293592949763344, -0.458448744831266, 0.2960563004131935, 2.4315298668514282, -1.8103462510252684, -0.055086128796283766
-0.3229462322788033, -0.45847991940054056, 0.29595603360621364, 2.431175013300016, -1.809932928548452, -0.0551759691689632
-0.32277598923514855, -0.45846971852483, 0.2957987000134218, 2.4307705725605286, -1.8094167732569737, -0.05644859462163158
-0.3224363951090436, -0.4583846508262968, 0.29575424555272994, 2.4308221552378053, -1.8086479188524904, -0.05765636213554779
-0.3220533242146083, -0.45822377953484095, 0.29579927324696753, 2.4306467412740163, -1.8082973755174143, -0.0590264322866702
-0.32161995536156945, -0.45815863036002746, 0.2958035897619033, 2.4306302746122492, -1.8079802219459309, -0.059320860554863235
-0.3211830392620434, -0.45804930397851024, 0.2958479550520754, 2.430442062095707, -1.80775456083916, -0.060262226860821104
-0.32071934944476665, -0.4579131143043393, 0.2959043922553076, 2.4309881471284247, -1.8066095980287324, -0.06192350211914938
-0.3203282617794952, -0.4577955181492597, 0.2958247262801952, 2.43071029318471, -1.8062844721546294, -0.06279614816767909
-0.31998204265042157, -0.4576087438014617, 0.29570240224786665, 2.4306508353011433, -1.8058025760707697, -0.06288157585672818
-0.31977356613719793, -0.4575535743564075, 0.29561399498808144, 2.4302673629008664, -1.8058073212631098, -0.06257848092015089
-0.31978468397184245, -0.45756871018768963, 0.2956562718608573, 2.4299907625671313, -1.8053207985451625, -0.06324769315703462
-0.31976277605898296, -0.4576040628679137, 0.29562703194246526, 2.4297247392842567, -1.8052982126521744, -0.0635713968503508
-0.3197332229024102, -0.4576440234912831, 0.2955858016938984, 2.429472129171472, -1.8048062742283228, -0.0646625780665348
-0.3196585761254766, -0.4577204831708814, 0.2954991475491662, 2.4294077417737956, -1.8041615026219042, -0.06447776387215784
-0.31962887287965697, -0.45775104795838534, 0.2954891794269524, 2.429203183338186, -1.804217818705124, -0.06474127885352905
-0.31958125835664014, -0.45784289127909866, 0.295491226529595, 2.4287619583121534, -1.8040114154891163, -0.06484543319613362
-0.31952277558207104, -0.4578822524515348, 0.29544663959961287, 2.4284123115456406, -1.803918074169906, -0.06472849322994136
-0.3194706893198833, -0.4579168261140783, 0.2954785864780322, 2.428242691880715, -1.8039113902207635, -0.06550260652443339
-0.3193296535435573, -0.4579783339565682, 0.2955007955183622, 2.4282033124400333, -1.803765752040533, -0.06704510689024018
-0.319234864987744, -0.45803837102193906, 0.29555954524107164, 2.4278930983799594, -1.8038110831313952, -0.06759930727126734
-0.31914849198368256, -0.45807243130251607, 0.2955685012682567, 2.42773145962039, -1.8039839509439146, -0.06797490576370353
-0.3187219650797818, -0.45796735441514214, 0.29564176293541045, 2.427845885822659, -1.8035166271220842, -0.0688400257580329
-0.3182742235112235, -0.457917124070879, 0.29553128269711754, 2.4278739072148037, -1.8028671422061249, -0.07004305396131966
-0.31803823456788993, -0.45784086488328396, 0.29545210908560915, 2.427553689011384, -1.8026693183204734, -0.07097357847297035
-0.3179823241948972, -0.45786889642027356, 0.29539779239324077, 2.42715337606607, -1.8024273088525997, -0.07103366574775104
-0.317916374339163, -0.45793356337553903, 0.29535231329440703, 2.4266589836634673, -1.8019254183995879, -0.07139397044771649
-0.31783992789672405, -0.45796321752015656, 0.29527969494896933, 2.426543404735894, -1.8016086577382875, -0.07108742498121835
-0.31774381661722795, -0.4580456167506513, 0.2952853675223602, 2.4261518836082696, -1.8011555972670878, -0.07155389743446847
-0.31764500882842955, -0.45809223399210297, 0.29525140960680446, 2.42621023043468, -1.8010616638883854, -0.07335769766682589
-0.31756070802731223, -0.4581316446068257, 0.2952656363896678, 2.4258072616928392, -1.8010681903013677, -0.0742840464554059
-0.31742992865952796, -0.45817722179745196, 0.2953044953554345, 2.425828177529177, -1.8009705502475968, -0.07421169913353425
-0.3172570910896331, -0.45824658618959474, 0.29528553764035864, 2.425553612781667, -1.8003773795508038, -0.07556106411365704
-0.3171260553991281, -0.45832073580244015, 0.2953082071834578, 2.4253232925809214, -1.8001576424653467, -0.07618996638327052
-0.316815340562348, -0.4582587706436146, 0.2953841343987665, 2.4250344692443706, -1.800099149970731, -0.0765161308144839
-0.3164453190187742, -0.4580843923916725, 0.2952907979898947, 2.4244748981779733, -1.7999364245789151, -0.0767293448916513
-0.3160403789425553, -0.458061316705981, 0.2953210449707443, 2.424313289386451, -1.7993981277436535, -0.07823779938235022
-0.31572261776422805, -0.4579949892792281, 0.2951593770890502, 2.4241952555007678, -1.7992633717440178, -0.07963312439827869
-0.31566959558727514, -0.4580832678372273, 0.29529967193478435, 2.423734136811411, -1.7988395797306707, -0.08073125445817818
-0.3155746975498206, -0.4581210869098545, 0.2952256801410415, 2.423474045756786, -1.7986958671811886, -0.08150990425013659
-0.3154641123646051, -0.4581734701446777, 0.29511363795412676, 2.4232211484852275, -1.7984681667087339, -0.08169486944719334
-0.31515512546855384, -0.4580842155622322, 0.294825949989084, 2.42303451190102, -1.7979373667315082, -0.08214390225698956
-0.3147849618848528, -0.4579479080197812, 0.2946681399989846, 2.4224336461685425, -1.7977113751330522, -0.08237781060082917
-0.3143261157667351, -0.4577991203542493, 0.2947069634932729, 2.4222721351214114, -1.796956920499113, -0.08331989822759078
-0.31384528397579997, -0.4575079531664821, 0.29492676278361707, 2.421947297448544, -1.7966220274487184, -0.08362276648829504
-0.31334487144978884, -0.45737102639685984, 0.29486892521231295, 2.4221366019240103, -1.7957793923130616, -0.08434599690320611
-0.31319895624428307, -0.4574908987274296, 0.2948783756144939, 2.4220495077253537, -1.795645664905481, -0.08538111028990916
-0.3130645403431337, -0.45758885977937636, 0.2948685064173184, 2.422145530645531, -1.7952354265013328, -0.08619380147719392
-0.3129785388630747, -0.4576293762487683, 0.2948480094641561, 2.4218409474778073, -1.7953280125498787, -0.08622165362959319
-0.31287309579131456, -0.45769385324611894, 0.2948300408773166, 2.4212828975421274, -1.795253354578068, -0.0864320132690929
-0.31274937086608584, -0.45778496590506945, 0.2947546237116644, 2.4209036516699016, -1.7947958461961508, -0.08782921220607715
-0.3126515543663502, -0.45783492195991154, 0.29466264614186205, 2.420385841352892, -1.794309669476707, -0.08762548225708
-0.3122136227738089, -0.45778592029411447, 0.2945039052708623, 2.4206838616058177, -1.7935590482324844, -0.08837682064794523
-0.3117394739121716, -0.45764354737554563, 0.2944406954631502, 2.420554846617677, -1.7931718875755975, -0.08850400960234565
-0.3112736180437178, -0.4574468440939651, 0.2944398064943631, 2.4203475284402205, -1.79309256515726, -0.08857795555672265
-0.31073428872882086, -0.45728822791757356, 0.29453650061870573, 2.4204145190570547, -1.7930203536095086, -0.08942905431465369
-0.31046454083612834, -0.4572770289705876, 0.29465961995243484, 2.420617074232258, -1.7928820642109953, -0.09072997626014698
-0.31027281208684304, -0.45732757050130723, 0.2947148821285128, 2.420695157842189, -1.792682951531615, -0.09139728862588165
-0.31018428635363443, -0.4573939452053877, 0.29476387525988995, 2.4204977254088846, -1.7928449524588226, -0.09204622220623525
-0.3101058140455191, -0.4574441886357254, 0.29476148394288204, 2.4199603436497896, -1.7929696485901734, -0.09171414727081924
-0.31007160166710623, -0.4575242714341081, 0.2947558131835758, 2.4191679517853673, -1.7928623763687224, -0.09097211529837096
-0.31002251797771196, -0.45759441875128376, 0.2946970104190332, 2.4186809771182967, -1.7927131602725057, -0.09127928536877136
-0.30995813172508496, -0.45771185109263474, 0.2946053511343941, 2.4185253368837634, -1.7921852205976996, -0.09275497277503728
-0.309933593761758, -0.4578106396671269, 0.29453750475806706, 2.418544920095375, -1.7917058608799241, -0.09441151710415349
-0.3098584634719004, -0.45797716227252994, 0.2944568822737779, 2.418143614778448, -1.7914747031698213, -0.09547550011950463
-0.3098028753685917, -0.45806139051352757, 0.29432846383756256, 2.4180547400655645, -1.7909754125149493, -0.09667355932554589
-0.30970103623175055, -0.45812430568963175, 0.2942074109568787, 2.4178717276295543, -1.7905489501463725, -0.09745007293797935
-0.30929539607632184, -0.4580140171272129, 0.29398720674183004, 2.4176917959946636, -1.79009823106059, -0.09761709882680095
-0.3087488443439109, -0.4579530661631929, 0.2938818958105499, 2.417580191302759, -1.7898726025797411, -0.09925160582477922
-0.30829970956346603, -0.45771360599450084, 0.29401191053753656, 2.4171823600339493, -1.790022694220994, -0.09956203451964529
-0.3076898310682352, -0.45750317494785575, 0.2941602611834147, 2.417344359076251, -1.789802587879146, -0.09963706640187076
-0.3071790107883627, -0.4573639242146912, 0.29427081625833823, 2.4177917264551305, -1.7893365700514334, -0.10070371329866307
-0.30695089106365464, -0.45748117058061394, 0.29435780457782196, 2.417808612002566, -1.7893030102175458, -0.10223586543854934
-0.3068335126718666, -0.45754585590377445, 0.2943952223236817, 2.41766085337998, -1.789234652314832, -0.10215832264029825
-0.30669886080331, -0.45765280129826885, 0.29440957070726004, 2.4173651570896504, -1.7890913428338804, -0.10291104614498398
-0.30660775240447635, -0.45774228856362, 0.2943847341882423, 2.417233627851528, -1.7885834958017097, -0.10301477594757982
-0.3065207571252904, -0.45780801626338785, 0.29442910075721346, 2.4169256129212995, -1.7881197972679068, -0.10272722075527851
-0.30647361163699294, -0.4578841816374844, 0.2944032218949176, 2.416340945117612, -1.7882757139513652, -0.10271830698282362
-0.30640965141154886, -0.4579917678954869, 0.29434855590591114, 2.4164285070796754, -1.787569680016063, -0.10398658241841667
-0.30633185792985984, -0.458131551090332, 0.2942481071783344, 2.415936836257613, -1.787555437028474, -0.10351571574769651
-0.30624287315816223, -0.4582505670656777, 0.2941636771063556, 2.41551431893539, -1.7872142372435489, -0.10417309362753746
-0.3061694299957617, -0.4583693025978954, 0.2940749769076749, 2.415473885739179, -1.786817606492584, -0.10511847556732998
-0.3060435099200042, -0.4584623017230933, 0.29400954659567125, 2.4154921775029163, -1.7862126972859114, -0.10623417538718741
-0.3059396700198738, -0.4585232008885985, 0.2939385173230746, 2.4149635900554025, -1.7863346270308718, -0.10607479054583681
-0.30572254819553857, -0.4586294794519993, 0.2938680871546645, 2.415213661979796, -1.7858685915026058, -0.10729721864230952
-0.3051286313042033, -0.4585416237400604, 0.29378010634569085, 2.41511018366434, -1.7853868781104816, -0.10864183545246354
-0.3045907412046716, -0.45844199645935096, 0.2937198150492113, 2.4149348148007235, -1.78513189505078, -0.10898196156446428
-0.30394969548219475, -0.4583420342899936, 0.293782407289916, 2.4150609368465927, -1.7848153923147838, -0.11017274973984778
-0.30346838640007573, -0.458232995011174, 0.2938727158415796, 2.415370680372728, -1.7845818018873458, -0.11135379091885432
-0.3032661188552446, -0.45828678223116015, 0.2940021787179688, 2.4154939621413263, -1.78435543733784, -0.11124300039112073
-0.3030902224408798, -0.4583482736294417, 0.29405731784328604, 2.415357465344605, -1.7842471141877725, -0.11210953718833226
-0.30290063111858706, -0.4584397371378375, 0.2941496133496205, 2.4153300158052486, -1.7840244201106672, -0.1121270718769801
-0.30272899721933816, -0.45856008492047823, 0.2941704225000966, 2.4152202936181886, -1.7836361385315052, -0.11387063566013696
-0.30262511624257293, -0.4586684130933602, 0.2942114223371091, 2.4147768411838233, -1.7834784457577348, -0.11426754268384683
-0.3025702845237666, -0.45877312511191015, 0.2941628091603246, 2.414281847137859, -1.7834361980923774, -0.11517170114467683
-0.3024912467880885, -0.458909990808109, 0.294034884348739, 2.4140653682182234, -1.7827678960633604, -0.1154436100647709
-0.30246858938712506, -0.459025026600641, 0.2938265838916588, 2.413233533360402, -1.7826699655987475, -0.1155439002639717
-0.30241263287469916, -0.45914682508673016, 0.2936399119782798, 2.412691644602867, -1.7823946231772247, -0.11636011495627417
-0.30221713043052806, -0.4592545841261606, 0.2934489382366813, 2.4123650977023057, -1.7821648055193633, -0.11728627475400714
-0.3021174505848101, -0.4591211030882188, 0.29339572341221826, 2.4122547731206496, -1.7817206016987976, -0.11698215456658703
-0.3018194882877729, -0.4584735687884238, 0.29381764519947234, 2.411218177579915, -1.781435891695394, -0.11681422799149577
-0.30146129476383754, -0.4579150026376976, 0.29384546257188976, 2.411470394671051, -1.7812325633407544, -0.11697364215611461
-0.30131834783090294, -0.45751357948555593, 0.2937992169421527, 2.410950150803546, -1.7813806668993653, -0.11736201791031944
-0.30083414206359393, -0.45744740734682193, 0.2936078503639155, 2.410761330904128, -1.7809996220630862, -0.11769569056043422
-0.3006852451777386, -0.4574296564738823, 0.2934516927640334, 2.410061833075406, -1.7809741214969104, -0.11826350933754545
-0.300585663644146, -0.4575077446923638, 0.29339669936745216, 2.40968033120578, -1.7804177905640963, -0.11850630917551666
-0.3004107454136826, -0.4576501668718106, 0.29336220025886794, 2.4095972060184963, -1.7801140107985556, -0.11928350764465097
-0.30032359395578145, -0.4577420576961778, 0.29328562438107875, 2.4094754533153653, -1.7798284313799564, -0.11948834446155603
-0.3002121012120974, -0.45780894216608026, 0.2932290442246103, 2.4092922474448577, -1.7800341847591672, -0.11952911675239283
-0.300001452033486, -0.45793273153597785, 0.29321434639400706, 2.409289746826723, -1.7798511020269365, -0.12011299192332729
-0.2998122732038665, -0.45804991265253414, 0.29318565370865124, 2.4091827425049206, -1.779775451942286, -0.12130185954669664
-0.2996037319514176, -0.45811554337019816, 0.29315451795692293, 2.4090115557952205, -1.7797964496384278, -0.12170358581460963
-0.2993319113716182, -0.4581799220351004, 0.29316438161864083, 2.4090673084349548, -1.779445626797212, -0.12196195207363991
-0.29909262295029626, -0.45823912036080405, 0.293183966440484, 2.408882002289844, -1.77922744649889, -0.12227410590302241
-0.298813574204774, -0.4583289450937651, 0.2932105336943304, 2.409186815771262, -1.7791828791253324, -0.1240978965594017
-0.2985205384800727, -0.45844125517564743, 0.29322484224916573, 2.4095189795948047, -1.7784481111557102, -0.12573373157744414
-0.2983124944380953, -0.4585119308453489, 0.2932034370475264, 2.409104557031709, -1.7783007992424542, -0.1264075229608137
-0.29812247916209716, -0.4585483228406051, 0.2931033592645211, 2.408737308940247, -1.7787222913083423, -0.12630773170288814
-0.2978796588288663, -0.45864035613701387, 0.29302771263216154, 2.4087393521564078, -1.7781092472020223, -0.12789533112657273
-0.29762527411069706, -0.4587427703361186, 0.2929414393229197, 2.4084759121782917, -1.7777667499889902, -0.12873750703010806
-0.2974142044270996, -0.45878690313205356, 0.2928801698497021, 2.4084602544722666, -1.7774561105326505, -0.12942974475295696
-0.29724916802266743, -0.4588446713556639, 0.29281935985797936, 2.4086015823334606, -1.7775756101393532, -0.12941948229511796
-0.29703308226805325, -0.45895059671733196, 0.2928516469920268, 2.408412494214916, -1.777504313524063, -0.12929661628207553
-0.296793018422648, -0.4590303360586589, 0.2928565630128551, 2.4083460049278504, -1.776823743776789, -0.13018414547212695
-0.2966379090869701, -0.4590919587304767, 0.2928637899258113, 2.4081461355753953, -1.7767889722237333, -0.13068895701080682
-0.2963708740544037, -0.45919438791344336, 0.29290095707477515, 2.4082105417987445, -1.776430850978867, -0.13111288567230173
-0.29613966801234204, -0.45925783098070877, 0.2929089620222918, 2.4081176409848344, -1.7761649673044102, -0.1314345251737091
-0.2959175914289563, -0.45936510184286045, 0.2929063856664629, 2.4078802345708685, -1.776130227539414, -0.13253321739582893
-0.2956771494849488, -0.4594681596535377, 0.2928598639709906, 2.4078557236597242, -1.7756968721654383, -0.13334394693451307
-0.2954167054600755, -0.4595554159638423, 0.292808196341693, 2.4081843529615052, -1.774857065616126, -0.1349721906225065
-0.29515112355299583, -0.4596943723318377, 0.292753136435974, 2.4081154881426596, -1.7742902730547874, -0.1367700850053961
-0.29499534229352165, -0.45964801403498645, 0.2926781929964649, 2.4078420943307908, -1.7742660204994074, -0.13754322664877247
-0.294914504013293, -0.4595539000045518, 0.29257998300650956, 2.4076922865023285, -1.7737390536343134, -0.13878728664332665
-0.2947294103499447, -0.4596215351444994, 0.29245997846558525, 2.4074326875883334, -1.7737473855608703, -0.13906423370893747
-0.2945010396878599, -0.45971090927335545, 0.29234476100759976, 2.4074706493723697, -1.773415990696493, -0.13942663707741568
-0.2942461500298872, -0.4598132325685281, 0.292253136921824, 2.406915419337094, -1.7734826406704962, -0.14033180599014375
-0.2939657608030843, -0.4598852137680414, 0.29217668018422815, 2.4068111636541953, -1.7733217039249303, -0.14090091147708783
-0.2936773060158195, -0.4599190387509898, 0.2921379596534812, 2.407103833593565, -1.772793131927619, -0.1422104292372978
-0.29337327799442775, -0.4599842750380629, 0.29219422372034115, 2.406867149345429, -1.7727823091460029, -0.14351849563873395
-0.2929877495375317, -0.46005007663888103, 0.29220701270143395, 2.406817797709363, -1.7727604454126156, -0.14454117081215168
-0.2923084304719069, -0.45985924260644173, 0.2921175581156245, 2.4066947717657214, -1.7725198944131986, -0.14571877315244822
-0.29203795709574104, -0.4599533496947807, 0.2921249515347087, 2.4069318940175086, -1.7725838580738889, -0.14697881915086158
-0.2917930094656706, -0.4600664856362927, 0.2921563849388703, 2.4068263848565308, -1.7720272536444666, -0.1473429632867727
-0.29157466096258744, -0.46016454422540054, 0.29211456352800635, 2.406770365765699, -1.7719416147532887, -0.1476113602601662
-0.2913402446724743, -0.46030754692356013, 0.2920714107985194, 2.406667135710903, -1.7717254437932481, -0.14839967915451366
-0.29114145199363384, -0.4604521083078766, 0.2920462698660569, 2.4064609534223567, -1.7712860347300845, -0.14968286986438234
-0.2909232890820472, -0.4605881711732042, 0.2920363972823502, 2.4066279355046247, -1.770894871164103, -0.15053312801584093
-0.2907155245875471, -0.4607718767552286, 0.29198330474919815, 2.406356814718896, -1.7706381946994458, -0.15167615034522766
-0.29053777169113204, -0.46091326566054236, 0.2919028890642132, 2.4060424918034053, -1.7703995673195514, -0.15289495353475746
-0.2903554051175116, -0.461007716804752, 0.29180533545440407, 2.4060399719726955, -1.7703947231835504, -0.1535039857382965
-0.2901210926921038, -0.4611673299317959, 0.291750929684843, 2.405753835793395, -1.7702479286193387, -0.15458584634648215
-0.2898642385948438, -0.4613141910064605, 0.29170743520468, 2.4055741939400996, -1.7699776248102073, -0.15571583997465294
-0.28958960260137473, -0.46144103586665725, 0.2916188508421871, 2.4054798949159406, -1.7702280346015893, -0.1558239710764888
-0.28927495039438234, -0.4615918013020376, 0.29159307086197295, 2.405440432331744, -1.7701012887713574, -0.1566183089834395
-0.28895731445395023, -0.4616975843674769, 0.2915912542477946, 2.405363054836829, -1.7702825651087717, -0.1576849423140089
-0.2886342525390518, -0.4618111591704841, 0.2916464644330982, 2.4055476812082675, -1.7702434914000116, -0.15799681422141876
-0.28831917098478266, -0.4618706836797943, 0.29165338836593574, 2.4054092898610477, -1.7700767781376352, -0.15857694279943682
-0.2880320412118279, -0.4619337006547863, 0.2916169978391958, 2.4051568713635416, -1.7698836348660159, -0.16045152892087144
-0.28776331797169347, -0.46201677951939213, 0.2916855869167987, 2.405213576300176, -1.769414544836598, -0.16158268801596615
-0.28750870058687883, -0.4621058563051991, 0.29318285552057155, 2.4072516346941755, -1.770555586398583, -0.1632874093104289
-0.2874008197418697, -0.4622481698609118, 0.29458366973675365, 2.4079480096198824, -1.77096692299884, -0.16456504167756744
-0.2874423910019879, -0.4624239878263338, 0.29558381748448204, 2.4085386791809418, -1.7712258726493528, -0.16461658083727437
-0.28755928856551155, -0.46248598153332526, 0.2960569043415657, 2.4090787715849076, -1.7712733924448913, -0.1657434876648566
-0.28767798275472845, -0.46224686255561315, 0.2962095434867521, 2.408937658288857, -1.7710608634648475, -0.1658717485070697
-0.28797737156700265, -0.46189166080120186, 0.29623864459353244, 2.408334048380191, -1.7705027114031449, -0.1658492652356294
-0.28831003360414936, -0.4615471379514263, 0.29597665369130977, 2.4078278188638236, -1.7707411725327882, -0.16558592229898528
-0.28865628100414564, -0.46120089596260083, 0.2956963830828769, 2.4074388538568456, -1.7707518465961742, -0.1648868827841127
-0.2887954357559498, -0.4611156453874918, 0.29545985309913664, 2.407276243937238, -1.7706454202319235, -0.16461981709168905
-0.28892930829139357, -0.4611129337078734, 0.2951167108688761, 2.407600583735988, -1.7707827414522388, -0.1651955285629989
-0.2890337169809073, -0.4611309874304034, 0.2948137650539774, 2.4073078682952267, -1.770791016866345, -0.16504965673276736
-0.2890794955822238, -0.46108221174281366, 0.29461947935488814, 2.4075204334148506, -1.770236584622401, -0.1653887595610654
-0.28907925220938335, -0.46111164217563777, 0.29455309114421113, 2.4076172986649453, -1.7704274696047226, -0.165309569396315
-0.28907867178249896, -0.46110002411051015, 0.2945417981666595, 2.407489959330553, -1.7706215131959122, -0.16536054046166562
-0.2890804804047528, -0.46111497305954935, 0.2945496252297158, 2.407499304626879, -1.7705868993697877, -0.16541122306256306
-0.28907677067567816, -0.4611171660748435, 0.2945157570788834, 2.4075796845463495, -1.770612496453053, -0.16549150530674597
-0.28909239938019154, -0.46110410828549064, 0.2945292727336875, 2.407490167799205, -1.7706237117297876, -0.16546006889888762
-0.2891135803137419, -0.4611036883326933, 0.294549711060838, 2.407392610999793, -1.7706135557292095, -0.16555231318018399
-0.2890941277047157, -0.461115127496447, 0.2945267351744986, 2.4075112027958125, -1.7705595574709005, -0.1656418283074728
-0.2890791588562973, -0.46108952948104753, 0.29449471009376027, 2.4077504545199955, -1.770776886606529, -0.1651414927998792
-0.2890821181673572, -0.4610984315301326, 0.2944729455832454, 2.40778459654765, -1.770877250440433, -0.16518328603177754
-0.28909689386426946, -0.4610951464449682, 0.2944739493928906, 2.4077110896963037, -1.77076697164115, -0.16561950413053658
-0.289110114122033, -0.46108748216866435, 0.29447082046441475, 2.4076474915857986, -1.7707917122189427, -0.16552660217156204
-0.28910709942618207, -0.46110181961613295, 0.29450281241337245, 2.40757994252874, -1.7707150715052806, -0.16556755383460647
-0.289109971058232, -0.46108047117423745, 0.29449320460776823, 2.4076311140416604, -1.7707630946958657, -0.16554978402055948
-0.2890875131512919, -0.4610936635764159, 0.2945160658272372, 2.4076199862344225, -1.7707156639034947, -0.16552331725554212
-0.28911341521233197, -0.4610743514579122, 0.29452221713146076, 2.407597133519975, -1.770743492086846, -0.16551126998171853
-0.28911575155517716, -0.4610844010765895, 0.2945065947964615, 2.4075903076581397, -1.7707597146931648, -0.16549363488018592
-0.2891001908015358, -0.4610981955732257, 0.29451344912350863, 2.407579002803628, -1.7707327827140178, -0.16547497007192566
-0.28909943310693326, -0.46109929253232756, 0.29450255543498083, 2.407626644153807, -1.7706977249616052, -0.16546833491379823
-0.2891026529672334, -0.46109185720717166, 0.29452034518120657, 2.407607497594953, -1.770747509167683, -0.16545495829215642
-0.2890864705749331, -0.4611005309284197, 0.29452805560776674, 2.407614622723698, -1.7706902031760479, -0.16545596682883468
-0.2890856950608966, -0.46110815819626366, 0.2945293614273503, 2.407662524855405, -1.770614790495499, -0.16540007329474793
-0.28909321162937635, -0.46109780892002306, 0.2945209480902149, 2.407624675512704, -1.770733980852251, -0.16537960183078096
-0.28908503716171075, -0.46110291329671016, 0.29451829405399166, 2.407655748372034, -1.7706518730213774, -0.16542632180506245
-0.28908135268545504, -0.4610987820079394, 0.2945067487928751, 2.4076502796767456, -1.7707083144618798, -0.16540016119430953
-0.2890795939816746, -0.46110683550464054, 0.29450759435219837, 2.407658943364337, -1.7706911249315882, -0.16532239880921648
-0.289076144754686, -0.4611034423776528, 0.294511408217815, 2.4076872557443534, -1.770685563444763, -0.16529499549096183
-0.28908215734970144, -0.46110771324044947, 0.2945245122387136, 2.407619625466731, -1.7706901909917712, -0.16534252634612812
-0.2890847397369237, -0.46109867045058933, 0.29452039245999245, 2.4076088032724523, -1.770686673099479, -0.16543349972479626
-0.28910521391285937, -0.4611025192389264, 0.2945648237032442, 2.407514086532618, -1.7706948218155223, -0.16537856721380131
-0.28909449716336805, -0.4610948381550655, 0.2945137613974746, 2.4075950969767836, -1.7707396775328759, -0.16540660511874122
-0.28909071098488115, -0.46109665829821594, 0.2945128403611817, 2.4076291891416446, -1.770698219888154, -0.16544798319816248
-0.2891175578625311, -0.4610888679425259, 0.29453133806507786, 2.4074614313180502, -1.7706589826121921, -0.16586360805581074
