-0.7036755720721644, -2.5549233595477503, -1.326526943837301, -0.8393238226519983, 1.5815963745117188, 2.715940475463867
-0.7036517302142542, -2.55489951768984, -1.3265870253192347, -0.8393238226519983, 1.5815844535827637, 2.7159762382507324
-0.7036998907672327, -2.5549233595477503, -1.3265631834613245, -0.83929950395693, 1.5815963745117188, 2.716024398803711
-0.7036636511432093, -2.5549472014056605, -1.3265870253192347, -0.8393238226519983, 1.581572413444519, 2.7160003185272217
-0.7036517302142542, -2.5549233595477503, -1.3265870253192347, -0.8393357435809534, 1.581572413444519, 2.716048240661621
-0.7036755720721644, -2.554911438618795, -1.3265388647662562, -0.8392875830279749, 1.5816084146499634, 2.716024398803711
-0.7036517302142542, -2.5549233595477503, -1.3265631834613245, -0.8392875830279749, 1.5815844535827637, 2.716024398803711
-0.7036517302142542, -2.5549352804767054, -1.3265870253192347, -0.8393476645099085, 1.581560492515564, 2.7160122394561768
-0.7036755720721644, -2.5549233595477503, -1.3265631834613245, -0.8393119017230433, 1.5816203355789185, 2.716024398803711
-0.7036636511432093, -2.5549233595477503, -1.3265989462481897, -0.8393357435809534, 1.581572413444519, 2.7160003185272217
-0.7034958044635218, -2.5548155943499964, -1.3265507856952112, -0.838808838521139, 1.5759645700454712, 2.716120481491089
-0.7032917181598108, -2.554791275654928, -1.3264792601214808, -0.8387725988971155, 1.572022557258606, 2.715724229812622
-0.7032917181598108, -2.5548275152789515, -1.3264430204974573, -0.838592831288473, 1.5720824003219604, 2.715700387954712
-0.7032559553729456, -2.5547550360309046, -1.3264430204974573, -0.838473145161764, 1.5719985961914062, 2.715724229812622
-0.7032440344439905, -2.5547669569598597, -1.3264549414264124, -0.8384617010699671, 1.571962594985962, 2.715724229812622
-0.7032678763019007, -2.5548036734210413, -1.3264310995685022, -0.838449780141012, 1.5719985961914062, 2.715712308883667
-0.7033036390887659, -2.5547669569598597, -1.3263948599444788, -0.838449780141012, 1.571962594985962, 2.7157363891601562
-0.7032917181598108, -2.5547669569598597, -1.3264310995685022, -0.838473145161764, 1.571974515914917, 2.715700387954712
-0.7032678763019007, -2.5547788778888147, -1.3264549414264124, -0.8384969870196741, 1.5719386339187622, 2.715700387954712
-0.7032559553729456, -2.5547550360309046, -1.3264067808734339, -0.8384969870196741, 1.5719865560531616, 2.7156643867492676
-0.7032917181598108, -2.554791275654928, -1.3264310995685022, -0.8384969870196741, 1.5719985961914062, 2.715700387954712
-0.7032797972308558, -2.554791275654928, -1.3264310995685022, -0.838473145161764, 1.572022557258606, 2.715724229812622
-0.7033036390887659, -2.5547669569598597, -1.3264549414264124, -0.838473145161764, 1.5720105171203613, 2.715700387954712
-0.7032797972308558, -2.5547550360309046, -1.3264310995685022, -0.838473145161764, 1.571974515914917, 2.715724229812622
-0.7032917181598108, -2.5547788778888147, -1.326418701802389, -0.8385332266436976, 1.5720105171203613, 2.715700387954712
-0.7033160368548792, -2.5523932615863245, -1.3260472456561487, -0.8387129942523401, 1.5739279985427856, 2.7156763076782227
-0.7032797972308558, -2.537431065236227, -1.326094929371969, -0.8500683943377894, 1.5774263143539429, 2.7155323028564453
-0.7032197157489222, -2.5218938032733362, -1.3265631834613245, -0.8600705305682581, 1.5721542835235596, 2.715376377105713
-0.7031720320331019, -2.5219534079181116, -1.3265870253192347, -0.8686717192279261, 1.5731366872787476, 2.7153525352478027
-0.702644173298971, -2.5218456427203577, -1.3267424742328089, -0.8895381132708948, 1.5869646072387695, 2.715088367462158
-0.702547852193014, -2.5218098799334925, -1.3266227881061, -0.8876813093768519, 1.5869046449661255, 2.6884357929229736
-0.7026198546039026, -2.521641556416647, -1.326094929371969, -0.8744567076312464, 1.5857901573181152, 2.5720951557159424
-0.7025960127459925, -2.517289940510885, -1.3256991545306605, -0.8640959898578089, 1.5879828929901123, 2.4671823978424072
-0.7025840918170374, -2.505228344594137, -1.325759236012594, -0.8667548338519495, 1.5882705450057983, 2.404834508895874
-0.7026198546039026, -2.4984305540667933, -1.325747315083639, -0.8752239386187952, 1.5940338373184204, 2.3705055713653564
-0.7025840918170374, -2.487964455281393, -1.3257353941546839, -0.9008100668536585, 1.610606074333191, 2.3509833812713623
-0.7027877012835901, -2.4642494360553187, -1.3256991545306605, -0.9157589117633265, 1.606436014175415, 2.3507192134857178
-0.70276385942568, -2.4176223913775843, -1.3256872336017054, -0.9571927229510706, 1.600121021270752, 2.3506953716278076
-0.702644173298971, -2.370970074330465, -1.325759236012594, -0.9835217634784144, 1.6003847122192383, 2.351367235183716
-0.702644173298971, -2.3434889952289026, -1.3256514708148401, -0.979532543812887, 1.595747470855713, 2.351402997970581
-0.7025840918170374, -2.339208428059713, -1.325639549885885, -0.9772327581988733, 1.596610426902771, 2.3514270782470703
-0.7026560942279261, -2.3392203489886683, -1.3257115522967737, -0.9772089163409632, 1.5924642086029053, 2.3514389991760254
-0.7026918570147913, -2.3392322699176233, -1.3257115522967737, -0.9773286024676722, 1.590295433998108, 2.3514270782470703
-0.7026198546039026, -2.3392561117755335, -1.3257353941546839, -0.9773286024676722, 1.5904393196105957, 2.3514151573181152
-0.7026317755328577, -2.339280430470602, -1.3257229963885706, -0.9772570768939417, 1.5906673669815063, 2.3514151573181152
-0.702644173298971, -2.339268509541647, -1.3257229963885706, -0.9773286024676722, 1.5904512405395508, 2.3514270782470703
-0.7026560942279261, -2.339280430470602, -1.3257229963885706, -0.9773166815387171, 1.5904512405395508, 2.3514389991760254
-0.7026680151568812, -2.339280430470602, -1.3257229963885706, -0.9772809187518519, 1.5905351638793945, 2.3514389991760254
-0.702644173298971, -2.339268509541647, -1.3256991545306605, -0.9772928396808069, 1.5905112028121948, 2.3514389991760254
-0.7026680151568812, -2.3392203489886683, -1.325759236012594, -0.9772928396808069, 1.5904632806777954, 2.3514633178710938
-0.7026560942279261, -2.3392561117755335, -1.3257353941546839, -0.9772809187518519, 1.590427279472351, 2.3514151573181152
-0.7026317755328577, -2.339280430470602, -1.3257229963885706, -0.9772928396808069, 1.5905351638793945, 2.351402997970581
-0.7026560942279261, -2.339292828236715, -1.325747315083639, -0.977304760609762, 1.5905351638793945, 2.3514389991760254
-0.7026680151568812, -2.339268509541647, -1.3257353941546839, -0.977304760609762, 1.5904393196105957, 2.3514511585235596
-0.7026560942279261, -2.339292828236715, -1.3257115522967737, -0.9773166815387171, 1.5904632806777954, 2.3514151573181152
-0.7026560942279261, -2.3392561117755335, -1.3257353941546839, -0.9773286024676722, 1.59052312374115, 2.351402997970581
-0.7026317755328577, -2.339280430470602, -1.3256872336017054, -0.9773286024676722, 1.5904991626739502, 2.3514633178710938
-0.7026799360858362, -2.339280430470602, -1.3256991545306605, -0.9773166815387171, 1.5904632806777954, 2.3514389991760254
-0.7026560942279261, -2.3392441908465784, -1.3257229963885706, -0.9772809187518519, 1.5904872417449951, 2.3514389991760254
-0.7026317755328577, -2.3392561117755335, -1.3257353941546839, -0.977304760609762, 1.59052312374115, 2.3514270782470703
-0.7026799360858362, -2.3392441908465784, -1.3257353941546839, -0.9772928396808069, 1.5904752016067505, 2.351402997970581
-0.702644173298971, -2.33930474916567, -1.325759236012594, -0.9773166815387171, 1.5904512405395508, 2.351391077041626
-0.702644173298971, -2.3392561117755335, -1.3257115522967737, -0.9773166815387171, 1.5905112028121948, 2.3514151573181152
-0.702644173298971, -2.339268509541647, -1.325747315083639, -0.9772689978228968, 1.59052312374115, 2.3514389991760254
-0.7026560942279261, -2.339292828236715, -1.3257229963885706, -0.9773286024676722, 1.5904752016067505, 2.3514151573181152
-0.702644173298971, -2.339280430470602, -1.3257115522967737, -0.9772928396808069, 1.5904752016067505, 2.3514270782470703
-0.7026560942279261, -2.3392561117755335, -1.3257229963885706, -0.9773166815387171, 1.5904872417449951, 2.351379156112671
-0.7026317755328577, -2.3392561117755335, -1.3257115522967737, -0.9772689978228968, 1.5905351638793945, 2.351475477218628
-0.7026560942279261, -2.3392561117755335, -1.3257353941546839, -0.977304760609762, 1.5904752016067505, 2.3514633178710938
-0.7026317755328577, -2.3392561117755335, -1.3257229963885706, -0.977304760609762, 1.5904752016067505, 2.351402997970581
-0.702644173298971, -2.3392561117755335, -1.3257115522967737, -0.9773286024676722, 1.5904991626739502, 2.351402997970581
-0.7026560942279261, -2.3392441908465784, -1.3257115522967737, -0.9772928396808069, 1.5904991626739502, 2.3514270782470703
-0.7026560942279261, -2.3392441908465784, -1.3256872336017054, -0.9773529211627405, 1.5904752016067505, 2.3514270782470703
-0.7026317755328577, -2.3392441908465784, -1.325747315083639, -0.9772689978228968, 1.5904752016067505, 2.3514270782470703
-0.7026560942279261, -2.339268509541647, -1.3257353941546839, -0.9773286024676722, 1.5904872417449951, 2.3514270782470703
-0.7026079336749476, -2.339280430470602, -1.325747315083639, -0.977304760609762, 1.5904991626739502, 2.3514511585235596
-0.7026198546039026, -2.3392561117755335, -1.3256991545306605, -0.9773166815387171, 1.5904872417449951, 2.3514270782470703
-0.7026560942279261, -2.3392322699176233, -1.3257115522967737, -0.9773286024676722, 1.5904632806777954, 2.3514151573181152
-0.7026079336749476, -2.339280430470602, -1.3257229963885706, -0.9773286024676722, 1.5905112028121948, 2.351402997970581
-0.7026560942279261, -2.339268509541647, -1.3257229963885706, -0.9772928396808069, 1.5904752016067505, 2.351402997970581
-0.7026680151568812, -2.3392441908465784, -1.3256872336017054, -0.977304760609762, 1.5904393196105957, 2.3514151573181152
-0.7026560942279261, -2.339280430470602, -1.3257115522967737, -0.9773286024676722, 1.5904991626739502, 2.351391077041626
-0.7026317755328577, -2.339268509541647, -1.3257229963885706, -0.9773286024676722, 1.5904991626739502, 2.3514151573181152
-0.702644173298971, -2.339280430470602, -1.3257115522967737, -0.977304760609762, 1.5904872417449951, 2.3514151573181152
-0.7026560942279261, -2.3392561117755335, -1.3256991545306605, -0.9772928396808069, 1.5904632806777954, 2.3514270782470703
-0.7026560942279261, -2.339268509541647, -1.3256991545306605, -0.9772809187518519, 1.5904752016067505, 2.3514511585235596
-0.702644173298971, -2.339280430470602, -1.3257353941546839, -0.977304760609762, 1.5905470848083496, 2.3514511585235596
-0.7026680151568812, -2.3392322699176233, -1.3257115522967737, -0.9773166815387171, 1.5904872417449951, 2.3514511585235596
-0.7026560942279261, -2.339268509541647, -1.3257229963885706, -0.9773166815387171, 1.5904752016067505, 2.3514270782470703
-0.702644173298971, -2.339292828236715, -1.3256872336017054, -0.977304760609762, 1.5904991626739502, 2.3514151573181152
-0.7026317755328577, -2.339280430470602, -1.3257115522967737, -0.9772689978228968, 1.5904752016067505, 2.351402997970581
-0.7026317755328577, -2.3392561117755335, -1.3257353941546839, -0.977304760609762, 1.5904872417449951, 2.3514270782470703
-0.7026680151568812, -2.3392561117755335, -1.3257115522967737, -0.977304760609762, 1.5904752016067505, 2.351402997970581
-0.7026560942279261, -2.339268509541647, -1.3257229963885706, -0.977304760609762, 1.5904991626739502, 2.3514389991760254
-0.7026560942279261, -2.33930474916567, -1.3257229963885706, -0.9773166815387171, 1.5904991626739502, 2.3514270782470703
-0.7026317755328577, -2.339076344166891, -1.3256633917437952, -0.9772928396808069, 1.590427279472351, 2.351402997970581
-0.7026198546039026, -2.339076344166891, -1.3256872336017054, -0.9771969954120081, 1.5904393196105957, 2.351402997970581
-0.7026680151568812, -2.339064423237936, -1.3256872336017054, -0.9772327581988733, 1.5904632806777954, 2.351402997970581
-0.702644173298971, -2.339184586201803, -1.3257229963885706, -0.9772208372699183, 1.5904752016067505, 2.3514151573181152
-0.7026680151568812, -2.339280430470602, -1.3256872336017054, -0.9772327581988733, 1.590427279472351, 2.3514270782470703
-0.702644173298971, -2.339268509541647, -1.3257229963885706, -0.9772327581988733, 1.5904872417449951, 2.3514389991760254
