0.42871132493019104, -1.3270896116839808, -1.394789997731344, -1.9327099959002894, 1.5654442310333252, 3.3466432094573975
0.42868733406066895, -1.3271015326129358, -1.394789997731344, -1.9326980749713343, 1.5653843879699707, 3.3466551303863525
0.42871132493019104, -1.327113453541891, -1.394789997731344, -1.9327099959002894, 1.5654442310333252, 3.3466312885284424
0.42871132493019104, -1.3271015326129358, -1.3947542349444788, -1.9326980749713343, 1.5654562711715698, 3.3466551303863525
0.42868733406066895, -1.327113453541891, -1.3947661558734339, -1.9326861540423792, 1.5654323101043701, 3.346583366394043
0.42868733406066895, -1.3270896116839808, -1.3947785536395472, -1.9326742331134241, 1.5654323101043701, 3.3466432094573975
0.4286993443965912, -1.327113453541891, -1.3947661558734339, -1.9327099959002894, 1.5654323101043701, 3.346607208251953
0.4286993443965912, -1.3270657698260706, -1.394789997731344, -1.9326861540423792, 1.5654442310333252, 3.3466312885284424
0.42871132493019104, -1.3271015326129358, -1.3947661558734339, -1.9327343145953577, 1.5654562711715698, 3.3466312885284424
0.42868733406066895, -1.327125374470846, -1.3947661558734339, -1.9327099959002894, 1.5654442310333252, 3.3466432094573975
0.4286753535270691, -1.3270657698260706, -1.394789997731344, -1.9327099959002894, 1.5654083490371704, 3.3466312885284424
0.42868733406066895, -1.327113453541891, -1.3947661558734339, -1.9327223936664026, 1.5654202699661255, 3.3466551303863525
0.42871132493019104, -1.3271496931659144, -1.3947542349444788, -1.9326861540423792, 1.5654323101043701, 3.3466432094573975
0.4286753535270691, -1.3270772139178675, -1.3947785536395472, -1.9326861540423792, 1.5654202699661255, 3.3466312885284424
0.42868733406066895, -1.327113453541891, -1.3948023954974573, -1.9327099959002894, 1.5654083490371704, 3.3466312885284424
0.42868733406066895, -1.327113453541891, -1.3947661558734339, -1.9327099959002894, 1.5654442310333252, 3.3466312885284424
0.42868733406066895, -1.327125374470846, -1.3947423140155237, -1.9327343145953577, 1.5654683113098145, 3.346607208251953
0.4286993443965912, -1.327113453541891, -1.3947785536395472, -1.9326980749713343, 1.5654562711715698, 3.346679210662842
0.4286753535270691, -1.3270896116839808, -1.3948262373553675, -1.9327099959002894, 1.5654442310333252, 3.3466672897338867
0.42868733406066895, -1.327113453541891, -1.394789997731344, -1.9326980749713343, 1.5654202699661255, 3.3466551303863525
0.42868733406066895, -1.327113453541891, -1.3947661558734339, -1.9327099959002894, 1.5654442310333252, 3.346619129180908
0.42868733406066895, -1.327113453541891, -1.3947785536395472, -1.9327462355243128, 1.5654323101043701, 3.3466432094573975
0.4286753535270691, -1.327125374470846, -1.3948143164264124, -1.9326980749713343, 1.5654683113098145, 3.346619129180908
0.4286993443965912, -1.327113453541891, -1.3947785536395472, -1.9326861540423792, 1.5654442310333252, 3.3466432094573975
0.4286993443965912, -1.3271015326129358, -1.3947661558734339, -1.9326861540423792, 1.5654562711715698, 3.346595287322998
0.4286274313926697, -1.3271015326129358, -1.3948023954974573, -1.9327223936664026, 1.5654442310333252, 3.346679210662842
0.42866337299346924, -1.327113453541891, -1.3947661558734339, -1.9326980749713343, 1.5654562711715698, 3.346619129180908
0.42871132493019104, -1.3270896116839808, -1.3948023954974573, -1.932662312184469, 1.5654323101043701, 3.346619129180908
0.4286993443965912, -1.327137295399801, -1.394789997731344, -1.9327099959002894, 1.5654683113098145, 3.3466432094573975
0.42866337299346924, -1.327125374470846, -1.3948023954974573, -1.9326861540423792, 1.5654442310333252, 3.3466551303863525
0.4286753535270691, -1.3270772139178675, -1.3948023954974573, -1.9327223936664026, 1.5654442310333252, 3.3466432094573975
0.42868733406066895, -1.3271015326129358, -1.3947661558734339, -1.9326742331134241, 1.5654442310333252, 3.3466672897338867
0.4286993443965912, -1.3270772139178675, -1.3947542349444788, -1.9327581564532679, 1.5654442310333252, 3.346679210662842
0.42868733406066895, -1.3270657698260706, -1.3947661558734339, -1.9327099959002894, 1.5654683113098145, 3.346583366394043
0.4286513924598694, -1.327125374470846, -1.3947661558734339, -1.9327099959002894, 1.5654323101043701, 3.346619129180908
0.4286513924598694, -1.327125374470846, -1.3947661558734339, -1.9327223936664026, 1.5654683113098145, 3.3466432094573975
0.4286993443965912, -1.327125374470846, -1.3948023954974573, -1.9327343145953577, 1.5654922723770142, 3.346619129180908
0.42868733406066895, -1.3270657698260706, -1.3947303930865687, -1.9326980749713343, 1.5654802322387695, 3.346619129180908
0.42868733406066895, -1.3271015326129358, -1.3948023954974573, -1.9326260725604456, 1.5655041933059692, 3.3466551303863525
0.42863941192626953, -1.327137295399801, -1.3947785536395472, -1.9327223936664026, 1.5654683113098145, 3.3466551303863525
0.42863941192626953, -1.327113453541891, -1.3947785536395472, -1.9327099959002894, 1.5654683113098145, 3.3466432094573975
0.4286993443965912, -1.3271496931659144, -1.394789997731344, -1.9326742331134241, 1.5654083490371704, 3.3466432094573975
0.4286993443965912, -1.3270896116839808, -1.3947661558734339, -1.9327223936664026, 1.5653963088989258, 3.3466551303863525
0.4286993443965912, -1.3270896116839808, -1.3947542349444788, -1.9327462355243128, 1.5654442310333252, 3.3466312885284424
0.4286753535270691, -1.3271015326129358, -1.3947423140155237, -1.9326861540423792, 1.5654323101043701, 3.346679210662842
0.42866337299346924, -1.3270896116839808, -1.3947542349444788, -1.9326742331134241, 1.5654202699661255, 3.346607208251953
0.42866337299346924, -1.327113453541891, -1.394789997731344, -1.9327223936664026, 1.5654083490371704, 3.3466312885284424
0.4286993443965912, -1.3271015326129358, -1.3947785536395472, -1.9327223936664026, 1.5654323101043701, 3.3466551303863525
0.4286753535270691, -1.3270896116839808, -1.3947785536395472, -1.9326861540423792, 1.5654083490371704, 3.346619129180908
0.42863941192626953, -1.3270772139178675, -1.3947661558734339, -1.9327343145953577, 1.5654562711715698, 3.3466312885284424
0.42868733406066895, -1.3270896116839808, -1.3948143164264124, -1.9327099959002894, 1.5654083490371704, 3.3466432094573975
0.42866337299346924, -1.3270772139178675, -1.3947661558734339, -1.9326742331134241, 1.5653963088989258, 3.346619129180908
0.42934685945510864, -1.3269098440753382, -1.39500600496401, -1.9327581564532679, 1.5653483867645264, 3.346679210662842
0.4306647479534149, -1.3266099135028284, -1.3953421751605433, -1.9328182379352015, 1.5653364658355713, 3.346727132797241
0.4325103163719177, -1.325998608266012, -1.3959057966815394, -1.9328659216510218, 1.5652885437011719, 3.3468592166900635
0.43483486771583557, -1.3253510634051722, -1.3966730276690882, -1.9329617659198206, 1.5651925802230835, 3.3469910621643066
0.43781858682632446, -1.3245833555804651, -1.3975361029254358, -1.933129612599508, 1.565132737159729, 3.3471713066101074
0.44128164649009705, -1.3236358801471155, -1.3985913435565394, -1.9332135359393519, 1.5650367736816406, 3.34737491607666
0.4454517662525177, -1.322472874318258, -1.3998749891864222, -1.9333813826190394, 1.5648810863494873, 3.3477108478546143
0.4501132667064667, -1.3212736288653772, -1.401278320943014, -1.933584992085592, 1.564857006072998, 3.348022937774658
0.45534923672676086, -1.3198946158038538, -1.4027650992022913, -1.9337289969073694, 1.564725637435913, 3.348334789276123
0.46102941036224365, -1.3184798399554651, -1.404395882283346, -1.9339802900897425, 1.5646417140960693, 3.3488988876342773
0.4674997627735138, -1.3168609778033655, -1.406182591115133, -1.9342439810382288, 1.5644019842147827, 3.3493306636810303
0.4743180274963379, -1.315254036580221, -1.4081862608539026, -1.9345076719867151, 1.5642342567443848, 3.3498706817626953
0.4819388687610626, -1.3133834044085901, -1.410128418599264, -1.934735123311178, 1.564138412475586, 3.3503265380859375
0.49008703231811523, -1.311368767415182, -1.41235858598818, -1.9350102583514612, 1.56394624710083, 3.3509867191314697
0.4985943138599396, -1.3093660513507288, -1.4146373907672327, -1.9353817144977015, 1.563658595085144, 3.351682186126709
0.5083116888999939, -1.3073161284076136, -1.4171436468707483, -1.9356573263751429, 1.5635627508163452, 3.3524978160858154
0.5182810425758362, -1.3052170912372034, -1.4196503798114222, -1.9359448591815394, 1.5633471012115479, 3.3532540798187256
0.5287290215492249, -1.30316669145693, -1.422204319630758, -1.936244312916891, 1.5630238056182861, 3.354069948196411
0.5398477911949158, -1.3009603659259241, -1.4248188177691858, -1.9365080038653772, 1.562940001487732, 3.355125904083252
0.5512900948524475, -1.2986696402179163, -1.4275291601764124, -1.9367831389056605, 1.5626883506774902, 3.3561694622039795
0.5627683401107788, -1.2965715567218226, -1.4301675001727503, -1.9370587507831019, 1.5624605417251587, 3.3571414947509766
0.5743904113769531, -1.294640843068258, -1.4327576796161097, -1.9373467604266565, 1.5622807741165161, 3.358293294906616
0.5858319997787476, -1.2928178946124476, -1.4350960890399378, -1.9375856558429163, 1.5621490478515625, 3.359121084213257
0.5974297523498535, -1.291079346333639, -1.4375065008746546, -1.937657658253805, 1.5620172023773193, 3.360224723815918
0.6089667677879333, -1.2894366423236292, -1.439857308064596, -1.9378975073443812, 1.5618493556976318, 3.3611247539520264
0.6204442977905273, -1.287745777760641, -1.4421475569354456, -1.9380171934710901, 1.5616459846496582, 3.362240791320801
0.6320772767066956, -1.286210838948385, -1.4443300406085413, -1.9380772749530237, 1.5614902973175049, 3.3634402751922607
0.643566370010376, -1.2849276701556605, -1.4464767614947718, -1.9381373564349573, 1.5614303350448608, 3.364304304122925
0.6554989218711853, -1.2835724989520472, -1.4485991636859339, -1.938221279774801, 1.5612624883651733, 3.3654439449310303
0.6670955419540405, -1.2824457327472132, -1.4505417982684534, -1.9382928053485315, 1.56110680103302, 3.3664400577545166
0.6785722970962524, -1.2813661734210413, -1.4524367491351526, -1.9382808844195765, 1.561058759689331, 3.3673036098480225
0.6899887919425964, -1.28044301668276, -1.4542954603778284, -1.9382570425616663, 1.5609509944915771, 3.3681914806365967
0.7014176249504089, -1.279555622731344, -1.4560945669757288, -1.938113037739889, 1.5608550310134888, 3.369175434112549
0.7127737998962402, -1.278787914906637, -1.4577730337726038, -1.9380171934710901, 1.5607831478118896, 3.3701233863830566
0.7241303324699402, -1.2781289259540003, -1.4593680540667933, -1.937885586415426, 1.5608071088790894, 3.37092661857605
0.7353426814079285, -1.277552906666891, -1.4609149138080042, -1.93764573732485, 1.5606752634048462, 3.3718748092651367
0.7465913891792297, -1.2770493666278284, -1.4624860922442835, -1.9374545256244105, 1.5607112646102905, 3.3724987506866455
0.7584624886512756, -1.2767136732684534, -1.4639247099505823, -1.9372027556048792, 1.5607112646102905, 3.373506546020508
0.769614577293396, -1.2764981428729456, -1.4652798811541956, -1.936962906514303, 1.5606513023376465, 3.3741421699523926
0.7808501720428467, -1.276341740285055, -1.466527287160055, -1.936580006276266, 1.5606873035430908, 3.3747060298919678
0.7920621633529663, -1.2762702147113245, -1.4677985350238245, -1.9362085501300257, 1.5606873035430908, 3.3754498958587646
0.8030824065208435, -1.2762821356402796, -1.4689257780658167, -1.9358013311969202, 1.5606873035430908, 3.375882148742676
0.814042329788208, -1.276341740285055, -1.4700048605548304, -1.9353578726397913, 1.5606513023376465, 3.376434087753296
0.8249903321266174, -1.2767375151263636, -1.4709880987750452, -1.934866730366842, 1.56075918674469, 3.3769137859344482
0.8357345461845398, -1.277109448109762, -1.4718993345843714, -1.9344475905047815, 1.560819149017334, 3.3773701190948486
0.8466581702232361, -1.2776249090777796, -1.4727872053729456, -1.9337766806231897, 1.5609030723571777, 3.377633571624756
0.8574263453483582, -1.2782004515277308, -1.4735782782184046, -1.9333332220660608, 1.561046838760376, 3.3778133392333984
0.8681219220161438, -1.2788718382464808, -1.474297825490133, -1.9326141516314905, 1.5611786842346191, 3.378161668777466
0.8792612552642822, -1.2797110716449183, -1.4749930540667933, -1.9319914023028772, 1.5612984895706177, 3.3782336711883545
0.8898968696594238, -1.2806227842914026, -1.4755571524249476, -1.9313924948321741, 1.5613105297088623, 3.378269672393799
0.900233268737793, -1.2816064993487757, -1.4761207739459437, -1.9306615034686487, 1.5614663362503052, 3.378389358520508
0.9106771349906921, -1.2827451864825647, -1.4765527884112757, -1.929882828389303, 1.5615261793136597, 3.3783414363861084
0.9209775924682617, -1.2839325110064905, -1.476948086415426, -1.9290326277362269, 1.561753511428833, 3.378173589706421
0.9312177300453186, -1.2852996031390589, -1.4772241751300257, -1.928242031727926, 1.5619093179702759, 3.3779215812683105
0.9415298104286194, -1.286750618611471, -1.477475945149557, -1.927535359059469, 1.5619932413101196, 3.3776814937591553
0.9516620635986328, -1.2882731596576136, -1.4776557127581995, -1.9264567534076136, 1.5621490478515625, 3.377189874649048
0.961566686630249, -1.2897961775409144, -1.4777515570269983, -1.9255464712726038, 1.5624126195907593, 3.3766143321990967
0.9714828729629517, -1.291511360798971, -1.477823559437887, -1.924659554158346, 1.5626283884048462, 3.3763020038604736
0.981315553188324, -1.2933695952044886, -1.4777992407428187, -1.9237492720233362, 1.5628200769424438, 3.3755342960357666
0.9914954304695129, -1.2953360716449183, -1.4777753988849085, -1.9226115385638636, 1.563011884689331, 3.374634265899658
1.0012317895889282, -1.2973511854754847, -1.4775593916522425, -1.9215691725360315, 1.563263177871704, 3.3738784790039062
1.0108247995376587, -1.2995331923114222, -1.4771998564349573, -1.920682732258932, 1.5634669065475464, 3.3729665279388428
1.0201777219772339, -1.301716152821676, -1.4768760840045374, -1.9194486776935022, 1.5636227130889893, 3.371910810470581
1.0296145677566528, -1.3038743177997034, -1.4764445463763636, -1.9184544722186487, 1.563874363899231, 3.3709869384765625
1.0390753746032715, -1.306380573903219, -1.4759648481952112, -1.9173162619220179, 1.564150333404541, 3.369619131088257
1.0482006072998047, -1.3088505903827112, -1.475377384816305, -1.9160588423358362, 1.5644619464874268, 3.3682875633239746
1.057266354560852, -1.3114169279681605, -1.4747656027423304, -1.9149444738971155, 1.5647854804992676, 3.3670036792755127
1.0664271116256714, -1.3141267935382288, -1.4740937391864222, -1.9139021078692835, 1.5650488138198853, 3.3655521869659424
1.0753610134124756, -1.316800896321432, -1.47329026857485, -1.9125846068011683, 1.5652765035629272, 3.3639562129974365
1.0844262838363647, -1.319798771535055, -1.4724629561053675, -1.9112547079669397, 1.5654922723770142, 3.3623006343841553
1.0932164192199707, -1.3227723280536097, -1.4715636412249964, -1.9102004210101526, 1.5657798051834106, 3.360572576522827
1.1020655632019043, -1.3258183638202112, -1.4704602400409144, -1.9087751547442835, 1.566115379333496, 3.3586771488189697
1.1104358434677124, -1.3288877646075647, -1.469405476246969, -1.907480541859762, 1.5664385557174683, 3.3567330837249756
1.1188184022903442, -1.3321498076068323, -1.468290154133932, -1.9063671270953577, 1.5667861700057983, 3.354621648788452
1.1274043321609497, -1.3354838530169886, -1.466994587575094, -1.9049294630633753, 1.56703782081604, 3.3524978160858154
1.1357030868530273, -1.338888947163717, -1.4656994978534144, -1.903731648121969, 1.5674092769622803, 3.3504347801208496
1.143714189529419, -1.3422349135028284, -1.4643686453448694, -1.90233022371401, 1.5677568912506104, 3.347782850265503
1.1519285440444946, -1.3457840124713343, -1.4628813902484339, -1.9009397665606897, 1.5681040287017822, 3.3453714847564697
1.1599037647247314, -1.3495615164386194, -1.4613826910602015, -1.899790112172262, 1.568427562713623, 3.343019962310791
1.1679383516311646, -1.3533147017108362, -1.4597395102130335, -1.898388687764303, 1.5687991380691528, 3.34035587310791
1.1753982305526733, -1.3568404356585901, -1.4581568876849573, -1.8969510237323206, 1.569039225578308, 3.3376684188842773
1.1820801496505737, -1.3603418509112757, -1.4565375486956995, -1.895837132130758, 1.5692788362503052, 3.3352811336517334
1.1886779069900513, -1.3636992613421839, -1.455026928578512, -1.8947346846209925, 1.569685935974121, 3.332893133163452
1.1945452690124512, -1.3667696158038538, -1.4535282293902796, -1.8935607115374964, 1.5700814723968506, 3.3304338455200195
1.2002568244934082, -1.3697670141803187, -1.4520648161517542, -1.892602268849508, 1.5702252388000488, 3.328117847442627
1.2052022218704224, -1.372680966054098, -1.4506977240191858, -1.8917277495013636, 1.5703930854797363, 3.326246500015259
1.2099918127059937, -1.3753674666034144, -1.449378792439596, -1.8907693068133753, 1.5705968141555786, 3.324002504348755
1.2145061492919922, -1.3778613249408167, -1.4480717817889612, -1.890014950429098, 1.5708963871002197, 3.3222029209136963
1.2182897329330444, -1.3801282087909144, -1.4469206968890589, -1.889332119618551, 1.5710397958755493, 3.3204269409179688
1.221929907798767, -1.3822625319110315, -1.4459131399737757, -1.8886016050921839, 1.5712555646896362, 3.3187713623046875
1.2250672578811646, -1.3841207663165491, -1.4449055830584925, -1.888038460408346, 1.5713872909545898, 3.3173675537109375
1.227785348892212, -1.3858602682696741, -1.443993870412008, -1.8873913923846644, 1.5715311765670776, 3.3160598278045654
1.230120062828064, -1.3874066511737269, -1.4432027975665491, -1.8870075384723108, 1.5716509819030762, 3.3147876262664795
1.2321674823760986, -1.3885696570025843, -1.4425552527057093, -1.8866961638080042, 1.571806788444519, 3.313876152038574
1.2339041233062744, -1.3895657698260706, -1.4420397917376917, -1.886432949696676, 1.5718786716461182, 3.3130240440368652
1.2352447509765625, -1.390405003224508, -1.441535774861471, -1.8861215750323694, 1.5719505548477173, 3.3124005794525146
1.2361549139022827, -1.3910401503192347, -1.4412244001971644, -1.8859055677997034, 1.5720465183258057, 3.3118484020233154
1.2367897033691406, -1.3914597670184534, -1.4409964720355433, -1.8857739607440394, 1.572022557258606, 3.31158447265625
1.2370169162750244, -1.3916519323932093, -1.4409363905536097, -1.8857138792621058, 1.572034478187561, 3.311476230621338
1.2370409965515137, -1.3916638533221644, -1.4409125486956995, -1.8857138792621058, 1.572034478187561, 3.3114402294158936
1.2370529174804688, -1.3916519323932093, -1.440876309071676, -1.8856900374041956, 1.572034478187561, 3.311272621154785
1.2370768785476685, -1.3916638533221644, -1.440876309071676, -1.8856542746173304, 1.5720465183258057, 3.3112964630126953
1.2371487617492676, -1.3916400114642542, -1.440864388142721, -1.8856542746173304, 1.572034478187561, 3.3113083839416504
1.2376997470855713, -1.391315762196676, -1.4417279402362269, -1.8851750532733362, 1.572034478187561, 3.311920404434204
1.238513469696045, -1.390620533620016, -1.4433587233172815, -1.8845279852496546, 1.5720465183258057, 3.312664270401001
1.239759087562561, -1.3895414511310022, -1.445397679005758, -1.883414093648092, 1.5720704793930054, 3.313936471939087
1.241351842880249, -1.3882458845721644, -1.4479277769671839, -1.882252041493551, 1.5721303224563599, 3.3155317306518555
1.2432435750961304, -1.386651341115133, -1.4511297384845179, -1.8804553190814417, 1.5721063613891602, 3.317415475845337
1.245650053024292, -1.3847325483905237, -1.4548834005938929, -1.8787058035479944, 1.5721542835235596, 3.319478988647461
1.248331904411316, -1.3827059904681605, -1.4592002073871058, -1.8762982527362269, 1.572190284729004, 3.3224189281463623
1.2513253688812256, -1.3803556601153772, -1.4640448729144495, -1.8739264647113245, 1.5722023248672485, 3.3255624771118164
1.2547019720077515, -1.3777897993670862, -1.4694293181048792, -1.870979134236471, 1.572190284729004, 3.3289339542388916
1.2585339546203613, -1.3748400847064417, -1.4753416220294397, -1.8679965178119105, 1.572262167930603, 3.3327369689941406
1.2628804445266724, -1.3714583555804651, -1.4822600523578089, -1.8645580450641077, 1.5722861289978027, 3.3368403911590576
1.2667595148086548, -1.3685439268695276, -1.4883635679828089, -1.8613837401019495, 1.5723460912704468, 3.340787887573242
1.2703874111175537, -1.365929905568258, -1.4940360228167933, -1.858413044606344, 1.5723820924758911, 3.34431529045105
1.2737040519714355, -1.3635194937335413, -1.4988206068622034, -1.855633560811178, 1.5723940134048462, 3.3474831581115723
1.276565670967102, -1.3613131682025355, -1.5032575766192835, -1.8533933798419397, 1.5723820924758911, 3.350398302078247
1.2789965867996216, -1.3595145384417933, -1.507082764302389, -1.8515365759478968, 1.5724419355392456, 3.35308575630188
1.2811158895492554, -1.3580034414874476, -1.5102484861956995, -1.849692169819967, 1.5724300146102905, 3.355125904083252
1.2829476594924927, -1.3567565123187464, -1.5129826704608362, -1.8482778708087366, 1.5724775791168213, 3.3568413257598877
1.2843726873397827, -1.3557613531695765, -1.5150330702411097, -1.8471162954913538, 1.5725255012512207, 3.3581974506378174
1.285414457321167, -1.355041805897848, -1.5165560881244105, -1.8461816946612757, 1.5724775791168213, 3.359360694885254
1.2859890460968018, -1.3545497099505823, -1.5174554030047815, -1.8457382361041468, 1.5725255012512207, 3.359924793243408
1.286312222480774, -1.3543341795550745, -1.5179107824908655, -1.8454631010638636, 1.5724895000457764, 3.3602607250213623
1.286312222480774, -1.3543461004840296, -1.5178988615619105, -1.8454869429217737, 1.572501540184021, 3.360320568084717
1.2863361835479736, -1.3541300932513636, -1.5192301909076136, -1.8447321097003382, 1.5725374221801758, 3.360344648361206
1.2863481044769287, -1.3533266226397913, -1.5233190695392054, -1.8414619604693812, 1.572513461112976, 3.360368490219116
1.2863361835479736, -1.3525474707232874, -1.5274923483477991, -1.8381074110614222, 1.5722861289978027, 3.360344648361206
1.2863001823425293, -1.3517559210406702, -1.5317967573748987, -1.8347533384906214, 1.5719505548477173, 3.3603804111480713
1.2863361835479736, -1.3509648481952112, -1.5361855665790003, -1.8312795797931116, 1.5717588663101196, 3.360320568084717
1.2863001823425293, -1.3501609007464808, -1.540802303944723, -1.8278053442584437, 1.5716630220413208, 3.360356569290161
1.286312222480774, -1.349513355885641, -1.5449512640582483, -1.8247864882098597, 1.5716869831085205, 3.3603086471557617
1.2862882614135742, -1.3486860434161585, -1.5493758360492151, -1.8212884108172815, 1.5716509819030762, 3.360224723815918
1.2862882614135742, -1.3477748076068323, -1.554244343434469, -1.8175509611712855, 1.5716749429702759, 3.3602845668792725
1.2862643003463745, -1.347055737172262, -1.5587647596942347, -1.8141010443316858, 1.5716749429702759, 3.3601768016815186
1.2863361835479736, -1.3463476339923304, -1.5632136503802698, -1.8106988112079065, 1.5716270208358765, 3.3602006435394287
1.2862882614135742, -1.3455565611468714, -1.567685906087057, -1.8070209662066858, 1.5715430974960327, 3.360140800476074
1.2862882614135742, -1.344632927571432, -1.5720980803119105, -1.8033197561847132, 1.571351408958435, 3.360140800476074
1.2862522602081299, -1.3441174666034144, -1.5762112776385706, -1.8001931349383753, 1.5712555646896362, 3.3600568771362305
1.2862403392791748, -1.342954460774557, -1.5802643934832972, -1.7965152899371546, 1.5712555646896362, 3.3600687980651855
1.2863001823425293, -1.342642609273092, -1.5840056578265589, -1.7937482039081019, 1.5712555646896362, 3.3599965572357178
1.2862522602081299, -1.3421266714679163, -1.5880940596209925, -1.7909567991839808, 1.5713872909545898, 3.3599727153778076
1.2863481044769287, -1.3412154356585901, -1.591499153767721, -1.788201634083883, 1.571962594985962, 3.360008955001831
1.2863481044769287, -1.340112034474508, -1.5942452589618128, -1.7853987852679651, 1.5720465183258057, 3.3599727153778076
1.2863601446151733, -1.3393448034869593, -1.595696274434225, -1.7835782209979456, 1.572094440460205, 3.3599965572357178
1.2863361835479736, -1.3392251173602503, -1.5960319677936, -1.783182446156637, 1.5720704793930054, 3.3599727153778076
1.2863601446151733, -1.3394768873797815, -1.5952160994159144, -1.7841771284686487, 1.572094440460205, 3.3599727153778076
1.2863481044769287, -1.3400524298297327, -1.5938733259784144, -1.785638157521383, 1.5720824003219604, 3.359924793243408
1.2863481044769287, -1.3405798117267054, -1.5927465597735804, -1.7868841330157679, 1.5720105171203613, 3.3599486351013184
1.286324143409729, -1.3409155050860804, -1.5919669310199183, -1.787590805684225, 1.5719265937805176, 3.359900712966919
1.286312222480774, -1.340975586568014, -1.5917275587665003, -1.7877944151507776, 1.5719265937805176, 3.359912633895874
1.2863481044769287, -1.3409274260150355, -1.592062775288717, -1.7874353567706507, 1.5719026327133179, 3.359876871109009
1.2863361835479736, -1.3407476584063929, -1.5927584807025355, -1.7868121306048792, 1.5719386339187622, 3.3598408699035645
1.286372184753418, -1.3404601255999964, -1.5934417883502405, -1.786081616078512, 1.5719505548477173, 3.35978102684021
1.2863361835479736, -1.3402798811541956, -1.5936816374408167, -1.785745922719137, 1.571962594985962, 3.359816789627075
1.286372184753418, -1.340219799672262, -1.593837086354391, -1.7855904738055628, 1.5719865560531616, 3.359792947769165
1.286324143409729, -1.3402441183673304, -1.593729321156637, -1.7857702414142054, 1.571962594985962, 3.3598289489746094
1.2863601446151733, -1.3403638044940394, -1.5934060255633753, -1.7861292997943323, 1.571974515914917, 3.359768867492676
1.2863361835479736, -1.3403757254229944, -1.5933697859393519, -1.7862370649920862, 1.5719985961914062, 3.359816789627075
1.2863601446151733, -1.340532128010885, -1.5930340925799769, -1.7865608374225062, 1.571962594985962, 3.359768867492676
1.2863481044769287, -1.3405917326556605, -1.5929139296161097, -1.7867286841021937, 1.5719505548477173, 3.359792947769165
1.2863601446151733, -1.3406279722796839, -1.5929139296161097, -1.78666860262026, 1.5719505548477173, 3.359792947769165
1.286324143409729, -1.340639893208639, -1.5929139296161097, -1.7866323629962366, 1.5719865560531616, 3.359792947769165
1.2863361835479736, -1.3405678907977503, -1.593069855366842, -1.7865846792804163, 1.5719505548477173, 3.359768867492676
1.2863361835479736, -1.3405798117267054, -1.5931780974017542, -1.7864287535296839, 1.5719865560531616, 3.35978102684021
1.2863481044769287, -1.3405798117267054, -1.5932019392596644, -1.7863448301898401, 1.571974515914917, 3.35978102684021
1.2863001823425293, -1.3405559698687952, -1.593262020741598, -1.786332909260885, 1.571974515914917, 3.359708547592163
1.2863001823425293, -1.3405559698687952, -1.5932377020465296, -1.7863448301898401, 1.571974515914917, 3.359684705734253
1.286312222480774, -1.3405917326556605, -1.5932138601886194, -1.7863567511187952, 1.571974515914917, 3.359696626663208
1.2863361835479736, -1.3405798117267054, -1.5931537787066858, -1.786440674458639, 1.5719865560531616, 3.359672784805298
1.2863361835479736, -1.3405678907977503, -1.5930941740619105, -1.7865126768695276, 1.571974515914917, 3.359672784805298
1.2863481044769287, -1.3405917326556605, -1.593057934437887, -1.786548916493551, 1.5719505548477173, 3.359684705734253
1.286324143409729, -1.3405917326556605, -1.5930340925799769, -1.7865846792804163, 1.571962594985962, 3.359684705734253
1.286312222480774, -1.340532128010885, -1.5930340925799769, -1.7865727583514612, 1.5719386339187622, 3.359708547592163
1.286324143409729, -1.3406160513507288, -1.5929864088641565, -1.7865727583514612, 1.571974515914917, 3.359708547592163
1.286324143409729, -1.3405798117267054, -1.5929978529559534, -1.7865846792804163, 1.571962594985962, 3.359708547592163
1.286312222480774, -1.3406160513507288, -1.5929978529559534, -1.7865727583514612, 1.571962594985962, 3.359672784805298
1.2863601446151733, -1.3406041304217737, -1.5930102507220667, -1.7866323629962366, 1.5719265937805176, 3.359696626663208
1.286324143409729, -1.3406160513507288, -1.5929740110980433, -1.7866204420672815, 1.571974515914917, 3.359696626663208
1.2863481044769287, -1.3405798117267054, -1.5929864088641565, -1.78664476076235, 1.571962594985962, 3.3597209453582764
1.2863601446151733, -1.3405678907977503, -1.592938248311178, -1.7866085211383265, 1.5720105171203613, 3.359708547592163
1.2863481044769287, -1.3405798117267054, -1.5929740110980433, -1.78664476076235, 1.571962594985962, 3.3596606254577637
1.286312222480774, -1.3405917326556605, -1.5929620901690882, -1.78664476076235, 1.5719985961914062, 3.359696626663208
1.2863361835479736, -1.3405798117267054, -1.592938248311178, -1.7866204420672815, 1.5719985961914062, 3.359708547592163
1.2863001823425293, -1.3405917326556605, -1.5929740110980433, -1.7866085211383265, 1.5719865560531616, 3.359696626663208
1.286324143409729, -1.3405917326556605, -1.5929740110980433, -1.7866085211383265, 1.571974515914917, 3.359684705734253
1.286324143409729, -1.3405678907977503, -1.5929740110980433, -1.7866323629962366, 1.5719865560531616, 3.359696626663208
1.2863481044769287, -1.3405798117267054, -1.5929740110980433, -1.7866204420672815, 1.572022557258606, 3.359708547592163
1.2863481044769287, -1.3405678907977503, -1.5930102507220667, -1.7865966002093714, 1.571962594985962, 3.359684705734253
1.2863361835479736, -1.3406160513507288, -1.592938248311178, -1.78664476076235, 1.5719865560531616, 3.359684705734253
1.286324143409729, -1.3406041304217737, -1.5929864088641565, -1.7866323629962366, 1.5719985961914062, 3.3596367835998535
1.286324143409729, -1.3405798117267054, -1.5929740110980433, -1.7866323629962366, 1.571974515914917, 3.3596487045288086
1.2863001823425293, -1.3406041304217737, -1.592950169240133, -1.7866204420672815, 1.5719985961914062, 3.359696626663208
1.2863361835479736, -1.3406041304217737, -1.5929864088641565, -1.7865846792804163, 1.5719865560531616, 3.3596487045288086
1.2863361835479736, -1.3405678907977503, -1.592926327382223, -1.786656681691305, 1.5720105171203613, 3.3596487045288086
1.2863481044769287, -1.3405798117267054, -1.5929139296161097, -1.7866805235492151, 1.5720824003219604, 3.359684705734253
1.2863361835479736, -1.3405798117267054, -1.5929024855243128, -1.7866204420672815, 1.5721184015274048, 3.359684705734253
1.286324143409729, -1.3405440489398401, -1.5929024855243128, -1.78664476076235, 1.5720105171203613, 3.359684705734253
1.286324143409729, -1.3405798117267054, -1.5928543249713343, -1.7866085211383265, 1.5720584392547607, 3.3596606254577637
1.286312222480774, -1.34052020708193, -1.5928662459002894, -1.7866085211383265, 1.572022557258606, 3.3596248626708984
1.2863361835479736, -1.3405678907977503, -1.5929139296161097, -1.7866085211383265, 1.572022557258606, 3.3596487045288086
1.2863361835479736, -1.3405559698687952, -1.5929139296161097, -1.7865727583514612, 1.5719865560531616, 3.3596606254577637
1.286312222480774, -1.3405678907977503, -1.5928781668292444, -1.78664476076235, 1.5720105171203613, 3.3596367835998535
1.2863001823425293, -1.3405798117267054, -1.5929139296161097, -1.7866323629962366, 1.5719985961914062, 3.3596487045288086
1.286312222480774, -1.3405559698687952, -1.5929139296161097, -1.7865608374225062, 1.572022557258606, 3.3596248626708984
1.286312222480774, -1.3405559698687952, -1.5929024855243128, -1.7865966002093714, 1.5719985961914062, 3.3596487045288086
1.2863361835479736, -1.3405440489398401, -1.5928781668292444, -1.7866204420672815, 1.571974515914917, 3.359672784805298
1.286324143409729, -1.340532128010885, -1.5929139296161097, -1.7866085211383265, 1.5720105171203613, 3.3596248626708984
1.2863361835479736, -1.3405917326556605, -1.5928781668292444, -1.7865846792804163, 1.5719985961914062, 3.3596487045288086
1.286324143409729, -1.3405678907977503, -1.5928781668292444, -1.7865966002093714, 1.5719985961914062, 3.359672784805298
1.2863481044769287, -1.340532128010885, -1.5929024855243128, -1.7865846792804163, 1.5719865560531616, 3.3596487045288086
1.286312222480774, -1.3405559698687952, -1.5928662459002894, -1.7866204420672815, 1.5719985961914062, 3.3596487045288086
1.2863481044769287, -1.3405440489398401, -1.5928900877581995, -1.7865608374225062, 1.571962594985962, 3.3596487045288086
1.286324143409729, -1.3405440489398401, -1.5929139296161097, -1.7865727583514612, 1.571962594985962, 3.3596606254577637
1.2863361835479736, -1.3405678907977503, -1.5929139296161097, -1.7865846792804163, 1.5719026327133179, 3.3596606254577637
1.286312222480774, -1.3406041304217737, -1.5929978529559534, -1.786452595387594, 1.5717109441757202, 3.3596487045288086
1.286324143409729, -1.3406041304217737, -1.5931537787066858, -1.7862251440631312, 1.5717588663101196, 3.359684705734253
1.286324143409729, -1.3406041304217737, -1.5931060949908655, -1.7864049116717737, 1.5719386339187622, 3.3596606254577637
1.2863001823425293, -1.3406160513507288, -1.593057934437887, -1.7864769140826624, 1.571962594985962, 3.3596367835998535
1.286312222480774, -1.340639893208639, -1.5929139296161097, -1.7867043654071253, 1.571974515914917, 3.3596248626708984
1.286312222480774, -1.3411672751056116, -1.5915353933917444, -1.7881539503680628, 1.5720704793930054, 3.3596606254577637
1.286312222480774, -1.3424747625934046, -1.584688965474264, -1.7938202063189905, 1.5721782445907593, 3.359600782394409
1.286324143409729, -1.3434823195086878, -1.5784295240985315, -1.7990549246417444, 1.5721782445907593, 3.3596127033233643
1.286312222480774, -1.344537083302633, -1.5718467871295374, -1.80400258699526, 1.5721423625946045, 3.3596127033233643
1.2862762212753296, -1.3454960028277796, -1.566355053578512, -1.8088062445269983, 1.5721303224563599, 3.3596127033233643
1.2863001823425293, -1.3464201132403772, -1.560587231312887, -1.8135860602008265, 1.5720704793930054, 3.359588861465454
1.2862643003463745, -1.3473189512835901, -1.5557549635516565, -1.8173473517047327, 1.572034478187561, 3.359600782394409
1.286312222480774, -1.3480504194842737, -1.5511983076678675, -1.820857350026266, 1.5720465183258057, 3.3596606254577637
1.2862882614135742, -1.3489139715777796, -1.5468576590167444, -1.82422382036318, 1.5720704793930054, 3.3596606254577637
1.2862643003463745, -1.3496931234942835, -1.5424450079547327, -1.8277576605426233, 1.572022557258606, 3.3596248626708984
1.2862882614135742, -1.3504489103900355, -1.5380318800555628, -1.8312915007220667, 1.571962594985962, 3.3596367835998535
1.2862403392791748, -1.3512643019305628, -1.5335596243487757, -1.8349812666522425, 1.571962594985962, 3.3596487045288086
1.2862643003463745, -1.3521636168109339, -1.5289791266070765, -1.8385747114764612, 1.5718907117843628, 3.3596367835998535
1.286216378211975, -1.3530271689044397, -1.5241826216327112, -1.8423364798175257, 1.571866750717163, 3.3596248626708984
1.2861924171447754, -1.3538902441607874, -1.5196622053729456, -1.8459180037127894, 1.5717707872390747, 3.3596487045288086
1.2862043380737305, -1.354837719594137, -1.5146973768817347, -1.8497040907489222, 1.5717109441757202, 3.3596367835998535
1.286156415939331, -1.3557375113116663, -1.510080639516012, -1.852938477193014, 1.571746826171875, 3.3596606254577637
1.2861443758010864, -1.3566363493548792, -1.505416218434469, -1.856579605733053, 1.5717588663101196, 3.3596367835998535
1.286156415939331, -1.357727352772848, -1.5002597014056605, -1.860401455556051, 1.5717588663101196, 3.3596367835998535
1.286096453666687, -1.358699146901266, -1.4955228010760706, -1.8640430609332483, 1.5717588663101196, 3.3596487045288086
1.286084532737732, -1.3596943060504358, -1.490535084401266, -1.8677328268634241, 1.571746826171875, 3.359600782394409
1.2860605716705322, -1.360593620930807, -1.4858458677874964, -1.8712428251849573, 1.5717707872390747, 3.3596367835998535
1.2860130071640015, -1.3617208639727991, -1.4810851255999964, -1.875040356312887, 1.5717228651046753, 3.3596487045288086
1.2860009670257568, -1.3628481070147913, -1.475832764302389, -1.8790176550494593, 1.5717109441757202, 3.3596127033233643
1.2860485315322876, -1.3638318220721644, -1.471083943043844, -1.882575813923971, 1.5716869831085205, 3.359672784805298
1.2860366106033325, -1.3647549788104456, -1.466527287160055, -1.8859179655658167, 1.5715910196304321, 3.3596127033233643
1.2860009670257568, -1.3648746649371546, -1.4661672751056116, -1.8860018889056605, 1.5716030597686768, 3.3596248626708984
1.2860605716705322, -1.3648985067950647, -1.4662154356585901, -1.886073414479391, 1.5715910196304321, 3.359672784805298
1.2860009670257568, -1.3648389021502894, -1.4662154356585901, -1.8861573378192347, 1.5716030597686768, 3.359600782394409
1.2860009670257568, -1.3648865858661097, -1.4662030378924769, -1.8861573378192347, 1.5715910196304321, 3.3596487045288086
1.286024570465088, -1.3648865858661097, -1.4662030378924769, -1.8861334959613245, 1.5716030597686768, 3.3596248626708984
1.2860130071640015, -1.3648746649371546, -1.4661911169635218, -1.8861931006061, 1.5716270208358765, 3.3596606254577637
1.286024570465088, -1.3648865858661097, -1.4662030378924769, -1.8861931006061, 1.5716270208358765, 3.3596367835998535
1.286024570465088, -1.3648985067950647, -1.4661553541766565, -1.8861692587481897, 1.5716150999069214, 3.3596487045288086
1.286024570465088, -1.3648865858661097, -1.4662154356585901, -1.8861931006061, 1.5716150999069214, 3.359600782394409
1.2860366106033325, -1.3649104277240198, -1.4661791960345667, -1.8861931006061, 1.5716270208358765, 3.3596487045288086
1.286024570465088, -1.3648746649371546, -1.4661791960345667, -1.886205021535055, 1.5715910196304321, 3.3596487045288086
1.2860130071640015, -1.3648865858661097, -1.4662030378924769, -1.886205021535055, 1.5716030597686768, 3.3596487045288086
1.2860009670257568, -1.3649104277240198, -1.4662030378924769, -1.886205021535055, 1.5716270208358765, 3.359600782394409
1.2860366106033325, -1.3648746649371546, -1.4661791960345667, -1.88621694246401, 1.5716030597686768, 3.359600782394409
1.2860366106033325, -1.3648865858661097, -1.4662030378924769, -1.8862288633929651, 1.5716030597686768, 3.3596367835998535
1.2860130071640015, -1.3648865858661097, -1.4661911169635218, -1.886205021535055, 1.5716270208358765, 3.3596248626708984
1.2860130071640015, -1.3648627440081995, -1.4662154356585901, -1.8862288633929651, 1.5716270208358765, 3.3596367835998535
1.2860366106033325, -1.3649104277240198, -1.4662516752826136, -1.8861931006061, 1.5716150999069214, 3.3596127033233643
1.286024570465088, -1.3645151297198694, -1.466323200856344, -1.8860614935504358, 1.5717707872390747, 3.3595168590545654
1.2861803770065308, -1.3636515776263636, -1.4665511290179651, -1.885629955922262, 1.5718307495117188, 3.359133005142212
1.2865638732910156, -1.3623326460467737, -1.4668625036822718, -1.8849476019488733, 1.5719386339187622, 3.358713150024414
1.2869709730148315, -1.360605541859762, -1.4673541227923792, -1.8841326872455042, 1.572034478187561, 3.358173131942749
1.2874259948730469, -1.3585546652423304, -1.4678705374347132, -1.8831985632525843, 1.5723460912704468, 3.3574533462524414
1.2879765033721924, -1.356060806904928, -1.468506161366598, -1.8820722738849085, 1.5725973844528198, 3.356553316116333
1.2886472940444946, -1.3532069365130823, -1.4692376295672815, -1.8805750052081507, 1.5728610754013062, 3.35556960105896
1.2893415689468384, -1.349957291279928, -1.4700530211078089, -1.8790653387652796, 1.5733404159545898, 3.3543701171875
1.2902276515960693, -1.3461678663836878, -1.4709041754352015, -1.8774121443377894, 1.5736284255981445, 3.3530259132385254
1.2912216186523438, -1.342067066823141, -1.4719112555133265, -1.8754714171039026, 1.574095368385315, 3.3516347408294678
1.2922152280807495, -1.3375943342791956, -1.472954575215475, -1.8733037153827112, 1.5746227502822876, 3.350146770477295
1.293412446975708, -1.3326056639300745, -1.4740341345416468, -1.870991055165426, 1.5752818584442139, 3.348442792892456
1.2947295904159546, -1.327449146901266, -1.4752333799945276, -1.8686311880694788, 1.5757488012313843, 3.346679210662842
1.2961302995681763, -1.3217414061175745, -1.4764321486102503, -1.865840260182516, 1.5763959884643555, 3.3444833755493164
1.2976032495498657, -1.3158414999591272, -1.4776433149920862, -1.8630970160113733, 1.5771626234054565, 3.3424317836761475
1.299195647239685, -1.3094137350665491, -1.478830639516012, -1.8602216879474085, 1.5778217315673828, 3.340427875518799
1.3009438514709473, -1.3027709166156214, -1.4800899664508265, -1.8571074644671839, 1.57875657081604, 3.337944507598877
1.302775502204895, -1.2955759207354944, -1.4813011328326624, -1.8538368383990687, 1.5794636011123657, 3.335556745529175
1.3048713207244873, -1.2881773153888147, -1.4825604597674769, -1.850375000630514, 1.5804579257965088, 3.3330492973327637
1.3070381879806519, -1.280311409627096, -1.483699146901266, -1.8468883673297327, 1.5813567638397217, 3.330301523208618
1.3093008995056152, -1.2727325598346155, -1.4847787062274378, -1.8435943762408655, 1.5824469327926636, 3.327901840209961
1.3115161657333374, -1.2651661078082483, -1.4857619444476526, -1.8400962988482874, 1.5830944776535034, 3.325502395629883
1.3137433528900146, -1.2575514952289026, -1.4866493383990687, -1.8366101423846644, 1.5843044519424438, 3.3231143951416016
1.3160057067871094, -1.2502730528460901, -1.4874046484576624, -1.8333638350116175, 1.5851550102233887, 3.3208112716674805
1.318328857421875, -1.2427662054644983, -1.4881003538714808, -1.8300932089435022, 1.5860897302627563, 3.318399429321289
1.3208073377609253, -1.2353556791888636, -1.4887116591082972, -1.8269308249102991, 1.587012529373169, 3.316251516342163
1.3232498168945312, -1.2280529181109827, -1.4891675154315394, -1.8237083593951624, 1.5878510475158691, 3.314055919647217
1.3257399797439575, -1.2208102385150355, -1.4895990530597132, -1.8205936590777796, 1.5888936519622803, 3.3118364810943604
1.3283146619796753, -1.2134841124164026, -1.4898994604693812, -1.8172038237201136, 1.589672327041626, 3.3096044063568115
1.3309485912322998, -1.2062295118915003, -1.4901750723468226, -1.8139694372760218, 1.5907032489776611, 3.3076846599578857
1.3336423635482788, -1.1992624441729944, -1.4903066794024866, -1.8109386602984827, 1.5912901163101196, 3.3058249950408936
1.3363721370697021, -1.1921876112567347, -1.490330998097555, -1.807955567036764, 1.592296838760376, 3.3037853240966797
1.339209794998169, -1.1852448622332972, -1.4903548399554651, -1.8049729506122034, 1.5930395126342773, 3.302069664001465
1.3419874906539917, -1.1783621946917933, -1.4902227560626429, -1.8019536177264612, 1.5938663482666016, 3.3002216815948486
1.3449809551239014, -1.1713832060443323, -1.48999530473818, -1.799126927052633, 1.594549536705017, 3.2985663414001465
1.3480459451675415, -1.16479999223818, -1.4895389715777796, -1.796215836201803, 1.5952565670013428, 3.2968742847442627
1.351086974143982, -1.1578815619098108, -1.489119831715719, -1.7931974569903772, 1.5960471630096436, 3.2953622341156006
1.354140281677246, -1.1514180342303675, -1.4886515776263636, -1.790297810231344, 1.5965385437011719, 3.2937309741973877
1.357468605041504, -1.1446192900287073, -1.4880760351764124, -1.7875788847552698, 1.5971373319625854, 3.2922909259796143
1.3609884977340698, -1.1379645506488245, -1.4873326460467737, -1.7846201101886194, 1.5978204011917114, 3.290970802307129
1.364353060722351, -1.1313098112689417, -1.4865534941302698, -1.781985108052389, 1.598204255104065, 3.289867639541626
1.3677772283554077, -1.1250022093402308, -1.485798184071676, -1.7791217009173792, 1.5987792015075684, 3.288571357727051
1.3715485334396362, -1.1184914747821253, -1.4847787062274378, -1.7762945334063929, 1.5991746187210083, 3.2874553203582764
1.3752003908157349, -1.1121962706195276, -1.4837835470782679, -1.7737067381488245, 1.5996060371398926, 3.2864954471588135
1.3790555000305176, -1.1058409849749964, -1.4826563040362757, -1.77094012895693, 1.599869728088379, 3.2856435775756836
1.3830305337905884, -1.0997737089740198, -1.4815047422992151, -1.7684605757342737, 1.6000134944915771, 3.2849600315093994
1.3871729373931885, -1.0934909025775355, -1.4801376501666468, -1.765716854725973, 1.600180983543396, 3.2840960025787354
1.3912677764892578, -1.0874832312213343, -1.478818718587057, -1.7632373015033167, 1.6002647876739502, 3.2835559844970703
1.3956255912780762, -1.081332031880514, -1.4773557821856897, -1.7606375853167933, 1.6002528667449951, 3.283087968826294
1.4003548622131348, -1.0751569906817835, -1.4757846037494105, -1.7581818739520472, 1.600180983543396, 3.2827041149139404
1.40497624874115, -1.0691021124469202, -1.4741538206683558, -1.755486790333883, 1.600001573562622, 3.282452344894409
1.409896969795227, -1.0632746855365198, -1.4724510351764124, -1.753054443989889, 1.599642038345337, 3.282428026199341
1.4148534536361694, -1.0573270956622522, -1.4706762472735804, -1.7506831328021448, 1.5991626977920532, 3.282344102859497
1.4199658632278442, -1.051619831715719, -1.4687817732440394, -1.7483113447772425, 1.598479986190796, 3.2824761867523193
1.4254610538482666, -1.0456960836993616, -1.4668386618243616, -1.7459152380572718, 1.5978564023971558, 3.2829320430755615
1.4309086799621582, -1.0401328245746058, -1.4648240248309534, -1.743591610585348, 1.597017526626587, 3.2833642959594727
1.4368587732315063, -1.0342333952533167, -1.462665859852926, -1.7413151899920862, 1.596035122871399, 3.2840001583099365
1.442785382270813, -1.0287898222552698, -1.4604714552508753, -1.7389557997332972, 1.5947891473770142, 3.284827709197998
1.4492501020431519, -1.023010555897848, -1.4581807295428675, -1.7368109861956995, 1.5933390855789185, 3.2857518196105957
1.455978512763977, -1.017327133809225, -1.4556868712054651, -1.734631363545553, 1.591721534729004, 3.2870476245880127
1.462958574295044, -1.0117395559894007, -1.4532044569598597, -1.7324989477740687, 1.5901156663894653, 3.288499593734741
1.4701299667358398, -1.0062597433673304, -1.450709644948141, -1.7305339018451136, 1.5879708528518677, 3.290239095687866
1.4778159856796265, -1.0008881727801722, -1.4480355421649378, -1.7283900419818323, 1.5857422351837158, 3.292146921157837
1.4857892990112305, -0.9953725973712366, -1.4453614393817347, -1.7264612356769007, 1.5830824375152588, 3.2944388389587402
1.4939782619476318, -0.9900129477130335, -1.442519489918844, -1.724604908620016, 1.5800867080688477, 3.296814203262329
1.502921462059021, -0.9844258467303675, -1.4395454565631312, -1.7227838675128382, 1.5769712924957275, 3.299597978591919
1.512283444404602, -0.9792216459857386, -1.4366310278521937, -1.7211311499225062, 1.5733883380889893, 3.3026816844940186
1.521561861038208, -0.9740422407733362, -1.4336932341205042, -1.719741169606344, 1.5697698593139648, 3.3060290813446045
1.5311510562896729, -0.9690058867083948, -1.4307554403888147, -1.718363110219137, 1.5654083490371704, 3.309544563293457
1.5405125617980957, -0.9645941893206995, -1.427936855946676, -1.717405144368307, 1.5614542961120605, 3.313228130340576
1.5498030185699463, -0.9601214567767542, -1.4252989927874964, -1.7163870970355433, 1.5570567846298218, 3.316995620727539
1.5587342977523804, -0.9561651388751429, -1.4226601759540003, -1.7155845800982874, 1.5528271198272705, 3.3206429481506348
1.5675452947616577, -0.9525077978717249, -1.4202740828143519, -1.7149251143084925, 1.548453688621521, 3.3244824409484863
1.5764042139053345, -0.9487665335284632, -1.4178875128375452, -1.7144344488727015, 1.5441759824752808, 3.3281776905059814
1.584700345993042, -0.9455655256854456, -1.4156931082354944, -1.7141707579242151, 1.5398029088974, 3.331993341445923
1.592625617980957, -0.9425438086139124, -1.4136183897601526, -1.713907543812887, 1.5357766151428223, 3.335556745529175
1.6005150079727173, -0.9397137800799769, -1.411675278340475, -1.713799778615133, 1.53152334690094, 3.3392765522003174
1.6075422763824463, -0.937148396168844, -1.409936253224508, -1.7137754599200647, 1.527737021446228, 3.3425636291503906
1.6139945983886719, -0.934906307850973, -1.4083898703204554, -1.7137635389911097, 1.5242024660110474, 3.3454911708831787
1.6197890043258667, -0.9330356756793421, -1.4070099035846155, -1.7137396971331995, 1.5209554433822632, 3.3484907150268555
1.6249126195907593, -0.931429688130514, -1.4057510534869593, -1.7138837019549769, 1.5181275606155396, 3.350698709487915
1.6291389465332031, -0.930002514516012, -1.4047916571246546, -1.7140510717975062, 1.5157314538955688, 3.3530139923095703
1.632789969444275, -0.9289234320269983, -1.4039643446551722, -1.7142065207110804, 1.5138143301010132, 3.3547658920288086
1.6354116201400757, -0.927988354359762, -1.4033764044391077, -1.7143266836749476, 1.512292742729187, 3.3559653759002686
1.637004017829895, -0.9274604956256312, -1.4030287901507776, -1.7143743673907679, 1.5113459825515747, 3.3570454120635986
1.6378297805786133, -0.9272449652301233, -1.4028127829181116, -1.714398209248678, 1.5109388828277588, 3.357309103012085
1.637913703918457, -0.927220646535055, -1.402740780507223, -1.7144582907306116, 1.5108550786972046, 3.3574533462524414
1.637925624847412, -0.9271848837481897, -1.4028127829181116, -1.7144463698016565, 1.5107471942901611, 3.3574774265289307
1.6379495859146118, -0.9271968046771448, -1.4028008619891565, -1.7144582907306116, 1.5107232332229614, 3.357417345046997
1.6379616260528564, -0.9271724859820765, -1.4028008619891565, -1.7144702116595667, 1.5107351541519165, 3.3574533462524414
1.6379376649856567, -0.9271724859820765, -1.4027650992022913, -1.7144821325885218, 1.5107111930847168, 3.3574533462524414
1.637925624847412, -0.9271605650531214, -1.4028008619891565, -1.7144344488727015, 1.5107351541519165, 3.3574652671813965
1.6379616260528564, -0.9271486441241663, -1.4026930967914026, -1.7144344488727015, 1.510627269744873, 3.3574774265289307
1.6379735469818115, -0.927004639302389, -1.4026692549334925, -1.7144582907306116, 1.510555386543274, 3.3574774265289307
1.6379376649856567, -0.9270289579974573, -1.4026568571673792, -1.7145183722125452, 1.5106512308120728, 3.3574893474578857
1.6379735469818115, -0.9271605650531214, -1.4025972525226038, -1.7145183722125452, 1.5106992721557617, 3.3574893474578857
1.6379376649856567, -0.9271486441241663, -1.4026091734515589, -1.7144702116595667, 1.510615348815918, 3.357501268386841
1.6379616260528564, -0.9270885626422327, -1.4026091734515589, -1.7144821325885218, 1.510615348815918, 3.3574893474578857
1.6379495859146118, -0.9271605650531214, -1.4028008619891565, -1.7145183722125452, 1.5107111930847168, 3.3574652671813965
1.6379376649856567, -0.9271004835711878, -1.4027531782733362, -1.7144940535174769, 1.5106512308120728, 3.357537269592285
1.6379495859146118, -0.9271486441241663, -1.4027770201312464, -1.714398209248678, 1.5105074644088745, 3.357621431350708
1.637925624847412, -0.927124325429098, -1.4027531782733362, -1.7144821325885218, 1.5105434656143188, 3.3575971126556396
1.6379855871200562, -0.9272568861590784, -1.4028008619891565, -1.7143743673907679, 1.5106992721557617, 3.3575851917266846
1.6379495859146118, -0.9271124045001429, -1.4027169386493128, -1.7145064512835901, 1.5102078914642334, 3.3575491905212402
1.6380454301834106, -0.9270647207843226, -1.4027531782733362, -1.7144582907306116, 1.5107111930847168, 3.3575611114501953
1.638021469116211, -0.9270885626422327, -1.402729336415426, -1.7144821325885218, 1.5106033086776733, 3.357609510421753
1.6380095481872559, -0.9272330443011683, -1.4027770201312464, -1.7144702116595667, 1.5105074644088745, 3.3575971126556396
1.6380095481872559, -0.9272087256060999, -1.402729336415426, -1.7144463698016565, 1.5106393098831177, 3.3575611114501953
1.6380095481872559, -0.9272087256060999, -1.4027770201312464, -1.7144463698016565, 1.5106992721557617, 3.3575611114501953
1.6380335092544556, -0.9272688070880335, -1.4027650992022913, -1.7144344488727015, 1.5106512308120728, 3.3575732707977295
1.6380454301834106, -0.9272807280169886, -1.402740780507223, -1.7144225279437464, 1.5107111930847168, 3.357537269592285
1.638021469116211, -0.9273045698748987, -1.4028247038470667, -1.7144821325885218, 1.5107232332229614, 3.3575851917266846
1.6380335092544556, -0.9272449652301233, -1.40283710161318, -1.7144702116595667, 1.5107471942901611, 3.3575611114501953
1.6380335092544556, -0.9272449652301233, -1.4027650992022913, -1.7145422140704554, 1.5107471942901611, 3.3575851917266846
1.638021469116211, -0.9272449652301233, -1.4028008619891565, -1.7144821325885218, 1.5107111930847168, 3.3575971126556396
1.6380095481872559, -0.9272449652301233, -1.4028127829181116, -1.7145183722125452, 1.5107232332229614, 3.3575732707977295
1.6380335092544556, -0.9272449652301233, -1.4027770201312464, -1.7144582907306116, 1.5106992721557617, 3.3575732707977295
1.6380335092544556, -0.9272568861590784, -1.4028008619891565, -1.7144821325885218, 1.5107111930847168, 3.3575732707977295
1.6380574703216553, -0.9272568861590784, -1.4027770201312464, -1.7144702116595667, 1.5107111930847168, 3.3575491905212402
1.6379975080490112, -0.9272449652301233, -1.4027650992022913, -1.7144702116595667, 1.5107232332229614, 3.3575851917266846
1.6380335092544556, -0.9272330443011683, -1.4027650992022913, -1.7145302931415003, 1.5106992721557617, 3.3575491905212402
1.638021469116211, -0.9271968046771448, -1.4027889410602015, -1.7145064512835901, 1.5106512308120728, 3.3575732707977295
1.6380454301834106, -0.9272330443011683, -1.4028127829181116, -1.7144582907306116, 1.5107111930847168, 3.3575611114501953
1.638021469116211, -0.9270647207843226, -1.4027889410602015, -1.7145302931415003, 1.5106992721557617, 3.357537269592285
1.6380335092544556, -0.9271124045001429, -1.4028127829181116, -1.7145302931415003, 1.5107232332229614, 3.3575491905212402
1.6380095481872559, -0.927124325429098, -1.4027770201312464, -1.7144702116595667, 1.5106992721557617, 3.3575732707977295
1.638021469116211, -0.9271124045001429, -1.4028247038470667, -1.7145064512835901, 1.510675311088562, 3.357537269592285
1.638021469116211, -0.9271486441241663, -1.4027889410602015, -1.7144821325885218, 1.5106512308120728, 3.3575732707977295
1.638021469116211, -0.9270885626422327, -1.4028127829181116, -1.7144821325885218, 1.5106632709503174, 3.3575851917266846
1.6380095481872559, -0.927124325429098, -1.4027531782733362, -1.7144940535174769, 1.5106033086776733, 3.3575971126556396
1.6380335092544556, -0.927124325429098, -1.4027650992022913, -1.7144940535174769, 1.510627269744873, 3.3575971126556396
1.6380335092544556, -0.927124325429098, -1.4027531782733362, -1.7144463698016565, 1.5106992721557617, 3.3575851917266846
1.638021469116211, -0.9271124045001429, -1.4027889410602015, -1.7144940535174769, 1.5106992721557617, 3.3575732707977295
1.6380335092544556, -0.9271486441241663, -1.4028008619891565, -1.7145064512835901, 1.510687232017517, 3.357621431350708
1.6380095481872559, -0.9271486441241663, -1.4027650992022913, -1.7145064512835901, 1.5107471942901611, 3.3575611114501953
1.6380095481872559, -0.9271968046771448, -1.4027889410602015, -1.7145183722125452, 1.5107471942901611, 3.35752534866333
1.638021469116211, -0.9271486441241663, -1.4027770201312464, -1.7145183722125452, 1.5107711553573608, 3.3575611114501953
1.6380095481872559, -0.9271367231952112, -1.4028127829181116, -1.7145422140704554, 1.5107951164245605, 3.3575971126556396
1.6380095481872559, -0.9271605650531214, -1.40283710161318, -1.7145302931415003, 1.5107351541519165, 3.3575732707977295
1.6380335092544556, -0.927124325429098, -1.4027650992022913, -1.7144940535174769, 1.5107471942901611, 3.3575851917266846
1.6380574703216553, -0.9271367231952112, -1.4027889410602015, -1.7145183722125452, 1.5107951164245605, 3.3575851917266846
1.6380095481872559, -0.9271486441241663, -1.4028127829181116, -1.7144463698016565, 1.5107471942901611, 3.3575491905212402
1.6379975080490112, -0.9271605650531214, -1.4027889410602015, -1.7144344488727015, 1.510687232017517, 3.357537269592285
1.6380335092544556, -0.9271605650531214, -1.4028247038470667, -1.7144225279437464, 1.510687232017517, 3.3575491905212402
1.6380574703216553, -0.9271724859820765, -1.4028008619891565, -1.7144582907306116, 1.510675311088562, 3.3575851917266846
1.6380454301834106, -0.9271367231952112, -1.4027889410602015, -1.714398209248678, 1.5106033086776733, 3.3575611114501953
1.6380574703216553, -0.9271124045001429, -1.4027531782733362, -1.7143386046039026, 1.5105434656143188, 3.3575851917266846
1.6380335092544556, -0.9271367231952112, -1.4027650992022913, -1.7143505255328577, 1.5106512308120728, 3.357537269592285
1.6380095481872559, -0.9271486441241663, -1.4027531782733362, -1.714386288319723, 1.5106992721557617, 3.3575851917266846
1.6380095481872559, -0.9271605650531214, -1.4027889410602015, -1.714398209248678, 1.5107111930847168, 3.3575732707977295
1.638021469116211, -0.9273646513568323, -1.4028247038470667, -1.7144940535174769, 1.5107711553573608, 3.3575732707977295
1.6380454301834106, -0.9274123350726526, -1.4028127829181116, -1.7144940535174769, 1.5108309984207153, 3.3575491905212402
1.6380454301834106, -0.9274123350726526, -1.4028847853290003, -1.7145903746234339, 1.5107471942901611, 3.3575732707977295
1.6380335092544556, -0.9271004835711878, -1.402849022542135, -1.7145541349994105, 1.5106393098831177, 3.3575611114501953
1.6380095481872559, -0.9271004835711878, -1.4028609434710901, -1.7145302931415003, 1.510687232017517, 3.35752534866333
1.6380335092544556, -0.9270885626422327, -1.4027770201312464, -1.7145064512835901, 1.5106992721557617, 3.3575611114501953
1.6380335092544556, -0.9271605650531214, -1.4028008619891565, -1.7145903746234339, 1.5107471942901611, 3.3575611114501953
1.6380095481872559, -0.9271124045001429, -1.4028247038470667, -1.7145183722125452, 1.5107711553573608, 3.3575851917266846
1.638021469116211, -0.9271605650531214, -1.40283710161318, -1.7144702116595667, 1.5107591152191162, 3.357537269592285
1.6380335092544556, -0.9271605650531214, -1.4028247038470667, -1.7145183722125452, 1.5107232332229614, 3.3575491905212402
1.6380454301834106, -0.9271486441241663, -1.40283710161318, -1.7144940535174769, 1.5107351541519165, 3.3575611114501953
1.638021469116211, -0.9271605650531214, -1.4028008619891565, -1.7145183722125452, 1.5107351541519165, 3.357537269592285
1.6380095481872559, -0.9271605650531214, -1.4028247038470667, -1.7145064512835901, 1.5107591152191162, 3.357537269592285
1.638021469116211, -0.9271605650531214, -1.4027889410602015, -1.7145183722125452, 1.5107591152191162, 3.3575491905212402
1.6380335092544556, -0.9271367231952112, -1.4028127829181116, -1.7144702116595667, 1.5107471942901611, 3.3575491905212402
1.6380454301834106, -0.9271486441241663, -1.4028127829181116, -1.7145064512835901, 1.5107591152191162, 3.357513189315796
1.6380454301834106, -0.9271004835711878, -1.4028127829181116, -1.7144940535174769, 1.5107591152191162, 3.3575732707977295
1.638021469116211, -0.9271367231952112, -1.4027770201312464, -1.7145064512835901, 1.5107471942901611, 3.3575491905212402
1.6380335092544556, -0.9271486441241663, -1.4028008619891565, -1.7145064512835901, 1.5107232332229614, 3.3575611114501953
1.638021469116211, -0.9271486441241663, -1.4028127829181116, -1.7144702116595667, 1.5107351541519165, 3.3575491905212402
1.6380095481872559, -0.9271486441241663, -1.4028127829181116, -1.7145183722125452, 1.5107591152191162, 3.3575732707977295
1.6379975080490112, -0.9271124045001429, -1.4028127829181116, -1.7144940535174769, 1.5107351541519165, 3.3575851917266846
1.6380454301834106, -0.9271605650531214, -1.4028127829181116, -1.7144940535174769, 1.5107471942901611, 3.3575611114501953
1.6375305652618408, -0.9273527304278772, -1.4028127829181116, -1.7143386046039026, 1.510903000831604, 3.357285261154175
1.6359142065048218, -0.9280722776996058, -1.4026930967914026, -1.7139433065997522, 1.5119212865829468, 3.3563733100891113
1.63334059715271, -0.9293673674212855, -1.40251332918276, -1.713212792073385, 1.5134189128875732, 3.3549580574035645
1.62956964969635, -0.9312852064715784, -1.4022253195392054, -1.7122543493853968, 1.5154438018798828, 3.3524858951568604
1.6250920295715332, -0.9334672133075159, -1.4019377867328089, -1.7110322157489222, 1.5180436372756958, 3.3498947620391846
1.6196092367172241, -0.9362729231463831, -1.4014938513385218, -1.7095111052142542, 1.5212070941925049, 3.3466672897338867
1.6134676933288574, -0.939462963734762, -1.4010379950152796, -1.7079656759845179, 1.5250053405761719, 3.3428757190704346
1.6066441535949707, -0.9431312719928187, -1.4004386107074183, -1.7062409559832972, 1.5291388034820557, 3.3387365341186523
1.5992457866668701, -0.9472563902484339, -1.3997309843646448, -1.7043479124652308, 1.5334523916244507, 3.3344650268554688
1.5911530256271362, -0.9519441763507288, -1.398867432271139, -1.7023957411395472, 1.5381131172180176, 3.3298099040985107
1.5826891660690308, -0.9568961302386683, -1.397872273121969, -1.7003234068499964, 1.5428341627120972, 3.324878454208374
1.5739976167678833, -0.9624956289874476, -1.3968527952777308, -1.6981309095965784, 1.5480581521987915, 3.3199710845947266
1.5644683837890625, -0.9685023466693323, -1.3954499403582972, -1.6960585753070276, 1.5532466173171997, 3.314811944961548
1.5550224781036377, -0.9748933951007288, -1.3939383665667933, -1.6936748663531702, 1.5584825277328491, 3.309748649597168
1.5456606149673462, -0.9814999739276331, -1.3922718206988733, -1.6915186087237757, 1.563646674156189, 3.304781675338745
1.5362027883529663, -0.9888256231891077, -1.3904007116900843, -1.6895301977740687, 1.5689789056777954, 3.2997541427612305
1.5264700651168823, -0.9962123076068323, -1.3883383909808558, -1.68724233308901, 1.5740115642547607, 3.295050859451294
1.5167369842529297, -1.0042451063739222, -1.385975186024801, -1.6851819197284144, 1.5791759490966797, 3.290311098098755
1.507243275642395, -1.012662712727682, -1.3834570089923304, -1.6832411924945276, 1.5838251113891602, 3.2857518196105957
1.4978690147399902, -1.021355454121725, -1.3806026617633265, -1.6812885443316858, 1.5887138843536377, 3.281660318374634
1.4887104034423828, -1.030360523854391, -1.3775809446917933, -1.6795638243304651, 1.5932672023773193, 3.2776646614074707
1.480042815208435, -1.0393174330340784, -1.3744624296771448, -1.6778743902789515, 1.597317099571228, 3.274017333984375
1.4720572233200073, -1.0480225721942347, -1.3712008635150355, -1.6764252821551722, 1.6011396646499634, 3.2708613872528076
1.4640599489212036, -1.057303253804342, -1.3676384131061, -1.6752036253558558, 1.6048780679702759, 3.267861843109131
1.45669686794281, -1.0662363211261194, -1.364100758229391, -1.6740177313434046, 1.608341097831726, 3.2651021480560303
1.4499567747116089, -1.0750730673419397, -1.360467259083883, -1.6729992071734827, 1.6112169027328491, 3.262774705886841
1.4432764053344727, -1.0837186018573206, -1.3567493597613733, -1.6722567717181605, 1.6140328645706177, 3.2609143257141113
1.4371579885482788, -1.0926631132708948, -1.3527920881854456, -1.6713340918170374, 1.6166694164276123, 3.2590785026550293
1.4310643672943115, -1.1015360991107386, -1.3487981001483362, -1.6707475821124476, 1.6190298795700073, 3.2575671672821045
1.425508975982666, -1.1102059523211878, -1.3448284308062952, -1.6702082792865198, 1.6211386919021606, 3.255887031555176
1.4200018644332886, -1.1190069357501429, -1.3405469099627894, -1.6698010603534144, 1.6235591173171997, 3.254639148712158
1.4148175716400146, -1.1279519240008753, -1.3362777868853968, -1.6694896856891077, 1.6253448724746704, 3.253643274307251
1.409837007522583, -1.136789623891012, -1.3318761030780237, -1.66929799715151, 1.6270945072174072, 3.252671241760254
1.404784917831421, -1.1458423773394983, -1.3271024862872522, -1.669166390095846, 1.6289637088775635, 3.2517592906951904
1.4002829790115356, -1.1547759214984339, -1.3224132696734827, -1.6691539923297327, 1.6304137706756592, 3.2510757446289062
1.3957453966140747, -1.1636608282672327, -1.3175681273089808, -1.6691420714007776, 1.6318275928497314, 3.2506799697875977
1.3915550708770752, -1.1723902861224573, -1.3127110640155237, -1.66929799715151, 1.6330739259719849, 3.2502236366271973
1.3875564336776733, -1.1812999884234827, -1.3077457586871546, -1.6697171370135706, 1.6343438625335693, 3.2500076293945312
1.383521556854248, -1.1902692953692835, -1.3024686018573206, -1.6701605955706995, 1.635566234588623, 3.2499477863311768
1.3797502517700195, -1.1991785208331507, -1.2972634474383753, -1.6706393400775355, 1.6365009546279907, 3.249971628189087
1.376098394393921, -1.2079680601703089, -1.2919262091266077, -1.6711071173297327, 1.6375792026519775, 3.249983787536621
1.3723151683807373, -1.2173689047442835, -1.2862775961505335, -1.671981159840719, 1.6383346319198608, 3.2501399517059326
1.3689146041870117, -1.2263744513141077, -1.280712906514303, -1.6726163069354456, 1.639280915260315, 3.250391960144043
1.3656702041625977, -1.2352355162249964, -1.2749436537372034, -1.6735747496234339, 1.6399880647659302, 3.25063157081604
1.362473487854004, -1.2442172209369105, -1.2691391150103968, -1.6744969526873987, 1.6407430171966553, 3.2511236667633057
1.3592766523361206, -1.2533066908465784, -1.2631061712848108, -1.6756227652179163, 1.6412464380264282, 3.2517712116241455
1.356283187866211, -1.262383762990133, -1.257073227559225, -1.6766050497638147, 1.6417014598846436, 3.2522153854370117
1.3533856868743896, -1.2712815443622034, -1.2507403532611292, -1.6780183951007288, 1.642372488975525, 3.2530314922332764
1.3505959510803223, -1.2804673353778284, -1.2445281187640589, -1.6792882124530237, 1.6428159475326538, 3.253619432449341
1.3477586507797241, -1.289664093648092, -1.2380994001971644, -1.6807854811297815, 1.6432114839553833, 3.254399061203003
1.3450648784637451, -1.2986934820758265, -1.2315624395953577, -1.6822827498065394, 1.6436069011688232, 3.25537109375
1.342370629310608, -1.3082268873797815, -1.224546257649557, -1.6838882605182093, 1.643930435180664, 3.2562832832336426
1.3399161100387573, -1.3174126783954065, -1.2177451292621058, -1.685624901448385, 1.6441701650619507, 3.2572431564331055
1.3374500274658203, -1.3267419973956507, -1.2106927076922815, -1.687481705342428, 1.6444218158721924, 3.2584667205810547
1.3349955081939697, -1.3359029928790491, -1.203508202229635, -1.6894219557391565, 1.6445657014846802, 3.2593307495117188
1.3326364755630493, -1.3450406233416956, -1.1963842550860804, -1.6913507620440882, 1.6447334289550781, 3.260542631149292
1.330385684967041, -1.3545377890216272, -1.189115349446432, -1.6933634916888636, 1.6448649168014526, 3.2617664337158203
1.3282427787780762, -1.3639996687518519, -1.1817029158221644, -1.6957829634295862, 1.6450086832046509, 3.2630984783172607
1.3261114358901978, -1.373244587575094, -1.1739667097674769, -1.6980231443988245, 1.6451045274734497, 3.264226198196411
1.3239681720733643, -1.3826101461993616, -1.1661341826068323, -1.7003472487079065, 1.6451284885406494, 3.265510082244873
1.3218728303909302, -1.392083470021383, -1.1583502928363245, -1.7030547300921839, 1.6451764106750488, 3.267009973526001
1.319873332977295, -1.401700798665182, -1.1502183119403284, -1.705642048512594, 1.6451884508132935, 3.2683660984039307
1.3178861141204834, -1.4114859739886683, -1.1416657606707972, -1.7084925810443323, 1.645200490951538, 3.2699134349823
1.3160057067871094, -1.4210074583636683, -1.1334493795977991, -1.7111881414996546, 1.6451764106750488, 3.2712576389312744
1.3141623735427856, -1.430612866078512, -1.124897305165426, -1.7141707579242151, 1.64508056640625, 3.2728652954101562
1.312294363975525, -1.4403260389911097, -1.1162250677691858, -1.717297379170553, 1.6450566053390503, 3.2745325565338135
1.310498595237732, -1.450026814137594, -1.1074093023883265, -1.720544163380758, 1.6448888778686523, 3.276212692260742
1.308738112449646, -1.4597399870501917, -1.0983527342425745, -1.7238143126117151, 1.6447933912277222, 3.277808904647827
1.3070741891860962, -1.4693577925311487, -1.0893085638629358, -1.727168385182516, 1.644673466682434, 3.279524326324463
1.3054094314575195, -1.479358975087301, -1.080036465321676, -1.7307737509356897, 1.6445057392120361, 3.281132221221924
1.3038173913955688, -1.4892881552325647, -1.0706566015826624, -1.7343915144549769, 1.6443618535995483, 3.2828242778778076
1.3022127151489258, -1.49916917482485, -1.0609763304339808, -1.738044563923971, 1.6441701650619507, 3.2846720218658447
1.3006086349487305, -1.5095065275775355, -1.050685230885641, -1.7419503370868128, 1.6439424753189087, 3.2865195274353027
1.2990038394927979, -1.5194829146014612, -1.040753189717428, -1.7459152380572718, 1.643690824508667, 3.2882235050201416
1.2974833250045776, -1.5296285788165491, -1.0307367483722132, -1.7501557509051722, 1.6435350179672241, 3.290215015411377
1.2960344552993774, -1.539917294179098, -1.020348850880758, -1.7544210592852991, 1.6433073282241821, 3.2919790744781494
1.2945982217788696, -1.5501821676837366, -1.009744946156637, -1.7588046232806605, 1.6431394815444946, 3.294078826904297
1.2932326793670654, -1.5603392759906214, -0.9989731947528284, -1.7631052176104944, 1.6429357528686523, 3.295926332473755
1.2918200492858887, -1.5705445448504847, -0.9880812803851526, -1.7678731123553675, 1.6426841020584106, 3.2980382442474365
1.2904549837112427, -1.5810373465167444, -0.9769976774798792, -1.7727606932269495, 1.6423964500427246, 3.299933910369873
1.2891498804092407, -1.5915539900409144, -0.9655540625201624, -1.7774923483477991, 1.6420968770980835, 3.3018298149108887
1.287809133529663, -1.602574650441305, -0.9534261862384241, -1.782943073903219, 1.641821265220642, 3.30401349067688
1.2864559888839722, -1.6134031454669397, -0.9416702429400843, -1.7881177107440394, 1.6416059732437134, 3.305788993835449
1.2852227687835693, -1.62396747270693, -0.9296987692462366, -1.7934611479388636, 1.6413062810897827, 3.3082127571105957
1.2839176654815674, -1.6347606817828577, -0.9172948042498987, -1.7989352385150355, 1.6409227848052979, 3.310192346572876
1.282744288444519, -1.6456850210772913, -0.9047477881060999, -1.8044937292682093, 1.6406950950622559, 3.312220335006714
1.2815709114074707, -1.6566694418536585, -0.89191180864443, -1.81041127840151, 1.6402872800827026, 3.3144397735595703
1.2803616523742676, -1.6677983442889612, -0.8789680639850062, -1.8163769880877894, 1.640071988105774, 3.316587448120117
1.2792599201202393, -1.6791060606585901, -0.8654487768756312, -1.8225229422198694, 1.639784336090088, 3.318819284439087
1.2781344652175903, -1.6904619375811976, -0.8517969290362757, -1.828895394002096, 1.6395806074142456, 3.320871114730835
1.277044653892517, -1.7020462195025843, -0.8379538694964808, -1.8355796972857874, 1.6391850709915161, 3.3229944705963135
1.2758597135543823, -1.7135942617999476, -0.8235943953143519, -1.8422406355487269, 1.6388615369796753, 3.325502395629883
1.274769902229309, -1.7252867857562464, -0.8088868300067347, -1.849212948475973, 1.6385023593902588, 3.327577829360962
1.2737040519714355, -1.7377103010760706, -0.7932799498187464, -1.856591526662008, 1.6383106708526611, 3.3297979831695557
1.2726385593414307, -1.7496898810016077, -0.7780211607562464, -1.8640912214862269, 1.6379987001419067, 3.3324129581451416
1.2715132236480713, -1.7617538611041468, -0.7620533148394983, -1.871697727833883, 1.6376031637191772, 3.334561347961426
1.2705671787261963, -1.7734816710101526, -0.7468183676349085, -1.8791731039630335, 1.6372915506362915, 3.33662486076355
1.2697529792785645, -1.7846697012530726, -0.7320144812213343, -1.8864567915545862, 1.637052297592163, 3.3388445377349854
1.2689268589019775, -1.795450512562887, -0.7174633185016077, -1.8935125509845179, 1.6367766857147217, 3.3407278060913086
1.268028736114502, -1.8057153860675257, -0.7034872213946741, -1.9004729429828089, 1.6364890336990356, 3.3427798748016357
1.2674179077148438, -1.8154047171222132, -0.6901829878436487, -1.9069536367999476, 1.636405110359192, 3.3444111347198486
1.2667115926742554, -1.8247459570514124, -0.6774547735797327, -1.91325551668276, 1.63617742061615, 3.3462953567504883
1.266065239906311, -1.833644215260641, -0.6647380034076136, -1.9195922056781214, 1.6358778476715088, 3.3476150035858154
1.265598177909851, -1.841858212147848, -0.6535332838641565, -1.925007168446676, 1.635793924331665, 3.349090576171875
1.2651312351226807, -1.8495448271380823, -0.6429289023028772, -1.9304702917682093, 1.635554313659668, 3.350374460220337
1.2645323276519775, -1.8562243620501917, -0.6332233587848108, -1.9352262655841272, 1.6353628635406494, 3.351682186126709
1.264161229133606, -1.8626521269427698, -0.624213997517721, -1.9398625532733362, 1.6352187395095825, 3.35278582572937
1.2638020515441895, -1.8681562582599085, -0.6159961859332483, -1.9438994566546839, 1.635206699371338, 3.353625774383545
1.2634669542312622, -1.87319261232485, -0.6088584105121058, -1.9474337736712855, 1.6350629329681396, 3.3545498847961426
1.2631916999816895, -1.87730580965151, -0.602691952382223, -1.9506199995623987, 1.6349430084228516, 3.355246067047119
1.2629762887954712, -1.8809269110309046, -0.5975454489337366, -1.9533394018756312, 1.6348711252212524, 3.3558216094970703
1.2627485990524292, -1.8838170210467737, -0.5932748953448694, -1.9553640524493616, 1.6348352432250977, 3.3564815521240234
1.2626886367797852, -1.8859875837909144, -0.5901678244220179, -1.9569695631610315, 1.634811282157898, 3.3569014072418213
1.2625688314437866, -1.8872583548175257, -0.5881403128253382, -1.9580958525287073, 1.6347752809524536, 3.3569252490997314
1.2625093460083008, -1.8879302183734339, -0.5872286001788538, -1.958550755177633, 1.634751319885254, 3.3571054935455322
1.2624852657318115, -1.8880136648761194, -0.5870245138751429, -1.9586828390704554, 1.6347153186798096, 3.357177257537842
1.2621737718582153, -1.8879779020892542, -0.5869048277484339, -1.9590662161456507, 1.6347033977508545, 3.357225179672241
1.2615389823913574, -1.8879659811602991, -0.5868204275714319, -1.9601081053363245, 1.634583592414856, 3.357285261154175
1.260556936264038, -1.8880260626422327, -0.5865567366229456, -1.9613540808307093, 1.6344996690750122, 3.3574414253234863
1.259228229522705, -1.8880136648761194, -0.5862329641925257, -1.9631031195269983, 1.6343318223953247, 3.357609510421753
1.2575998306274414, -1.8880379835711878, -0.5858729521380823, -1.9654391447650355, 1.6342240571975708, 3.35782527923584
1.2556838989257812, -1.8880136648761194, -0.5853927771197718, -1.9681227842914026, 1.633948802947998, 3.35807728767395
1.2535170316696167, -1.8880260626422327, -0.5848892370807093, -1.9713934103595179, 1.6336371898651123, 3.3583412170410156
1.2509303092956543, -1.8880136648761194, -0.5842292944537562, -1.9749630133258265, 1.6333855390548706, 3.358713150024414
1.2478649616241455, -1.8880379835711878, -0.5834735075580042, -1.9793122450457972, 1.6330618858337402, 3.359049081802368
1.2445483207702637, -1.8880379835711878, -0.5825141111956995, -1.9840319792376917, 1.6327263116836548, 3.3595409393310547
1.2409683465957642, -1.8881099859820765, -0.5815661589251917, -1.9891474882708948, 1.6322829723358154, 3.3599367141723633
1.2370768785476685, -1.8883140722857874, -0.5803788344012659, -1.994742218648092, 1.6315518617630005, 3.360344648361206
1.2327183485031128, -1.88849383989443, -0.5790947119342249, -2.0007923285113733, 1.6311564445495605, 3.3608486652374268
1.2282044887542725, -1.8887818495379847, -0.5775712172137659, -2.0073211828814905, 1.6304856538772583, 3.361412525177002
1.2232590913772583, -1.889153305684225, -0.5759041945086878, -2.0142815748797815, 1.6297307014465332, 3.3620965480804443
1.2179186344146729, -1.8895967642413538, -0.5740683714496058, -2.0219367186175745, 1.629071593284607, 3.362576723098755
1.2124227285385132, -1.8901484648333948, -0.571932617818014, -2.0298197905169886, 1.62811279296875, 3.363164186477661
1.2062441110610962, -1.8907721678363245, -0.5695932547198694, -2.038349453602926, 1.6273821592330933, 3.36378812789917
1.2001014947891235, -1.8915393988238733, -0.5670979658709925, -2.047346893941061, 1.6262552738189697, 3.36431622505188
1.193336009979248, -1.8925345579730433, -0.5641949812518519, -2.056835476552145, 1.625236988067627, 3.365072011947632
1.1867982149124146, -1.893517796193258, -0.5613516012774866, -2.066359821950094, 1.6241347789764404, 3.365600109100342
1.1800087690353394, -1.894681755696432, -0.5580647627459925, -2.0758121649371546, 1.6227566003799438, 3.366368055343628
1.1730276346206665, -1.8960726896869105, -0.554657284413473, -2.0858877340899866, 1.6215945482254028, 3.3670156002044678
1.1663340330123901, -1.8974993864642542, -0.5512025992022913, -2.0954001585589808, 1.620431661605835, 3.36747145652771
1.1596161127090454, -1.8989504019366663, -0.5476635138141077, -2.1051042715655726, 1.6189100742340088, 3.3679635524749756
1.15285062789917, -1.9005211035357874, -0.5438364187823694, -2.1148441473590296, 1.6175198554992676, 3.368767499923706
1.145965337753296, -1.902236286793844, -0.5399015585528772, -2.124692742024557, 1.6161659955978394, 3.3692352771759033
1.1393553018569946, -1.9040587584124964, -0.5359428564654749, -2.134408775960104, 1.6148841381072998, 3.3698232173919678
1.132457971572876, -1.9060853163348597, -0.531588379536764, -2.144172970448629, 1.6134099960327148, 3.3703153133392334
1.1258958578109741, -1.9081361929522913, -0.5271733442889612, -2.153997246419088, 1.6118284463882446, 3.3707709312438965
1.1188783645629883, -1.9104140440570276, -0.5225909391986292, -2.163844887410299, 1.6103184223175049, 3.3712265491485596
1.112196445465088, -1.912656609212057, -0.5177562872516077, -2.1738250891314905, 1.608568787574768, 3.3718748092651367
1.105035424232483, -1.9151385466205042, -0.5126574675189417, -2.184272591267721, 1.6068434715270996, 3.372438907623291
1.098233699798584, -1.9178012053119105, -0.5074871222125452, -2.1942527929889124, 1.6050937175750732, 3.372870683670044
1.091383934020996, -1.9205592314349573, -0.5022442976581019, -2.204256836568014, 1.603512167930603, 3.373506546020508
1.084630012512207, -1.9233410994159144, -0.49696571031679326, -2.214428726826803, 1.6015591621398926, 3.3739867210388184
1.0783427953720093, -1.9259794394122522, -0.4916041533099573, -2.2237499395953577, 1.5999776124954224, 3.3744900226593018
1.0722593069076538, -1.9286893049823206, -0.48648149171938115, -2.232640091572897, 1.5981199741363525, 3.375077962875366
1.0666308403015137, -1.931399170552389, -0.48138314882387334, -2.24133807817568, 1.596622347831726, 3.3754379749298096
1.0613139867782593, -1.9339655081378382, -0.4765241781817835, -2.249317471181051, 1.594944953918457, 3.3758580684661865
1.0562244653701782, -1.936484162007467, -0.4718573729144495, -2.2568181196795862, 1.593446969985962, 3.37621808052063
1.0516618490219116, -1.9387982527362269, -0.4674184958087366, -2.2638266722308558, 1.5921170711517334, 3.376781940460205
1.0471711158752441, -1.941028896962301, -0.4632318655597132, -2.2704528013812464, 1.590942621231079, 3.376973867416382
1.0431110858917236, -1.9432829062091272, -0.459080998097555, -2.2769344488727015, 1.5896482467651367, 3.3775017261505127
1.0395427942276, -1.9453218618976038, -0.45539790788759404, -2.282409969960348, 1.5883663892745972, 3.37764573097229
1.0362014770507812, -1.9472282568561, -0.45208722749818975, -2.287394348775045, 1.5874439477920532, 3.378101348876953
1.0333150625228882, -1.9488709608661097, -0.4490159193622034, -2.2919471899615687, 1.5864009857177734, 3.378281593322754
1.0307523012161255, -1.950357739125387, -0.44619685808290654, -2.2959612051593226, 1.5857182741165161, 3.378425359725952
1.0285011529922485, -1.95166522661318, -0.4437974135028284, -2.2993996779071253, 1.5849392414093018, 3.378605604171753
1.0266443490982056, -1.9528043905841272, -0.44169789949526006, -2.3024190107928675, 1.5842565298080444, 3.378941535949707
1.0250040292739868, -1.9537275473224085, -0.4400547186480921, -2.304659668599264, 1.5837891101837158, 3.3790132999420166
1.023830771446228, -1.9545310179339808, -0.4386990706073206, -2.3067081610309046, 1.5832737684249878, 3.3791935443878174
1.0229202508926392, -1.9550946394549769, -0.4377511183368128, -2.3080504576312464, 1.5831184387207031, 3.379241466522217
1.0224173069000244, -1.955442253743307, -0.43711549440492803, -2.3091166655169886, 1.5829626321792603, 3.3793253898620605
1.0222256183624268, -1.9555380980121058, -0.43692332903017217, -2.3093202749835413, 1.5827947854995728, 3.3793013095855713
1.022201657295227, -1.9555624167071741, -0.4368632475482386, -2.3093441168414515, 1.5827468633651733, 3.37937331199646
1.0221776962280273, -1.9555624167071741, -0.43687564531435186, -2.3093560377704065, 1.582698941230774, 3.3794336318969727
1.022201657295227, -1.9555624167071741, -0.43687564531435186, -2.3093679586993616, 1.5827349424362183, 3.37937331199646
1.0222135782241821, -1.9555500189410608, -0.4369114081012171, -2.309404198323385, 1.5827109813690186, 3.3794214725494385
1.022141695022583, -1.9555500189410608, -0.4369114081012171, -2.3094399611102503, 1.5827468633651733, 3.3794095516204834
1.0222135782241821, -1.9555743376361292, -0.43688756624330694, -2.30941611925234, 1.5827109813690186, 3.379457473754883
1.0221776962280273, -1.9555743376361292, -0.43688756624330694, -2.3094399611102503, 1.5827468633651733, 3.3793976306915283
1.0221896171569824, -1.9555981794940394, -0.43687564531435186, -2.30941611925234, 1.582758903503418, 3.3794095516204834
1.0221896171569824, -1.9555624167071741, -0.43682748476137334, -2.309404198323385, 1.582770824432373, 3.379457473754883
1.0221776962280273, -1.9555500189410608, -0.43687564531435186, -2.309391800557272, 1.5827349424362183, 3.3793976306915283
1.022153615951538, -1.9555862585650843, -0.4368632475482386, -2.3093798796283167, 1.5827468633651733, 3.3793976306915283
1.0221776962280273, -1.9555743376361292, -0.4368394056903284, -2.309428040181295, 1.5827229022979736, 3.379385232925415
1.022153615951538, -1.9555743376361292, -0.43687564531435186, -2.309428040181295, 1.5827468633651733, 3.3794455528259277
1.022153615951538, -1.9556339422809046, -0.43688756624330694, -2.309404198323385, 1.5827468633651733, 3.37937331199646
1.0221896171569824, -1.9555862585650843, -0.4368513266192835, -2.309391800557272, 1.5827109813690186, 3.3794214725494385
1.022153615951538, -1.9555862585650843, -0.43687564531435186, -2.309391800557272, 1.5827229022979736, 3.3793976306915283
1.0221656560897827, -1.9555743376361292, -0.43687564531435186, -2.309404198323385, 1.5827468633651733, 3.3794336318969727
1.0221656560897827, -1.9556101004229944, -0.43687564531435186, -2.309391800557272, 1.5827349424362183, 3.3794095516204834
1.022141695022583, -1.9555981794940394, -0.4368513266192835, -2.309391800557272, 1.5827229022979736, 3.3794095516204834
1.0221177339553833, -1.9555743376361292, -0.43687564531435186, -2.309391800557272, 1.5827349424362183, 3.379385232925415
1.022141695022583, -1.9555981794940394, -0.43688756624330694, -2.309391800557272, 1.5827229022979736, 3.379385232925415
1.022153615951538, -1.9556101004229944, -0.43688756624330694, -2.309428040181295, 1.5827109813690186, 3.37937331199646
1.0221776962280273, -1.9556101004229944, -0.4368632475482386, -2.30941611925234, 1.5827468633651733, 3.379457473754883
1.0221656560897827, -1.9555862585650843, -0.4368632475482386, -2.309404198323385, 1.5827109813690186, 3.3794336318969727
1.022153615951538, -1.9555743376361292, -0.43688756624330694, -2.309391800557272, 1.5827468633651733, 3.3794095516204834
1.022141695022583, -1.9555862585650843, -0.4368394056903284, -2.3093798796283167, 1.5827349424362183, 3.3794214725494385
