-0.6692121664630335, -1.8577354590045374, -1.4019854704486292, -1.4401705900775355, 1.494943380355835, 2.4697978496551514
-0.6692240873919886, -1.8577354590045374, -1.401949707661764, -1.4402063528644007, 1.4949673414230347, 2.4698221683502197
-0.6692121664630335, -1.8577712217914026, -1.4019377867328089, -1.4401705900775355, 1.49495530128479, 2.4698221683502197
-0.6692002455340784, -1.8577235380755823, -1.4019854704486292, -1.4401944319354456, 1.4949673414230347, 2.469749927520752
-0.6692121664630335, -1.8577473799334925, -1.4019978682147425, -1.4401944319354456, 1.4949313402175903, 2.4697859287261963
-0.6692002455340784, -1.8577473799334925, -1.401949707661764, -1.4401825110064905, 1.494943380355835, 2.4697978496551514
-0.6691883246051233, -1.8577354590045374, -1.4019978682147425, -1.4401705900775355, 1.494943380355835, 2.4697978496551514
-0.6692121664630335, -1.8577354590045374, -1.4019735495196741, -1.4401705900775355, 1.4949194192886353, 2.469834327697754
-0.6692121664630335, -1.8577354590045374, -1.4019735495196741, -1.4402063528644007, 1.4949073791503906, 2.4697859287261963
-0.6692240873919886, -1.8577473799334925, -1.401949707661764, -1.4402063528644007, 1.4949194192886353, 2.4697978496551514
-0.6692240873919886, -1.8577354590045374, -1.4019735495196741, -1.4402063528644007, 1.494943380355835, 2.4697859287261963
-0.6692121664630335, -1.8577354590045374, -1.401949707661764, -1.4401705900775355, 1.4949194192886353, 2.4697978496551514
-0.6692240873919886, -1.8577116171466272, -1.4019139448748987, -1.4402063528644007, 1.4949194192886353, 2.469774007797241
-0.6691883246051233, -1.8577473799334925, -1.4019854704486292, -1.4401705900775355, 1.494943380355835, 2.4698221683502197
-0.6692240873919886, -1.8577354590045374, -1.4019978682147425, -1.4402182737933558, 1.49495530128479, 2.4697978496551514
-0.6692121664630335, -1.8577116171466272, -1.4019854704486292, -1.4401581923114222, 1.494943380355835, 2.4697859287261963
-0.6692360083209437, -1.8577473799334925, -1.401949707661764, -1.4401705900775355, 1.494943380355835, 2.4697859287261963
-0.6692360083209437, -1.8577354590045374, -1.4019854704486292, -1.4401825110064905, 1.4949073791503906, 2.4698221683502197
-0.6692240873919886, -1.8577473799334925, -1.4019377867328089, -1.4402063528644007, 1.4949194192886353, 2.4697978496551514
-0.6692360083209437, -1.857699219380514, -1.401949707661764, -1.4401581923114222, 1.4949313402175903, 2.4698221683502197
-0.6692598501788538, -1.8577354590045374, -1.4019377867328089, -1.440242115651266, 1.4949194192886353, 2.4698221683502197
-0.6692360083209437, -1.8577473799334925, -1.401961628590719, -1.4402063528644007, 1.494943380355835, 2.469761848449707
-0.6693561712848108, -1.8577116171466272, -1.4019735495196741, -1.4402182737933558, 1.4949313402175903, 2.4698097705841064
-0.6693323294269007, -1.8577235380755823, -1.401949707661764, -1.4402063528644007, 1.4949313402175903, 2.4697978496551514
-0.6693204084979456, -1.8577235380755823, -1.401961628590719, -1.4402301947223108, 1.49495530128479, 2.4698221683502197
-0.6693680922137659, -1.8577235380755823, -1.4019139448748987, -1.440242115651266, 1.494943380355835, 2.4697978496551514
-0.6693924109088343, -1.8577354590045374, -1.4019258658038538, -1.440242115651266, 1.4949913024902344, 2.4697859287261963
-0.6694520155536097, -1.8577473799334925, -1.4019139448748987, -1.4402063528644007, 1.4949313402175903, 2.469749927520752
-0.6694281736956995, -1.8577235380755823, -1.4019139448748987, -1.4402545134173792, 1.4949194192886353, 2.469738006591797
-0.6694882551776331, -1.8577593008624476, -1.4019377867328089, -1.4401705900775355, 1.494943380355835, 2.469761848449707
-0.6694639364825647, -1.8577593008624476, -1.401949707661764, -1.4401705900775355, 1.4949194192886353, 2.469738006591797
-0.669476334248678, -1.8577950636493128, -1.4019139448748987, -1.4401105085956019, 1.4949313402175903, 2.469738006591797
-0.6695597807513636, -1.857807461415426, -1.401961628590719, -1.440134350453512, 1.494943380355835, 2.469738006591797
-0.6695478598224085, -1.857807461415426, -1.4019015471087855, -1.4402301947223108, 1.49495530128479, 2.469738006591797
-0.6695721785174769, -1.8578193823443812, -1.4019139448748987, -1.4401705900775355, 1.4949313402175903, 2.4697139263153076
-0.6695721785174769, -1.8577950636493128, -1.4018896261798304, -1.440265957509176, 1.49495530128479, 2.469738006591797
-0.6696079413043421, -1.8577831427203577, -1.4018777052508753, -1.4403017202960413, 1.4949313402175903, 2.4696781635284424
-0.6695840994464319, -1.857807461415426, -1.4018061796771448, -1.4404338041888636, 1.4949313402175903, 2.4697139263153076
-0.6696317831622522, -1.857807461415426, -1.40184194246401, -1.4403017202960413, 1.4949313402175903, 2.469726085662842
-0.6696079413043421, -1.8578432242022913, -1.4018176237689417, -1.4403017202960413, 1.4949073791503906, 2.4697139263153076
-0.6696198622332972, -1.8578313032733362, -1.4018176237689417, -1.4402063528644007, 1.4949194192886353, 2.4696900844573975
-0.6696198622332972, -1.8578313032733362, -1.40184194246401, -1.440122429524557, 1.4949313402175903, 2.4696781635284424
-0.6696198622332972, -1.8578193823443812, -1.40184194246401, -1.4399903456317347, 1.4949073791503906, 2.4697020053863525
-0.6696680227862757, -1.857807461415426, -1.4018538633929651, -1.4400504271136683, 1.4948954582214355, 2.469666004180908
-0.6696437040912073, -1.8578193823443812, -1.4018061796771448, -1.4401581923114222, 1.4949313402175903, 2.4697139263153076
-0.6697042624102991, -1.857807461415426, -1.4018176237689417, -1.440122429524557, 1.4948954582214355, 2.469726085662842
-0.669680420552389, -1.8578313032733362, -1.401830021535055, -1.4401105085956019, 1.4948954582214355, 2.4697020053863525
-0.6697519461261194, -1.8577950636493128, -1.4018061796771448, -1.4400742689715784, 1.4949194192886353, 2.4697139263153076
-0.6697519461261194, -1.857807461415426, -1.401830021535055, -1.4400985876666468, 1.4949073791503906, 2.469726085662842
-0.6697881857501429, -1.857807461415426, -1.4018176237689417, -1.4400985876666468, 1.4949073791503906, 2.4697020053863525
-0.6697519461261194, -1.8578551451312464, -1.4018657843219202, -1.4399789015399378, 1.4948713779449463, 2.4697020053863525
-0.6697638670550745, -1.8578313032733362, -1.401830021535055, -1.440014664326803, 1.4948954582214355, 2.4697020053863525
-0.6697881857501429, -1.857807461415426, -1.40184194246401, -1.440002743397848, 1.4949073791503906, 2.469642162322998
-0.6698239485370081, -1.8578193823443812, -1.4018176237689417, -1.440002743397848, 1.494883418083191, 2.4696061611175537
-0.6698358694659632, -1.8578193823443812, -1.4018176237689417, -1.440014664326803, 1.4949073791503906, 2.469642162322998
-0.669800106679098, -1.8578551451312464, -1.4018538633929651, -1.440014664326803, 1.4948954582214355, 2.469630002975464
-0.6698959509478968, -1.8578313032733362, -1.401830021535055, -1.440026585255758, 1.4948594570159912, 2.469546318054199
-0.6699078718768519, -1.8578432242022913, -1.401830021535055, -1.4400985876666468, 1.4949313402175903, 2.469618082046509
-0.6699197928058069, -1.8578432242022913, -1.4017937819110315, -1.4400385061847132, 1.4949073791503906, 2.4695820808410645
-0.6699798742877405, -1.8578432242022913, -1.4018061796771448, -1.4399188200580042, 1.4948713779449463, 2.4696061611175537
-0.6699798742877405, -1.8578432242022913, -1.4017937819110315, -1.440122429524557, 1.4948713779449463, 2.4695942401885986
-0.6699798742877405, -1.8578789869891565, -1.401733700429098, -1.4402063528644007, 1.494883418083191, 2.4695820808410645
-0.6700761953936976, -1.8578789869891565, -1.4016855398761194, -1.4402182737933558, 1.4948594570159912, 2.469534158706665
-0.6701000372516077, -1.8578789869891565, -1.4017098585711878, -1.440242115651266, 1.4949073791503906, 2.4695820808410645
-0.6701481978045862, -1.8578789869891565, -1.4016974608050745, -1.4402063528644007, 1.4949194192886353, 2.4695942401885986
-0.6701720396624964, -1.8578913847552698, -1.4016616980182093, -1.4402182737933558, 1.4949073791503906, 2.4695942401885986
-0.6702197233783167, -1.857927147542135, -1.401625935231344, -1.4401581923114222, 1.494883418083191, 2.469546318054199
-0.6702678839312952, -1.857903305684225, -1.4015896956073206, -1.4402301947223108, 1.4949073791503906, 2.469546318054199
-0.6702917257892054, -1.857927147542135, -1.4015057722674769, -1.4403379599200647, 1.4949073791503906, 2.4695582389831543
-0.6703642050372522, -1.8579390684710901, -1.4013503233539026, -1.4404938856707972, 1.4948713779449463, 2.4695582389831543
-0.6703761259662073, -1.857927147542135, -1.4013622442828577, -1.44037372270693, 1.494883418083191, 2.4695582389831543
-0.670448128377096, -1.8579390684710901, -1.4013622442828577, -1.4403498808490198, 1.4948954582214355, 2.469534158706665
-0.670448128377096, -1.85791522661318, -1.4013021628009241, -1.4404099623309534, 1.494883418083191, 2.469521999359131
-0.6704600493060511, -1.8579509894000452, -1.4013140837298792, -1.4404338041888636, 1.4948954582214355, 2.469521999359131
-0.6705077330218714, -1.8579748312579554, -1.4013021628009241, -1.4404814879046839, 1.4948594570159912, 2.469438076019287
-0.6705558935748499, -1.85791522661318, -1.4012182394610804, -1.4405773321734827, 1.4948713779449463, 2.4694859981536865
-0.6705077330218714, -1.8579509894000452, -1.4010747114764612, -1.440709416066305, 1.4948954582214355, 2.4694738388061523
-0.6706755797015589, -1.8579509894000452, -1.4009063879596155, -1.4408648649798792, 1.4948115348815918, 2.469438076019287
-0.6706636587726038, -1.8579509894000452, -1.4006665388690394, -1.4411166349994105, 1.4948354959487915, 2.4694738388061523
-0.6707118193255823, -1.8579748312579554, -1.4006546179400843, -1.4410808722125452, 1.4948713779449463, 2.469449996948242
-0.6707237402545374, -1.8579748312579554, -1.4006064573871058, -1.441188160573141, 1.4948354959487915, 2.469438076019287
-0.670699421559469, -1.8579872290240687, -1.400522534047262, -1.4412959257708948, 1.4948354959487915, 2.469438076019287
-0.670699421559469, -1.8579748312579554, -1.4004743734942835, -1.4413321653949183, 1.4948115348815918, 2.469413995742798
-0.6707356611834925, -1.858034912739889, -1.4003785292254847, -1.4413560072528284, 1.4948713779449463, 2.469438076019287
-0.6707118193255823, -1.8579872290240687, -1.4003666082965296, -1.441404167805807, 1.4948594570159912, 2.4694979190826416
-0.6707475821124476, -1.8580229918109339, -1.400318447743551, -1.441428009663717, 1.4948713779449463, 2.469438076019287
-0.6707356611834925, -1.8580110708819788, -1.400186840687887, -1.4414637724505823, 1.4948115348815918, 2.4694020748138428
-0.6707595030414026, -1.8580110708819788, -1.400067154561178, -1.4416797796832483, 1.4948234558105469, 2.4694738388061523
-0.6707952658282679, -1.858046833668844, -1.400067154561178, -1.4417274633990687, 1.4948594570159912, 2.469438076019287
-0.6707833448993128, -1.8580110708819788, -1.399958912526266, -1.4417155424701136, 1.4948594570159912, 2.4694020748138428
-0.6708319822894495, -1.8580110708819788, -1.3997910658465784, -1.4418233076678675, 1.4948234558105469, 2.469425916671753
-0.67090350786318, -1.8580229918109339, -1.3996709028827112, -1.4419072310077112, 1.4948594570159912, 2.4693901538848877
-0.67090350786318, -1.8580587545977991, -1.3995631376849573, -1.4419787565814417, 1.4948594570159912, 2.4694020748138428
-0.6709755102740687, -1.8580229918109339, -1.3994553724872034, -1.4420269171344202, 1.4948594570159912, 2.4693901538848877
-0.670999828969137, -1.8580229918109339, -1.3994429747210901, -1.4420746008502405, 1.4948234558105469, 2.4693901538848877
-0.6711199919330042, -1.8580229918109339, -1.399431053792135, -1.4422186056720179, 1.4948474168777466, 2.469438076019287
-0.6711319128619593, -1.8580229918109339, -1.3993471304522913, -1.4421828428851526, 1.4948594570159912, 2.469413995742798
-0.6711319128619593, -1.858034912739889, -1.3993108908282679, -1.4421828428851526, 1.4948354959487915, 2.4693901538848877
-0.6711557547198694, -1.8580711523639124, -1.399322811757223, -1.4421947638141077, 1.4948474168777466, 2.4693901538848877
-0.6711915175067347, -1.8581669966327112, -1.3992512861834925, -1.4422906080829065, 1.4948474168777466, 2.4694020748138428
-0.6711795965777796, -1.8581669966327112, -1.3990710417376917, -1.4426019827472132, 1.4948713779449463, 2.469425916671753
-0.671203915272848, -1.858154598866598, -1.3990352789508265, -1.4424822966205042, 1.4948474168777466, 2.4692940711975098
-0.671203915272848, -1.8581789175616663, -1.3988435904132288, -1.442685906087057, 1.4948234558105469, 2.469306230545044
-0.6712754408465784, -1.8581669966327112, -1.398651425038473, -1.4429133574115198, 1.4948474168777466, 2.469330072402954
-0.6712873617755335, -1.858154598866598, -1.3986275831805628, -1.4430092016803187, 1.4948115348815918, 2.469306230545044
-0.671335522328512, -1.8581789175616663, -1.3986151854144495, -1.44293719926943, 1.4948474168777466, 2.469318151473999
-0.6713836828814905, -1.8581908384906214, -1.3985074202166956, -1.4430330435382288, 1.4948594570159912, 2.469318151473999
-0.6713712851153772, -1.8582146803485315, -1.3984954992877405, -1.443068806325094, 1.4948474168777466, 2.4692940711975098
-0.671455208455221, -1.8581908384906214, -1.3984716574298304, -1.4430931250201624, 1.494883418083191, 2.4692583084106445
-0.6714795271502894, -1.8582385222064417, -1.3984358946429651, -1.443068806325094, 1.4948713779449463, 2.469221830368042
-0.6715038458453577, -1.8581669966327112, -1.3984835783587855, -1.4429848829852503, 1.4948474168777466, 2.4691860675811768
-0.671551529561178, -1.8582027594195765, -1.3984358946429651, -1.4430812040912073, 1.4948354959487915, 2.469197988510132
-0.6715276877032679, -1.8581908384906214, -1.3984954992877405, -1.443068806325094, 1.4948115348815918, 2.469197988510132
-0.6715276877032679, -1.8581789175616663, -1.3984716574298304, -1.443068806325094, 1.4948474168777466, 2.469221830368042
-0.671551529561178, -1.8582146803485315, -1.3983877340899866, -1.4431050459491175, 1.4948234558105469, 2.4691619873046875
-0.6716354529010218, -1.8581908384906214, -1.3983758131610315, -1.4430812040912073, 1.4948594570159912, 2.469197988510132
-0.6716473738299769, -1.8582266012774866, -1.3983038107501429, -1.4432366530047815, 1.4948115348815918, 2.469209909439087
-0.6716955343829554, -1.8582146803485315, -1.3982680479632776, -1.443165127431051, 1.4948354959487915, 2.4691619873046875
-0.6717193762408655, -1.858250919972555, -1.398196045552389, -1.44326097169985, 1.4948354959487915, 2.469197988510132
-0.6717794577227991, -1.8582027594195765, -1.3981836477862757, -1.443272892628805, 1.4948474168777466, 2.469125986099243
-0.6718032995807093, -1.8582146803485315, -1.3982198874102991, -1.4431527296649378, 1.4948234558105469, 2.4691619873046875
-0.6718152205096644, -1.8581789175616663, -1.3981717268573206, -1.4431408087359827, 1.4948234558105469, 2.4691500663757324
-0.6718032995807093, -1.8582266012774866, -1.398207966481344, -1.4431770483600062, 1.494787573814392, 2.4691739082336426
-0.6718876997577112, -1.8582146803485315, -1.3982442061053675, -1.4431288878070276, 1.4947636127471924, 2.4691500663757324
-0.6718876997577112, -1.8582027594195765, -1.398196045552389, -1.4432128111468714, 1.4947994947433472, 2.4691379070281982
-0.6718996206866663, -1.8582146803485315, -1.3981836477862757, -1.4432366530047815, 1.4947994947433472, 2.4691860675811768
-0.6719234625445765, -1.8582385222064417, -1.398207966481344, -1.4432128111468714, 1.4947994947433472, 2.469125986099243
-0.6719115416156214, -1.8582385222064417, -1.3981598059283655, -1.4432128111468714, 1.4948115348815918, 2.469114065170288
-0.671971623097555, -1.85826284090151, -1.3982318083392542, -1.4432490507708948, 1.4947994947433472, 2.468994140625
-0.6719835440265101, -1.8582866827594202, -1.398207966481344, -1.44326097169985, 1.4948234558105469, 2.4690182209014893
-0.6720073858844202, -1.85826284090151, -1.398196045552389, -1.443068806325094, 1.4947755336761475, 2.4690420627593994
-0.6720073858844202, -1.8582747618304651, -1.398207966481344, -1.4430931250201624, 1.494787573814392, 2.4690420627593994
-0.6720193068133753, -1.8583105246173304, -1.3981598059283655, -1.4432008902179163, 1.494787573814392, 2.468994140625
-0.6720312277423304, -1.8583343664752405, -1.398111645375387, -1.443272892628805, 1.4948234558105469, 2.4690542221069336
-0.6720793882953089, -1.8582986036883753, -1.3981478849994105, -1.44328481355776, 1.494787573814392, 2.4690420627593994
-0.6721151510821741, -1.8583224455462855, -1.398099724446432, -1.4433687368976038, 1.4948115348815918, 2.4690301418304443
-0.6721389929400843, -1.8583343664752405, -1.398123566304342, -1.44328481355776, 1.494787573814392, 2.468994140625
-0.6721752325641077, -1.858370606099264, -1.398099724446432, -1.4431770483600062, 1.4947755336761475, 2.4690182209014893
-0.672222916279928, -1.8583224455462855, -1.3980878035174769, -1.4432490507708948, 1.4948115348815918, 2.4690420627593994
-0.6721990744220179, -1.8583343664752405, -1.398123566304342, -1.4432366530047815, 1.4948115348815918, 2.469006299972534
-0.6722591559039515, -1.8583224455462855, -1.3980878035174769, -1.44328481355776, 1.4947994947433472, 2.4690182209014893
-0.6722472349749964, -1.8583586851703089, -1.398003880177633, -1.4433806578265589, 1.4948115348815918, 2.4690301418304443
-0.67230731645693, -1.8583343664752405, -1.397991959248678, -1.443392578755514, 1.4948115348815918, 2.469006299972534
-0.6722715536700647, -1.8583467642413538, -1.3978598753558558, -1.4435485045062464, 1.494787573814392, 2.4690301418304443
-0.6722591559039515, -1.8583944479571741, -1.3978360334979456, -1.4435365835772913, 1.4947994947433472, 2.4690420627593994
-0.6722953955279749, -1.8583944479571741, -1.3977401892291468, -1.4436920324908655, 1.494787573814392, 2.4690301418304443
-0.67230731645693, -1.8584545294391077, -1.397644344960348, -1.4437277952777308, 1.4948234558105469, 2.4690542221069336
-0.6723435560809534, -1.858514134083883, -1.3976324240313929, -1.4437397162066858, 1.4948115348815918, 2.4690182209014893
-0.6723435560809534, -1.8585384527789515, -1.3976205031024378, -1.4437640349017542, 1.4947755336761475, 2.469006299972534
-0.6723435560809534, -1.8585384527789515, -1.397656265889303, -1.4437158743487757, 1.4947636127471924, 2.4690301418304443
-0.6723554770099085, -1.8585265318499964, -1.397559944783346, -1.4438956419574183, 1.4947994947433472, 2.4690182209014893
-0.6723793188678187, -1.8585503737079065, -1.3975961844073694, -1.4437397162066858, 1.494787573814392, 2.4690542221069336
-0.6723912397967737, -1.8585870901690882, -1.397571865712301, -1.4437397162066858, 1.4948115348815918, 2.4690420627593994
-0.6723912397967737, -1.8585990110980433, -1.3975842634784144, -1.4438236395465296, 1.4947755336761475, 2.469006299972534
-0.6723912397967737, -1.8585622946368616, -1.3975241819964808, -1.443775478993551, 1.4948234558105469, 2.469006299972534
-0.6724150816546839, -1.8586590925799769, -1.397548023854391, -1.4436200300799769, 1.4948115348815918, 2.468994140625
-0.6724150816546839, -1.8586347738849085, -1.3976081053363245, -1.443643871937887, 1.4948115348815918, 2.4690182209014893
-0.6723912397967737, -1.858694855366842, -1.3975842634784144, -1.443631951008932, 1.4947755336761475, 2.4690182209014893
-0.6724394003497522, -1.858694855366842, -1.397559944783346, -1.443631951008932, 1.4948115348815918, 2.4690420627593994
-0.6724627653705042, -1.8587549368487757, -1.3976081053363245, -1.443631951008932, 1.4948115348815918, 2.4690182209014893
-0.6724866072284144, -1.8587668577777308, -1.3975842634784144, -1.4437039534198206, 1.4948115348815918, 2.468982219696045
-0.6724985281573694, -1.8587787787066858, -1.3975361029254358, -1.4436920324908655, 1.4948115348815918, 2.4690420627593994
-0.6725109259234827, -1.858802620564596, -1.3973925749408167, -1.4439194838153284, 1.4948115348815918, 2.4690301418304443
-0.6724513212787073, -1.8587787787066858, -1.3973801771747034, -1.4438837210284632, 1.4947994947433472, 2.468982219696045
-0.6725109259234827, -1.858790699635641, -1.3973801771747034, -1.443979565297262, 1.494787573814392, 2.4690301418304443
-0.6725705305682581, -1.858814541493551, -1.397332493458883, -1.4439557234393519, 1.494787573814392, 2.4690182209014893
-0.6725824514972132, -1.858814541493551, -1.397308651600973, -1.443991486226217, 1.4947994947433472, 2.4690542221069336
-0.6725824514972132, -1.8588264624225062, -1.397320572529928, -1.4440396467791956, 1.4948234558105469, 2.4690182209014893
-0.6726067701922815, -1.858802620564596, -1.397332493458883, -1.4440272490130823, 1.4948115348815918, 2.468994140625
-0.6726787726031702, -1.8588264624225062, -1.3972724119769495, -1.4441350142108362, 1.4947994947433472, 2.468994140625
-0.6726425329791468, -1.8588264624225062, -1.3972247282611292, -1.4441593329059046, 1.4948115348815918, 2.4690420627593994
-0.6726787726031702, -1.8588507811175745, -1.3971884886371058, -1.4442790190326136, 1.4948115348815918, 2.4690182209014893
-0.6726906935321253, -1.8588388601886194, -1.3971169630633753, -1.4443629423724573, 1.4947994947433472, 2.468982219696045
-0.6727388540851038, -1.8588264624225062, -1.3970206419574183, -1.4443987051593226, 1.494787573814392, 2.4689581394195557
-0.6727269331561487, -1.8588264624225062, -1.3969243208514612, -1.4444826284991663, 1.4947636127471924, 2.4690182209014893
-0.6727507750140589, -1.8588507811175745, -1.396888558064596, -1.4446499983416956, 1.4948115348815918, 2.4689342975616455
-0.6727865378009241, -1.8588627020465296, -1.3969367186175745, -1.4445183912860315, 1.4948115348815918, 2.46897029876709
-0.6727989355670374, -1.8588264624225062, -1.396876637135641, -1.444554630910055, 1.4947636127471924, 2.4689462184906006
-0.6728108564959925, -1.8588627020465296, -1.396900478993551, -1.4446023146258753, 1.4948115348815918, 2.4689342975616455
-0.6727865378009241, -1.8588627020465296, -1.3968403975116175, -1.4446261564837855, 1.494787573814392, 2.4689462184906006
-0.6728466192828577, -1.8588264624225062, -1.3968647162066858, -1.4446623961078089, 1.4948234558105469, 2.4689581394195557
-0.6728466192828577, -1.8588264624225062, -1.3968527952777308, -1.4446499983416956, 1.4948234558105469, 2.4689102172851562
-0.6728704611407679, -1.8588388601886194, -1.396756951008932, -1.4447463194476526, 1.4947994947433472, 2.468898296356201
-0.6728585402118128, -1.8588507811175745, -1.3968046347247522, -1.444686237965719, 1.4947994947433472, 2.468874454498291
-0.672882382069723, -1.8588507811175745, -1.3968046347247522, -1.4446261564837855, 1.494787573814392, 2.468862295150757
-0.6729186216937464, -1.8588746229754847, -1.396768871937887, -1.4447339216815394, 1.494787573814392, 2.4688260555267334
-0.6729548613177698, -1.85891038576235, -1.3967207113849085, -1.4447100798236292, 1.494787573814392, 2.4688260555267334
-0.6730030218707483, -1.859030548726217, -1.3965533415423792, -1.4448898474322718, 1.494787573814392, 2.468801975250244
-0.6730030218707483, -1.8590543905841272, -1.396540943776266, -1.4449737707721155, 1.4947994947433472, 2.468801975250244
-0.6730626265155237, -1.8590424696551722, -1.3964570204364222, -1.4451773802386683, 1.4947994947433472, 2.4688501358032227
-0.6730988661395472, -1.859030548726217, -1.3963606993304651, -1.445129696522848, 1.4948115348815918, 2.468790054321289
-0.6730869452105921, -1.8590424696551722, -1.396336857472555, -1.4451654593097132, 1.4947994947433472, 2.468790054321289
-0.6730988661395472, -1.8590663115130823, -1.3962891737567347, -1.4452255407916468, 1.4948234558105469, 2.468766212463379
-0.6731346289264124, -1.8590663115130823, -1.396217171345846, -1.445392910634176, 1.4948234558105469, 2.468778133392334
-0.6731107870685022, -1.8590543905841272, -1.3961332480060022, -1.445488754902975, 1.4948354959487915, 2.4687421321868896
-0.6730869452105921, -1.8590663115130823, -1.3961451689349573, -1.445488754902975, 1.494787573814392, 2.4687182903289795
-0.6731346289264124, -1.8590663115130823, -1.3961213270770472, -1.445488754902975, 1.4947994947433472, 2.4687421321868896
-0.6731465498553675, -1.8590663115130823, -1.3959415594684046, -1.4456566015826624, 1.4948115348815918, 2.4687061309814453
-0.6731465498553675, -1.8590543905841272, -1.3958690802203577, -1.4455965201007288, 1.4948115348815918, 2.4686942100524902
-0.6731703917132776, -1.8590782324420374, -1.3958690802203577, -1.4456923643695276, 1.4947994947433472, 2.4686942100524902
-0.673194710408346, -1.8591144720660608, -1.3958213965045374, -1.4457162062274378, 1.4948234558105469, 2.468682289123535
-0.673194710408346, -1.8590782324420374, -1.3958333174334925, -1.4457524458514612, 1.4947994947433472, 2.4686102867126465
-0.6732304731952112, -1.8591025511371058, -1.3957493940936487, -1.4460395018206995, 1.4947994947433472, 2.4685983657836914
-0.6732543150531214, -1.8591025511371058, -1.3957732359515589, -1.4460518995868128, 1.4947994947433472, 2.4685864448547363
-0.6732786337481897, -1.8590901533709925, -1.3957374731646937, -1.4459083716021937, 1.4947994947433472, 2.4685983657836914
-0.6733263174640101, -1.859138313923971, -1.3957374731646937, -1.4460037390338343, 1.4947994947433472, 2.4685864448547363
-0.673314396535055, -1.859150234852926, -1.39567739168276, -1.44611102739443, 1.494787573814392, 2.4686222076416016
-0.6733744780169886, -1.859126392995016, -1.3956893126117151, -1.4459317366229456, 1.4947755336761475, 2.468562364578247
-0.6734102408038538, -1.859126392995016, -1.3956893126117151, -1.4459317366229456, 1.4947396516799927, 2.4685983657836914
-0.6734464804278772, -1.859150234852926, -1.3956893126117151, -1.4460037390338343, 1.4947396516799927, 2.468562364578247
-0.6734584013568323, -1.8591859976397913, -1.3957131544696253, -1.4460518995868128, 1.494715690612793, 2.4685864448547363
-0.6734584013568323, -1.8593180815326136, -1.39567739168276, -1.4460156599627894, 1.4947396516799927, 2.468550443649292
-0.6734946409808558, -1.859269920979635, -1.3956893126117151, -1.4460037390338343, 1.4947396516799927, 2.468550443649292
-0.6735184828387659, -1.8593180815326136, -1.3957131544696253, -1.4460275808917444, 1.4947036504745483, 2.46846604347229
-0.6735423246966761, -1.8593538443194788, -1.3956893126117151, -1.4460518995868128, 1.4947036504745483, 2.4684181213378906
-0.6735423246966761, -1.8593419233905237, -1.3957017103778284, -1.446099583302633, 1.494667649269104, 2.46844220161438
-0.6736024061786097, -1.8593300024615687, -1.3957131544696253, -1.4460395018206995, 1.494667649269104, 2.4684181213378906
-0.6736024061786097, -1.8593300024615687, -1.3956893126117151, -1.4460156599627894, 1.4946796894073486, 2.468454122543335
-0.6735785643206995, -1.8593538443194788, -1.3957374731646937, -1.4459436575519007, 1.494667649269104, 2.468430280685425
-0.6736024061786097, -1.8593300024615687, -1.3957255522357386, -1.445967976246969, 1.4946917295455933, 2.4683942794799805
-0.6736381689654749, -1.8593657652484339, -1.3957255522357386, -1.44611102739443, 1.494667649269104, 2.46844220161438
-0.6736381689654749, -1.8593419233905237, -1.3957255522357386, -1.446099583302633, 1.494667649269104, 2.468358278274536
-0.6737344900714319, -1.8593781630145472, -1.3958094755755823, -1.4459317366229456, 1.4946317672729492, 2.468370199203491
-0.6737588087665003, -1.8593781630145472, -1.3958810011493128, -1.4458964506732386, 1.4946796894073486, 2.468370199203491
-0.6737588087665003, -1.8593657652484339, -1.3958452383624476, -1.4459918181048792, 1.4946197271347046, 2.468370199203491
-0.6738303343402308, -1.8594020048724573, -1.3958690802203577, -1.4458840529071253, 1.494655728340149, 2.468322277069092
-0.6738303343402308, -1.8594139258014124, -1.3958690802203577, -1.4459798971759241, 1.4946317672729492, 2.4683823585510254
-0.6738784948932093, -1.8594139258014124, -1.3958571592914026, -1.4460518995868128, 1.4946436882019043, 2.4683823585510254
-0.6738422552691858, -1.8594020048724573, -1.3958452383624476, -1.446099583302633, 1.4946436882019043, 2.468370199203491
-0.6738546530352991, -1.8594616095172327, -1.3958213965045374, -1.446207348500387, 1.4946197271347046, 2.468358278274536
-0.6738784948932093, -1.8594377676593226, -1.3957017103778284, -1.4463627974139612, 1.4946317672729492, 2.468358278274536
-0.6738784948932093, -1.8594496885882776, -1.39565354982485, -1.4464228788958948, 1.4946197271347046, 2.468346357345581
-0.6738665739642542, -1.8596060911761683, -1.395665470753805, -1.4462788740741175, 1.4945957660675049, 2.468346357345581
-0.6739261786090296, -1.8596060911761683, -1.3956292311297815, -1.4463627974139612, 1.4946197271347046, 2.468358278274536
-0.6739261786090296, -1.8596299330340784, -1.3956292311297815, -1.4463747183429163, 1.4945838451385498, 2.4682984352111816
-0.6738904158221644, -1.8596299330340784, -1.395557705556051, -1.4465668837176722, 1.4945838451385498, 2.4682743549346924
-0.6738546530352991, -1.8596299330340784, -1.395545784627096, -1.44645864168276, 1.4945718050003052, 2.468226432800293
-0.6739385763751429, -1.8596537748919886, -1.3955815474139612, -1.44645864168276, 1.4946197271347046, 2.468238353729248
-0.6739385763751429, -1.8596418539630335, -1.3954976240741175, -1.4465668837176722, 1.4945242404937744, 2.4682862758636475
-0.6739385763751429, -1.8596418539630335, -1.3955214659320276, -1.4466145674334925, 1.4945359230041504, 2.468238353729248
-0.673950497304098, -1.8596661726581019, -1.3954737822162073, -1.4465668837176722, 1.4945002794265747, 2.4682624340057373
-0.6739385763751429, -1.8596661726581019, -1.3954618612872522, -1.4465907255755823, 1.4944883584976196, 2.4682862758636475
-0.673950497304098, -1.8596537748919886, -1.3953898588763636, -1.4466865698443812, 1.494416356086731, 2.468226432800293
-0.6739385763751429, -1.859690014516012, -1.3952935377704065, -1.4466984907733362, 1.4943923950195312, 2.4682624340057373
-0.6739743391620081, -1.859690014516012, -1.3952458540545862, -1.446770493184225, 1.4943684339523315, 2.4682624340057373
-0.6739981810199183, -1.859701935444967, -1.3950780073748987, -1.4468663374530237, 1.4943804740905762, 2.4682505130767822
-0.6740344206439417, -1.859701935444967, -1.3950298468219202, -1.4469378630267542, 1.4943804740905762, 2.468238353729248
-0.674082104359762, -1.859701935444967, -1.3949340025531214, -1.447045628224508, 1.4943684339523315, 2.4682862758636475
-0.674082104359762, -1.859690014516012, -1.3948739210711878, -1.447033707295553, 1.4943684339523315, 2.468226432800293
-0.6741183439837855, -1.8597257773028772, -1.394886318837301, -1.4470093886004847, 1.4943804740905762, 2.468238353729248
-0.6741183439837855, -1.859701935444967, -1.3948262373553675, -1.4470694700824183, 1.4943325519561768, 2.468202590942383
-0.6741426626788538, -1.8597257773028772, -1.3948143164264124, -1.4470813910113733, 1.4943804740905762, 2.4682505130767822
-0.6741426626788538, -1.859690014516012, -1.3948143164264124, -1.4471772352801722, 1.4943565130233765, 2.468214511871338
-0.6741903463946741, -1.8597496191607874, -1.3947661558734339, -1.4471772352801722, 1.4943684339523315, 2.4682505130767822
-0.6741903463946741, -1.8597138563739222, -1.3947184721576136, -1.447153393422262, 1.4943565130233765, 2.4682624340057373
-0.6742022673236292, -1.8597739378558558, -1.394670311604635, -1.447261158620016, 1.4943565130233765, 2.4682505130767822
-0.6742022673236292, -1.8597858587848108, -1.3946221510516565, -1.4472735563861292, 1.4943684339523315, 2.4682743549346924
-0.6741903463946741, -1.8597739378558558, -1.394562069569723, -1.4472973982440394, 1.4943684339523315, 2.4682743549346924
-0.6742504278766077, -1.859821621571676, -1.3945263067828577, -1.4473689238177698, 1.4943444728851318, 2.4680819511413574
-0.6742261091815394, -1.8598578611956995, -1.3944781462298792, -1.4474170843707483, 1.4942725896835327, 2.468118667602539
-0.6743224302874964, -1.8599417845355433, -1.3942506949054163, -1.4476688543902796, 1.4942365884780884, 2.468106508255005
-0.6743701140033167, -1.8599894682513636, -1.3942864576922815, -1.4475367704974573, 1.4942246675491333, 2.468118667602539
-0.6743343512164515, -1.8599537054644983, -1.3942506949054163, -1.4475491682635706, 1.4942126274108887, 2.468142509460449
-0.6743820349322718, -1.860037628804342, -1.3942506949054163, -1.4476330916034144, 1.4942246675491333, 2.46809458732605
-0.6744301954852503, -1.860025707875387, -1.394226376210348, -1.4476926962481897, 1.494188666343689, 2.468106508255005
-0.6744182745562952, -1.8600495497332972, -1.394118611012594, -1.4478362242328089, 1.4942126274108887, 2.468106508255005
-0.6744659582721155, -1.860025707875387, -1.394010368977682, -1.447991673146383, 1.494188666343689, 2.4679620265960693
-0.6744659582721155, -1.8600495497332972, -1.393914524708883, -1.4480879942523401, 1.4941647052764893, 2.468021869659424
-0.6744783560382288, -1.8600614706622522, -1.3938429991351526, -1.448195759450094, 1.4940688610076904, 2.468034029006958
-0.6744902769671839, -1.8600853125201624, -1.3937590757953089, -1.4482196013080042, 1.4940088987350464, 2.4679861068725586
-0.674502197896139, -1.8600614706622522, -1.3936389128314417, -1.448327366505758, 1.494032859802246, 2.4679980278015137
-0.674502197896139, -1.8600495497332972, -1.3934829870807093, -1.4484594503985804, 1.4939849376678467, 2.4679980278015137
-0.6745265165912073, -1.8600733915912073, -1.393338982258932, -1.448662583027975, 1.494032859802246, 2.4680099487304688
-0.6745503584491175, -1.8600733915912073, -1.3933032194720667, -1.4487226645099085, 1.4940088987350464, 2.4679980278015137
-0.6745861212359827, -1.860037628804342, -1.3932793776141565, -1.4486387411700647, 1.494032859802246, 2.4679980278015137
-0.6746223608600062, -1.8600495497332972, -1.3933032194720667, -1.4487465063678187, 1.4940088987350464, 2.468021869659424
-0.6746223608600062, -1.8600614706622522, -1.3932550589190882, -1.4487226645099085, 1.494020938873291, 2.4680099487304688
-0.6746342817889612, -1.860037628804342, -1.3932793776141565, -1.4487345854388636, 1.494020938873291, 2.4679620265960693
-0.6746342817889612, -1.8600733915912073, -1.3931830565081995, -1.4488304297076624, 1.494032859802246, 2.467938184738159
-0.6746700445758265, -1.8600495497332972, -1.3931711355792444, -1.4489863554583948, 1.4940448999404907, 2.4679620265960693
-0.6746700445758265, -1.860025707875387, -1.3929794470416468, -1.4490583578692835, 1.494020938873291, 2.4679501056671143
-0.6747301260577601, -1.8600733915912073, -1.3928473631488245, -1.4492738882647913, 1.4940688610076904, 2.467926025390625
-0.6748021284686487, -1.8600733915912073, -1.3928473631488245, -1.449214283620016, 1.494032859802246, 2.467926025390625
-0.6748259703265589, -1.8601091543780726, -1.392811123524801, -1.449238125477926, 1.4940088987350464, 2.4679501056671143
-0.6747902075396937, -1.8600853125201624, -1.3928473631488245, -1.4492977301227015, 1.4939969778060913, 2.4678542613983154
-0.674849812184469, -1.8600972334491175, -1.3927753607379358, -1.4494650999652308, 1.494032859802246, 2.46791410446167
-0.674837891255514, -1.8601091543780726, -1.3927515188800257, -1.4494894186602991, 1.4939969778060913, 2.4678661823272705
-0.6748259703265589, -1.8600972334491175, -1.3927515188800257, -1.4494650999652308, 1.494020938873291, 2.467830181121826
-0.674849812184469, -1.860133473073141, -1.3927033583270472, -1.4494894186602991, 1.4939969778060913, 2.467818260192871
-0.6748140493976038, -1.860133473073141, -1.3926075140582483, -1.449609104787008, 1.494032859802246, 2.467818260192871
-0.674837891255514, -1.8601692358600062, -1.3926194349872034, -1.4495614210711878, 1.494020938873291, 2.467830181121826
-0.674849812184469, -1.8601692358600062, -1.392667595540182, -1.4495490233050745, 1.4940448999404907, 2.467806339263916
-0.674849812184469, -1.8602173964129847, -1.3926432768451136, -1.4495728651629847, 1.4940448999404907, 2.467806339263916
-0.6749103705035608, -1.8602173964129847, -1.3926556746112269, -1.4495728651629847, 1.494020938873291, 2.4677820205688477
-0.674934212361471, -1.8602774778949183, -1.3926556746112269, -1.449585262929098, 1.4940088987350464, 2.4678421020507812
-0.6749580542193812, -1.860373322163717, -1.3925116697894495, -1.4498966375934046, 1.4939969778060913, 2.4677939414978027
-0.6749699751483362, -1.860361401234762, -1.3924396673785608, -1.449824635182516, 1.493960976600647, 2.4677939414978027
-0.6750181357013147, -1.8603852430926722, -1.3924277464496058, -1.4496567885028284, 1.4938890933990479, 2.4677820205688477
-0.6750419775592249, -1.860349480305807, -1.3923676649676722, -1.4497407118426722, 1.4939011335372925, 2.4678421020507812
-0.6750658194171351, -1.860361401234762, -1.3924039045916956, -1.4496567885028284, 1.4939011335372925, 2.4677939414978027
-0.6750901381122034, -1.8603852430926722, -1.392343823109762, -1.449716869984762, 1.4938771724700928, 2.4677939414978027
-0.6751259008990687, -1.860361401234762, -1.3923676649676722, -1.4496691862689417, 1.4938890933990479, 2.4677579402923584
-0.6751259008990687, -1.8604095617877405, -1.3923800627337855, -1.4498007933246058, 1.4939130544662476, 2.4677460193634033
-0.6751378218280237, -1.860373322163717, -1.3923676649676722, -1.4498370329486292, 1.4939250946044922, 2.467721939086914
-0.6751979033099573, -1.8604095617877405, -1.3923800627337855, -1.4495728651629847, 1.4939011335372925, 2.4676740169525146
-0.6752098242389124, -1.8603971640216272, -1.3923562208758753, -1.4496329466449183, 1.4939011335372925, 2.4676501750946045
-0.6752823034869593, -1.8604214827166956, -1.392343823109762, -1.449597183858053, 1.4938890933990479, 2.467602252960205
-0.6753061453448694, -1.8603852430926722, -1.3923919836627405, -1.4496811071978968, 1.4938890933990479, 2.4675543308258057
-0.6753538290606897, -1.8603971640216272, -1.3923676649676722, -1.4496329466449183, 1.4939130544662476, 2.467590093612671
-0.6753781477557581, -1.8604334036456507, -1.3923676649676722, -1.4495490233050745, 1.4939011335372925, 2.46761417388916
-0.6753781477557581, -1.8604334036456507, -1.3923919836627405, -1.449716869984762, 1.4939130544662476, 2.467602252960205
-0.6754019896136683, -1.8604453245746058, -1.3923800627337855, -1.4495490233050745, 1.4938771724700928, 2.467578172683716
-0.6754258314715784, -1.8604453245746058, -1.3923919836627405, -1.4494059721576136, 1.4938411712646484, 2.46761417388916
-0.6754739920245569, -1.8604453245746058, -1.3924039045916956, -1.4493935743915003, 1.4939130544662476, 2.4675662517547607
-0.6754620710956019, -1.8604572455035608, -1.3924639860736292, -1.4494174162494105, 1.4939130544662476, 2.467602252960205
-0.675485912953512, -1.8604572455035608, -1.3924277464496058, -1.4494174162494105, 1.4938771724700928, 2.4675302505493164
-0.6755216757403772, -1.860469166432516, -1.3924759070025843, -1.4493697325335901, 1.4939130544662476, 2.467470407485962
-0.6755340735064905, -1.8604453245746058, -1.392559830342428, -1.4492858091937464, 1.4938651323318481, 2.4674224853515625
-0.6755579153644007, -1.860481087361471, -1.3925235907184046, -1.4494298140155237, 1.4938890933990479, 2.467410087585449
-0.675570313130514, -1.8606494108783167, -1.3925955931292933, -1.4493096510516565, 1.4938651323318481, 2.4674224853515625
-0.6755579153644007, -1.8606732527362269, -1.392571751271383, -1.4494059721576136, 1.4939011335372925, 2.467374086380005
-0.6756060759173792, -1.8606494108783167, -1.3925235907184046, -1.4493816534625452, 1.4938890933990479, 2.46738600730896
-0.6756060759173792, -1.8607214132892054, -1.392559830342428, -1.449477497731344, 1.4939011335372925, 2.46738600730896
-0.6756299177752894, -1.8606613318072718, -1.3925235907184046, -1.449585262929098, 1.4937453269958496, 2.467374086380005
-0.6756537596331995, -1.860685173665182, -1.3923919836627405, -1.4498847166644495, 1.4937572479248047, 2.4673500061035156
-0.6756299177752894, -1.8607094923602503, -1.3923075834857386, -1.4498007933246058, 1.4937453269958496, 2.46736216545105
-0.6756537596331995, -1.860685173665182, -1.3923562208758753, -1.4498608748065394, 1.4937453269958496, 2.46738600730896
-0.6757138411151331, -1.8606732527362269, -1.3923562208758753, -1.449848477040426, 1.493733286857605, 2.46736216545105
-0.6757138411151331, -1.8607094923602503, -1.3922956625567835, -1.4498966375934046, 1.4937572479248047, 2.4673380851745605
-0.675689999257223, -1.8607333342181605, -1.3923195044146937, -1.4498847166644495, 1.4937453269958496, 2.4673142433166504
-0.675701920186178, -1.8607333342181605, -1.3922598997699183, -1.4499085585223597, 1.4937692880630493, 2.4673142433166504
-0.675689999257223, -1.8607333342181605, -1.392247502003805, -1.4498966375934046, 1.4937692880630493, 2.467302083969116
-0.6757257620440882, -1.8607452551471155, -1.392127815877096, -1.4498727957354944, 1.4936974048614502, 2.4673142433166504
-0.6757257620440882, -1.8607214132892054, -1.3921635786639612, -1.449824635182516, 1.4937453269958496, 2.4673142433166504
-0.6757620016681116, -1.8607452551471155, -1.3921759764300745, -1.4497769514666956, 1.4937453269958496, 2.467278242111206
-0.6757739225970667, -1.8607452551471155, -1.3921759764300745, -1.4496210257159632, 1.493733286857605, 2.467266321182251
-0.675821606312887, -1.8607690970050257, -1.3921759764300745, -1.4496448675738733, 1.4937572479248047, 2.4673142433166504
-0.6757858435260218, -1.8607452551471155, -1.3921521345721644, -1.449704949055807, 1.4937572479248047, 2.467302083969116
-0.675821606312887, -1.8607810179339808, -1.3921878973590296, -1.449728790913717, 1.49372136592865, 2.4673261642456055
-0.6758335272418421, -1.8608172575580042, -1.3921878973590296, -1.4496567885028284, 1.493733286857605, 2.467290163040161
-0.675821606312887, -1.8608053366290491, -1.3921878973590296, -1.4496448675738733, 1.4937572479248047, 2.4673261642456055
-0.6758459250079554, -1.8608291784869593, -1.3921998182879847, -1.4496329466449183, 1.4937093257904053, 2.4673380851745605
-0.6758936087237757, -1.8608530203448694, -1.39223558107485, -1.4496210257159632, 1.493733286857605, 2.467266321182251
-0.6758578459369105, -1.8608530203448694, -1.3922117392169397, -1.4495251814471644, 1.4937692880630493, 2.467302083969116
-0.6758697668658655, -1.8608773390399378, -1.3922236601458948, -1.4495013395892542, 1.493733286857605, 2.467266321182251
-0.6759055296527308, -1.8608773390399378, -1.3921878973590296, -1.4496329466449183, 1.493733286857605, 2.4673142433166504
-0.6759775320636194, -1.8610089460956019, -1.392247502003805, -1.4496210257159632, 1.493733286857605, 2.4672303199768066
-0.6759894529925745, -1.861044708882467, -1.3921878973590296, -1.4496210257159632, 1.49372136592865, 2.467278242111206
-0.6759894529925745, -1.861032787953512, -1.3922236601458948, -1.4496210257159632, 1.4937572479248047, 2.467254161834717
-0.676025692616598, -1.861044708882467, -1.3921878973590296, -1.449704949055807, 1.49372136592865, 2.467278242111206
-0.676037613545553, -1.8610571066485804, -1.3921998182879847, -1.4498127142535608, 1.493733286857605, 2.4673380851745605
-0.6760976950274866, -1.8610690275775355, -1.3921878973590296, -1.4496930281268519, 1.4937453269958496, 2.4673142433166504
-0.6761215368853968, -1.8610809485064905, -1.3920558134662073, -1.449944798146383, 1.493733286857605, 2.4673261642456055
-0.6761096159564417, -1.8610690275775355, -1.3920682112323206, -1.4497407118426722, 1.4937572479248047, 2.467290163040161
-0.6761339346515101, -1.8610809485064905, -1.3920319716082972, -1.4497650305377405, 1.4937453269958496, 2.4673142433166504
-0.6761339346515101, -1.8611286322223108, -1.3920796553241175, -1.4497407118426722, 1.4937572479248047, 2.4673261642456055
-0.6761339346515101, -1.8611167112933558, -1.3920438925372522, -1.449920956288473, 1.4937692880630493, 2.4673261642456055
-0.6761696974383753, -1.8611767927752894, -1.3919718901263636, -1.4499686400042933, 1.49372136592865, 2.467302083969116
-0.6761577765094202, -1.8612363974200647, -1.3919242064105433, -1.4500044027911585, 1.4936853647232056, 2.467290163040161
-0.676253620778219, -1.8612845579730433, -1.3919242064105433, -1.4499686400042933, 1.493733286857605, 2.467290163040161
-0.6762655417071741, -1.8613083998309534, -1.3918398062335413, -1.4501126448260706, 1.4937093257904053, 2.467290163040161
-0.6762774626361292, -1.8612964789019983, -1.3918517271624964, -1.4500287214862269, 1.4937093257904053, 2.4672183990478516
-0.6762655417071741, -1.8613203207599085, -1.391780201588766, -1.4500764052020472, 1.4936974048614502, 2.4672062397003174
-0.6762774626361292, -1.8613446394549769, -1.391707722340719, -1.4501965681659144, 1.49372136592865, 2.4671823978424072
-0.6762774626361292, -1.861356560383932, -1.391707722340719, -1.4501245657550257, 1.4936614036560059, 2.467170238494873
-0.6762655417071741, -1.8613446394549769, -1.391707722340719, -1.450184170399801, 1.4936614036560059, 2.467170238494873
-0.6763017813311976, -1.8613327185260218, -1.3916237990008753, -1.4503157774554651, 1.493565559387207, 2.467146396636963
-0.6763017813311976, -1.861356560383932, -1.3916237990008753, -1.4502318541156214, 1.493565559387207, 2.4671823978424072
-0.6762774626361292, -1.861356560383932, -1.3915875593768519, -1.4503157774554651, 1.493565559387207, 2.467134475708008
-0.6762893835650843, -1.8614042440997522, -1.3915160338031214, -1.4503157774554651, 1.493577480316162, 2.4671223163604736
-0.6763017813311976, -1.8614161650287073, -1.3915999571429651, -1.450172249470846, 1.493577480316162, 2.467134475708008
-0.6763137022601526, -1.861368481312887, -1.3915875593768519, -1.450184170399801, 1.4935895204544067, 2.467146396636963
-0.6763499418841761, -1.8614042440997522, -1.3915999571429651, -1.45030385652651, 1.4935895204544067, 2.467062473297119
-0.6763499418841761, -1.8614161650287073, -1.3915637175189417, -1.4502318541156214, 1.493565559387207, 2.467050552368164
-0.6764095465289515, -1.8614161650287073, -1.3916118780719202, -1.450172249470846, 1.493577480316162, 2.4669783115386963
-0.6764338652240198, -1.8614643255816858, -1.3915637175189417, -1.4501364866839808, 1.493577480316162, 2.467074394226074
-0.6765053907977503, -1.8615487257586878, -1.3915875593768519, -1.4501245657550257, 1.4935295581817627, 2.467038631439209
-0.6765297094928187, -1.8616083304034632, -1.3916118780719202, -1.4501484076129358, 1.4935295581817627, 2.467062473297119
-0.6765297094928187, -1.8616207281695765, -1.391372028981344, -1.4503396193133753, 1.4935295581817627, 2.466966152191162
-0.676577393208639, -1.8616326490985315, -1.3913362661944788, -1.4503997007953089, 1.4935535192489624, 2.466966152191162
-0.6766255537616175, -1.8616326490985315, -1.391360108052389, -1.4503520170794886, 1.493577480316162, 2.4670262336730957
-0.6766493956195276, -1.861692253743307, -1.391360108052389, -1.4502318541156214, 1.4935415983200073, 2.4669902324676514
-0.6766493956195276, -1.8616564909564417, -1.3913481871234339, -1.4502318541156214, 1.493577480316162, 2.4669902324676514
-0.6766975561725062, -1.8616684118853968, -1.391372028981344, -1.4502437750445765, 1.493577480316162, 2.4669783115386963
-0.6766856352435511, -1.8616445700274866, -1.3913362661944788, -1.4503520170794886, 1.4935535192489624, 2.4669063091278076
-0.6767576376544397, -1.8616684118853968, -1.391372028981344, -1.4503157774554651, 1.493565559387207, 2.4669182300567627
-0.6767457167254847, -1.8616564909564417, -1.3912881056415003, -1.450411621724264, 1.4935415983200073, 2.466954231262207
-0.676793400441305, -1.8616684118853968, -1.391144100819723, -1.4505193869220179, 1.4935895204544067, 2.4668824672698975
-0.6768415609942835, -1.8616445700274866, -1.3911078611956995, -1.450531307850973, 1.493565559387207, 2.466930389404297
-0.6768534819232386, -1.861692253743307, -1.3910482565509241, -1.4506033102618616, 1.493565559387207, 2.4668824672698975
-0.6769374052630823, -1.8616564909564417, -1.391036335621969, -1.4506390730487269, 1.4935535192489624, 2.4668943881988525
-0.6769612471209925, -1.8616684118853968, -1.3908804098712366, -1.4506633917437952, 1.493565559387207, 2.4668824672698975
-0.6769855658160608, -1.861692253743307, -1.390820328389303, -1.4506991545306605, 1.4935535192489624, 2.4668824672698975
-0.6770213286029261, -1.8616803328143519, -1.390808407460348, -1.4507830778705042, 1.493565559387207, 2.466810464859009
-0.6770213286029261, -1.8616684118853968, -1.3907726446734827, -1.4508431593524378, 1.4935535192489624, 2.4667744636535645
-0.677093807850973, -1.861692253743307, -1.3907726446734827, -1.450890843068258, 1.4935535192489624, 2.4667625427246094
-0.6771176497088831, -1.861704174672262, -1.3907483259784144, -1.4509390036212366, 1.4935295581817627, 2.466726541519165
-0.6771295706378382, -1.8617284933673304, -1.3905685583697718, -1.4511540571795862, 1.4935295581817627, 2.4666786193847656
-0.6772015730487269, -1.861704174672262, -1.3905804792987269, -1.451106373463766, 1.4935535192489624, 2.4666545391082764
-0.6772373358355921, -1.8617165724383753, -1.3905084768878382, -1.451118294392721, 1.493505597114563, 2.4666786193847656
-0.6772611776935022, -1.8616803328143519, -1.3904245535479944, -1.45123798051943, 1.493505597114563, 2.4666905403137207
-0.6773331801043909, -1.8617284933673304, -1.390256706868307, -1.451453987752096, 1.4935295581817627, 2.4666666984558105
-0.6773570219623011, -1.8617408911334437, -1.3901250998126429, -1.4516456762896937, 1.493505597114563, 2.4666666984558105
-0.6773694197284144, -1.861692253743307, -1.3900650183307093, -1.4517176787005823, 1.4934695959091187, 2.466642379760742
-0.677345101033346, -1.8617165724383753, -1.3898966948138636, -1.4518731276141565, 1.4934816360473633, 2.466618299484253
-0.6773331801043909, -1.8617284933673304, -1.3897650877581995, -1.4519570509540003, 1.4933977127075195, 2.4666545391082764
-0.677345101033346, -1.8617284933673304, -1.3897412459002894, -1.4519451300250452, 1.4933977127075195, 2.466630220413208
-0.6773694197284144, -1.8617165724383753, -1.3896930853473108, -1.4518731276141565, 1.493337869644165, 2.4666545391082764
-0.6773694197284144, -1.8617284933673304, -1.3896930853473108, -1.451921288167135, 1.4933618307113647, 2.466606378555298
-0.6773813406573694, -1.8617766539203089, -1.3896692434894007, -1.4519689718829554, 1.493337869644165, 2.4665822982788086
-0.6774171034442347, -1.8617528120623987, -1.3896573225604456, -1.4520528952227991, 1.4933737516403198, 2.466630220413208
-0.6774171034442347, -1.8617408911334437, -1.3895614782916468, -1.4521363417254847, 1.4933258295059204, 2.466618299484253
-0.6774290243731897, -1.8617284933673304, -1.3895495573626917, -1.452172581349508, 1.4933258295059204, 2.466606378555298
-0.6774290243731897, -1.861788574849264, -1.3894169966327112, -1.4523404280291956, 1.4933258295059204, 2.466630220413208
-0.6774290243731897, -1.8617647329913538, -1.389261547719137, -1.4524601141559046, 1.4933497905731201, 2.4666545391082764
-0.6775015036212366, -1.8617766539203089, -1.3891413847552698, -1.4525201956378382, 1.4933258295059204, 2.466642379760742
-0.6775253454791468, -1.861788574849264, -1.3890937010394495, -1.4525201956378382, 1.4933018684387207, 2.4665584564208984
-0.6775735060321253, -1.8618248144732874, -1.389033619557516, -1.4526518026935022, 1.4933139085769653, 2.466534376144409
-0.6775735060321253, -1.8619206587420862, -1.3888896147357386, -1.4527958075152796, 1.4933018684387207, 2.466522455215454
-0.6776092688189905, -1.8619445005999964, -1.38884145418276, -1.4528315703021448, 1.493277907371521, 2.466522455215454
-0.6776092688189905, -1.8619564215289515, -1.3886855284320276, -1.4529154936419886, 1.4933018684387207, 2.4665465354919434
-0.6776211897479456, -1.8619564215289515, -1.388590161000387, -1.4530108610736292, 1.4932658672332764, 2.466522455215454
-0.6776812712298792, -1.8619683424579065, -1.3884580771075647, -1.4531548658954065, 1.4932658672332764, 2.4665703773498535
-0.6777170340167444, -1.8619564215289515, -1.3884461561786097, -1.45319110551943, 1.4932539463043213, 2.466510534286499
-0.6777408758746546, -1.8619564215289515, -1.3883503119098108, -1.4532387892352503, 1.4932658672332764, 2.466522455215454
-0.6777408758746546, -1.8619802633868616, -1.388277832661764, -1.453310791646139, 1.4932539463043213, 2.466498374938965
-0.6778009573565882, -1.8619683424579065, -1.3880742231952112, -1.4534905592547815, 1.4932539463043213, 2.466522455215454
-0.6778491179095667, -1.8619683424579065, -1.3880742231952112, -1.4534185568438929, 1.4932299852371216, 2.4664504528045654
-0.67786151567568, -1.8619921843158167, -1.388026539479391, -1.453454319630758, 1.4931939840316772, 2.4664504528045654
