-0.7041795889483851, -2.3103602568255823, -1.1956046263324183, -1.2064374128924769, 1.5689668655395508, 2.1230740547180176
-0.7041552702533167, -2.3103726545916956, -1.195580784474508, -1.2064254919635218, 1.5689668655395508, 2.1230380535125732
-0.70416766801943, -2.3103726545916956, -1.1956046263324183, -1.2064254919635218, 1.568942904472351, 2.123014211654663
-0.7041795889483851, -2.3103726545916956, -1.1956165472613733, -1.2063897291766565, 1.5689668655395508, 2.123026132583618
-0.7042153517352503, -2.3103845755206507, -1.1956284681903284, -1.2064254919635218, 1.5689789056777954, 2.1230621337890625
-0.7042034308062952, -2.310324494038717, -1.1956046263324183, -1.2064016501056116, 1.5689549446105957, 2.1230740547180176
-0.7041552702533167, -2.3103726545916956, -1.195580784474508, -1.2064254919635218, 1.568942904472351, 2.1230740547180176
-0.7041915098773401, -2.3103964964496058, -1.1956403891192835, -1.206461254750387, 1.5689189434051514, 2.1230740547180176
-0.7041915098773401, -2.310324494038717, -1.1956165472613733, -1.2063897291766565, 1.568942904472351, 2.1230380535125732
-0.7041915098773401, -2.3103726545916956, -1.1955927054034632, -1.2064374128924769, 1.5689668655395508, 2.1230740547180176
-0.7041915098773401, -2.3103483358966272, -1.1956046263324183, -1.2064016501056116, 1.568942904472351, 2.123026132583618
-0.7041915098773401, -2.3103483358966272, -1.1956165472613733, -1.2064254919635218, 1.5689908266067505, 2.123026132583618
-0.7042153517352503, -2.3103964964496058, -1.1956046263324183, -1.2064254919635218, 1.5689549446105957, 2.123026132583618
-0.7041915098773401, -2.3103483358966272, -1.1956284681903284, -1.2064016501056116, 1.5689549446105957, 2.1230740547180176
-0.70416766801943, -2.3103726545916956, -1.1956165472613733, -1.2064374128924769, 1.5689549446105957, 2.123014211654663
-0.7041795889483851, -2.310336414967672, -1.1956046263324183, -1.2064254919635218, 1.568942904472351, 2.123014211654663
-0.70416766801943, -2.3103483358966272, -1.1955927054034632, -1.2063897291766565, 1.568942904472351, 2.1230740547180176
-0.70416766801943, -2.3103602568255823, -1.1956046263324183, -1.2064374128924769, 1.568942904472351, 2.1230621337890625
-0.7041795889483851, -2.3103483358966272, -1.1956284681903284, -1.2064135710345667, 1.5689549446105957, 2.1230499744415283
-0.7041795889483851, -2.310336414967672, -1.1956284681903284, -1.2064254919635218, 1.568942904472351, 2.1230499744415283
-0.70416766801943, -2.3103602568255823, -1.1956046263324183, -1.2064254919635218, 1.5689549446105957, 2.1230621337890625
-0.7041795889483851, -2.3103726545916956, -1.1956284681903284, -1.2064016501056116, 1.5689668655395508, 2.1230499744415283
-0.7042034308062952, -2.3103726545916956, -1.1956046263324183, -1.2064016501056116, 1.5689189434051514, 2.1230621337890625
-0.7042034308062952, -2.3103602568255823, -1.1956046263324183, -1.2064254919635218, 1.5689549446105957, 2.1230380535125732
-0.7041795889483851, -2.310408417378561, -1.1956284681903284, -1.2064135710345667, 1.568930983543396, 2.123026132583618
-0.7041795889483851, -2.3103726545916956, -1.1955683867083948, -1.2064016501056116, 1.568942904472351, 2.1230621337890625
-0.70416766801943, -2.3103964964496058, -1.1956165472613733, -1.2063773314105433, 1.5689789056777954, 2.1230499744415283
-0.7041915098773401, -2.3103483358966272, -1.1956165472613733, -1.2064374128924769, 1.5689668655395508, 2.1230499744415283
-0.70416766801943, -2.310336414967672, -1.1955683867083948, -1.2064016501056116, 1.5689789056777954, 2.1230380535125732
-0.7042034308062952, -2.3103726545916956, -1.1956284681903284, -1.2064016501056116, 1.5689549446105957, 2.1230380535125732
-0.7042153517352503, -2.310336414967672, -1.1956165472613733, -1.2064374128924769, 1.5689789056777954, 2.1230380535125732
-0.7041915098773401, -2.310324494038717, -1.1955927054034632, -1.2063773314105433, 1.5689549446105957, 2.1230740547180176
-0.7041795889483851, -2.3103602568255823, -1.1956046263324183, -1.2063897291766565, 1.568942904472351, 2.1230499744415283
-0.7041795889483851, -2.3103964964496058, -1.1955683867083948, -1.2064374128924769, 1.5689549446105957, 2.1230499744415283
-0.7041795889483851, -2.3103602568255823, -1.1956284681903284, -1.2063897291766565, 1.568942904472351, 2.123014211654663
-0.70416766801943, -2.310336414967672, -1.195580784474508, -1.2063658873187464, 1.568930983543396, 2.1230499744415283
-0.7041795889483851, -2.3103483358966272, -1.1955927054034632, -1.2064135710345667, 1.5689908266067505, 2.123014211654663
-0.70416766801943, -2.3103602568255823, -1.1956165472613733, -1.2063773314105433, 1.5689549446105957, 2.1230380535125732
-0.7041915098773401, -2.310336414967672, -1.1955927054034632, -1.2064016501056116, 1.568930983543396, 2.1230499744415283
-0.7042272726642054, -2.3103726545916956, -1.1955927054034632, -1.2064016501056116, 1.5689549446105957, 2.123026132583618
-0.7041795889483851, -2.3103726545916956, -1.195580784474508, -1.2064374128924769, 1.568942904472351, 2.1230499744415283
-0.7042034308062952, -2.310336414967672, -1.1956046263324183, -1.2064016501056116, 1.5689189434051514, 2.1230380535125732
-0.7041795889483851, -2.3103483358966272, -1.1956046263324183, -1.2064254919635218, 1.5689189434051514, 2.1230499744415283
-0.7041433493243616, -2.3103483358966272, -1.1956165472613733, -1.2064498106585901, 1.5689549446105957, 2.1230621337890625
-0.7042034308062952, -2.310324494038717, -1.1956284681903284, -1.2064016501056116, 1.568942904472351, 2.1230380535125732
-0.7042034308062952, -2.310432259236471, -1.1956284681903284, -1.2063897291766565, 1.5689789056777954, 2.1230380535125732
-0.7041915098773401, -2.3103845755206507, -1.1956403891192835, -1.2064016501056116, 1.5689668655395508, 2.1230499744415283
-0.7042153517352503, -2.310336414967672, -1.1956284681903284, -1.2064135710345667, 1.5689789056777954, 2.123014211654663
-0.7041915098773401, -2.3103845755206507, -1.1956046263324183, -1.2063897291766565, 1.568930983543396, 2.1230740547180176
-0.70416766801943, -2.3103483358966272, -1.1956165472613733, -1.2064016501056116, 1.568942904472351, 2.1230380535125732
-0.70416766801943, -2.3103602568255823, -1.1956046263324183, -1.2064498106585901, 1.568942904472351, 2.1230859756469727
-0.70416766801943, -2.3103483358966272, -1.1956046263324183, -1.2064254919635218, 1.568942904472351, 2.123026132583618
-0.7042153517352503, -2.3103845755206507, -1.1956165472613733, -1.2064016501056116, 1.5689668655395508, 2.1230499744415283
-0.7041915098773401, -2.310336414967672, -1.1956165472613733, -1.2063773314105433, 1.568930983543396, 2.1230380535125732
-0.7041915098773401, -2.3103726545916956, -1.1956284681903284, -1.2064254919635218, 1.568930983543396, 2.123026132583618
-0.7041795889483851, -2.3103602568255823, -1.1956046263324183, -1.2064016501056116, 1.5689549446105957, 2.1230621337890625
-0.7041915098773401, -2.310408417378561, -1.1955927054034632, -1.2064374128924769, 1.568930983543396, 2.123014211654663
-0.7042034308062952, -2.3103726545916956, -1.1956165472613733, -1.2064016501056116, 1.5689908266067505, 2.1230499744415283
-0.7041915098773401, -2.3103726545916956, -1.195580784474508, -1.2064016501056116, 1.5689668655395508, 2.123026132583618
-0.7042153517352503, -2.3103726545916956, -1.195580784474508, -1.2064135710345667, 1.568942904472351, 2.1230978965759277
-0.7041552702533167, -2.310324494038717, -1.1956284681903284, -1.2064374128924769, 1.5689668655395508, 2.1230499744415283
-0.7042153517352503, -2.3103602568255823, -1.1956284681903284, -1.2064374128924769, 1.5689549446105957, 2.123002052307129
-0.7041795889483851, -2.3103483358966272, -1.1956046263324183, -1.2064016501056116, 1.568942904472351, 2.1230499744415283
-0.7041795889483851, -2.3103602568255823, -1.1955927054034632, -1.2064016501056116, 1.568942904472351, 2.1230380535125732
-0.7041915098773401, -2.3103726545916956, -1.1956046263324183, -1.2063897291766565, 1.5689789056777954, 2.1230740547180176
-0.7042153517352503, -2.3103726545916956, -1.1956403891192835, -1.2064135710345667, 1.5689668655395508, 2.1230499744415283
-0.7041795889483851, -2.3103483358966272, -1.1956046263324183, -1.2064135710345667, 1.5689549446105957, 2.1230499744415283
-0.70416766801943, -2.3103726545916956, -1.1956403891192835, -1.2063773314105433, 1.5689789056777954, 2.1230499744415283
-0.70416766801943, -2.3103726545916956, -1.1956284681903284, -1.2064016501056116, 1.568930983543396, 2.1230380535125732
-0.7041915098773401, -2.310336414967672, -1.1955927054034632, -1.2063897291766565, 1.568930983543396, 2.1230380535125732
-0.7041795889483851, -2.3103726545916956, -1.1956165472613733, -1.2064254919635218, 1.568942904472351, 2.123026132583618
-0.7041795889483851, -2.3103845755206507, -1.1956046263324183, -1.2064135710345667, 1.568930983543396, 2.123026132583618
-0.7041915098773401, -2.3103602568255823, -1.1956046263324183, -1.2064374128924769, 1.5689789056777954, 2.123002052307129
-0.7042034308062952, -2.3103602568255823, -1.1955927054034632, -1.2064736525165003, 1.5689549446105957, 2.1230380535125732
-0.7041795889483851, -2.3103483358966272, -1.1956284681903284, -1.2064254919635218, 1.5689549446105957, 2.1230621337890625
-0.7042034308062952, -2.3103964964496058, -1.1956046263324183, -1.2063897291766565, 1.568942904472351, 2.1230740547180176
-0.7041915098773401, -2.3103726545916956, -1.195580784474508, -1.2064374128924769, 1.568942904472351, 2.123026132583618
-0.7041795889483851, -2.3103726545916956, -1.1955927054034632, -1.2063897291766565, 1.5689549446105957, 2.1230621337890625
-0.7042153517352503, -2.3103602568255823, -1.1956284681903284, -1.2064135710345667, 1.5689549446105957, 2.1230621337890625
-0.70416766801943, -2.3103726545916956, -1.1956165472613733, -1.2064135710345667, 1.568930983543396, 2.1230380535125732
-0.7042034308062952, -2.3103726545916956, -1.1956165472613733, -1.2064135710345667, 1.568942904472351, 2.1230380535125732
-0.7042153517352503, -2.3103726545916956, -1.1956165472613733, -1.2063897291766565, 1.5689070224761963, 2.1230499744415283
-0.7042034308062952, -2.3103726545916956, -1.1956403891192835, -1.2064254919635218, 1.568942904472351, 2.1230380535125732
-0.70416766801943, -2.3103726545916956, -1.195580784474508, -1.2063897291766565, 1.5689549446105957, 2.1230380535125732
-0.7041795889483851, -2.3103845755206507, -1.1956046263324183, -1.2064374128924769, 1.5689189434051514, 2.123014211654663
-0.70416766801943, -2.3103602568255823, -1.1955683867083948, -1.2064254919635218, 1.5689549446105957, 2.123026132583618
-0.7041795889483851, -2.3103483358966272, -1.195580784474508, -1.2064135710345667, 1.5689668655395508, 2.1230380535125732
-0.7041915098773401, -2.3103602568255823, -1.1955927054034632, -1.2064374128924769, 1.5689549446105957, 2.1230380535125732
-0.7041915098773401, -2.3103726545916956, -1.1955683867083948, -1.2064135710345667, 1.5689668655395508, 2.1230978965759277
-0.7042272726642054, -2.3103726545916956, -1.1955927054034632, -1.2064374128924769, 1.5689549446105957, 2.1230380535125732
-0.7041915098773401, -2.3103602568255823, -1.1956046263324183, -1.2064498106585901, 1.568942904472351, 2.123014211654663
-0.70416766801943, -2.3103483358966272, -1.1955683867083948, -1.2064016501056116, 1.5689189434051514, 2.1230499744415283
-0.7041915098773401, -2.3103726545916956, -1.195580784474508, -1.2064254919635218, 1.568930983543396, 2.1230978965759277
-0.7041795889483851, -2.3103726545916956, -1.1956046263324183, -1.2064135710345667, 1.5689549446105957, 2.1230499744415283
-0.7041915098773401, -2.3103602568255823, -1.1956046263324183, -1.2063773314105433, 1.568942904472351, 2.1230380535125732
-0.7041915098773401, -2.3103602568255823, -1.195580784474508, -1.2064135710345667, 1.568942904472351, 2.1230859756469727
-0.7041795889483851, -2.3103602568255823, -1.1956165472613733, -1.2063658873187464, 1.5689549446105957, 2.123026132583618
-0.7041795889483851, -2.310336414967672, -1.195580784474508, -1.2064016501056116, 1.5689668655395508, 2.123026132583618
-0.7041795889483851, -2.3103964964496058, -1.195580784474508, -1.2064016501056116, 1.5689668655395508, 2.1230499744415283
-0.7041433493243616, -2.310324494038717, -1.1956165472613733, -1.2063897291766565, 1.568942904472351, 2.1230499744415283
-0.7041915098773401, -2.3103726545916956, -1.1956046263324183, -1.2064016501056116, 1.568942904472351, 2.1230621337890625
-0.7042272726642054, -2.3103602568255823, -1.1956284681903284, -1.2064135710345667, 1.5689549446105957, 2.1230499744415283
-0.7041915098773401, -2.3103726545916956, -1.1956165472613733, -1.2064135710345667, 1.5689549446105957, 2.1230499744415283
-0.7041795889483851, -2.3103602568255823, -1.1956165472613733, -1.2063897291766565, 1.5689789056777954, 2.1230380535125732
-0.70416766801943, -2.310336414967672, -1.1956403891192835, -1.2064254919635218, 1.5689668655395508, 2.1230740547180176
-0.7041795889483851, -2.3103602568255823, -1.1956284681903284, -1.2063897291766565, 1.5689189434051514, 2.1230621337890625
-0.7041433493243616, -2.3103602568255823, -1.1956165472613733, -1.2064135710345667, 1.5689668655395508, 2.1230740547180176
-0.7042034308062952, -2.3103845755206507, -1.1956284681903284, -1.2063897291766565, 1.5689549446105957, 2.123026132583618
-0.70416766801943, -2.3103845755206507, -1.1955927054034632, -1.2064254919635218, 1.5689549446105957, 2.123026132583618
-0.7041915098773401, -2.3103726545916956, -1.1955927054034632, -1.2064254919635218, 1.5689668655395508, 2.1230499744415283
-0.7041795889483851, -2.3103726545916956, -1.1956165472613733, -1.2064374128924769, 1.5689549446105957, 2.1230499744415283
-0.7042034308062952, -2.3103602568255823, -1.1956046263324183, -1.2064135710345667, 1.5689549446105957, 2.1230740547180176
-0.7042034308062952, -2.3103483358966272, -1.1955927054034632, -1.2064016501056116, 1.5689668655395508, 2.123026132583618
-0.7041795889483851, -2.3103602568255823, -1.1956284681903284, -1.2064374128924769, 1.5689549446105957, 2.1230621337890625
-0.7042034308062952, -2.3103726545916956, -1.1956284681903284, -1.2064016501056116, 1.568942904472351, 2.123014211654663
-0.7041795889483851, -2.3103602568255823, -1.1956046263324183, -1.2063897291766565, 1.5689908266067505, 2.123026132583618
-0.7042034308062952, -2.310324494038717, -1.1956284681903284, -1.2064016501056116, 1.568930983543396, 2.1230499744415283
-0.70416766801943, -2.310336414967672, -1.195580784474508, -1.2064498106585901, 1.568930983543396, 2.1230740547180176
-0.7041795889483851, -2.3103845755206507, -1.1956046263324183, -1.2063897291766565, 1.5689549446105957, 2.1230499744415283
-0.7041915098773401, -2.3103845755206507, -1.1956284681903284, -1.2064135710345667, 1.5689789056777954, 2.1230499744415283
-0.70416766801943, -2.3103726545916956, -1.195580784474508, -1.2063897291766565, 1.5689549446105957, 2.1230380535125732
-0.7041915098773401, -2.310336414967672, -1.1956046263324183, -1.2064016501056116, 1.5689549446105957, 2.1230621337890625
-0.7041795889483851, -2.3103726545916956, -1.195580784474508, -1.2064254919635218, 1.5689668655395508, 2.1230380535125732
-0.7041915098773401, -2.3103483358966272, -1.1956284681903284, -1.2064374128924769, 1.568930983543396, 2.1230740547180176
-0.7042034308062952, -2.3103483358966272, -1.1956046263324183, -1.2063897291766565, 1.5689789056777954, 2.1230380535125732
-0.7041915098773401, -2.3103726545916956, -1.195580784474508, -1.2064254919635218, 1.568942904472351, 2.123026132583618
-0.7042272726642054, -2.3103726545916956, -1.195580784474508, -1.2064374128924769, 1.568942904472351, 2.1230499744415283
-0.7042034308062952, -2.3103483358966272, -1.1956165472613733, -1.2063897291766565, 1.568942904472351, 2.1230621337890625
-0.7041795889483851, -2.3103964964496058, -1.1956046263324183, -1.2064135710345667, 1.568942904472351, 2.1230740547180176
-0.7042034308062952, -2.3103602568255823, -1.1956046263324183, -1.2063897291766565, 1.568942904472351, 2.1230621337890625
-0.7041795889483851, -2.3103726545916956, -1.195580784474508, -1.2064016501056116, 1.5689189434051514, 2.1230740547180176
-0.7041915098773401, -2.3103602568255823, -1.1955445448504847, -1.206461254750387, 1.5689549446105957, 2.1230380535125732
-0.7041915098773401, -2.3103602568255823, -1.1956165472613733, -1.2063773314105433, 1.5689549446105957, 2.1230380535125732
-0.7041795889483851, -2.3103726545916956, -1.1955927054034632, -1.2063897291766565, 1.568942904472351, 2.1230380535125732
-0.7042034308062952, -2.310336414967672, -1.1956165472613733, -1.2064135710345667, 1.568942904472351, 2.1230859756469727
-0.7041795889483851, -2.3103726545916956, -1.1956284681903284, -1.2063773314105433, 1.568942904472351, 2.123026132583618
-0.7042034308062952, -2.3103964964496058, -1.1956165472613733, -1.2064135710345667, 1.568942904472351, 2.123026132583618
-0.7041915098773401, -2.3103483358966272, -1.1956284681903284, -1.2064135710345667, 1.5689789056777954, 2.123014211654663
-0.70416766801943, -2.3103483358966272, -1.1955927054034632, -1.2064016501056116, 1.5689549446105957, 2.1230740547180176
-0.7041795889483851, -2.3103483358966272, -1.1956284681903284, -1.2064016501056116, 1.5689668655395508, 2.1230621337890625
-0.7041915098773401, -2.310336414967672, -1.1956046263324183, -1.2063897291766565, 1.568930983543396, 2.123026132583618
-0.7041915098773401, -2.310336414967672, -1.1956165472613733, -1.2063897291766565, 1.5689549446105957, 2.1230621337890625
-0.7041795889483851, -2.3103726545916956, -1.1956165472613733, -1.2064135710345667, 1.5689668655395508, 2.1230621337890625
-0.7041795889483851, -2.3103726545916956, -1.1956165472613733, -1.2064135710345667, 1.5689549446105957, 2.1230499744415283
-0.7042153517352503, -2.3103845755206507, -1.1955927054034632, -1.2064374128924769, 1.568930983543396, 2.1230740547180176
-0.7041552702533167, -2.3103602568255823, -1.1956284681903284, -1.2063773314105433, 1.5689668655395508, 2.1230740547180176
-0.7042034308062952, -2.3103845755206507, -1.1956165472613733, -1.2064016501056116, 1.5689789056777954, 2.1230380535125732
-0.7041915098773401, -2.3103483358966272, -1.1956046263324183, -1.2064016501056116, 1.5689549446105957, 2.1230380535125732
-0.7041795889483851, -2.3103726545916956, -1.1956284681903284, -1.2064254919635218, 1.568942904472351, 2.123026132583618
-0.7042272726642054, -2.3103964964496058, -1.1955927054034632, -1.2064135710345667, 1.5689668655395508, 2.123026132583618
-0.70416766801943, -2.3103483358966272, -1.1955927054034632, -1.2064374128924769, 1.568930983543396, 2.1230740547180176
-0.7042034308062952, -2.3103602568255823, -1.1956165472613733, -1.2064135710345667, 1.5689908266067505, 2.123014211654663
-0.7042153517352503, -2.3103483358966272, -1.1956403891192835, -1.2064135710345667, 1.5689549446105957, 2.123026132583618
-0.70416766801943, -2.3103964964496058, -1.1956284681903284, -1.2064254919635218, 1.5689549446105957, 2.1230380535125732
-0.7041915098773401, -2.3103483358966272, -1.1956046263324183, -1.2064016501056116, 1.5689549446105957, 2.1230380535125732
-0.7041795889483851, -2.3103726545916956, -1.1956046263324183, -1.2064135710345667, 1.5689789056777954, 2.122990131378174
-0.7041795889483851, -2.3103726545916956, -1.1956284681903284, -1.2064254919635218, 1.568930983543396, 2.1230740547180176
-0.7041795889483851, -2.3103845755206507, -1.1956046263324183, -1.2064135710345667, 1.568942904472351, 2.1230740547180176
-0.7041915098773401, -2.310336414967672, -1.1956046263324183, -1.2064374128924769, 1.568930983543396, 2.1230740547180176
-0.7041795889483851, -2.3103964964496058, -1.1955927054034632, -1.2064016501056116, 1.568942904472351, 2.123026132583618
-0.70416766801943, -2.3103602568255823, -1.1956046263324183, -1.2064254919635218, 1.5689908266067505, 2.1230978965759277
-0.70416766801943, -2.310336414967672, -1.1956165472613733, -1.2064254919635218, 1.569146990776062, 2.1230859756469727
-0.7042391935931605, -2.3103483358966272, -1.1955927054034632, -1.2063897291766565, 1.5689549446105957, 2.1230380535125732
-0.7042153517352503, -2.3103602568255823, -1.195580784474508, -1.2064254919635218, 1.568930983543396, 2.1230380535125732
-0.7041795889483851, -2.3103845755206507, -1.195580784474508, -1.2064016501056116, 1.568930983543396, 2.1230380535125732
-0.7042034308062952, -2.3103602568255823, -1.1956046263324183, -1.2064135710345667, 1.568942904472351, 2.1230621337890625
-0.7041915098773401, -2.3103483358966272, -1.1956284681903284, -1.2063773314105433, 1.5690271854400635, 2.1230499744415283
-0.7042153517352503, -2.3103845755206507, -1.1955927054034632, -1.2064135710345667, 1.5690028667449951, 2.1230499744415283
-0.7041795889483851, -2.3103602568255823, -1.1956403891192835, -1.2063897291766565, 1.5689789056777954, 2.1230621337890625
-0.7041795889483851, -2.3103726545916956, -1.1956523100482386, -1.2065094153033655, 1.5688470602035522, 2.1230380535125732
-0.7041915098773401, -2.3103602568255823, -1.1956403891192835, -1.2065094153033655, 1.5689070224761963, 2.123014211654663
-0.7042034308062952, -2.310408417378561, -1.1956403891192835, -1.2064016501056116, 1.5690152645111084, 2.1230380535125732
-0.70416766801943, -2.3103964964496058, -1.1954248587237757, -1.2064374128924769, 1.568942904472351, 2.1230978965759277
-0.7041552702533167, -2.3103726545916956, -1.1953890959369105, -1.206209961568014, 1.568930983543396, 2.1230978965759277
-0.7042034308062952, -2.3103726545916956, -1.1954487005816858, -1.2064016501056116, 1.5689189434051514, 2.123026132583618
-0.7041915098773401, -2.3103602568255823, -1.195460621510641, -1.2063897291766565, 1.5689668655395508, 2.1230740547180176
-0.7041552702533167, -2.3103845755206507, -1.1957600752459925, -1.2063658873187464, 1.5689668655395508, 2.1230859756469727
-0.70416766801943, -2.310408417378561, -1.195892635975973, -1.2065094153033655, 1.5689668655395508, 2.1230740547180176
-0.7041795889483851, -2.3103964964496058, -1.195892635975973, -1.2064254919635218, 1.5689189434051514, 2.1230499744415283
-0.7041795889483851, -2.310408417378561, -1.1954005400287073, -1.2062576452838343, 1.5689789056777954, 2.1230621337890625
-0.7041795889483851, -2.3103845755206507, -1.195364777241842, -1.2062695662127894, 1.568930983543396, 2.1230499744415283
-0.7041915098773401, -2.3103845755206507, -1.1954248587237757, -1.2064498106585901, 1.568942904472351, 2.1230740547180176
-0.7041433493243616, -2.310444180165426, -1.1954005400287073, -1.2064374128924769, 1.5689549446105957, 2.1230859756469727
-0.7041795889483851, -2.3103845755206507, -1.1954248587237757, -1.2063897291766565, 1.5689668655395508, 2.1230499744415283
-0.7041795889483851, -2.3103964964496058, -1.195892635975973, -1.2064374128924769, 1.5689789056777954, 2.1230621337890625
-0.7041552702533167, -2.3103964964496058, -1.1958807150470179, -1.2063658873187464, 1.5688470602035522, 2.1230499744415283
-0.7041552702533167, -2.310420338307516, -1.1958807150470179, -1.2063773314105433, 1.5689189434051514, 2.1230621337890625
-0.7041314283954065, -2.310408417378561, -1.1955564657794397, -1.2064374128924769, 1.5689908266067505, 2.1230621337890625
-0.7042153517352503, -2.310444180165426, -1.1955683867083948, -1.2064974943744105, 1.5689070224761963, 2.1230740547180176
-0.7041795889483851, -2.310432259236471, -1.195580784474508, -1.2064374128924769, 1.5688830614089966, 2.1230859756469727
-0.7041552702533167, -2.310444180165426, -1.1955445448504847, -1.2063773314105433, 1.5688949823379517, 2.1230978965759277
-0.7041795889483851, -2.3102524916278284, -1.1955683867083948, -1.2064016501056116, 1.5688830614089966, 2.1230978965759277
-0.7042153517352503, -2.30988055864443, -1.1955207029925745, -1.206461254750387, 1.5689189434051514, 2.1230621337890625
-0.7041552702533167, -2.3102524916278284, -1.1955927054034632, -1.2064498106585901, 1.5688591003417969, 2.1230978965759277
-0.7041915098773401, -2.310300652180807, -1.1955564657794397, -1.2064736525165003, 1.5687991380691528, 2.1230859756469727
-0.70416766801943, -2.3102286497699183, -1.195484463368551, -1.2061980406390589, 1.5689908266067505, 2.1230978965759277
-0.7042153517352503, -2.310204807912008, -1.1951363722430628, -1.2063897291766565, 1.5689070224761963, 2.1231343746185303
-0.7041552702533167, -2.3102524916278284, -1.195484463368551, -1.2070005575763147, 1.569039225578308, 2.1230740547180176
-0.7041552702533167, -2.310312573109762, -1.1957362333880823, -1.2064254919635218, 1.5689668655395508, 2.1230978965759277
-0.7044194380389612, -2.3102644125567835, -1.1956647078143519, -1.2065451780902308, 1.5685114860534668, 2.1231343746185303
-0.7036874930011194, -2.3104923407184046, -1.1956403891192835, -1.2065337339984339, 1.5698777437210083, 2.1231582164764404
-0.7042635122882288, -2.3108757177936, -1.1954968611346644, -1.206665341054098, 1.5682958364486694, 2.1230740547180176
-0.7042391935931605, -2.3105042616473597, -1.1955326239215296, -1.2065814177142542, 1.5677927732467651, 2.123026132583618
-0.7039035002337855, -2.310420338307516, -1.1955087820636194, -1.206353489552633, 1.5697458982467651, 2.1231582164764404
-0.7041314283954065, -2.310420338307516, -1.1955207029925745, -1.2064016501056116, 1.5698896646499634, 2.1230978965759277
-0.7042153517352503, -2.3103845755206507, -1.1955445448504847, -1.2065213362323206, 1.568259835243225, 2.1230978965759277
-0.7041075865374964, -2.310456101094381, -1.1955087820636194, -1.2064498106585901, 1.5689070224761963, 2.1230740547180176
-0.7040956656085413, -2.310420338307516, -1.1955326239215296, -1.2064254919635218, 1.5690871477127075, 2.1230859756469727
-0.7041195074664515, -2.310444180165426, -1.1954968611346644, -1.2064498106585901, 1.568811058998108, 2.123110055923462
-0.7043235937701624, -2.310432259236471, -1.1955087820636194, -1.2064736525165003, 1.5684635639190674, 2.123122453689575
-0.7038195768939417, -2.310456101094381, -1.1955326239215296, -1.2064374128924769, 1.5696500539779663, 2.123110055923462
-0.7044432798968714, -2.310456101094381, -1.1955445448504847, -1.2064254919635218, 1.5689789056777954, 2.1230621337890625
-0.7042272726642054, -2.310420338307516, -1.1955087820636194, -1.2064374128924769, 1.5675771236419678, 2.1230621337890625
-0.7038195768939417, -2.310456101094381, -1.1955445448504847, -1.2063773314105433, 1.5695780515670776, 2.123110055923462
-0.7041795889483851, -2.310432259236471, -1.195580784474508, -1.2064135710345667, 1.5697219371795654, 2.1231343746185303
-0.7042511145221155, -2.310444180165426, -1.1955564657794397, -1.2064855734454554, 1.5682958364486694, 2.1230499744415283
-0.704071346913473, -2.3104804197894495, -1.1955564657794397, -1.2064135710345667, 1.5688470602035522, 2.1230859756469727
-0.7040475050555628, -2.310432259236471, -1.1955326239215296, -1.2063773314105433, 1.56978178024292, 2.1231343746185303
-0.7041552702533167, -2.310444180165426, -1.195580784474508, -1.2064254919635218, 1.5690511465072632, 2.1230978965759277
-0.704287354146139, -2.310420338307516, -1.1955564657794397, -1.2064374128924769, 1.567960262298584, 2.1230499744415283
-0.7037957350360315, -2.310408417378561, -1.1955683867083948, -1.2063658873187464, 1.5700933933258057, 2.123122453689575
-0.7043111960040491, -2.310444180165426, -1.1955445448504847, -1.206461254750387, 1.569674015045166, 2.1230859756469727
-0.7041195074664515, -2.3103964964496058, -1.1955564657794397, -1.206461254750387, 1.5681519508361816, 2.123026132583618
-0.7040236631976526, -2.310432259236471, -1.195580784474508, -1.2064374128924769, 1.5692788362503052, 2.1230621337890625
-0.7040956656085413, -2.3103845755206507, -1.195580784474508, -1.206461254750387, 1.5689668655395508, 2.1230621337890625
-0.7041195074664515, -2.310420338307516, -1.1955445448504847, -1.2064135710345667, 1.5688350200653076, 2.1230621337890625
-0.7040837446795862, -2.310432259236471, -1.1955326239215296, -1.2064374128924769, 1.5689668655395508, 2.1230859756469727
-0.7041075865374964, -2.309748951588766, -1.1954730192767542, -1.2062457243548792, 1.5690271854400635, 2.1230621337890625
-0.7042635122882288, -2.310192886983053, -1.195484463368551, -1.2065337339984339, 1.5688591003417969, 2.1230380535125732
-0.7042635122882288, -2.3108156363116663, -1.1954730192767542, -1.2064974943744105, 1.5688470602035522, 2.1230740547180176
-0.7042034308062952, -2.3108518759356897, -1.1954968611346644, -1.2064135710345667, 1.569075107574463, 2.1230621337890625
-0.7042391935931605, -2.310288731251852, -1.1954968611346644, -1.2066052595721644, 1.5689908266067505, 2.1230978965759277
-0.7041915098773401, -2.310324494038717, -1.1955207029925745, -1.2064498106585901, 1.568942904472351, 2.1230740547180176
-0.70416766801943, -2.310312573109762, -1.1954968611346644, -1.206353489552633, 1.5689789056777954, 2.1230740547180176
-0.70416766801943, -2.310312573109762, -1.1955326239215296, -1.2064498106585901, 1.568942904472351, 2.1230621337890625
-0.7041795889483851, -2.310300652180807, -1.1954968611346644, -1.2064016501056116, 1.568930983543396, 2.1230978965759277
-0.7041795889483851, -2.310312573109762, -1.1955207029925745, -1.2063773314105433, 1.5689549446105957, 2.1230621337890625
-0.7041795889483851, -2.310312573109762, -1.1955087820636194, -1.2063897291766565, 1.5688830614089966, 2.1230978965759277
-0.7041795889483851, -2.310288731251852, -1.1954968611346644, -1.2063897291766565, 1.5688949823379517, 2.1230740547180176
-0.7041915098773401, -2.310300652180807, -1.195484463368551, -1.2063773314105433, 1.5689549446105957, 2.1230380535125732
-0.7041795889483851, -2.310300652180807, -1.1955207029925745, -1.2063897291766565, 1.5689549446105957, 2.123014211654663
-0.7042034308062952, -2.310288731251852, -1.1955087820636194, -1.206353489552633, 1.5689189434051514, 2.1230380535125732
-0.70416766801943, -2.310300652180807, -1.1954968611346644, -1.2064254919635218, 1.5688949823379517, 2.1230621337890625
-0.7041314283954065, -2.310312573109762, -1.195484463368551, -1.2063897291766565, 1.5689549446105957, 2.1230621337890625
-0.7041552702533167, -2.310288731251852, -1.1954968611346644, -1.2063897291766565, 1.568942904472351, 2.1230621337890625
-0.7042034308062952, -2.310288731251852, -1.1955207029925745, -1.2063897291766565, 1.568942904472351, 2.1230621337890625
-0.7041915098773401, -2.310324494038717, -1.1954730192767542, -1.2064135710345667, 1.5689189434051514, 2.1230978965759277
-0.7041915098773401, -2.310300652180807, -1.1955207029925745, -1.2063773314105433, 1.5689189434051514, 2.1230740547180176
-0.70416766801943, -2.310300652180807, -1.1954968611346644, -1.206353489552633, 1.568942904472351, 2.1230859756469727
-0.7041552702533167, -2.3102763334857386, -1.1954968611346644, -1.2063773314105433, 1.5689189434051514, 2.123110055923462
-0.7041552702533167, -2.310312573109762, -1.1955207029925745, -1.2063773314105433, 1.568930983543396, 2.1230499744415283
-0.7041552702533167, -2.310300652180807, -1.1954968611346644, -1.2063658873187464, 1.5689789056777954, 2.1230380535125732
-0.7041915098773401, -2.310288731251852, -1.1955087820636194, -1.2064254919635218, 1.5689189434051514, 2.1230859756469727
-0.7041795889483851, -2.310324494038717, -1.195484463368551, -1.2063897291766565, 1.568930983543396, 2.1230499744415283
-0.7041552702533167, -2.310324494038717, -1.1955087820636194, -1.2063897291766565, 1.568942904472351, 2.1230621337890625
