-0.6967781225787562, -2.280372444783346, -1.1966717878924769, -1.2332690397845667, 1.5711956024169922, 2.125281810760498
-0.6968377272235315, -2.2804086844073694, -1.1966598669635218, -1.2332332769977015, 1.571219563484192, 2.125305652618408
-0.6967900435077112, -2.2804086844073694, -1.1966717878924769, -1.2332451979266565, 1.5712075233459473, 2.125281810760498
-0.6968019644366663, -2.2804086844073694, -1.1966479460345667, -1.2332690397845667, 1.571219563484192, 2.125305652618408
-0.6968258062945765, -2.2804086844073694, -1.1966598669635218, -1.2332690397845667, 1.571219563484192, 2.125269651412964
-0.6967900435077112, -2.280396286641256, -1.1966598669635218, -1.2332804838763636, 1.5712316036224365, 2.125293731689453
-0.6968138853656214, -2.2804325262652796, -1.1966360251056116, -1.2332451979266565, 1.571219563484192, 2.125269651412964
-0.6968019644366663, -2.2804325262652796, -1.1966360251056116, -1.2332451979266565, 1.5711956024169922, 2.1253178119659424
-0.6968019644366663, -2.2804325262652796, -1.196683708821432, -1.2332332769977015, 1.5712316036224365, 2.125281810760498
-0.6967900435077112, -2.280384365712301, -1.1966360251056116, -1.2332690397845667, 1.5712075233459473, 2.125305652618408
-0.6968019644366663, -2.280384365712301, -1.1966598669635218, -1.233208958302633, 1.5711956024169922, 2.125269651412964
-0.6968138853656214, -2.2804325262652796, -1.1966479460345667, -1.2332571188556116, 1.571219563484192, 2.125281810760498
-0.6968138853656214, -2.280396286641256, -1.1966479460345667, -1.2332928816424769, 1.571219563484192, 2.125257730484009
-0.6968019644366663, -2.2804086844073694, -1.1966479460345667, -1.2332571188556116, 1.571219563484192, 2.125269651412964
-0.6968019644366663, -2.280396286641256, -1.1966598669635218, -1.2332928816424769, 1.5711835622787476, 2.125281810760498
-0.6967900435077112, -2.280396286641256, -1.1966479460345667, -1.2332451979266565, 1.5712316036224365, 2.125269651412964
-0.6967900435077112, -2.280372444783346, -1.1966598669635218, -1.2332690397845667, 1.5712316036224365, 2.125257730484009
-0.6968019644366663, -2.280384365712301, -1.1966717878924769, -1.2332928816424769, 1.5712075233459473, 2.125305652618408
-0.6968019644366663, -2.280384365712301, -1.1966598669635218, -1.2332332769977015, 1.5712316036224365, 2.125293731689453
-0.6967662016498011, -2.2804325262652796, -1.1966360251056116, -1.2332690397845667, 1.5712075233459473, 2.125269651412964
-0.6968019644366663, -2.2804086844073694, -1.1966360251056116, -1.2332690397845667, 1.571219563484192, 2.125269651412964
-0.6968019644366663, -2.280396286641256, -1.1966360251056116, -1.2332928816424769, 1.5712075233459473, 2.1252338886260986
-0.6967900435077112, -2.2804086844073694, -1.1966598669635218, -1.2332690397845667, 1.571219563484192, 2.125269651412964
-0.6968019644366663, -2.2804206053363245, -1.1966360251056116, -1.2332804838763636, 1.571219563484192, 2.125269651412964
-0.6968019644366663, -2.280396286641256, -1.1966360251056116, -1.2332690397845667, 1.5712075233459473, 2.125293731689453
-0.6968258062945765, -2.280396286641256, -1.1966479460345667, -1.2332928816424769, 1.571219563484192, 2.1252458095550537
-0.6967900435077112, -2.2804206053363245, -1.1966360251056116, -1.2332928816424769, 1.5711835622787476, 2.125269651412964
-0.6968138853656214, -2.280396286641256, -1.1965039412127894, -1.2334960142718714, 1.5709439516067505, 2.125281810760498
-0.6968377272235315, -2.280396286641256, -1.1965039412127894, -1.2334960142718714, 1.5710158348083496, 2.1251978874206543
-0.6968377272235315, -2.280360523854391, -1.1964920202838343, -1.2334607283221644, 1.5710997581481934, 2.1253416538238525
-0.696873966847555, -2.280372444783346, -1.1964681784259241, -1.2334721724139612, 1.5710397958755493, 2.125401496887207
-0.696873966847555, -2.280360523854391, -1.1965039412127894, -1.2332571188556116, 1.5709798336029053, 2.125497579574585
-0.6968978087054651, -2.2804325262652796, -1.1965163389789026, -1.2334721724139612, 1.5710278749465942, 2.1253535747528076
-0.6969097296344202, -2.2804325262652796, -1.1965521017657679, -1.233436409627096, 1.5708364248275757, 2.1253535747528076
-0.6969578901873987, -2.2804206053363245, -1.1965039412127894, -1.233436409627096, 1.5711476802825928, 2.125149965286255
-0.6969459692584437, -2.2804086844073694, -1.1965163389789026, -1.2334607283221644, 1.5710158348083496, 2.12498140335083
-0.6969698111163538, -2.280384365712301, -1.1965282599078577, -1.2334960142718714, 1.5709679126739502, 2.124957323074341
-0.6970174948321741, -2.2804086844073694, -1.1964800993548792, -1.233675781880514, 1.5712075233459473, 2.12498140335083
-0.6970174948321741, -2.2804206053363245, -1.1965282599078577, -1.2334840933429163, 1.5712435245513916, 2.125053644180298
-0.696993652974264, -2.2804086844073694, -1.1964800993548792, -1.2337597052203577, 1.571279525756836, 2.12516188621521
-0.6970298925982874, -2.280396286641256, -1.1964681784259241, -1.2338317076312464, 1.5713753700256348, 2.125305652618408
-0.6970422903644007, -2.2804563681231897, -1.1964920202838343, -1.233436409627096, 1.5716630220413208, 2.1253178119659424
-0.6971381346331995, -2.280396286641256, -1.1964681784259241, -1.2334960142718714, 1.571519136428833, 2.124957323074341
-0.6971257368670862, -2.2804563681231897, -1.196444336568014, -1.2336519400226038, 1.5717707872390747, 2.1248257160186768
-0.6971257368670862, -2.2804206053363245, -1.196456257496969, -1.2336400190936487, 1.5719985961914062, 2.124765634536743
-0.6971858183490198, -2.2804444471942347, -1.196456257496969, -1.233687702809469, 1.5722023248672485, 2.124765634536743
-0.69720966020693, -2.2804563681231897, -1.196444336568014, -1.2335436979876917, 1.5719265937805176, 2.124849557876587
-0.69720966020693, -2.2804444471942347, -1.1964681784259241, -1.2334006468402308, 1.571746826171875, 2.124861478805542
-0.69720966020693, -2.280468765889303, -1.1964681784259241, -1.233436409627096, 1.5718188285827637, 2.124729633331299
-0.6972816626178187, -2.2804325262652796, -1.196456257496969, -1.233424488698141, 1.5713872909545898, 2.124873638153076
-0.6973179022418421, -2.2804444471942347, -1.196456257496969, -1.2333644072162073, 1.5716869831085205, 2.124513626098633
-0.6973298231707972, -2.2804563681231897, -1.1964324156390589, -1.233185116444723, 1.5717828273773193, 2.123541831970215
-0.6973779837237757, -2.2804444471942347, -1.1963122526751917, -1.2336638609515589, 1.5718188285827637, 2.1230499744415283
-0.6974380652057093, -2.2804325262652796, -1.1963723341571253, -1.2336400190936487, 1.5719265937805176, 2.1225943565368652
-0.6974261442767542, -2.2804563681231897, -1.1963484922992151, -1.233436409627096, 1.571974515914917, 2.1220786571502686
-0.697521988545553, -2.280480686818258, -1.1963723341571253, -1.2333524862872522, 1.5721423625946045, 2.1218385696411133
-0.6975935141192835, -2.280480686818258, -1.1964200178729456, -1.233304802571432, 1.5722023248672485, 2.1213467121124268
-0.6975577513324183, -2.2804206053363245, -1.1963723341571253, -1.233448330556051, 1.5723940134048462, 2.1214547157287598
-0.6976059118853968, -2.2804444471942347, -1.1962998549090784, -1.23356801668276, 1.5724775791168213, 2.120710849761963
-0.6976535956012171, -2.2804206053363245, -1.196324650441305, -1.2335436979876917, 1.5723580121994019, 2.1205666065216064
-0.6977017561541956, -2.2804325262652796, -1.1962760130511683, -1.233556095753805, 1.5722861289978027, 2.120482921600342
-0.6977017561541956, -2.2804444471942347, -1.1962879339801233, -1.2337477842914026, 1.5722262859344482, 2.120602607727051
-0.6976535956012171, -2.2804325262652796, -1.1961563269244593, -1.2339513937579554, 1.572501540184021, 2.1205427646636963
-0.697726074849264, -2.280492607747213, -1.196132008229391, -1.2339513937579554, 1.572322130203247, 2.1199188232421875
-0.6977618376361292, -2.280588452016012, -1.1960604826556605, -1.2340591589557093, 1.572190284729004, 2.1197509765625
-0.6977737585650843, -2.2806604544269007, -1.1960480848895472, -1.234155003224508, 1.5720704793930054, 2.119763135910034
-0.6977976004229944, -2.280696694050924, -1.1959641615497034, -1.2342513243304651, 1.5720584392547607, 2.1200754642486572
-0.697857681904928, -2.2806723753558558, -1.1957724730121058, -1.2345145384417933, 1.5724419355392456, 2.119558811187744
-0.697845760975973, -2.2806604544269007, -1.195700470601217, -1.2345860640155237, 1.5724419355392456, 2.119763135910034
-0.6978338400470179, -2.2806485334979456, -1.195688549672262, -1.2345503012286585, 1.5723940134048462, 2.1198348999023438
-0.697857681904928, -2.2806485334979456, -1.1955927054034632, -1.234730068837301, 1.5729089975357056, 2.1189956665039062
-0.6979654471026819, -2.280684296284811, -1.1955564657794397, -1.234730068837301, 1.5733044147491455, 2.118683338165283
-0.6980612913714808, -2.280696694050924, -1.195460621510641, -1.2350176016436976, 1.5734602212905884, 2.11907958984375
-0.6980493704425257, -2.280708614979879, -1.195460621510641, -1.2347901503192347, 1.573352336883545, 2.1191513538360596
-0.6980255285846155, -2.280696694050924, -1.1955087820636194, -1.2345145384417933, 1.5730648040771484, 2.1190435886383057
-0.6980493704425257, -2.280684296284811, -1.1955087820636194, -1.2344067732440394, 1.5728371143341064, 2.1192831993103027
-0.6980136076556605, -2.280696694050924, -1.1955445448504847, -1.234359089528219, 1.572896957397461, 2.1187193393707275
-0.697977368031637, -2.2807562986956995, -1.1954968611346644, -1.2345383802997034, 1.5731006860733032, 2.1191513538360596
-0.6980136076556605, -2.2807324568377894, -1.195484463368551, -1.234718147908346, 1.5726932287216187, 2.1189956665039062
-0.6980493704425257, -2.280708614979879, -1.1954129377948206, -1.234706226979391, 1.5728130340576172, 2.1196792125701904
-0.6980255285846155, -2.280696694050924, -1.1954005400287073, -1.2344782988177698, 1.573184609413147, 2.1192474365234375
-0.6981099287616175, -2.2807205359088343, -1.1953890959369105, -1.2345264593707483, 1.5733044147491455, 2.119067668914795
-0.6982896963702601, -2.280684296284811, -1.1953890959369105, -1.2344782988177698, 1.5731725692749023, 2.118635416030884
-0.6982057730304163, -2.2807205359088343, -1.1954005400287073, -1.2343352476703089, 1.573256492614746, 2.1189234256744385
-0.698181454335348, -2.2807562986956995, -1.1954005400287073, -1.2342031637774866, 1.573580026626587, 2.118635416030884
-0.6982296148883265, -2.2807324568377894, -1.1954005400287073, -1.234143082295553, 1.5737602710723877, 2.11855149269104
-0.6984332243548792, -2.2807443777667444, -1.1953042189227503, -1.2342389265643519, 1.573676347732544, 2.118791103363037
-0.6984451452838343, -2.2807205359088343, -1.1953399817096155, -1.2340710798846644, 1.5738800764083862, 2.1186952590942383
-0.6984213034259241, -2.2807324568377894, -1.1953519026385706, -1.233687702809469, 1.5740355253219604, 2.1192233562469482
-0.698493782673971, -2.280780617390768, -1.1954129377948206, -1.2338555494891565, 1.5735920667648315, 2.119870901107788
-0.6984694639789026, -2.2807562986956995, -1.195364777241842, -1.2336638609515589, 1.5733164548873901, 2.119403123855591
-0.6984332243548792, -2.2807443777667444, -1.1953519026385706, -1.233687702809469, 1.574227213859558, 2.1188275814056396
-0.6986015478717249, -2.280780617390768, -1.1953280607806605, -1.2338674704181116, 1.5740234851837158, 2.1185154914855957
-0.69861346880068, -2.2807682196246546, -1.1953161398517054, -1.2337716261493128, 1.5733883380889893, 2.1184072494506836
-0.6985896269427698, -2.2807205359088343, -1.1953042189227503, -1.2339513937579554, 1.5735441446304321, 2.118863344192505
-0.6985533873187464, -2.2807443777667444, -1.1951244513141077, -1.2342389265643519, 1.574383020401001, 2.119439125061035
-0.6986253897296351, -2.2807324568377894, -1.1948969999896448, -1.23450214067568, 1.574371099472046, 2.1192831993103027
-0.6987698713885706, -2.280947987233297, -1.1947286764727991, -1.23484975496401, 1.5739279985427856, 2.1187193393707275
-0.6986973921405237, -2.2809961477862757, -1.1945489088641565, -1.2350056807147425, 1.574550747871399, 2.118635416030884
-0.6987817923175257, -2.281043831502096, -1.1945608297931116, -1.234706226979391, 1.5745028257369995, 2.1182875633239746
-0.6987817923175257, -2.2810080687152308, -1.1944411436664026, -1.2349937597857874, 1.5749462842941284, 2.118215560913086
-0.6988413969623011, -2.2810562292682093, -1.1944530645953577, -1.2351258436786097, 1.5748863220214844, 2.1187071800231934
-0.698829476033346, -2.281019989644186, -1.1944649855243128, -1.2349336783038538, 1.574550747871399, 2.119619131088257
-0.698829476033346, -2.281043831502096, -1.1944411436664026, -1.2351134459124964, 1.574442982673645, 2.120183229446411
-0.6988413969623011, -2.281019989644186, -1.1944287459002894, -1.2350776831256312, 1.5742392539978027, 2.1206390857696533
-0.6988413969623011, -2.281043831502096, -1.1944649855243128, -1.2348859945880335, 1.5740474462509155, 2.1208667755126953
-0.6988413969623011, -2.281043831502096, -1.1944287459002894, -1.2348979155169886, 1.5743470191955566, 2.1216108798980713
-0.6987937132464808, -2.281031910573141, -1.1944530645953577, -1.2348859945880335, 1.5742751359939575, 2.1216228008270264
-0.698829476033346, -2.2810562292682093, -1.1944769064532679, -1.2347539106952112, 1.574095368385315, 2.1214547157287598
-0.6988175551043909, -2.281043831502096, -1.1944530645953577, -1.2351134459124964, 1.5740234851837158, 2.122222423553467
-0.6988175551043909, -2.2810681501971644, -1.1944287459002894, -1.2352455298053187, 1.5739879608154297, 2.122450113296509
-0.6988175551043909, -2.2810681501971644, -1.1944168249713343, -1.2353289763080042, 1.5740834474563599, 2.122762441635132
-0.6988056341754358, -2.2810800711261194, -1.1943567434894007, -1.2356045881854456, 1.573688268661499, 2.123110055923462
-0.6988533178912562, -2.2811039129840296, -1.1943448225604456, -1.2356403509723108, 1.5734243392944336, 2.122990131378174
-0.6989133993731897, -2.2811039129840296, -1.1943209807025355, -1.2357004324542444, 1.573580026626587, 2.123014211654663
-0.6989615599261683, -2.2810919920550745, -1.1943329016314905, -1.235748593007223, 1.5737842321395874, 2.122570276260376
-0.6989615599261683, -2.2811277548419397, -1.194284741078512, -1.2357123533831995, 1.573808193206787, 2.1227264404296875
-0.6990092436419886, -2.2811158339129847, -1.1942489782916468, -1.235748593007223, 1.5735560655593872, 2.1224260330200195
-0.6989615599261683, -2.281140152608053, -1.194056812916891, -1.2360957304583948, 1.573676347732544, 2.122774362564087
-0.6989973227130335, -2.281344238911764, -1.1939128080951136, -1.2362154165851038, 1.5737242698669434, 2.123122453689575
-0.699045483266012, -2.281344238911764, -1.1938770453082483, -1.236119572316305, 1.5739279985427856, 2.1230859756469727
-0.699045483266012, -2.281380001698629, -1.1937931219684046, -1.2360957304583948, 1.5738800764083862, 2.1229422092437744
-0.6990931669818323, -2.281368080769674, -1.1938770453082483, -1.2359760443316858, 1.5737003087997437, 2.1226303577423096
-0.6990693251239222, -2.281356159840719, -1.1937688032733362, -1.2362993399249476, 1.5735321044921875, 2.1226425170898438
-0.6990574041949671, -2.281356159840719, -1.1937931219684046, -1.236251179371969, 1.5734602212905884, 2.122774362564087
-0.699045483266012, -2.281380001698629, -1.193733040486471, -1.2362750212298792, 1.5734962224960327, 2.1233620643615723
-0.6990931669818323, -2.2813919226275843, -1.1937688032733362, -1.2362034956561487, 1.573484182357788, 2.1231462955474854
-0.6991294066058558, -2.2813919226275843, -1.1937688032733362, -1.236108128224508, 1.573688268661499, 2.1229662895202637
-0.6991170088397425, -2.281368080769674, -1.193744961415426, -1.235987965260641, 1.5734362602233887, 2.1221024990081787
-0.6991170088397425, -2.281368080769674, -1.1937931219684046, -1.2360599676715296, 1.5735681056976318, 2.121502637863159
-0.6991770903216761, -2.281380001698629, -1.1937573591815394, -1.235880200062887, 1.5738800764083862, 2.1210224628448486
-0.6991890112506312, -2.2814157644854944, -1.1937688032733362, -1.235868279133932, 1.5740714073181152, 2.1209146976470947
-0.6992009321795862, -2.2813919226275843, -1.1937812010394495, -1.2357962767230433, 1.5738680362701416, 2.1206629276275635
-0.699261490498678, -2.2814276854144495, -1.1937688032733362, -1.2357843557940882, 1.573975920677185, 2.120518684387207
-0.6992128531085413, -2.2814038435565394, -1.1937812010394495, -1.2357843557940882, 1.5738800764083862, 2.120734930038452
-0.6992734114276331, -2.2814276854144495, -1.1936972776996058, -1.2361438910113733, 1.5740355253219604, 2.120698928833008
-0.699261490498678, -2.281368080769674, -1.1937091986285608, -1.2360242048846644, 1.573688268661499, 2.1212027072906494
-0.6992128531085413, -2.2814038435565394, -1.193733040486471, -1.235892120991842, 1.5737842321395874, 2.121358871459961
-0.6992252508746546, -2.2814038435565394, -1.193733040486471, -1.235880200062887, 1.5736523866653442, 2.121166706085205
-0.6993334929095667, -2.2813919226275843, -1.1936972776996058, -1.2357361952411097, 1.573915958404541, 2.1214306354522705
-0.6993454138385218, -2.281368080769674, -1.1936972776996058, -1.2357361952411097, 1.573676347732544, 2.122126579284668
-0.6993091742144983, -2.2814038435565394, -1.193733040486471, -1.2356165091144007, 1.5738919973373413, 2.1220786571502686
-0.6993334929095667, -2.2814157644854944, -1.1937091986285608, -1.2354844252215784, 1.574155330657959, 2.121922492980957
-0.6994050184832972, -2.2813919226275843, -1.193733040486471, -1.2356045881854456, 1.574227213859558, 2.1218385696411133
-0.699381176625387, -2.2814276854144495, -1.193733040486471, -1.235424820576803, 1.5737003087997437, 2.1213109493255615
-0.6994174162494105, -2.2814157644854944, -1.1936972776996058, -1.2353766600238245, 1.5736163854599, 2.1212987899780273
-0.6993930975543421, -2.2814038435565394, -1.193721119557516, -1.2355087439166468, 1.5735081434249878, 2.1215264797210693
-0.6995132605182093, -2.281440083180563, -1.1936734358416956, -1.2357600370990198, 1.5734962224960327, 2.12147855758667
-0.699597183858053, -2.281463925038473, -1.1936734358416956, -1.2357123533831995, 1.5734362602233887, 2.1211187839508057
-0.699585262929098, -2.281668011342184, -1.1936734358416956, -1.2357242743121546, 1.573808193206787, 2.1212265491485596
-0.6996453444110315, -2.281715695058004, -1.1935771147357386, -1.2359641234027308, 1.573844075202942, 2.1217427253723145
-0.6997049490558069, -2.2817280928241175, -1.193601433430807, -1.235999886189596, 1.573844075202942, 2.1220543384552
-0.6997173468219202, -2.281715695058004, -1.1935651938067835, -1.235892120991842, 1.5736284255981445, 2.1221745014190674
-0.6996691862689417, -2.281715695058004, -1.1935895125018519, -1.235880200062887, 1.5735441446304321, 2.122270345687866
-0.6996930281268519, -2.2817400137530726, -1.1935895125018519, -1.2359641234027308, 1.5733283758163452, 2.1231582164764404
-0.6996572653399866, -2.281775776539938, -1.1935651938067835, -1.2359760443316858, 1.5729448795318604, 2.1231942176818848
-0.6996572653399866, -2.2817280928241175, -1.193625275288717, -1.2358439604388636, 1.5730048418045044, 2.1230859756469727
-0.6996691862689417, -2.2817638556109827, -1.19350511232485, -1.2360838095294397, 1.573184609413147, 2.123026132583618
-0.6997411886798304, -2.2817400137530726, -1.193409268056051, -1.2360599676715296, 1.5731486082077026, 2.1233859062194824
-0.6998727957354944, -2.2817400137530726, -1.1933611075030726, -1.2361910978900355, 1.5728371143341064, 2.1231582164764404
-0.6998370329486292, -2.2817638556109827, -1.1933253447162073, -1.235999886189596, 1.572669267654419, 2.1233620643615723
-0.699801270161764, -2.281703774129049, -1.1933611075030726, -1.2357004324542444, 1.572741150856018, 2.1230499744415283
-0.6998971144305628, -2.281715695058004, -1.1933372656451624, -1.2360361258136194, 1.572729229927063, 2.123661994934082
-0.6999333540545862, -2.2817519346820276, -1.1933372656451624, -1.2359040419207972, 1.5725613832473755, 2.1234939098358154
-0.6999571959124964, -2.2817280928241175, -1.1933372656451624, -1.2359402815448206, 1.572741150856018, 2.1230499744415283
-0.6998847166644495, -2.2817400137530726, -1.1933372656451624, -1.235999886189596, 1.5727052688598633, 2.123242139816284
-0.6999452749835413, -2.2817519346820276, -1.1933372656451624, -1.2359641234027308, 1.5723580121994019, 2.1231582164764404
-0.6999571959124964, -2.2817519346820276, -1.1933015028582972, -1.235999886189596, 1.572250247001648, 2.1231942176818848
-0.6999452749835413, -2.2817519346820276, -1.1933253447162073, -1.236108128224508, 1.5723340511322021, 2.122918128967285
-0.6999810377704065, -2.2817400137530726, -1.1932652632342737, -1.2362154165851038, 1.5721063613891602, 2.122798442840576
-0.6999691168414515, -2.2817519346820276, -1.193277661000387, -1.2360718886004847, 1.5717109441757202, 2.12290620803833
-0.6999929586993616, -2.2817400137530726, -1.193277661000387, -1.2360599676715296, 1.5719985961914062, 2.1230978965759277
-0.6999929586993616, -2.2817638556109827, -1.1932891050921839, -1.2361796537982386, 1.5717707872390747, 2.123986005783081
-0.7000768820392054, -2.281775776539938, -1.1933134237872522, -1.236108128224508, 1.5714112520217896, 2.1243937015533447
-0.7001012007342737, -2.281799618397848, -1.1933491865741175, -1.2360480467425745, 1.5713274478912354, 2.1247897148132324
-0.7000291983233851, -2.281775776539938, -1.1933134237872522, -1.235868279133932, 1.5710158348083496, 2.1243457794189453
-0.70001727739443, -2.2818358580218714, -1.1933015028582972, -1.235880200062887, 1.5710877180099487, 2.124873638153076
-0.7001012007342737, -2.281895462666647, -1.1933372656451624, -1.2357962767230433, 1.5709439516067505, 2.1248257160186768
-0.7000892798053187, -2.28190786043276, -1.193409268056051, -1.2355683485614222, 1.5710997581481934, 2.124537706375122
-0.7000291983233851, -2.28193170229067, -1.1932652632342737, -1.2360957304583948, 1.5713633298873901, 2.1248855590820312
-0.7000768820392054, -2.2819793860064905, -1.1933253447162073, -1.2361553351031702, 1.5713633298873901, 2.1243338584899902
-0.7001727263080042, -2.281991783772604, -1.1933372656451624, -1.236239258443014, 1.5704649686813354, 2.123997926712036
-0.7001131216632288, -2.2819793860064905, -1.193277661000387, -1.2362874189959925, 1.571291446685791, 2.123445987701416
-0.700136963521139, -2.2819793860064905, -1.1932652632342737, -1.2363231817828577, 1.571866750717163, 2.1234819889068604
-0.7002208868609827, -2.2819674650775355, -1.1932533423053187, -1.2363832632647913, 1.5713633298873901, 2.1231703758239746
-0.7002690474139612, -2.2819674650775355, -1.1932051817523401, -1.2363713423358362, 1.5710757970809937, 2.123230218887329
-0.7002328077899378, -2.2819793860064905, -1.193169418965475, -1.2362154165851038, 1.5718786716461182, 2.123002052307129
-0.7003291288958948, -2.2819555441485804, -1.193073574696676, -1.2363713423358362, 1.572034478187561, 2.1229422092437744
-0.7003648916827601, -2.282027546559469, -1.1930974165545862, -1.2365391890155237, 1.5716509819030762, 2.1232900619506836
-0.7003892103778284, -2.2822073141681116, -1.193073574696676, -1.2366107145892542, 1.5710757970809937, 2.123661994934082
-0.7003172079669397, -2.2822192350970667, -1.1930254141436976, -1.23645526567568, 1.5716509819030762, 2.123565673828125
-0.7003892103778284, -2.282243076954977, -1.1930373350726526, -1.2365148703204554, 1.5716030597686768, 2.123326063156128
-0.7003410498248499, -2.2822192350970667, -1.1929896513568323, -1.2366707960711878, 1.5712435245513916, 2.1235058307647705
-0.700352970753805, -2.282231156026022, -1.1930373350726526, -1.2365148703204554, 1.571123719215393, 2.1233620643615723
-0.7003648916827601, -2.282243076954977, -1.1929896513568323, -1.2365267912494105, 1.5708245038986206, 2.1233022212982178
-0.700352970753805, -2.282267395650045, -1.1930010954486292, -1.2364190260516565, 1.5707885026931763, 2.1231822967529297
-0.7003291288958948, -2.2823150793658655, -1.1930254141436976, -1.23645526567568, 1.570656657218933, 2.1229782104492188
-0.7003768126117151, -2.2823270002948206, -1.1930254141436976, -1.2363951841937464, 1.5712316036224365, 2.1234219074249268
-0.700352970753805, -2.2824228445636194, -1.1929896513568323, -1.2364071051227015, 1.5709439516067505, 2.1232540607452393
-0.7004011313067835, -2.282471005116598, -1.1930010954486292, -1.236358944569723, 1.57087242603302, 2.123469829559326
-0.7004011313067835, -2.282578770314352, -1.192965332661764, -1.2366231123553675, 1.5706926584243774, 2.1233620643615723
-0.7004488150226038, -2.282578770314352, -1.1929057280169886, -1.2364910284625452, 1.5710997581481934, 2.123565673828125
-0.7004368940936487, -2.282578770314352, -1.1928694883929651, -1.2365029493915003, 1.5711116790771484, 2.123350143432617
-0.7004249731646937, -2.282566849385397, -1.192845646535055, -1.2366345564471644, 1.5708245038986206, 2.1235177516937256
-0.7004249731646937, -2.2825549284564417, -1.19285756746401, -1.2365148703204554, 1.57052481174469, 2.1231343746185303
-0.7004130522357386, -2.2825430075274866, -1.1928218046771448, -1.2364190260516565, 1.5704649686813354, 2.1227025985717773
-0.7004011313067835, -2.282578770314352, -1.1928094069110315, -1.2366107145892542, 1.570297122001648, 2.1230859756469727
-0.7004130522357386, -2.282602612172262, -1.1927617231952112, -1.2369464079486292, 1.5705727338790894, 2.1234219074249268
-0.7004011313067835, -2.282602612172262, -1.1926658789264124, -1.2370899359332483, 1.5703810453414917, 2.123565673828125
-0.7004130522357386, -2.282602612172262, -1.1926539579974573, -1.2371018568622034, 1.5700575113296509, 2.12431001663208
-0.7004249731646937, -2.2826269308673304, -1.1925938765155237, -1.237269703541891, 1.570141315460205, 2.1242380142211914
-0.7003768126117151, -2.282614533101217, -1.1926057974444788, -1.237293545399801, 1.5700575113296509, 2.124213933944702
-0.7003892103778284, -2.282590691243307, -1.1925576368915003, -1.2372573057757776, 1.5700215101242065, 2.1242618560791016
-0.7003648916827601, -2.282614533101217, -1.1926057974444788, -1.2373173872577112, 1.5699855089187622, 2.1242499351501465
-0.7003648916827601, -2.2826507727252405, -1.1925695578204554, -1.237293545399801, 1.5700335502624512, 2.1242740154266357
-0.7003768126117151, -2.2826388517962855, -1.1925819555865687, -1.2373655478106897, 1.5700335502624512, 2.1242260932922363
-0.7004011313067835, -2.2826388517962855, -1.1925695578204554, -1.2373536268817347, 1.5700095891952515, 2.1242499351501465
-0.7004368940936487, -2.282614533101217, -1.1926301161395472, -1.2373774687396448, 1.5699496269226074, 2.1242618560791016
-0.7003768126117151, -2.282578770314352, -1.1925819555865687, -1.2373655478106897, 1.5699855089187622, 2.1242380142211914
-0.7004011313067835, -2.2826388517962855, -1.1925695578204554, -1.2373173872577112, 1.5699256658554077, 2.1242618560791016
-0.7004130522357386, -2.2826269308673304, -1.1926057974444788, -1.2373655478106897, 1.569913625717163, 2.1242260932922363
-0.7003892103778284, -2.2826388517962855, -1.1926301161395472, -1.2373054663287562, 1.5698896646499634, 2.1242380142211914
-0.7003648916827601, -2.2826507727252405, -1.1925819555865687, -1.237281624470846, 1.5698657035827637, 2.124213933944702
-0.7003410498248499, -2.2826626936541956, -1.1926057974444788, -1.2373412291156214, 1.5699615478515625, 2.124213933944702
-0.7004130522357386, -2.2826865355121058, -1.1925695578204554, -1.2373297850238245, 1.5699256658554077, 2.1242499351501465
-0.700352970753805, -2.282710377370016, -1.1926301161395472, -1.2372573057757776, 1.5698777437210083, 2.1242380142211914
-0.700352970753805, -2.2827346960650843, -1.1926177183734339, -1.2372334639178675, 1.5698896646499634, 2.124202013015747
-0.7003892103778284, -2.2827346960650843, -1.1926177183734339, -1.237161938344137, 1.5699735879898071, 2.1242499351501465
-0.7004130522357386, -2.282722775136129, -1.1926539579974573, -1.237173859273092, 1.5699975490570068, 2.1242260932922363
-0.7003892103778284, -2.282710377370016, -1.1926658789264124, -1.2374494711505335, 1.5700575113296509, 2.1242260932922363
-0.7003892103778284, -2.282698456441061, -1.1926539579974573, -1.237401310597555, 1.5700575113296509, 2.1242260932922363
-0.7003892103778284, -2.282039467488424, -1.1925695578204554, -1.2369464079486292, 1.5703091621398926, 2.1242380142211914
-0.7004368940936487, -2.2823150793658655, -1.192641560231344, -1.2372458616839808, 1.569841742515564, 2.1242380142211914
-0.7003892103778284, -2.2827823797809046, -1.1925819555865687, -1.2372334639178675, 1.5698657035827637, 2.124202013015747
-0.7004011313067835, -2.2828667799579065, -1.1926057974444788, -1.237173859273092, 1.5700215101242065, 2.1242380142211914
-0.7003768126117151, -2.282842461262838, -1.1925938765155237, -1.2372215429889124, 1.569913625717163, 2.124213933944702
-0.7003648916827601, -2.282806698475973, -1.1926177183734339, -1.2373297850238245, 1.5700933933258057, 2.124297857284546
-0.7003291288958948, -2.282254997883932, -1.1925576368915003, -1.2375572363482874, 1.5700933933258057, 2.1241660118103027
-0.7003892103778284, -2.282171074544088, -1.1925337950335901, -1.2372215429889124, 1.5701533555984497, 2.124285936355591
-0.7003768126117151, -2.2825306097613733, -1.1925213972674769, -1.2373297850238245, 1.5700095891952515, 2.124190092086792
-0.7003648916827601, -2.282578770314352, -1.1925457159625452, -1.2373054663287562, 1.5700814723968506, 2.1242260932922363
-0.7003768126117151, -2.282590691243307, -1.1925213972674769, -1.2372215429889124, 1.5702012777328491, 2.1242380142211914
-0.7003768126117151, -2.282614533101217, -1.1925457159625452, -1.2373774687396448, 1.570141315460205, 2.1242740154266357
-0.7003892103778284, -2.2826269308673304, -1.1925457159625452, -1.2371256987201136, 1.5698896646499634, 2.124202013015747
-0.7003648916827601, -2.282614533101217, -1.1924975554095667, -1.2371495405780237, 1.5700575113296509, 2.1242499351501465
-0.7003768126117151, -2.2826269308673304, -1.1924975554095667, -1.237173859273092, 1.5701054334640503, 2.124202013015747
-0.7003648916827601, -2.2826269308673304, -1.1925213972674769, -1.2371857802020472, 1.5699615478515625, 2.1242380142211914
-0.7003648916827601, -2.2826269308673304, -1.1925213972674769, -1.2374494711505335, 1.569901704788208, 2.1242499351501465
-0.700352970753805, -2.282614533101217, -1.1925213972674769, -1.2372573057757776, 1.5699735879898071, 2.1242499351501465
-0.700352970753805, -2.282614533101217, -1.1924975554095667, -1.2373173872577112, 1.5699855089187622, 2.124213933944702
-0.700352970753805, -2.282590691243307, -1.1925457159625452, -1.2373173872577112, 1.5700095891952515, 2.124213933944702
-0.7003410498248499, -2.282614533101217, -1.1925213972674769, -1.2373173872577112, 1.5699496269226074, 2.124213933944702
-0.7003291288958948, -2.282590691243307, -1.1925457159625452, -1.2373054663287562, 1.5700575113296509, 2.1242618560791016
-0.700352970753805, -2.282578770314352, -1.1925213972674769, -1.2373054663287562, 1.5700575113296509, 2.1242260932922363
-0.7003892103778284, -2.282578770314352, -1.1925337950335901, -1.2373297850238245, 1.5699375867843628, 2.1242260932922363
-0.7003648916827601, -2.282590691243307, -1.1925457159625452, -1.2373173872577112, 1.5699496269226074, 2.1242499351501465
-0.700352970753805, -2.282578770314352, -1.1925213972674769, -1.2373297850238245, 1.5700335502624512, 2.1242380142211914
-0.7003410498248499, -2.2826269308673304, -1.1925213972674769, -1.237269703541891, 1.5699735879898071, 2.1242499351501465
-0.7003648916827601, -2.282602612172262, -1.1925457159625452, -1.2373054663287562, 1.569913625717163, 2.124285936355591
-0.7003892103778284, -2.282590691243307, -1.1925213972674769, -1.237293545399801, 1.5699735879898071, 2.1242499351501465
-0.7003052870379847, -2.2826269308673304, -1.1925213972674769, -1.237281624470846, 1.5699855089187622, 2.124213933944702
-0.7003648916827601, -2.282602612172262, -1.1925094763385218, -1.237281624470846, 1.5700095891952515, 2.1242260932922363
-0.700352970753805, -2.2826269308673304, -1.1925094763385218, -1.2373173872577112, 1.5699375867843628, 2.1242499351501465
-0.7004011313067835, -2.282602612172262, -1.1925337950335901, -1.2373297850238245, 1.5699855089187622, 2.124213933944702
-0.700352970753805, -2.282602612172262, -1.1925213972674769, -1.237293545399801, 1.5700095891952515, 2.124190092086792
-0.700352970753805, -2.2826269308673304, -1.1925213972674769, -1.2373054663287562, 1.5699735879898071, 2.1242260932922363
-0.7003410498248499, -2.2826269308673304, -1.1925337950335901, -1.2373297850238245, 1.5699615478515625, 2.1242380142211914
-0.7003892103778284, -2.282602612172262, -1.1925337950335901, -1.237281624470846, 1.5699855089187622, 2.124285936355591
-0.7003291288958948, -2.2826269308673304, -1.1925576368915003, -1.2372573057757776, 1.5700215101242065, 2.1242618560791016
-0.7003648916827601, -2.2826388517962855, -1.1925337950335901, -1.237269703541891, 1.5700215101242065, 2.1242380142211914
-0.700352970753805, -2.282590691243307, -1.1925576368915003, -1.2373054663287562, 1.5699615478515625, 2.1242380142211914
-0.700352970753805, -2.282614533101217, -1.1925337950335901, -1.237293545399801, 1.5699975490570068, 2.1242618560791016
-0.7003410498248499, -2.282614533101217, -1.1924975554095667, -1.237293545399801, 1.5700335502624512, 2.1242380142211914
-0.7003892103778284, -2.282578770314352, -1.1925457159625452, -1.2373412291156214, 1.5699975490570068, 2.1242380142211914
-0.700352970753805, -2.2826269308673304, -1.1925695578204554, -1.2373054663287562, 1.5699615478515625, 2.1242499351501465
-0.7003648916827601, -2.282602612172262, -1.1925094763385218, -1.237269703541891, 1.5699975490570068, 2.1242499351501465
-0.7003648916827601, -2.282590691243307, -1.1925213972674769, -1.2373054663287562, 1.5700095891952515, 2.124213933944702
