-0.694127384816305, -2.5696094671832483, -1.342250172291891, -0.8012912909137171, 1.5645098686218262, 2.7080442905426025
-0.6941035429583948, -2.5696094671832483, -1.342250172291891, -0.8013151327716272, 1.5645219087600708, 2.708080291748047
-0.6941035429583948, -2.5695975462542933, -1.342250172291891, -0.801279369984762, 1.5645219087600708, 2.7081046104431152
-0.6940792242633265, -2.569585625325338, -1.3422377745257776, -0.8012674490558069, 1.5645219087600708, 2.7080562114715576
-0.6941035429583948, -2.5696213881122034, -1.3422139326678675, -0.8013032118426722, 1.5645458698272705, 2.708080291748047
-0.6941154638873499, -2.5695975462542933, -1.342274014149801, -0.8012674490558069, 1.5645338296890259, 2.708080291748047
-0.6941035429583948, -2.5696213881122034, -1.3422377745257776, -0.8013394514666956, 1.5645577907562256, 2.70809268951416
-0.6941035429583948, -2.5695975462542933, -1.342250172291891, -0.8013270537005823, 1.5645219087600708, 2.7081046104431152
-0.6941154638873499, -2.5696094671832483, -1.3422616163836878, -0.8013032118426722, 1.5645219087600708, 2.708080291748047
-0.6941035429583948, -2.569585625325338, -1.3422258535968226, -0.8012912909137171, 1.5645219087600708, 2.7081406116485596
-0.6940911451922815, -2.5696094671832483, -1.3422616163836878, -0.8012912909137171, 1.5645098686218262, 2.70809268951416
-0.6941154638873499, -2.5696213881122034, -1.3422258535968226, -0.8013151327716272, 1.5645338296890259, 2.70809268951416
-0.6941154638873499, -2.5695975462542933, -1.342250172291891, -0.8013151327716272, 1.5645219087600708, 2.708080291748047
-0.6941035429583948, -2.5695975462542933, -1.3422616163836878, -0.8013032118426722, 1.5645338296890259, 2.7080562114715576
-0.6941154638873499, -2.5696337858783167, -1.3422377745257776, -0.8012674490558069, 1.5645098686218262, 2.708080291748047
-0.6941154638873499, -2.5695975462542933, -1.3422020117389124, -0.8012555281268519, 1.5645219087600708, 2.708068370819092
-0.6940792242633265, -2.5696213881122034, -1.3422258535968226, -0.8013270537005823, 1.5645219087600708, 2.7081165313720703
-0.6941035429583948, -2.569657627736227, -1.3422377745257776, -0.801279369984762, 1.5645338296890259, 2.708080291748047
-0.6940911451922815, -2.569645706807272, -1.342274014149801, -0.8013394514666956, 1.5645577907562256, 2.7080442905426025
-0.6941035429583948, -2.569585625325338, -1.342274014149801, -0.8013032118426722, 1.564497947692871, 2.7081046104431152
-0.6940792242633265, -2.5696094671832483, -1.3422377745257776, -0.8013032118426722, 1.5645338296890259, 2.7081046104431152
-0.6940792242633265, -2.5695975462542933, -1.3422377745257776, -0.8013032118426722, 1.5645458698272705, 2.708080291748047
-0.6940911451922815, -2.5696094671832483, -1.342250172291891, -0.8012674490558069, 1.5645338296890259, 2.7080442905426025
-0.6941035429583948, -2.5696094671832483, -1.3422258535968226, -0.801279369984762, 1.5645098686218262, 2.7081046104431152
-0.6941154638873499, -2.5695975462542933, -1.3422139326678675, -0.801279369984762, 1.564497947692871, 2.708068370819092
-0.6940673033343714, -2.5696094671832483, -1.342250172291891, -0.8012912909137171, 1.5645219087600708, 2.7081046104431152
-0.6940792242633265, -2.5696094671832483, -1.3422020117389124, -0.801279369984762, 1.5645458698272705, 2.7080562114715576
-0.6941035429583948, -2.569585625325338, -1.3422377745257776, -0.8012912909137171, 1.5645219087600708, 2.70809268951416
-0.6941154638873499, -2.5695975462542933, -1.3422139326678675, -0.8013032118426722, 1.5645338296890259, 2.7080562114715576
-0.6940911451922815, -2.5696213881122034, -1.3422139326678675, -0.801279369984762, 1.5645338296890259, 2.7081046104431152
-0.6941035429583948, -2.5696213881122034, -1.3422139326678675, -0.801279369984762, 1.5645458698272705, 2.708068370819092
-0.6940792242633265, -2.5696213881122034, -1.3422258535968226, -0.8012912909137171, 1.5645219087600708, 2.70809268951416
-0.6940911451922815, -2.5696213881122034, -1.3422139326678675, -0.8013151327716272, 1.564497947692871, 2.708080291748047
-0.6940911451922815, -2.5696094671832483, -1.3421900908099573, -0.801279369984762, 1.5645098686218262, 2.70809268951416
-0.6941035429583948, -2.5695975462542933, -1.3422020117389124, -0.8012912909137171, 1.5645219087600708, 2.708080291748047
-0.6941035429583948, -2.5695975462542933, -1.3422258535968226, -0.8013032118426722, 1.5645458698272705, 2.7080562114715576
-0.6941035429583948, -2.569585625325338, -1.3422020117389124, -0.8013032118426722, 1.5645338296890259, 2.70809268951416
-0.6941035429583948, -2.5696094671832483, -1.3422258535968226, -0.8013032118426722, 1.5645458698272705, 2.708068370819092
-0.6941154638873499, -2.5696094671832483, -1.342250172291891, -0.8013270537005823, 1.5645338296890259, 2.70809268951416
-0.6940911451922815, -2.569573704396383, -1.3421900908099573, -0.801279369984762, 1.5645458698272705, 2.7080442905426025
-0.6941035429583948, -2.569585625325338, -1.3422139326678675, -0.8013151327716272, 1.5645338296890259, 2.708080291748047
-0.6940911451922815, -2.5695975462542933, -1.3422377745257776, -0.8013394514666956, 1.5645219087600708, 2.708068370819092
-0.6941035429583948, -2.5695975462542933, -1.3422377745257776, -0.801279369984762, 1.5645098686218262, 2.708080291748047
-0.6940792242633265, -2.5696213881122034, -1.3422258535968226, -0.801279369984762, 1.5645219087600708, 2.708068370819092
-0.6941035429583948, -2.5695975462542933, -1.3422258535968226, -0.8012912909137171, 1.5645219087600708, 2.708080291748047
-0.6940911451922815, -2.5696094671832483, -1.3422139326678675, -0.801279369984762, 1.5645458698272705, 2.7080562114715576
-0.6941154638873499, -2.569645706807272, -1.3422258535968226, -0.801279369984762, 1.5645098686218262, 2.708080291748047
-0.6941035429583948, -2.569573704396383, -1.3422258535968226, -0.8013032118426722, 1.5645338296890259, 2.70809268951416
-0.6940911451922815, -2.5696094671832483, -1.3422377745257776, -0.8013151327716272, 1.5645098686218262, 2.7081165313720703
-0.6941035429583948, -2.5696337858783167, -1.3422377745257776, -0.8013151327716272, 1.5645098686218262, 2.708080291748047
-0.6941035429583948, -2.569585625325338, -1.3422258535968226, -0.801279369984762, 1.5645219087600708, 2.7081284523010254
-0.6940911451922815, -2.5695975462542933, -1.3421900908099573, -0.801279369984762, 1.5645577907562256, 2.70809268951416
-0.6940792242633265, -2.5695975462542933, -1.3422139326678675, -0.8012674490558069, 1.5645098686218262, 2.708068370819092
-0.6940792242633265, -2.5696337858783167, -1.3421900908099573, -0.801279369984762, 1.5645098686218262, 2.7081165313720703
-0.694127384816305, -2.5696213881122034, -1.3422377745257776, -0.8013151327716272, 1.5645098686218262, 2.708068370819092
-0.6940792242633265, -2.5696337858783167, -1.3422139326678675, -0.8012555281268519, 1.5645219087600708, 2.708080291748047
-0.694127384816305, -2.5695975462542933, -1.3422377745257776, -0.801279369984762, 1.5644859075546265, 2.7081046104431152
-0.6941154638873499, -2.569573704396383, -1.342250172291891, -0.8012674490558069, 1.5645458698272705, 2.7081046104431152
-0.6940673033343714, -2.5697415510760706, -1.3422139326678675, -0.8011840025531214, 1.5645338296890259, 2.708176612854004
-0.6941035429583948, -2.5700891653644007, -1.342250172291891, -0.8010519186602991, 1.5643421411514282, 2.7082724571228027
-0.694127384816305, -2.569909397755758, -1.3422258535968226, -0.8013270537005823, 1.5643421411514282, 2.7080323696136475
-0.6940911451922815, -2.569561783467428, -1.342274014149801, -0.8015072981463831, 1.564437985420227, 2.7080562114715576
-0.6941035429583948, -2.569465939198629, -1.3423097769366663, -0.8015311400042933, 1.5644019842147827, 2.70809268951416
-0.6941035429583948, -2.568805996571676, -1.341830078755514, -0.8013151327716272, 1.564605712890625, 2.7079484462738037
-0.6940673033343714, -2.5690577665912073, -1.3418658415423792, -0.8014829794513147, 1.5667861700057983, 2.707888603210449
-0.6939953009234827, -2.5695136229144495, -1.341841999684469, -0.8015072981463831, 1.5675292015075684, 2.7080202102661133
-0.6940191427813929, -2.569357697163717, -1.3421295324908655, -0.8015430609332483, 1.5676370859146118, 2.707984447479248
-0.6939829031573694, -2.5692017714129847, -1.3420098463641565, -0.8011840025531214, 1.5676729679107666, 2.707972288131714
-0.694042984639303, -2.570329014454977, -1.3424056212054651, -0.8007286230670374, 1.567253589630127, 2.7085723876953125
-0.694042984639303, -2.5705445448504847, -1.3426459471331995, -0.8012555281268519, 1.564497947692871, 2.708008289337158
-0.6940911451922815, -2.5696094671832483, -1.3424294630633753, -0.8016389052020472, 1.5645577907562256, 2.7077207565307617
-0.6940792242633265, -2.569561783467428, -1.3420575300799769, -0.8014949003802698, 1.564426064491272, 2.7081165313720703
-0.694042984639303, -2.5695255438434046, -1.3420336882220667, -0.8015430609332483, 1.5644140243530273, 2.7081406116485596
-0.694031063710348, -2.569249455128805, -1.3420575300799769, -0.8014109770404261, 1.5643421411514282, 2.7081165313720703
-0.6940553824054163, -2.5692017714129847, -1.3420575300799769, -0.8014352957354944, 1.5644140243530273, 2.70809268951416
-0.694042984639303, -2.5691779295550745, -1.3423455397235315, -0.8012674490558069, 1.5644019842147827, 2.7080562114715576
-0.694031063710348, -2.5694897810565394, -1.3423216978656214, -0.801159683858053, 1.5644019842147827, 2.7081165313720703
-0.6940673033343714, -2.569573704396383, -1.3422616163836878, -0.801147762929098, 1.564437985420227, 2.708068370819092
-0.694042984639303, -2.569573704396383, -1.3422616163836878, -0.8011954466449183, 1.564437985420227, 2.7081165313720703
-0.6940553824054163, -2.5696213881122034, -1.342250172291891, -0.8012912909137171, 1.5644140243530273, 2.708080291748047
-0.694042984639303, -2.5696094671832483, -1.3422258535968226, -0.801279369984762, 1.5644140243530273, 2.708068370819092
-0.6940191427813929, -2.5696213881122034, -1.342250172291891, -0.8013270537005823, 1.564426064491272, 2.7080562114715576
-0.694042984639303, -2.5696094671832483, -1.3422139326678675, -0.801279369984762, 1.564426064491272, 2.708068370819092
-0.694031063710348, -2.569585625325338, -1.3422616163836878, -0.8013151327716272, 1.564426064491272, 2.708080291748047
-0.6940553824054163, -2.5696094671832483, -1.342250172291891, -0.8012912909137171, 1.564437985420227, 2.7080442905426025
-0.6940553824054163, -2.569585625325338, -1.3422859350787562, -0.8013032118426722, 1.564426064491272, 2.708068370819092
-0.694042984639303, -2.5695975462542933, -1.342250172291891, -0.8013151327716272, 1.564426064491272, 2.7081046104431152
