1.2864320278167725, -1.354297939931051, -1.5180066267596644, -1.845391098652975, 1.5725374221801758, 3.360440731048584
1.2864201068878174, -1.354297939931051, -1.5179708639727991, -1.8453553358661097, 1.572501540184021, 3.360452890396118
1.2864559888839722, -1.354286019002096, -1.5180066267596644, -1.8453434149371546, 1.5725255012512207, 3.360428810119629
1.286444067955017, -1.354297939931051, -1.5179708639727991, -1.8453553358661097, 1.572513461112976, 3.3604767322540283
1.2864680290222168, -1.354274098073141, -1.517958943043844, -1.8453672567950647, 1.5725374221801758, 3.360440731048584
1.2864680290222168, -1.354297939931051, -1.5179947058307093, -1.8453672567950647, 1.572513461112976, 3.3604648113250732
1.2864559888839722, -1.354286019002096, -1.5179827849017542, -1.845391098652975, 1.5725255012512207, 3.360440731048584
1.2864680290222168, -1.354297939931051, -1.517958943043844, -1.8453791777240198, 1.572501540184021, 3.360440731048584
1.2864559888839722, -1.354286019002096, -1.5179827849017542, -1.8453553358661097, 1.5725613832473755, 3.3604648113250732
1.2864559888839722, -1.354274098073141, -1.5180066267596644, -1.8453553358661097, 1.5725374221801758, 3.360440731048584
1.2864559888839722, -1.354274098073141, -1.5180190245257776, -1.84540301958193, 1.572513461112976, 3.360440731048584
1.2864320278167725, -1.354297939931051, -1.5179827849017542, -1.8453434149371546, 1.5724895000457764, 3.3604047298431396
1.2864320278167725, -1.354297939931051, -1.517947022114889, -1.8453672567950647, 1.5725613832473755, 3.360428810119629
1.2864559888839722, -1.354274098073141, -1.5179827849017542, -1.8453553358661097, 1.5725374221801758, 3.360440731048584
1.2864201068878174, -1.354274098073141, -1.5179947058307093, -1.8453434149371546, 1.5724775791168213, 3.360440731048584
1.286444067955017, -1.354286019002096, -1.5179947058307093, -1.8453672567950647, 1.5725255012512207, 3.360452890396118
1.286444067955017, -1.3542621771441858, -1.5179947058307093, -1.84540301958193, 1.5725374221801758, 3.360428810119629
1.2864559888839722, -1.354297939931051, -1.5179947058307093, -1.845391098652975, 1.5725494623184204, 3.360416889190674
1.2864320278167725, -1.354274098073141, -1.5179708639727991, -1.8453553358661097, 1.5725374221801758, 3.360452890396118
1.286444067955017, -1.3542378584491175, -1.5179947058307093, -1.8453791777240198, 1.572513461112976, 3.360428810119629
1.2864559888839722, -1.3542621771441858, -1.517958943043844, -1.8453195730792444, 1.5725374221801758, 3.360452890396118
1.2864559888839722, -1.354286019002096, -1.5179827849017542, -1.8453553358661097, 1.5725374221801758, 3.3604648113250732
1.286444067955017, -1.3542621771441858, -1.5179827849017542, -1.8453553358661097, 1.572513461112976, 3.360428810119629
1.286444067955017, -1.354286019002096, -1.5179827849017542, -1.8453195730792444, 1.5725374221801758, 3.360428810119629
1.286444067955017, -1.3542621771441858, -1.5179947058307093, -1.8453314940081995, 1.5725374221801758, 3.3604648113250732
1.2864559888839722, -1.3542621771441858, -1.5180190245257776, -1.8453791777240198, 1.5725374221801758, 3.360440731048584
1.2864320278167725, -1.3542502562152308, -1.5180190245257776, -1.8453434149371546, 1.5725374221801758, 3.3604886531829834
1.2864680290222168, -1.3543103376971644, -1.5179827849017542, -1.8453434149371546, 1.5725494623184204, 3.360416889190674
1.2864559888839722, -1.3542502562152308, -1.5180066267596644, -1.8453791777240198, 1.5725374221801758, 3.3604767322540283
1.2864320278167725, -1.354274098073141, -1.517958943043844, -1.8453672567950647, 1.5725255012512207, 3.360440731048584
1.2864559888839722, -1.3542621771441858, -1.5179708639727991, -1.8453434149371546, 1.5725374221801758, 3.360452890396118
1.2864559888839722, -1.3543103376971644, -1.5179947058307093, -1.8453791777240198, 1.5725613832473755, 3.3603928089141846
1.2864559888839722, -1.3542502562152308, -1.5179708639727991, -1.845391098652975, 1.5725613832473755, 3.360428810119629
1.2864320278167725, -1.354274098073141, -1.5179827849017542, -1.8453553358661097, 1.5725374221801758, 3.3604047298431396
1.2864559888839722, -1.3543341795550745, -1.5179827849017542, -1.8453434149371546, 1.572501540184021, 3.360440731048584
1.2864320278167725, -1.3543103376971644, -1.5179947058307093, -1.8453195730792444, 1.572513461112976, 3.360440731048584
1.286444067955017, -1.3542502562152308, -1.5180309454547327, -1.8453434149371546, 1.5725255012512207, 3.360428810119629
1.286444067955017, -1.3543103376971644, -1.5179708639727991, -1.8453672567950647, 1.5725374221801758, 3.360428810119629
1.2864680290222168, -1.354286019002096, -1.5179947058307093, -1.8453553358661097, 1.572501540184021, 3.360428810119629
1.286444067955017, -1.354274098073141, -1.5179947058307093, -1.8453434149371546, 1.572501540184021, 3.360452890396118
1.2864799499511719, -1.354274098073141, -1.5179947058307093, -1.8453672567950647, 1.572513461112976, 3.360416889190674
1.2864559888839722, -1.354297939931051, -1.517958943043844, -1.8453434149371546, 1.572501540184021, 3.360428810119629
1.2864320278167725, -1.3542621771441858, -1.5179708639727991, -1.8453553358661097, 1.5725255012512207, 3.360440731048584
1.286444067955017, -1.354274098073141, -1.5180190245257776, -1.8453314940081995, 1.572513461112976, 3.360452890396118
1.286444067955017, -1.354274098073141, -1.5179947058307093, -1.8454273382769983, 1.572513461112976, 3.360452890396118
1.2864320278167725, -1.3543341795550745, -1.5175512472735804, -1.8460381666766565, 1.5724775791168213, 3.3603804111480713
1.2864799499511719, -1.3546341101275843, -1.5160163084613245, -1.8470681349383753, 1.5724895000457764, 3.3603804111480713
1.2864559888839722, -1.355041805897848, -1.51406175294985, -1.8485773245440882, 1.572513461112976, 3.360332489013672
1.2864559888839722, -1.3556292692767542, -1.5114958922015589, -1.8507221380816858, 1.5725374221801758, 3.360344648361206
1.2864201068878174, -1.3562529722796839, -1.50830585161318, -1.8535369078265589, 1.5724539756774902, 3.360452890396118
1.286444067955017, -1.35716420808901, -1.5043609778033655, -1.8566516081439417, 1.5724655389785767, 3.3604648113250732
1.286444067955017, -1.3581116835223597, -1.4998763243304651, -1.8605693022357386, 1.5723940134048462, 3.3606085777282715
1.2864320278167725, -1.3592503706561487, -1.4945758024798792, -1.8651931921588343, 1.5723940134048462, 3.360644578933716
1.2864201068878174, -1.360617462788717, -1.4885676542865198, -1.8697932402240198, 1.5723340511322021, 3.3607406616210938
1.2864320278167725, -1.3621042410479944, -1.4821046034442347, -1.8753636519061487, 1.5722981691360474, 3.360896587371826
1.2864201068878174, -1.3636992613421839, -1.4748252073871058, -1.8812339941607874, 1.572250247001648, 3.360968828201294
1.2864080667495728, -1.3654382864581507, -1.4669707457171839, -1.8876550833331507, 1.5722262859344482, 3.360968828201294
1.286444067955017, -1.3673933188067835, -1.4582884947406214, -1.8946989218341272, 1.5721663236618042, 3.3611485958099365
1.2864201068878174, -1.369563404713766, -1.4492228666888636, -1.9020903746234339, 1.5720704793930054, 3.361208438873291
1.2864320278167725, -1.371566120778219, -1.440852467213766, -1.90871507326235, 1.572094440460205, 3.3613646030426025
1.2864559888839722, -1.3733885923968714, -1.4332016150103968, -1.9149568716632288, 1.572022557258606, 3.36153244972229
1.2864201068878174, -1.375235382710592, -1.425814453755514, -1.9209707419024866, 1.572022557258606, 3.361616849899292
1.286384105682373, -1.3768060843097132, -1.4194582144366663, -1.9262173811541956, 1.5718427896499634, 3.3615808486938477
1.2864201068878174, -1.3781731764422815, -1.4135339895831507, -1.9309614340411585, 1.5718907117843628, 3.3617005348205566
1.2864320278167725, -1.3794563452350062, -1.4084375540362757, -1.9347708860980433, 1.5718786716461182, 3.361844778060913
1.2864080667495728, -1.3805716673480433, -1.403844181691305, -1.9383767286883753, 1.571866750717163, 3.361856698989868
1.2864320278167725, -1.381554905568258, -1.4001148382769983, -1.9414075056659144, 1.5717947483062744, 3.3618927001953125
1.2864320278167725, -1.3823583761798304, -1.3970325628863733, -1.94379169145693, 1.5718188285827637, 3.3620007038116455
1.2864320278167725, -1.3829940001117151, -1.3946946302997034, -1.9453848044024866, 1.571806788444519, 3.3619885444641113
1.2864559888839722, -1.3834379355060022, -1.3928950468646448, -1.947049919758932, 1.5717707872390747, 3.3619885444641113
1.286444067955017, -1.3837135473834437, -1.3919242064105433, -1.9478767553912562, 1.5717707872390747, 3.3620007038116455
1.2864201068878174, -1.3838093916522425, -1.391576115285055, -1.9481642881976526, 1.5717707872390747, 3.3619766235351562
1.2864320278167725, -1.3837974707232874, -1.3915398756610315, -1.948211971913473, 1.5717707872390747, 3.361964702606201
1.286444067955017, -1.3838093916522425, -1.391576115285055, -1.948211971913473, 1.5717828273773193, 3.3620364665985107
1.2864320278167725, -1.3838451544391077, -1.3915279547320765, -1.9482482115374964, 1.571806788444519, 3.3620364665985107
1.2864320278167725, -1.3837974707232874, -1.3915398756610315, -1.9482601324664515, 1.5717947483062744, 3.3620007038116455
1.2864080667495728, -1.3838093916522425, -1.3915517965899866, -1.9482720533954065, 1.5717828273773193, 3.3620007038116455
1.2864201068878174, -1.3838093916522425, -1.3915279547320765, -1.9482839743243616, 1.5717707872390747, 3.3620126247406006
1.286444067955017, -1.3838093916522425, -1.3915398756610315, -1.9482720533954065, 1.571806788444519, 3.3620245456695557
1.2864201068878174, -1.3838332335101526, -1.3915398756610315, -1.9482839743243616, 1.5717947483062744, 3.3619885444641113
1.286444067955017, -1.3838332335101526, -1.3915160338031214, -1.948320213948385, 1.571806788444519, 3.3620245456695557
1.286024570465088, -1.383641544972555, -1.3915517965899866, -1.948320213948385, 1.5717707872390747, 3.362264633178711
1.2851033210754395, -1.3829940001117151, -1.3919718901263636, -1.9483917395221155, 1.5717109441757202, 3.36261248588562
1.2837977409362793, -1.382202450429098, -1.392547909413473, -1.9484637419330042, 1.571579098701477, 3.3631162643432617
1.282253623008728, -1.3813031355487269, -1.3933032194720667, -1.9486196676837366, 1.5715551376342773, 3.3636562824249268
1.2803137302398682, -1.3800681273089808, -1.3940947691546839, -1.9488351980792444, 1.571507215499878, 3.3643641471862793
1.2780146598815918, -1.3786891142474573, -1.39500600496401, -1.9490144888507288, 1.5713633298873901, 3.3653719425201416
1.2752848863601685, -1.377117935811178, -1.3960731665240687, -1.9493024984942835, 1.5711956024169922, 3.366499900817871
1.272171974182129, -1.3751996199237269, -1.3972724119769495, -1.9495537916766565, 1.5710158348083496, 3.3674116134643555
1.2686874866485596, -1.3731244246112269, -1.3986275831805628, -1.9499014059649866, 1.5708484649658203, 3.3689234256744385
1.2648799419403076, -1.3709424177752894, -1.400079075490133, -1.9502485434161585, 1.5706926584243774, 3.3703274726867676
1.2605334520339966, -1.3685081640826624, -1.4016855398761194, -1.9506796042071741, 1.5703930854797363, 3.3717665672302246
1.255588412284851, -1.3658459822284144, -1.4033764044391077, -1.951111141835348, 1.570141315460205, 3.3734467029571533
1.2506074905395508, -1.3630765120135706, -1.4052236715899866, -1.9515307585345667, 1.5699256658554077, 3.375066041946411
1.2448714971542358, -1.3599699179278772, -1.4071663061725062, -1.952021900807516, 1.5695661306381226, 3.3769259452819824
1.2389565706253052, -1.3568881193744105, -1.4090612570392054, -1.9525969664203089, 1.5693387985229492, 3.3787856101989746
1.2323472499847412, -1.3536627928363245, -1.4110758940326136, -1.953195873891012, 1.569135069847107, 3.3807413578033447
1.2255102396011353, -1.3503287474261683, -1.4132464567767542, -1.9537351767169397, 1.5687272548675537, 3.3825888633728027
1.2179545164108276, -1.346611801777975, -1.415417496358053, -1.954477612172262, 1.568199872970581, 3.3845324516296387
1.2101236581802368, -1.3430264631854456, -1.4177315870868128, -1.9550283590899866, 1.5679482221603394, 3.3865480422973633
1.2018136978149414, -1.3394525686847132, -1.4199259916888636, -1.9557235876666468, 1.5676010847091675, 3.3884193897247314
1.1933120489120483, -1.3356393019305628, -1.421964470540182, -1.9564421812640589, 1.5673015117645264, 3.3904354572296143
1.1849421262741089, -1.3321135679828089, -1.4240878264056605, -1.9570415655719202, 1.5669299364089966, 3.3921027183532715
1.176068902015686, -1.3286240736590784, -1.4261859099017542, -1.9578083197223108, 1.5664385557174683, 3.3940107822418213
1.1672437191009521, -1.3252790609942835, -1.4281047026263636, -1.9583471457110804, 1.5661393404006958, 3.395390272140503
1.1584547758102417, -1.3218854109393519, -1.4299758116351526, -1.9589102903949183, 1.56582772731781, 3.3969380855560303
1.1497130393981934, -1.3187430540667933, -1.4317386786090296, -1.9596651236163538, 1.5655041933059692, 3.3983895778656006
1.1406248807907104, -1.3157337347613733, -1.4333813826190394, -1.9601801077472132, 1.5652046203613281, 3.3996853828430176
1.1314520835876465, -1.3126996199237269, -1.4349520842181605, -1.9606831709491175, 1.5647375583648682, 3.400897741317749
1.1223751306533813, -1.3097379843341272, -1.436559025441305, -1.9612820784198206, 1.564497947692871, 3.4018447399139404
1.113154411315918, -1.3069799582110804, -1.4380105177508753, -1.961808983479635, 1.5641623735427856, 3.402960777282715
1.1033711433410645, -1.304173771535055, -1.4395092169391077, -1.9623001257525843, 1.56394624710083, 3.4037768840789795
1.0938624143600464, -1.3015840689288538, -1.4408043066607874, -1.962827507649557, 1.563646674156189, 3.4046647548675537
1.0841630697250366, -1.298969570790426, -1.442099396382467, -1.9633310476886194, 1.5633710622787476, 3.4053003787994385
1.0746064186096191, -1.2964633146869105, -1.443298641835348, -1.9637139479266565, 1.562951922416687, 3.4057681560516357
1.0648826360702515, -1.2941730658160608, -1.4443538824664515, -1.9641216436969202, 1.5628081560134888, 3.4064040184020996
1.0549192428588867, -1.2920029799090784, -1.4454215208636683, -1.9644573370562952, 1.5625205039978027, 3.406764268875122
1.0448001623153687, -1.289880100880758, -1.4463089148150843, -1.9648640791522425, 1.5622928142547607, 3.4070160388946533
1.0349079370498657, -1.287757698689596, -1.4472082296954554, -1.9651997725116175, 1.5621010065078735, 3.4072680473327637
1.0248242616653442, -1.2857916990863245, -1.4480355421649378, -1.9654749075519007, 1.5618613958358765, 3.407411813735962
1.014548897743225, -1.2840164343463343, -1.4488032499896448, -1.9656546751605433, 1.5615382194519043, 3.4073879718780518
1.004154086112976, -1.2822535673724573, -1.44948655763735, -1.9658587614642542, 1.5613105297088623, 3.407411813735962
0.993710994720459, -1.2806227842914026, -1.4501221815692347, -1.966182057057516, 1.561046838760376, 3.407208204269409
0.982824444770813, -1.2790520826922815, -1.4506619612323206, -1.966301743184225, 1.5609389543533325, 3.407076358795166
0.9723330140113831, -1.2777088324176233, -1.451165501271383, -1.9663732687579554, 1.5607831478118896, 3.4067399501800537
0.9617224931716919, -1.276222054158346, -1.451489273701803, -1.9665411154376429, 1.5606513023376465, 3.40633225440979
0.9509673714637756, -1.2750590483294886, -1.4518969694720667, -1.9665411154376429, 1.5604236125946045, 3.405900239944458
0.940080463886261, -1.2738598028766077, -1.4521124998675745, -1.966553036366598, 1.5603277683258057, 3.4053962230682373
0.9291579723358154, -1.272816006337301, -1.4523289839373987, -1.9665654341327112, 1.560184359550476, 3.4046285152435303
0.9181508421897888, -1.2719653288470667, -1.4524725119220179, -1.966553036366598, 1.560052514076233, 3.4040050506591797
0.9070965051651001, -1.271137539540426, -1.452484432850973, -1.9664934317218226, 1.5599206686019897, 3.403092622756958
0.8960174322128296, -1.2703946272479456, -1.452508274708883, -1.9662898222552698, 1.5598008632659912, 3.402456760406494
0.8844354748725891, -1.2697470823871058, -1.4525206724749964, -1.9660261313067835, 1.5596210956573486, 3.4011852741241455
0.8733680248260498, -1.2692549864398401, -1.4524605909930628, -1.965846363698141, 1.5596330165863037, 3.4005494117736816
0.8619657754898071, -1.2689078489886683, -1.4521248976336878, -1.965618912373678, 1.5595731735229492, 3.399277448654175
0.8506350517272949, -1.2685955206500452, -1.451813046132223, -1.9653671423541468, 1.5595371723175049, 3.3982701301574707
0.8392796516418457, -1.2684033552752894, -1.4514172712909144, -1.9649599234210413, 1.5594053268432617, 3.3971660137176514
0.8276612758636475, -1.2683318297015589, -1.4509618918048304, -1.9646604696856897, 1.5594053268432617, 3.395750045776367
0.8161744475364685, -1.2683194319354456, -1.4504459539996546, -1.964217487965719, 1.5594053268432617, 3.394442558288574
0.804603636264801, -1.2683318297015589, -1.4499066511737269, -1.9638221899615687, 1.559381365776062, 3.393338918685913
0.7929605841636658, -1.2685955206500452, -1.449259106312887, -1.963187042866842, 1.5594053268432617, 3.3920788764953613
0.7809460163116455, -1.2689912954913538, -1.4485514799701136, -1.9627559820758265, 1.5594173669815063, 3.3906033039093018
0.7692310810089111, -1.2694714705096644, -1.447747532521383, -1.9622286001788538, 1.559381365776062, 3.389115571975708
0.7574558258056641, -1.2700822989093226, -1.4469683806048792, -1.9616535345660608, 1.559441328048706, 3.3876280784606934
0.7457525134086609, -1.2707179228412073, -1.446057144795553, -1.9609110991107386, 1.5595611333847046, 3.3862481117248535
0.733965277671814, -1.2715333143817347, -1.4450257460223597, -1.9603717962848108, 1.5595731735229492, 3.38478422164917
0.7222855091094971, -1.2723611036883753, -1.443993870412008, -1.9595449606524866, 1.5596929788589478, 3.383152723312378
0.7104859352111816, -1.2733920256244105, -1.4428790251361292, -1.958886448537008, 1.5597888231277466, 3.381640911102295
0.6986739635467529, -1.2744715849505823, -1.4416921774493616, -1.9580720106707972, 1.5598607063293457, 3.3798534870147705
0.6868979930877686, -1.2756226698504847, -1.4404566923724573, -1.957245175038473, 1.560052514076233, 3.378401517868042
0.6749905347824097, -1.2769292036639612, -1.439174000416891, -1.9564183394061487, 1.5601723194122314, 3.3766982555389404
0.663202166557312, -1.2782605330096644, -1.4377463499652308, -1.955519978200094, 1.5603158473968506, 3.3751742839813232
0.6514018177986145, -1.2797835508929651, -1.4363792578326624, -1.9546693007098597, 1.5603996515274048, 3.3736507892608643
0.639481246471405, -1.2813780943499964, -1.4348323980914515, -1.9537232557879847, 1.5605674982070923, 3.3719706535339355
0.6277164816856384, -1.2830570379840296, -1.4333093802081507, -1.952740494404928, 1.5607352256774902, 3.3704349994659424
0.6154128313064575, -1.2850354353534144, -1.4314149061786097, -1.951782528554098, 1.5609629154205322, 3.368683338165283
0.6034559011459351, -1.2869423071490687, -1.429699722920553, -1.9507039229022425, 1.5612266063690186, 3.367255210876465
0.5916907787322998, -1.2889207045184534, -1.4279006163226526, -1.9496257940875452, 1.561346411705017, 3.3655879497528076
0.5798773169517517, -1.290947739277975, -1.4260781447040003, -1.9486196676837366, 1.5615861415863037, 3.3642563819885254
0.5680639147758484, -1.2931178251849573, -1.4240754286395472, -1.9474695364581507, 1.5618253946304321, 3.3624444007873535
0.5562747716903687, -1.295431915913717, -1.422072712575094, -1.94635516801943, 1.5620051622390747, 3.361088752746582
0.5445088744163513, -1.297866169606344, -1.4200337568866175, -1.9453132788287562, 1.5622209310531616, 3.359480857849121
0.5331021547317505, -1.3003962675677698, -1.4178035894977015, -1.9440673033343714, 1.5625205039978027, 3.358053207397461
0.5218755602836609, -1.3027589956866663, -1.4157169500934046, -1.9429529348956507, 1.5628440380096436, 3.3568174839019775
0.5116425156593323, -1.3050368467914026, -1.413689915333883, -1.9419105688678187, 1.5630958080291748, 3.355557680130005
0.5021772384643555, -1.3073518911944788, -1.4117234388934534, -1.9409049193011683, 1.5633111000061035, 3.354285717010498
0.4931546151638031, -1.3096297422992151, -1.409936253224508, -1.9399822394000452, 1.5636106729507446, 3.3534581661224365
0.4846465587615967, -1.3117287794696253, -1.4080537001239222, -1.938927952443258, 1.5637305974960327, 3.352461814880371
0.4770500659942627, -1.3136351744281214, -1.4062789122210901, -1.9382689634906214, 1.5639941692352295, 3.3515384197235107
0.4697763919830322, -1.3154938856707972, -1.4046838919269007, -1.9373586813556116, 1.5641742944717407, 3.350794553756714
0.4632221460342407, -1.3172443548785608, -1.4032090345965784, -1.9366753737079065, 1.5643061399459839, 3.350062370300293
0.45719483494758606, -1.3188632170306605, -1.4017580191241663, -1.9359687010394495, 1.5645219087600708, 3.349522352218628
0.451539009809494, -1.3203867117511194, -1.4004023710833948, -1.9353578726397913, 1.5646417140960693, 3.3488504886627197
0.446685791015625, -1.3218253294574183, -1.3992989698993128, -1.9349029699908655, 1.5647735595703125, 3.3484067916870117
0.4425879120826721, -1.3229883352862757, -1.3982556501971644, -1.9343517462359827, 1.5649529695510864, 3.348011016845703
0.4388372302055359, -1.3240798155414026, -1.397428337727682, -1.933896843587057, 1.5651087760925293, 3.3477108478546143
0.4356498122215271, -1.324907128010885, -1.3966248671161097, -1.9335492292987269, 1.5651206970214844, 3.347447156906128
0.433228999376297, -1.325662914906637, -1.3959773222552698, -1.9332969824420374, 1.5652285814285278, 3.3472671508789062
0.4312879145145416, -1.3262861410724085, -1.3954737822162073, -1.9330337683307093, 1.5652165412902832, 3.3469672203063965
0.4299340844154358, -1.3266695181476038, -1.3951376120196741, -1.932889763508932, 1.565360426902771, 3.3468832969665527
0.4290831983089447, -1.3269575277911585, -1.3949101606952112, -1.9328182379352015, 1.565360426902771, 3.346691131591797
0.42878320813179016, -1.3270533720599573, -1.3948143164264124, -1.9326980749713343, 1.5653364658355713, 3.3465592861175537
0.42878320813179016, -1.3270657698260706, -1.3948262373553675, -1.9326384703265589, 1.565372347831726, 3.346583366394043
0.42875924706459045, -1.3271015326129358, -1.394789997731344, -1.932662312184469, 1.565360426902771, 3.3466432094573975
0.42875924706459045, -1.3270657698260706, -1.3947785536395472, -1.9327099959002894, 1.565372347831726, 3.3466312885284424
0.4287233054637909, -1.3270896116839808, -1.3948023954974573, -1.9326861540423792, 1.5653364658355713, 3.3466312885284424
0.4287472665309906, -1.3270896116839808, -1.394789997731344, -1.9327462355243128, 1.5653483867645264, 3.3466551303863525
0.4287472665309906, -1.3271015326129358, -1.3947303930865687, -1.9327223936664026, 1.5653843879699707, 3.3466312885284424
0.4292030334472656, -1.3269575277911585, -1.3948023954974573, -1.9328182379352015, 1.5653483867645264, 3.346715211868286
0.4304370582103729, -1.3266456762896937, -1.395125691090719, -1.9328182379352015, 1.565360426902771, 3.3467631340026855
0.43225863575935364, -1.3260825316058558, -1.3958213965045374, -1.9328058401690882, 1.5653843879699707, 3.34682297706604
0.43446338176727295, -1.325434986745016, -1.396564785634176, -1.9330099264727991, 1.565240502357483, 3.3469910621643066
0.4374590516090393, -1.324691120778219, -1.3974164167987269, -1.9330819288836878, 1.5651686191558838, 3.34712290763855
0.4408382177352905, -1.3237555662738245, -1.3984478155719202, -1.9332249800311487, 1.5651206970214844, 3.3474228382110596
0.44496041536331177, -1.3226407209979456, -1.3996833006488245, -1.9333575407611292, 1.5649648904800415, 3.3477108478546143
0.4495020806789398, -1.32147723833193, -1.401062313710348, -1.933561150227682, 1.564845085144043, 3.348011016845703
0.4547504186630249, -1.320061985646383, -1.4025614897357386, -1.9337886015521448, 1.5647495985031128, 3.348334789276123
0.46028637886047363, -1.3186472097979944, -1.4041922728167933, -1.9339326063739222, 1.5646297931671143, 3.3486948013305664
0.4666728377342224, -1.3170765081988733, -1.4059909025775355, -1.9342559019671839, 1.564426064491272, 3.3492467403411865
0.4735150933265686, -1.3154223600970667, -1.4079459349261683, -1.9344714323626917, 1.5642462968826294, 3.3497743606567383
0.48098012804985046, -1.313598934804098, -1.4098766485797327, -1.934735123311178, 1.5641144514083862, 3.3501946926116943
0.48903241753578186, -1.3116329352008265, -1.412022892628805, -1.9350102583514612, 1.5639822483062744, 3.351010799407959
0.4975520670413971, -1.3096540609942835, -1.4143856207477015, -1.9352501074420374, 1.5637545585632324, 3.3515868186950684
0.5072094798088074, -1.3075197378741663, -1.4168441931353968, -1.9356215635882776, 1.5636227130889893, 3.352426052093506
0.5171065926551819, -1.3054927031146448, -1.4193266073810022, -1.935908619557516, 1.563418984413147, 3.3531460762023926
0.527434766292572, -1.3033464590655726, -1.421856705342428, -1.9361723105060022, 1.5630958080291748, 3.353949785232544
0.538506269454956, -1.3012478987323206, -1.4244712034808558, -1.936484162007467, 1.5629998445510864, 3.355029821395874
0.5498647093772888, -1.2989218870746058, -1.4272411505328577, -1.936723534260885, 1.5627481937408447, 3.3559775352478027
0.5613542199134827, -1.2968352476703089, -1.4298675696002405, -1.9370349089251917, 1.5625085830688477, 3.35699725151062
0.5729882717132568, -1.2948325316058558, -1.432458225880758, -1.9372628370868128, 1.5623407363891602, 3.3580892086029053
0.5844541788101196, -1.2930577437030237, -1.4348204771624964, -1.9374783674823206, 1.5621730089187622, 3.358929395675659
0.5960635542869568, -1.2912829558001917, -1.437230412160055, -1.9377296606646937, 1.5620172023773193, 3.360128879547119
0.6076372861862183, -1.2896283308612269, -1.4395931402789515, -1.937861744557516, 1.5617774724960327, 3.3609445095062256
0.6195698380470276, -1.28788930574526, -1.441955868397848, -1.9379451910602015, 1.5616819858551025, 3.362192392349243
0.6311911940574646, -1.286330525075094, -1.4442580381976526, -1.9380891958819788, 1.5615142583847046, 3.3633079528808594
0.6427761912345886, -1.2849753538714808, -1.446273152028219, -1.9381850401507776, 1.5614782571792603, 3.3641960620880127
0.6541334390640259, -1.283752743397848, -1.4483354727374476, -1.9381969610797327, 1.5612865686416626, 3.3652641773223877
0.6657180786132812, -1.2825892607318323, -1.4503024260150355, -1.938221279774801, 1.5611307621002197, 3.3663198947906494
0.6771109700202942, -1.2814744154559534, -1.4522207419024866, -1.938221279774801, 1.5611426830291748, 3.367351531982422
0.6885035037994385, -1.2805150190936487, -1.454127613698141, -1.9382332007037562, 1.5609629154205322, 3.36799955368042
0.6999558806419373, -1.279675308858053, -1.455902401600973, -1.9381611982928675, 1.5608431100845337, 3.369115114212036
0.7112885117530823, -1.2788961569415491, -1.4576051870929163, -1.9380415121661585, 1.560831069946289, 3.370039463043213
0.7226570248603821, -1.2781527678119105, -1.4591882864581507, -1.9379213492022913, 1.5608071088790894, 3.3707947731018066
0.7340131998062134, -1.2775891462909144, -1.4607232252704065, -1.9377058188067835, 1.5607233047485352, 3.3718748092651367
0.7457644939422607, -1.277121369038717, -1.4623425642596644, -1.9374426046954554, 1.5606873035430908, 3.3725106716156006
0.7571446299552917, -1.276761833821432, -1.4637330214129847, -1.937178913746969, 1.5607112646102905, 3.373398780822754
0.7684285044670105, -1.2764981428729456, -1.465112034474508, -1.9369033018695276, 1.5606993436813354, 3.3739986419677734
0.7794851064682007, -1.2763298193561, -1.4663832823382776, -1.9366157690631312, 1.5607112646102905, 3.3746581077575684
0.7907566428184509, -1.2762702147113245, -1.4676664511310022, -1.936268154774801, 1.5607233047485352, 3.37539005279541
0.8017405271530151, -1.2762578169452112, -1.4687460104571741, -1.9358728567706507, 1.5606752634048462, 3.375894069671631
0.8126888871192932, -1.2763178984271448, -1.4698851744281214, -1.935441795979635, 1.5607112646102905, 3.3764097690582275
0.8235889077186584, -1.276642147694723, -1.4708321730243128, -1.9349983374225062, 1.56075918674469, 3.3769378662109375
0.8344406485557556, -1.2770856062518519, -1.4717915693866175, -1.9345434347735804, 1.5608071088790894, 3.3773460388183594
0.8453766107559204, -1.2775171438800257, -1.4726908842669886, -1.933908764516012, 1.5609509944915771, 3.3775856494903564
0.8566238284111023, -1.2781403700457972, -1.4734943548785608, -1.9333089033709925, 1.5610347986221313, 3.3778374195098877
0.8672957420349121, -1.2788241545306605, -1.4742139021502894, -1.9327462355243128, 1.561058759689331, 3.378077507019043
0.8780152797698975, -1.2796514670001429, -1.4749329725848597, -1.9320276419269007, 1.5612266063690186, 3.378305435180664
0.888627290725708, -1.2805030981646937, -1.4755333105670374, -1.9314644972430628, 1.5613703727722168, 3.3783295154571533
0.898891806602478, -1.2814982573138636, -1.4760130087481897, -1.9307335058795374, 1.5614542961120605, 3.378305435180664
0.90938401222229, -1.2826374212848108, -1.476480786000387, -1.9299190680133265, 1.5616220235824585, 3.378293514251709
0.9197679162025452, -1.2838366667376917, -1.4768880049334925, -1.9291046301471155, 1.5617059469223022, 3.3781497478485107
0.9300440549850464, -1.2851555983172815, -1.4771998564349573, -1.9282539526568812, 1.5618733167648315, 3.3780174255371094
0.940308153629303, -1.2865827719317835, -1.4774640242206019, -1.9276192823993128, 1.5620651245117188, 3.377729654312134
0.9504400491714478, -1.2880938688861292, -1.477619473134176, -1.926516358052389, 1.5621730089187622, 3.3772618770599365
0.9602731466293335, -1.289652172719137, -1.4777634779559534, -1.925689999257223, 1.5623048543930054, 3.3767101764678955
0.9702372550964355, -1.291295353566305, -1.4778111616717737, -1.924755875264303, 1.5625325441360474, 3.376254081726074
0.9806208610534668, -1.293189827595846, -1.4777873198138636, -1.9238093535052698, 1.5627602338790894, 3.3755102157592773
0.9903812408447266, -1.2950966993915003, -1.4777873198138636, -1.922779385243551, 1.563011884689331, 3.374742031097412
1.0000700950622559, -1.2971590201007288, -1.477607552205221, -1.9216774145709437, 1.563263177871704, 3.3740108013153076
1.009627103805542, -1.2992690245257776, -1.4772961775409144, -1.920790974293844, 1.5634548664093018, 3.3730628490448
1.0190759897232056, -1.3014758268939417, -1.4769123236285608, -1.9195564428912562, 1.563586711883545, 3.3719348907470703
1.0285367965698242, -1.3036463896380823, -1.4765046278582972, -1.9185622374164026, 1.563886284828186, 3.3709988594055176
1.0379376411437988, -1.3060210386859339, -1.4760130087481897, -1.9175680319415491, 1.5641982555389404, 3.369715452194214
1.047039270401001, -1.3085148970233362, -1.475508991871969, -1.916166130696432, 1.5644739866256714, 3.3685035705566406
1.0561286211013794, -1.311141316090719, -1.4748733679400843, -1.9151366392718714, 1.5647135972976685, 3.3671834468841553
1.0656852722167969, -1.3138631025897425, -1.4741299788104456, -1.9139741102801722, 1.5649409294128418, 3.3656718730926514
1.0746783018112183, -1.316584889088766, -1.473386589680807, -1.9126198927508753, 1.5652765035629272, 3.364135980606079
1.0833125114440918, -1.3194745222674769, -1.472523037587301, -1.911494557057516, 1.5654802322387695, 3.362372398376465
1.0921741724014282, -1.322449032460348, -1.4716599623309534, -1.9103320280658167, 1.565755844116211, 3.3608126640319824
1.1009881496429443, -1.3255427519427698, -1.4706881682025355, -1.9089186827289026, 1.5660914182662964, 3.358808994293213
1.109418272972107, -1.3285163084613245, -1.4695733229266565, -1.9076126257525843, 1.5663666725158691, 3.357069492340088
1.1178488731384277, -1.3317058722125452, -1.4684222380267542, -1.9065588156329554, 1.5667622089385986, 3.3548736572265625
1.1263748407363892, -1.3350637594806116, -1.46718675294985, -1.9050491491900843, 1.5670257806777954, 3.352642059326172
1.1345893144607544, -1.3385055700885218, -1.4658916632281702, -1.9038751761065882, 1.5673134326934814, 3.3505666255950928
1.142768144607544, -1.3418148199664515, -1.4645608107196253, -1.9024737516986292, 1.567708969116211, 3.348106861114502
1.1512702703475952, -1.3454840818988245, -1.463001553212301, -1.9010360876666468, 1.5680201053619385, 3.3454911708831787
1.1591969728469849, -1.3492615858661097, -1.4614546934710901, -1.899921719227926, 1.5683317184448242, 3.3431875705718994
1.1670522689819336, -1.3528712431537073, -1.4599435965167444, -1.8984363714801233, 1.5686073303222656, 3.3404877185821533
1.1745004653930664, -1.356396500264303, -1.4583962599383753, -1.8971427122699183, 1.568942904472351, 3.3379924297332764
1.1812776327133179, -1.359934155141012, -1.4567177931415003, -1.8959806601153772, 1.5692309141159058, 3.33544921875
1.187923550605774, -1.3633278051959437, -1.4551470915423792, -1.8948305288897913, 1.5695301294326782, 3.3331451416015625
1.193814992904663, -1.366385285054342, -1.453672234212057, -1.8936803976642054, 1.5699615478515625, 3.3307578563690186
1.1995625495910645, -1.3694070021258753, -1.4522689024554651, -1.8927820364581507, 1.5702252388000488, 3.328465700149536
1.2046396732330322, -1.3722975889789026, -1.4508536497699183, -1.8917997519122522, 1.5703810453414917, 3.3264145851135254
1.209620714187622, -1.3751276175128382, -1.449498478566305, -1.8908651510821741, 1.5706207752227783, 3.3242783546447754
1.2139911651611328, -1.3775737921344202, -1.4482277075396937, -1.8901107946978968, 1.5708245038986206, 3.322490930557251
1.2178586721420288, -1.3798401991473597, -1.447052303944723, -1.8894761244403284, 1.571063756942749, 3.320678949356079
1.2214988470077515, -1.3820350805865687, -1.4459732214557093, -1.8886969725238245, 1.571219563484192, 3.3190951347351074
1.224708080291748, -1.3839290777789515, -1.4450133482562464, -1.888038460408346, 1.571351408958435, 3.317535877227783
1.2274857759475708, -1.385644261037008, -1.4441383520709437, -1.8875592390643519, 1.5715430974960327, 3.316227674484253
1.229892373085022, -1.387179199849264, -1.443322483693258, -1.8870676199542444, 1.5716630220413208, 3.314955711364746
1.2319880723953247, -1.3883660475360315, -1.4426034132586878, -1.8867085615741175, 1.5717707872390747, 3.3140318393707275
1.2337243556976318, -1.3894456068622034, -1.4420517126666468, -1.8864086310016077, 1.5717828273773193, 3.313084363937378
1.2351133823394775, -1.3903210798846644, -1.441632095967428, -1.8861931006061, 1.5718907117843628, 3.3124845027923584
1.2360470294952393, -1.3909443060504358, -1.4412840048419397, -1.8860018889056605, 1.5720105171203613, 3.3118605613708496
1.2367057800292969, -1.3913877646075647, -1.441068474446432, -1.885845963154928, 1.5720584392547607, 3.311572551727295
1.2369929552078247, -1.3916037718402308, -1.440972153340475, -1.8858221212970179, 1.572022557258606, 3.3113443851470947
1.2370169162750244, -1.391627613698141, -1.4409483114825647, -1.8857138792621058, 1.5720465183258057, 3.311368465423584
1.2370649576187134, -1.3916757742511194, -1.4409363905536097, -1.8857381979571741, 1.572034478187561, 3.31135630607605
1.2370529174804688, -1.391627613698141, -1.4409125486956995, -1.8857381979571741, 1.5720465183258057, 3.31135630607605
1.2370529174804688, -1.391627613698141, -1.4409363905536097, -1.8857019583331507, 1.572022557258606, 3.311368465423584
1.2370529174804688, -1.3916638533221644, -1.4409001509295862, -1.8857138792621058, 1.572022557258606, 3.31135630607605
1.2370529174804688, -1.3916400114642542, -1.4409363905536097, -1.8857019583331507, 1.5720465183258057, 3.311380386352539
1.2370649576187134, -1.391627613698141, -1.4409363905536097, -1.885629955922262, 1.572034478187561, 3.3113324642181396
1.2370768785476685, -1.391616169606344, -1.4409125486956995, -1.885618034993307, 1.572022557258606, 3.3113324642181396
1.2370649576187134, -1.391627613698141, -1.4409125486956995, -1.885629955922262, 1.572034478187561, 3.3113205432891846
1.2370529174804688, -1.3916638533221644, -1.4408882300006312, -1.8857138792621058, 1.572022557258606, 3.3113205432891846
1.2370529174804688, -1.3916400114642542, -1.4409001509295862, -1.8857138792621058, 1.5720584392547607, 3.3113443851470947
1.2370649576187134, -1.3916519323932093, -1.4409001509295862, -1.8857501188861292, 1.572022557258606, 3.3113324642181396
1.2370768785476685, -1.3916519323932093, -1.4409239927874964, -1.8857501188861292, 1.572022557258606, 3.3113324642181396
1.2370768785476685, -1.3916519323932093, -1.4409001509295862, -1.8857620398150843, 1.5720584392547607, 3.31135630607605
1.2370649576187134, -1.3916519323932093, -1.4409239927874964, -1.8857381979571741, 1.5720704793930054, 3.3113443851470947
1.2370649576187134, -1.3916519323932093, -1.4409363905536097, -1.8857620398150843, 1.5720704793930054, 3.3113443851470947
1.2370649576187134, -1.3916519323932093, -1.4408882300006312, -1.8857620398150843, 1.572034478187561, 3.3113324642181396
1.2370768785476685, -1.3916519323932093, -1.4409125486956995, -1.8857258001910608, 1.5720584392547607, 3.3113083839416504
1.2371008396148682, -1.391627613698141, -1.4409239927874964, -1.8857258001910608, 1.5720465183258057, 3.3112964630126953
1.2371128797531128, -1.3916519323932093, -1.4409483114825647, -1.8857501188861292, 1.572034478187561, 3.3113443851470947
1.2371008396148682, -1.3916638533221644, -1.4409125486956995, -1.8857858816729944, 1.5720465183258057, 3.3113083839416504
1.237088918685913, -1.3916638533221644, -1.4408882300006312, -1.8857381979571741, 1.5720465183258057, 3.3113205432891846
1.2370529174804688, -1.3916400114642542, -1.4409125486956995, -1.8857978026019495, 1.5720465183258057, 3.3113443851470947
1.2371008396148682, -1.3916400114642542, -1.440864388142721, -1.8857501188861292, 1.572034478187561, 3.3113083839416504
1.237088918685913, -1.3916757742511194, -1.4409001509295862, -1.8857620398150843, 1.5720584392547607, 3.3113443851470947
1.237088918685913, -1.3916400114642542, -1.4409125486956995, -1.8857501188861292, 1.5720704793930054, 3.3113443851470947
1.2370649576187134, -1.3916400114642542, -1.4409239927874964, -1.8857501188861292, 1.572034478187561, 3.3113324642181396
1.2370768785476685, -1.3916638533221644, -1.440876309071676, -1.8857501188861292, 1.5720704793930054, 3.3112964630126953
1.2371008396148682, -1.3916876951800745, -1.4409125486956995, -1.8857739607440394, 1.5720465183258057, 3.3113324642181396
1.2371008396148682, -1.3916519323932093, -1.440876309071676, -1.8857258001910608, 1.5720704793930054, 3.3113205432891846
1.237088918685913, -1.3916638533221644, -1.440876309071676, -1.8857501188861292, 1.5720704793930054, 3.3113205432891846
1.2370768785476685, -1.3916400114642542, -1.4409001509295862, -1.8857620398150843, 1.572034478187561, 3.3113083839416504
1.2371008396148682, -1.3916400114642542, -1.4408882300006312, -1.8857258001910608, 1.5720465183258057, 3.3113324642181396
