-0.7279189268695276, -2.186774555836813, -1.3591473738299769, -1.1603811422931116, 1.5631437301635742, 2.6332948207855225
-0.7279551664935511, -2.186786476765768, -1.3591473738299769, -1.1604049841510218, 1.5631197690963745, 2.633234977722168
-0.7278950850116175, -2.1867626349078577, -1.35913592973818, -1.160428826008932, 1.5631316900253296, 2.6332590579986572
-0.7279308477984827, -2.1867507139789026, -1.3591716925250452, -1.1604169050799769, 1.5631316900253296, 2.6332709789276123
-0.727943245564596, -2.186774555836813, -1.3591716925250452, -1.1604169050799769, 1.5631316900253296, 2.633234977722168
-0.7279070059405726, -2.1867507139789026, -1.3591716925250452, -1.1604169050799769, 1.5631437301635742, 2.633246898651123
-0.7278831640826624, -2.1867626349078577, -1.3591473738299769, -1.160440746937887, 1.5631437301635742, 2.633246898651123
-0.7279070059405726, -2.1867626349078577, -1.3591235319720667, -1.1604049841510218, 1.5631437301635742, 2.633246898651123
-0.7279070059405726, -2.186798397694723, -1.3591716925250452, -1.1603930632220667, 1.5631437301635742, 2.6332828998565674
-0.7278950850116175, -2.1867387930499476, -1.3591716925250452, -1.1603811422931116, 1.5630958080291748, 2.6332590579986572
-0.727943245564596, -2.1867626349078577, -1.3591716925250452, -1.1604049841510218, 1.5631316900253296, 2.6332709789276123
-0.7279070059405726, -2.1867626349078577, -1.3591473738299769, -1.1604169050799769, 1.5631437301635742, 2.6332948207855225
-0.7279189268695276, -2.186774555836813, -1.35913592973818, -1.1604169050799769, 1.5631316900253296, 2.6333072185516357
-0.7279070059405726, -2.1867268721209925, -1.3591716925250452, -1.160428826008932, 1.5631316900253296, 2.633246898651123
-0.7279070059405726, -2.186786476765768, -1.3591473738299769, -1.160440746937887, 1.5631556510925293, 2.6332709789276123
-0.7279070059405726, -2.1867507139789026, -1.35913592973818, -1.160440746937887, 1.5631556510925293, 2.6332709789276123
-0.7279308477984827, -2.1867626349078577, -1.3591235319720667, -1.1604169050799769, 1.5631316900253296, 2.633246898651123
-0.7279070059405726, -2.186798397694723, -1.3591597715960901, -1.1604169050799769, 1.5631556510925293, 2.6332590579986572
-0.7278950850116175, -2.186786476765768, -1.3591597715960901, -1.1603692213641565, 1.5631077289581299, 2.6333072185516357
-0.727943245564596, -2.186774555836813, -1.3591716925250452, -1.1603930632220667, 1.5631197690963745, 2.6332828998565674
-0.7278831640826624, -2.186786476765768, -1.35913592973818, -1.1604049841510218, 1.5631197690963745, 2.6332828998565674
-0.7278950850116175, -2.186786476765768, -1.3591597715960901, -1.1604049841510218, 1.5631316900253296, 2.6332828998565674
-0.7278831640826624, -2.1867626349078577, -1.3591836134540003, -1.160428826008932, 1.5631197690963745, 2.6332590579986572
-0.7279308477984827, -2.186786476765768, -1.3591473738299769, -1.160428826008932, 1.5631197690963745, 2.633246898651123
-0.7279070059405726, -2.186786476765768, -1.3591716925250452, -1.1604169050799769, 1.5631437301635742, 2.6332709789276123
-0.7279070059405726, -2.186798397694723, -1.3591473738299769, -1.1604049841510218, 1.5631197690963745, 2.6332590579986572
-0.7279070059405726, -2.1867507139789026, -1.3591836134540003, -1.1604169050799769, 1.5631197690963745, 2.633246898651123
-0.7279189268695276, -2.1867626349078577, -1.35913592973818, -1.160428826008932, 1.5631197690963745, 2.6332828998565674
-0.727943245564596, -2.1867626349078577, -1.3591597715960901, -1.1604049841510218, 1.5631077289581299, 2.6332709789276123
-0.7279308477984827, -2.186786476765768, -1.3591836134540003, -1.1604531447040003, 1.5631556510925293, 2.6333072185516357
-0.7279551664935511, -2.186798397694723, -1.3591716925250452, -1.1603692213641565, 1.5631077289581299, 2.633246898651123
-0.7278950850116175, -2.1867626349078577, -1.3591716925250452, -1.160428826008932, 1.5631316900253296, 2.6332590579986572
-0.7279070059405726, -2.1867626349078577, -1.3591235319720667, -1.1603811422931116, 1.5631316900253296, 2.633246898651123
-0.7279189268695276, -2.1867387930499476, -1.3591955343829554, -1.1604531447040003, 1.5631316900253296, 2.633234977722168
-0.7279070059405726, -2.1867626349078577, -1.35913592973818, -1.1604049841510218, 1.5631316900253296, 2.6332709789276123
-0.7279070059405726, -2.186774555836813, -1.3591597715960901, -1.1603930632220667, 1.5631077289581299, 2.6332828998565674
-0.7278831640826624, -2.1867507139789026, -1.3591716925250452, -1.160440746937887, 1.5631437301635742, 2.6332709789276123
-0.7279308477984827, -2.186798397694723, -1.3591235319720667, -1.1604049841510218, 1.5631316900253296, 2.6332590579986572
-0.727943245564596, -2.186798397694723, -1.3591716925250452, -1.1604169050799769, 1.5631077289581299, 2.633234977722168
-0.7279308477984827, -2.186798397694723, -1.3591716925250452, -1.1604049841510218, 1.5631556510925293, 2.6332709789276123
-0.7279070059405726, -2.186798397694723, -1.3591597715960901, -1.160428826008932, 1.5631077289581299, 2.6332709789276123
-0.727943245564596, -2.186798397694723, -1.3591955343829554, -1.1604169050799769, 1.5631437301635742, 2.6332590579986572
-0.727943245564596, -2.186774555836813, -1.3591716925250452, -1.1604169050799769, 1.5631437301635742, 2.633234977722168
-0.7279070059405726, -2.186786476765768, -1.3591473738299769, -1.1604169050799769, 1.5631437301635742, 2.6332948207855225
-0.7279189268695276, -2.186786476765768, -1.3591473738299769, -1.1603930632220667, 1.5631556510925293, 2.6332709789276123
-0.7279070059405726, -2.186774555836813, -1.3591716925250452, -1.160440746937887, 1.5631197690963745, 2.6332590579986572
-0.7279070059405726, -2.186786476765768, -1.3591473738299769, -1.1604169050799769, 1.5630958080291748, 2.6332828998565674
-0.727943245564596, -2.186798397694723, -1.3591716925250452, -1.1604169050799769, 1.5631437301635742, 2.6332828998565674
-0.7279308477984827, -2.1867507139789026, -1.35913592973818, -1.1603930632220667, 1.5631556510925293, 2.6332828998565674
-0.7279308477984827, -2.186774555836813, -1.3591716925250452, -1.1604169050799769, 1.5631197690963745, 2.6332590579986572
-0.727943245564596, -2.1867626349078577, -1.35913592973818, -1.1603930632220667, 1.5631437301635742, 2.6332590579986572
-0.7279551664935511, -2.186786476765768, -1.3591597715960901, -1.1604169050799769, 1.5631197690963745, 2.6332828998565674
-0.7279189268695276, -2.1867626349078577, -1.3591597715960901, -1.160428826008932, 1.5631437301635742, 2.6332828998565674
-0.7279308477984827, -2.1867626349078577, -1.3591597715960901, -1.1604531447040003, 1.5631077289581299, 2.63331937789917
-0.7279551664935511, -2.186774555836813, -1.3591473738299769, -1.1604169050799769, 1.5631437301635742, 2.6332828998565674
-0.727943245564596, -2.186774555836813, -1.3591836134540003, -1.1604049841510218, 1.563167691230774, 2.6332828998565674
-0.7279189268695276, -2.186774555836813, -1.3591955343829554, -1.1604169050799769, 1.5630958080291748, 2.6332709789276123
-0.7279308477984827, -2.1867507139789026, -1.3591597715960901, -1.1604169050799769, 1.5630958080291748, 2.6332828998565674
-0.7279308477984827, -2.186798397694723, -1.3591716925250452, -1.1604169050799769, 1.5631077289581299, 2.633246898651123
-0.7279070059405726, -2.1867507139789026, -1.3591716925250452, -1.1604049841510218, 1.5631556510925293, 2.6332948207855225
-0.7279308477984827, -2.1867507139789026, -1.35913592973818, -1.1603930632220667, 1.5631197690963745, 2.6332948207855225
-0.7278950850116175, -2.186798397694723, -1.3591597715960901, -1.160428826008932, 1.5630958080291748, 2.633246898651123
-0.7278831640826624, -2.1867626349078577, -1.3591716925250452, -1.1603811422931116, 1.5631077289581299, 2.63331937789917
-0.7279070059405726, -2.186774555836813, -1.3591235319720667, -1.1603930632220667, 1.5631316900253296, 2.6332590579986572
-0.7279308477984827, -2.186786476765768, -1.3591116110431116, -1.1604169050799769, 1.5630837678909302, 2.633234977722168
-0.727943245564596, -2.186786476765768, -1.3591597715960901, -1.1604169050799769, 1.5631077289581299, 2.633234977722168
-0.7278950850116175, -2.1867626349078577, -1.35913592973818, -1.1603811422931116, 1.5631197690963745, 2.6332948207855225
-0.7279070059405726, -2.186774555836813, -1.3591836134540003, -1.160440746937887, 1.5631437301635742, 2.633246898651123
-0.7279189268695276, -2.1867507139789026, -1.35913592973818, -1.160428826008932, 1.5631437301635742, 2.6332709789276123
-0.7279070059405726, -2.186798397694723, -1.3591597715960901, -1.1603811422931116, 1.5631556510925293, 2.633331298828125
-0.7278950850116175, -2.1867626349078577, -1.3591716925250452, -1.160428826008932, 1.5631556510925293, 2.6332948207855225
-0.7279308477984827, -2.186798397694723, -1.3591836134540003, -1.1604531447040003, 1.5631437301635742, 2.6332948207855225
-0.7278950850116175, -2.186798397694723, -1.3591716925250452, -1.160440746937887, 1.5631077289581299, 2.633246898651123
-0.7279070059405726, -2.1867626349078577, -1.3591597715960901, -1.1603930632220667, 1.5630837678909302, 2.6332948207855225
-0.7279070059405726, -2.186774555836813, -1.3591235319720667, -1.1603930632220667, 1.5631197690963745, 2.6332590579986572
-0.7279070059405726, -2.1867507139789026, -1.3591597715960901, -1.160428826008932, 1.5631556510925293, 2.6332709789276123
-0.7279189268695276, -2.186774555836813, -1.3591473738299769, -1.1604169050799769, 1.5631437301635742, 2.6332709789276123
-0.7279189268695276, -2.186798397694723, -1.3591473738299769, -1.1603811422931116, 1.5631197690963745, 2.6332709789276123
-0.7279308477984827, -2.1867626349078577, -1.3591716925250452, -1.160440746937887, 1.5631197690963745, 2.6332590579986572
-0.7279070059405726, -2.1867626349078577, -1.3591836134540003, -1.1604169050799769, 1.5631316900253296, 2.6332948207855225
-0.7278831640826624, -2.186798397694723, -1.3591473738299769, -1.1604169050799769, 1.5631316900253296, 2.6332590579986572
-0.7279070059405726, -2.186798397694723, -1.3591716925250452, -1.160440746937887, 1.5631556510925293, 2.633246898651123
-0.7278950850116175, -2.1867626349078577, -1.3591235319720667, -1.1604049841510218, 1.5631197690963745, 2.6332590579986572
-0.727943245564596, -2.186786476765768, -1.3591716925250452, -1.160428826008932, 1.5631197690963745, 2.633234977722168
-0.7279308477984827, -2.186786476765768, -1.3591716925250452, -1.1604650656329554, 1.5630958080291748, 2.6332590579986572
-0.7279189268695276, -2.186786476765768, -1.3592074553119105, -1.1604169050799769, 1.5631316900253296, 2.6332709789276123
-0.7279308477984827, -2.1867626349078577, -1.3591955343829554, -1.1604049841510218, 1.5631077289581299, 2.6332590579986572
-0.7278950850116175, -2.1867626349078577, -1.3591473738299769, -1.160428826008932, 1.5631316900253296, 2.6332709789276123
-0.7279070059405726, -2.186798397694723, -1.3591473738299769, -1.1604650656329554, 1.5630837678909302, 2.633246898651123
-0.7279070059405726, -2.186798397694723, -1.35913592973818, -1.1604531447040003, 1.5631197690963745, 2.6332828998565674
-0.727943245564596, -2.1867626349078577, -1.3591716925250452, -1.1604049841510218, 1.5631077289581299, 2.6332828998565674
-0.7279308477984827, -2.186798397694723, -1.3591473738299769, -1.160440746937887, 1.5631197690963745, 2.633246898651123
-0.7278950850116175, -2.186774555836813, -1.3591597715960901, -1.160440746937887, 1.5631916522979736, 2.6332709789276123
-0.7279189268695276, -2.186774555836813, -1.3591955343829554, -1.1603930632220667, 1.5630837678909302, 2.6332590579986572
-0.7279070059405726, -2.1867626349078577, -1.3591716925250452, -1.1603930632220667, 1.5631316900253296, 2.633246898651123
-0.7279189268695276, -2.1867387930499476, -1.3591955343829554, -1.1604169050799769, 1.5630238056182861, 2.633234977722168
-0.7279189268695276, -2.186786476765768, -1.3591235319720667, -1.1603811422931116, 1.5630358457565308, 2.6332948207855225
-0.7279189268695276, -2.1868107954608362, -1.3591716925250452, -1.1603811422931116, 1.5631197690963745, 2.633246898651123
-0.7279308477984827, -2.1868823210345667, -1.3592312971698206, -1.1604650656329554, 1.5631077289581299, 2.6332590579986572
-0.7279070059405726, -2.1868584791766565, -1.3592198530780237, -1.1604169050799769, 1.5631556510925293, 2.6332828998565674
-0.727943245564596, -2.1868465582477015, -1.3592436949359339, -1.1603930632220667, 1.5632035732269287, 2.6332948207855225
-0.7279070059405726, -2.18691856065859, -1.359267536793844, -1.1604169050799769, 1.563179612159729, 2.6332948207855225
-0.7279189268695276, -2.1869662443744105, -1.3592794577227991, -1.1604049841510218, 1.5632275342941284, 2.6333072185516357
-0.7278950850116175, -2.186990563069479, -1.359267536793844, -1.160428826008932, 1.5631316900253296, 2.6332948207855225
-0.7279308477984827, -2.187002483998434, -1.3592198530780237, -1.160440746937887, 1.563179612159729, 2.633331298828125
-0.7279308477984827, -2.186714474354879, -1.3593152205096644, -1.1607049147235315, 1.5631556510925293, 2.6332709789276123
-0.7278950850116175, -2.1867507139789026, -1.3593032995807093, -1.1605008284198206, 1.5630837678909302, 2.633234977722168
-0.7279308477984827, -2.186211411152975, -1.3590038458453577, -1.1605966726886194, 1.5630837678909302, 2.6331989765167236
-0.7279189268695276, -2.1861513296710413, -1.3586919943438929, -1.1601899305926722, 1.563167691230774, 2.633234977722168
-0.7278950850116175, -2.1868704001056116, -1.3592436949359339, -1.1604049841510218, 1.5633950233459473, 2.6332709789276123
-0.7278831640826624, -2.1873744169818323, -1.3595555464373987, -1.1603692213641565, 1.5629639625549316, 2.633223056793213
-0.7279189268695276, -2.187230888997213, -1.3596275488482874, -1.1603930632220667, 1.5628200769424438, 2.633211135864258
-0.727943245564596, -2.186678711568014, -1.3592312971698206, -1.1604889074908655, 1.5630238056182861, 2.6332828998565674
-0.7279189268695276, -2.186463181172506, -1.3591235319720667, -1.160537068043844, 1.5632750988006592, 2.633211135864258
-0.7279189268695276, -2.1863072554217737, -1.3589800039874476, -1.1605489889727991, 1.5631916522979736, 2.633246898651123
-0.727943245564596, -2.186331097279684, -1.3589680830584925, -1.160440746937887, 1.562784194946289, 2.633211135864258
-0.7278950850116175, -2.1867507139789026, -1.3589800039874476, -1.1603930632220667, 1.563706636428833, 2.633246898651123
-0.727943245564596, -2.1867626349078577, -1.3592074553119105, -1.1602137724505823, 1.5625923871994019, 2.633211135864258
-0.7279308477984827, -2.186798397694723, -1.3592436949359339, -1.1604650656329554, 1.5630358457565308, 2.6331989765167236
-0.7279070059405726, -2.1868704001056116, -1.359255615864889, -1.1604769865619105, 1.5632871389389038, 2.633211135864258
-0.7279070059405726, -2.1868584791766565, -1.3592312971698206, -1.1604769865619105, 1.5633471012115479, 2.6331989765167236
-0.7279551664935511, -2.1867507139789026, -1.3591597715960901, -1.1604769865619105, 1.5633710622787476, 2.633211135864258
-0.7279308477984827, -2.18659478822817, -1.3587763945208948, -1.160776440297262, 1.5631437301635742, 2.633211135864258
-0.7278950850116175, -2.1864989439593714, -1.35881215730776, -1.160764519368307, 1.5633350610733032, 2.6331751346588135
-0.7278831640826624, -2.186559025441305, -1.3591116110431116, -1.1605008284198206, 1.5632035732269287, 2.633223056793213
-0.727943245564596, -2.18657094637026, -1.3591597715960901, -1.160537068043844, 1.5631077289581299, 2.6331989765167236
-0.7279070059405726, -2.1868704001056116, -1.3591473738299769, -1.1603930632220667, 1.5631437301635742, 2.6331989765167236
-0.7278950850116175, -2.1868227163897913, -1.3590639273272913, -1.160428826008932, 1.5632514953613281, 2.633223056793213
-0.7279189268695276, -2.1868227163897913, -1.3591473738299769, -1.160428826008932, 1.563167691230774, 2.633234977722168
-0.7278712431537073, -2.1868465582477015, -1.3591473738299769, -1.1604531447040003, 1.5631077289581299, 2.6331989765167236
-0.7278950850116175, -2.1868704001056116, -1.3591597715960901, -1.1604049841510218, 1.563239574432373, 2.6331870555877686
-0.7278593222247522, -2.1868346373187464, -1.35913592973818, -1.1603930632220667, 1.5632035732269287, 2.633234977722168
-0.7279189268695276, -2.1868107954608362, -1.3591597715960901, -1.1604169050799769, 1.5631197690963745, 2.6332590579986572
-0.7279070059405726, -2.1868346373187464, -1.3590996901141565, -1.1604169050799769, 1.5631437301635742, 2.6331989765167236
-0.7278831640826624, -2.1868465582477015, -1.3591235319720667, -1.1603692213641565, 1.5631197690963745, 2.633211135864258
-0.7278712431537073, -2.1868346373187464, -1.3591597715960901, -1.1603811422931116, 1.5631437301635742, 2.633211135864258
-0.7278831640826624, -2.1868584791766565, -1.3591235319720667, -1.1603811422931116, 1.5631437301635742, 2.6331989765167236
-0.7278831640826624, -2.1868346373187464, -1.3591473738299769, -1.1604169050799769, 1.5630958080291748, 2.6331870555877686
-0.7278831640826624, -2.1868584791766565, -1.35913592973818, -1.1604049841510218, 1.5631437301635742, 2.633211135864258
-0.7279070059405726, -2.1868823210345667, -1.3591116110431116, -1.1603930632220667, 1.5631197690963745, 2.633234977722168
-0.7278950850116175, -2.1868346373187464, -1.3591116110431116, -1.160440746937887, 1.5631556510925293, 2.633211135864258
-0.7279308477984827, -2.1868346373187464, -1.35913592973818, -1.160428826008932, 1.5631077289581299, 2.633223056793213
-0.7278712431537073, -2.1868346373187464, -1.3591836134540003, -1.1604169050799769, 1.5631437301635742, 2.6331989765167236
-0.7278950850116175, -2.1868227163897913, -1.35913592973818, -1.1603930632220667, 1.5631556510925293, 2.6331751346588135
-0.7278712431537073, -2.1868107954608362, -1.3591473738299769, -1.1604650656329554, 1.563167691230774, 2.633223056793213
-0.7278712431537073, -2.1868584791766565, -1.3591597715960901, -1.1604169050799769, 1.5631556510925293, 2.6331870555877686
-0.7279070059405726, -2.1868465582477015, -1.3591235319720667, -1.1604169050799769, 1.5631437301635742, 2.633151054382324
-0.7278950850116175, -2.1868346373187464, -1.3591235319720667, -1.1604049841510218, 1.5631316900253296, 2.633223056793213
-0.7278593222247522, -2.1868584791766565, -1.3591235319720667, -1.1604650656329554, 1.563179612159729, 2.633211135864258
-0.7278950850116175, -2.1868465582477015, -1.3591597715960901, -1.1604169050799769, 1.5631437301635742, 2.633223056793213
-0.7279189268695276, -2.1868346373187464, -1.3591235319720667, -1.1603930632220667, 1.5631437301635742, 2.6331870555877686
-0.7278712431537073, -2.1868346373187464, -1.35913592973818, -1.1604169050799769, 1.5631316900253296, 2.6331989765167236
-0.7278950850116175, -2.1868704001056116, -1.3591235319720667, -1.1604049841510218, 1.5631556510925293, 2.633246898651123
-0.7278593222247522, -2.1868704001056116, -1.3591235319720667, -1.1603930632220667, 1.5631316900253296, 2.6331632137298584
