0.03820720687508583, -2.0077245871173304, -1.2551301161395472, -1.2751086393939417, 1.592608094215393, 1.3559353351593018
0.03821919113397598, -2.0077365080462855, -1.255118195210592, -1.2750609556781214, 1.5925960540771484, 1.355911374092102
0.03821919113397598, -2.0077365080462855, -1.2551301161395472, -1.2750723997699183, 1.5926200151443481, 1.3558993339538574
0.03818323835730553, -2.0077365080462855, -1.2551301161395472, -1.275048557912008, 1.5926200151443481, 1.355911374092102
0.03820720687508583, -2.0077365080462855, -1.255106274281637, -1.275036636983053, 1.5926320552825928, 1.3558874130249023
0.03815926983952522, -2.007760826741354, -1.2551782766925257, -1.2750967184649866, 1.592368721961975, 1.3558753728866577
0.03821919113397598, -2.0077484289752405, -1.2551301161395472, -1.2750967184649866, 1.5924402475357056, 1.3558874130249023
0.03821919113397598, -2.007760826741354, -1.2551663557635706, -1.2750609556781214, 1.5926320552825928, 1.3558993339538574
0.03820720687508583, -2.0077245871173304, -1.2551663557635706, -1.2751086393939417, 1.5926439762115479, 1.3559353351593018
0.03820720687508583, -2.0077365080462855, -1.2551420370685022, -1.2750967184649866, 1.5926560163497925, 1.3559232950210571
0.03821919113397598, -2.0077365080462855, -1.255106274281637, -1.2751086393939417, 1.5926200151443481, 1.3558874130249023
0.03821919113397598, -2.0077126661883753, -1.2551301161395472, -1.2751205603228968, 1.5926200151443481, 1.3558993339538574
0.03820720687508583, -2.0077365080462855, -1.2551301161395472, -1.2751324812518519, 1.5926200151443481, 1.3558993339538574
0.03821919113397598, -2.0077365080462855, -1.2551539579974573, -1.2751324812518519, 1.5926200151443481, 1.3558993339538574
0.03820720687508583, -2.007772747670309, -1.2550824324237269, -1.2753365675555628, 1.592715859413147, 1.3559232950210571
0.03821919113397598, -2.007772747670309, -1.255106274281637, -1.2753241697894495, 1.592775821685791, 1.3559232950210571
0.03819522261619568, -2.0077245871173304, -1.255106274281637, -1.2753003279315394, 1.5927278995513916, 1.3559232950210571
0.038231175392866135, -2.0077365080462855, -1.2550585905658167, -1.2753122488604944, 1.5927637815475464, 1.3558993339538574
0.038231175392866135, -2.007772747670309, -1.2550824324237269, -1.2753003279315394, 1.5927278995513916, 1.3559472560882568
0.03825514391064644, -2.007772747670309, -1.255094353352682, -1.2753365675555628, 1.5927637815475464, 1.3559592962265015
0.03820720687508583, -2.0077484289752405, -1.255106274281637, -1.2753365675555628, 1.592775821685791, 1.3559472560882568
0.03820720687508583, -2.0077365080462855, -1.2550824324237269, -1.275360409413473, 1.5927518606185913, 1.3559353351593018
0.038171254098415375, -2.007760826741354, -1.2550700346576136, -1.2756479422198694, 1.5924642086029053, 1.3558993339538574
0.03800385072827339, -2.007808510457174, -1.2551539579974573, -1.2908485571490687, 1.5783734321594238, 1.3559592962265015
0.037943556904792786, -2.007772747670309, -1.2550824324237269, -1.3183863798724573, 1.5384126901626587, 1.3559592962265015
0.03767990320920944, -2.007760826741354, -1.2550824324237269, -1.3495538870440882, 1.4883778095245361, 1.3559232950210571
0.03672078996896744, -2.007784668599264, -1.255094353352682, -1.3802784124957483, 1.4322823286056519, 1.3560072183609009
0.030475135892629623, -2.007808510457174, -1.2551301161395472, -1.4145243803607386, 1.375447154045105, 1.3560551404953003
0.014134644530713558, -2.007820431386129, -1.2551539579974573, -1.434265438710348, 1.3262462615966797, 1.3560791015625
-0.03663760820497686, -2.0079649130450647, -1.2552502791034144, -1.4432128111468714, 1.3193938732147217, 1.3562349081039429
-0.11128503481020147, -2.007892433797018, -1.2551782766925257, -1.4435723463641565, 1.3290737867355347, 1.356199026107788
-0.17817956606020147, -2.0078447500811976, -1.2551539579974573, -1.4437640349017542, 1.3420953750610352, 1.3562588691711426
-0.23764402071108037, -2.0078447500811976, -1.2551663557635706, -1.4434645811664026, 1.3768728971481323, 1.3564146757125854
-0.29596025148500615, -2.007916275654928, -1.2551420370685022, -1.4323843161212366, 1.405457854270935, 1.356870412826538
-0.3519051710711878, -2.0078447500811976, -1.255094353352682, -1.4123805204974573, 1.4260404109954834, 1.3569303750991821
-0.38886720338930303, -2.0078323523150843, -1.2551420370685022, -1.3905318419085901, 1.4355409145355225, 1.3565229177474976
-0.39743072191347295, -2.0078685919391077, -1.2551663557635706, -1.3856805006610315, 1.4384523630142212, 1.356306791305542
-0.3974545637713831, -2.007808510457174, -1.2551420370685022, -1.3855965773211878, 1.449642539024353, 1.356366753578186
-0.39743072191347295, -2.0077245871173304, -1.254998509083883, -1.3835604826556605, 1.451906442642212, 1.3563307523727417
-0.3974188009845179, -2.0077245871173304, -1.2549861113177698, -1.3769844214068812, 1.451906442642212, 1.3563427925109863
-0.3974669615374964, -2.0077365080462855, -1.2550342718707483, -1.3769601027118128, 1.4517866373062134, 1.35642671585083
-0.39747888246645147, -2.007820431386129, -1.255094353352682, -1.3787692228900355, 1.4516072273254395, 1.35642671585083
-0.39764625230898076, -2.007880512868063, -1.2551301161395472, -1.394484821950094, 1.4513919353485107, 1.3564865589141846
-0.39988929430116826, -2.0078566710101526, -1.2551539579974573, -1.4137099424945276, 1.4513798952102661, 1.3566666841506958
-0.4098432699786585, -2.009211842213766, -1.2553098837481897, -1.4111703077899378, 1.4551655054092407, 1.4054518938064575
-0.42538720766176397, -2.0270188490497034, -1.2556937376605433, -1.3915975729571741, 1.4545905590057373, 1.652709722518921
-0.42903310457338506, -2.0429914633380335, -1.2556818167315882, -1.3619392553912562, 1.4350255727767944, 1.8325775861740112
-0.4289611021624964, -2.064802948628561, -1.2558501402484339, -1.35468036333193, 1.4349900484085083, 1.8811638355255127
-0.4289611021624964, -2.095668141041891, -1.2559102217303675, -1.3392646948443812, 1.436870813369751, 1.881199836730957
-0.4289968649493616, -2.1009324232684534, -1.2558978239642542, -1.3333953062640589, 1.4379853010177612, 1.8813315629959106
-0.4290569464312952, -2.1009681860553187, -1.2559340635882776, -1.334820572529928, 1.4373501539230347, 1.8812956809997559
-0.4290087858783167, -2.100992504750387, -1.2558978239642542, -1.3352521101581019, 1.437110424041748, 1.8800724744796753
-0.42902118364443, -2.1010401884662073, -1.2559216658221644, -1.337395970021383, 1.4339473247528076, 1.8476413488388062
-0.42902118364443, -2.1009324232684534, -1.2558015028582972, -1.3352397123919886, 1.433815598487854, 1.843551754951477
-0.42902118364443, -2.1008718649493616, -1.255789581929342, -1.33551532426943, 1.4455690383911133, 1.8436119556427002
-0.42897302309145147, -2.1008241812335413, -1.2557299772845667, -1.3353117148028772, 1.4532727003097534, 1.8436119556427002
-0.4289611021624964, -2.1007044951068323, -1.2557299772845667, -1.3343175093280237, 1.4534281492233276, 1.8435157537460327
-0.4289611021624964, -2.1007521788226526, -1.2557299772845667, -1.3330958525287073, 1.4528892040252686, 1.8434075117111206
-0.42897302309145147, -2.1007283369647425, -1.2557299772845667, -1.332939926777975, 1.4428610801696777, 1.8432397842407227
-0.42904502550234014, -2.1007283369647425, -1.2557538191424769, -1.3330119291888636, 1.4300899505615234, 1.8432756662368774
-0.42898494402040654, -2.1007283369647425, -1.2557538191424769, -1.3330839315997522, 1.4313479661941528, 1.843383550643921
-0.42898494402040654, -2.1007164160357874, -1.2557175795184534, -1.3330000082599085, 1.4313240051269531, 1.8433595895767212
-0.4289611021624964, -2.1007164160357874, -1.2557056585894983, -1.3328803221331995, 1.4312280416488647, 1.843383550643921
-0.42902118364443, -2.1007164160357874, -1.2557299772845667, -1.332939926777975, 1.4311442375183105, 1.8433955907821655
-0.42904502550234014, -2.100692097340719, -1.2557418982135218, -1.3329756895648401, 1.431359887123108, 1.843383550643921
-0.4289968649493616, -2.1007283369647425, -1.255765740071432, -1.3328560034381312, 1.431431770324707, 1.8434075117111206
-0.42897302309145147, -2.1007283369647425, -1.2557056585894983, -1.3328560034381312, 1.4315156936645508, 1.8434314727783203
-0.42898494402040654, -2.100680176411764, -1.2557056585894983, -1.3328560034381312, 1.4313719272613525, 1.8433595895767212
-0.42898494402040654, -2.100668255482809, -1.2557175795184534, -1.331766430531637, 1.4313719272613525, 1.843383550643921
-0.42898494402040654, -2.1007521788226526, -1.2557299772845667, -1.3310955206500452, 1.4313838481903076, 1.8433595895767212
-0.4290569464312952, -2.100692097340719, -1.2557056585894983, -1.3310115973102015, 1.431132197380066, 1.843383550643921
-0.42897302309145147, -2.1007044951068323, -1.2557299772845667, -1.3307960669146937, 1.4314438104629517, 1.8433595895767212
-0.4289968649493616, -2.100668255482809, -1.2557056585894983, -1.330843750630514, 1.431479811668396, 1.8434075117111206
-0.4290087858783167, -2.100692097340719, -1.2557175795184534, -1.330855671559469, 1.431359887123108, 1.843383550643921
-0.42903310457338506, -2.1007044951068323, -1.2557056585894983, -1.330855671559469, 1.431264042854309, 1.8433476686477661
-0.42902118364443, -2.100668255482809, -1.2557175795184534, -1.330843750630514, 1.431359887123108, 1.8433716297149658
-0.4289968649493616, -2.1007283369647425, -1.2557056585894983, -1.3308799902545374, 1.4313719272613525, 1.843383550643921
-0.4289968649493616, -2.100692097340719, -1.2557299772845667, -1.3308799902545374, 1.4313719272613525, 1.8433716297149658
-0.42903310457338506, -2.1007044951068323, -1.2557056585894983, -1.3308680693255823, 1.4312759637832642, 1.8433716297149658
-0.42897302309145147, -2.100680176411764, -1.2557418982135218, -1.3308799902545374, 1.4313000440597534, 1.8433716297149658
-0.4290087858783167, -2.100680176411764, -1.2557538191424769, -1.3309157530414026, 1.431204080581665, 1.8433476686477661
-0.42903310457338506, -2.100692097340719, -1.2557056585894983, -1.330843750630514, 1.4313359260559082, 1.8433235883712769
-0.42902118364443, -2.100692097340719, -1.2557299772845667, -1.3308919111834925, 1.4313479661941528, 1.8433716297149658
-0.4289968649493616, -2.100668255482809, -1.2557175795184534, -1.3308799902545374, 1.4312880039215088, 1.8433356285095215
-0.42902118364443, -2.1007164160357874, -1.2557056585894983, -1.3308919111834925, 1.4312520027160645, 1.8433476686477661
-0.4289968649493616, -2.1002963224994105, -1.255669895802633, -1.3307002226458948, 1.4313000440597534, 1.8433356285095215
-0.42898494402040654, -2.1002963224994105, -1.255669895802633, -1.3306520620929163, 1.4313958883285522, 1.843383550643921
-0.4289968649493616, -2.1004040876971644, -1.2553704420672815, -1.330843750630514, 1.431419849395752, 1.843383550643921
-0.42898494402040654, -2.1007402578936976, -1.2554062048541468, -1.3310115973102015, 1.4313958883285522, 1.843383550643921
-0.4289611021624964, -2.100776020680563, -1.2558015028582972, -1.3311188856707972, 1.4314078092575073, 1.8434314727783203
-0.4289611021624964, -2.1009443441974085, -1.2558501402484339, -1.33073598543276, 1.43119215965271, 1.8433716297149658
-0.42898494402040654, -2.1009085814105433, -1.255862061177389, -1.3308799902545374, 1.4312520027160645, 1.8432397842407227
-0.42898494402040654, -2.1009324232684534, -1.2559102217303675, -1.3315747419940394, 1.4310123920440674, 1.8428442478179932
-0.42902118364443, -2.1009443441974085, -1.255981747304098, -1.331442658101217, 1.4310842752456665, 1.8432996273040771
-0.42903310457338506, -2.100560490285055, -1.2555859724627894, -1.3304246107684534, 1.43193519115448, 1.8438756465911865
-0.42904502550234014, -2.10057241121401, -1.2554543654071253, -1.331538502370016, 1.4309284687042236, 1.8433595895767212
-0.42902118364443, -2.1005247274981897, -1.255441967641012, -1.3308079878436487, 1.4312400817871094, 1.8434195518493652
-0.42902118364443, -2.1005123297320765, -1.255441967641012, -1.3306282202350062, 1.4314557313919067, 1.843443512916565
-0.42898494402040654, -2.1005123297320765, -1.2558377424823206, -1.3306282202350062, 1.431479811668396, 1.8433716297149658
-0.4289968649493616, -2.1008361021624964, -1.2558501402484339, -1.3310955206500452, 1.4312161207199097, 1.8434314727783203
-0.4289968649493616, -2.1008718649493616, -1.2558501402484339, -1.331202809010641, 1.4312759637832642, 1.8433955907821655
-0.4289968649493616, -2.100896660481588, -1.2558015028582972, -1.3308199087726038, 1.4313000440597534, 1.8433716297149658
-0.4289968649493616, -2.1008122603045862, -1.2558262983905237, -1.3311432043658655, 1.4312759637832642, 1.8434075117111206
-0.4289968649493616, -2.1007164160357874, -1.2554782072650355, -1.3306520620929163, 1.4313838481903076, 1.8434195518493652
-0.4289491812335413, -2.100680176411764, -1.2555258909808558, -1.3311074415790003, 1.4310842752456665, 1.8433955907821655
-0.4290087858783167, -2.1007283369647425, -1.255646053944723, -1.3311312834369105, 1.4311202764511108, 1.8433595895767212
-0.42898494402040654, -2.100680176411764, -1.2556937376605433, -1.3306878248797815, 1.4315037727355957, 1.8433716297149658
-0.4290087858783167, -2.1007640997516077, -1.2557299772845667, -1.3311074415790003, 1.4310603141784668, 1.8433595895767212
-0.4289968649493616, -2.1007402578936976, -1.2557299772845667, -1.3312271277057093, 1.4310722351074219, 1.843383550643921
-0.42898494402040654, -2.1007402578936976, -1.2557418982135218, -1.3311312834369105, 1.431419849395752, 1.8433716297149658
-0.42897302309145147, -2.1007402578936976, -1.2557299772845667, -1.3305681387530726, 1.4314438104629517, 1.8433595895767212
-0.42897302309145147, -2.1007521788226526, -1.255777661000387, -1.33105975786318, 1.4313838481903076, 1.843383550643921
-0.4289491812335413, -2.1007044951068323, -1.2557538191424769, -1.3306763807879847, 1.4315277338027954, 1.8433955907821655
-0.42898494402040654, -2.100692097340719, -1.255657974873678, -1.3310115973102015, 1.43119215965271, 1.8433356285095215
-0.4289611021624964, -2.1007164160357874, -1.2556818167315882, -1.3310835997210901, 1.4312280416488647, 1.8433595895767212
-0.42893678346742803, -2.1007164160357874, -1.2556937376605433, -1.3311188856707972, 1.4313119649887085, 1.843383550643921
-0.42897302309145147, -2.100680176411764, -1.2557175795184534, -1.33105975786318, 1.4312520027160645, 1.843383550643921
-0.4289491812335413, -2.100680176411764, -1.2557056585894983, -1.3310359160052698, 1.4312880039215088, 1.8433476686477661
-0.4289611021624964, -2.100680176411764, -1.255669895802633, -1.330951992665426, 1.4313000440597534, 1.8433716297149658
-0.42897302309145147, -2.1007044951068323, -1.255669895802633, -1.331071678792135, 1.4310963153839111, 1.8433595895767212
-0.42897302309145147, -2.100692097340719, -1.2557056585894983, -1.3309639135943812, 1.4312280416488647, 1.8433116674423218
-0.4289968649493616, -2.1007044951068323, -1.2556818167315882, -1.3309639135943812, 1.4310842752456665, 1.8433116674423218
-0.4290569464312952, -2.1007283369647425, -1.2556818167315882, -1.3310359160052698, 1.430976390838623, 1.8432996273040771
-0.42904502550234014, -2.1007044951068323, -1.2557056585894983, -1.3310235182391565, 1.4313719272613525, 1.8433235883712769
-0.42904502550234014, -2.100680176411764, -1.2556818167315882, -1.331191364918844, 1.431431770324707, 1.8433595895767212
-0.42902118364443, -2.1007164160357874, -1.2557175795184534, -1.330843750630514, 1.4313479661941528, 1.8433235883712769
-0.42902118364443, -2.100692097340719, -1.2557056585894983, -1.3310473600970667, 1.4310603141784668, 1.8433235883712769
-0.4289968649493616, -2.100692097340719, -1.2556937376605433, -1.3308919111834925, 1.4313719272613525, 1.8433595895767212
-0.42902118364443, -2.1007402578936976, -1.2556937376605433, -1.3309276739703577, 1.4313119649887085, 1.8433476686477661
-0.42903310457338506, -2.1007164160357874, -1.2557056585894983, -1.3309639135943812, 1.43119215965271, 1.8433235883712769
-0.42902118364443, -2.1007402578936976, -1.2557175795184534, -1.3309877554522913, 1.4312280416488647, 1.8433476686477661
-0.4290569464312952, -2.1007402578936976, -1.2557056585894983, -1.3308919111834925, 1.4312759637832642, 1.8433595895767212
-0.42904502550234014, -2.100692097340719, -1.2557175795184534, -1.3308919111834925, 1.4313000440597534, 1.8433356285095215
-0.42903310457338506, -2.1007044951068323, -1.2557056585894983, -1.3309639135943812, 1.4312880039215088, 1.8433476686477661
-0.42903310457338506, -2.1007283369647425, -1.2556818167315882, -1.3310115973102015, 1.4312161207199097, 1.8433116674423218
-0.42902118364443, -2.1007283369647425, -1.2556818167315882, -1.3310235182391565, 1.4312759637832642, 1.8433116674423218
-0.42903310457338506, -2.1007283369647425, -1.2556937376605433, -1.3310235182391565, 1.4312759637832642, 1.8433116674423218
-0.4290569464312952, -2.1007164160357874, -1.2557056585894983, -1.3310359160052698, 1.4312880039215088, 1.8433116674423218
-0.4289968649493616, -2.1007044951068323, -1.255669895802633, -1.3310359160052698, 1.4313000440597534, 1.8433235883712769
-0.42898494402040654, -2.1007164160357874, -1.2556937376605433, -1.3311312834369105, 1.4312520027160645, 1.8433595895767212
-0.42902118364443, -2.1007044951068323, -1.2557299772845667, -1.331071678792135, 1.4313240051269531, 1.8433716297149658
-0.4289968649493616, -2.1007044951068323, -1.2556818167315882, -1.3311188856707972, 1.4312759637832642, 1.8433235883712769
-0.42902118364443, -2.1007044951068323, -1.255657974873678, -1.3311074415790003, 1.4313479661941528, 1.8433476686477661
-0.4290087858783167, -2.1007164160357874, -1.2557056585894983, -1.3311074415790003, 1.4312880039215088, 1.8433595895767212
-0.42902118364443, -2.1007164160357874, -1.2556937376605433, -1.3310473600970667, 1.4313000440597534, 1.843383550643921
-0.42903310457338506, -2.1007164160357874, -1.2556818167315882, -1.331071678792135, 1.4312759637832642, 1.8433356285095215
-0.4289968649493616, -2.1007044951068323, -1.2557056585894983, -1.3310359160052698, 1.4313119649887085, 1.8433955907821655
-0.42902118364443, -2.100692097340719, -1.2557056585894983, -1.3310359160052698, 1.4313119649887085, 1.8433476686477661
-0.42898494402040654, -2.1007044951068323, -1.255669895802633, -1.3310359160052698, 1.4312759637832642, 1.8433235883712769
-0.42904502550234014, -2.100680176411764, -1.2556937376605433, -1.3309758345233362, 1.4313119649887085, 1.8433476686477661
-0.42904502550234014, -2.100680176411764, -1.2557175795184534, -1.3310115973102015, 1.4312880039215088, 1.8433235883712769
-0.4263227621661585, -2.097898308430807, -1.2602875868426722, -1.3299697081195276, 1.431264042854309, 1.846034288406372
-0.4180710951434534, -2.0892651716815394, -1.272928539906637, -1.3265679518329065, 1.4310482740402222, 1.8543097972869873
-0.40448266664613897, -2.0757749716388147, -1.2931259314166468, -1.3212130705462855, 1.4306528568267822, 1.8680425882339478
-0.3992417494403284, -2.0708945433246058, -1.3007772604571741, -1.3190096060382288, 1.42998206615448, 1.8731880187988281
-0.3988097349749964, -2.07035476366152, -1.301509205495016, -1.3187935988055628, 1.431132197380066, 1.8737396001815796
-0.39886981645693, -2.0703910032855433, -1.301533047352926, -1.3193209807025355, 1.4303416013717651, 1.8737396001815796
-0.39889365831484014, -2.070379082356588, -1.3014853636371058, -1.3196080366717737, 1.4299461841583252, 1.8737396001815796
-0.39878589311708623, -2.0705226103412073, -1.3015449682818812, -1.319416348134176, 1.4310123920440674, 1.8737396001815796
-0.39877397218813115, -2.0705345312701624, -1.3015568892108362, -1.3194883505450647, 1.4313838481903076, 1.8738954067230225
-0.3988097349749964, -2.0705226103412073, -1.301533047352926, -1.319632355366842, 1.430209755897522, 1.8738354444503784
-0.3987978140460413, -2.0705469290362757, -1.301533047352926, -1.319392506276266, 1.4305330514907837, 1.8738594055175781
-0.3979223410235804, -2.0701029936419886, -1.3025410811053675, -1.3192127386676233, 1.430748701095581, 1.8743995428085327
-0.39239341417421514, -2.0644314924823206, -1.3104918638812464, -1.3173087278949183, 1.4306528568267822, 1.880312204360962
-0.3815396467791956, -2.0542028586017054, -1.325639549885885, -1.3138945738421839, 1.4301618337631226, 1.8914185762405396
-0.36823970476259404, -2.0424869696246546, -1.3431490103351038, -1.3100970427142542, 1.430197834968567, 1.9046839475631714
-0.36038381258119756, -2.035952393208639, -1.3530314604388636, -1.3079054991351526, 1.4302217960357666, 1.9125887155532837
-0.3583453337298792, -2.0339134375201624, -1.3557899633990687, -1.307258431111471, 1.4300060272216797, 1.9148555994033813
-0.3583453337298792, -2.0339015165912073, -1.3557899633990687, -1.307150665913717, 1.4299461841583252, 1.9148197174072266
-0.35809356371034795, -2.0339015165912073, -1.3557899633990687, -1.307030979787008, 1.42998206615448, 1.914807677268982
-0.3580573240863245, -2.0338175932513636, -1.3557418028460901, -1.3070910612689417, 1.4300659894943237, 1.9148197174072266
-0.3581178824054163, -2.0338175932513636, -1.355729881917135, -1.3072226683246058, 1.430053949356079, 1.9147956371307373
-0.35815364519228154, -2.0338175932513636, -1.3557656447040003, -1.307246510182516, 1.429970145225525, 1.914807677268982
-0.3581298033343714, -2.0338056723224085, -1.3557656447040003, -1.307258431111471, 1.4300060272216797, 1.914807677268982
-0.3581178824054163, -2.0338056723224085, -1.3557780424701136, -1.307258431111471, 1.4299941062927246, 1.9147956371307373
-0.3581178824054163, -2.0338056723224085, -1.3557899633990687, -1.307246510182516, 1.4300659894943237, 1.9147837162017822
-0.3581298033343714, -2.0338056723224085, -1.3557537237750452, -1.3072345892535608, 1.4300780296325684, 1.9148555994033813
-0.35814172426332647, -2.0338295141803187, -1.355729881917135, -1.307258431111471, 1.4300299882888794, 1.9148197174072266
-0.3581178824054163, -2.0337937513934534, -1.3557537237750452, -1.307246510182516, 1.4300060272216797, 1.914807677268982
-0.3581178824054163, -2.0337937513934534, -1.3557537237750452, -1.307270352040426, 1.4300180673599243, 1.914807677268982
-0.3581298033343714, -2.0337937513934534, -1.3557780424701136, -1.3072345892535608, 1.4300299882888794, 1.9148436784744263
-0.3581178824054163, -2.0338056723224085, -1.3557418028460901, -1.3072226683246058, 1.430053949356079, 1.9148197174072266
-0.3581298033343714, -2.0338175932513636, -1.3557656447040003, -1.307258431111471, 1.42998206615448, 1.9148436784744263
-0.35810548463930303, -2.0337937513934534, -1.3557537237750452, -1.307258431111471, 1.4300180673599243, 1.9147956371307373
-0.35815364519228154, -2.0338175932513636, -1.3557537237750452, -1.307246510182516, 1.429970145225525, 1.9148436784744263
-0.35815364519228154, -2.0338056723224085, -1.3557899633990687, -1.307246510182516, 1.4300299882888794, 1.9148436784744263
-0.3581298033343714, -2.0337937513934534, -1.3557537237750452, -1.307258431111471, 1.4300899505615234, 1.914807677268982
-0.3581298033343714, -2.0338175932513636, -1.3557899633990687, -1.3072226683246058, 1.4300299882888794, 1.9148316383361816
-0.35810548463930303, -2.0338056723224085, -1.35571796098818, -1.3071149031268519, 1.4300180673599243, 1.9147837162017822
-0.3581298033343714, -2.0337937513934534, -1.3557780424701136, -1.3071749846087855, 1.430042028427124, 1.9147956371307373
-0.35809356371034795, -2.0337818304644983, -1.3557780424701136, -1.307270352040426, 1.4300899505615234, 1.914807677268982
-0.3581298033343714, -2.0338056723224085, -1.3557537237750452, -1.307246510182516, 1.4300299882888794, 1.9147956371307373
-0.3581298033343714, -2.0337818304644983, -1.3557899633990687, -1.307270352040426, 1.4300060272216797, 1.9148316383361816
-0.35814172426332647, -2.0337818304644983, -1.3557899633990687, -1.307246510182516, 1.4300299882888794, 1.9148197174072266
-0.3581298033343714, -2.0337937513934534, -1.3557656447040003, -1.3072107473956507, 1.42998206615448, 1.9148197174072266
-0.3581178824054163, -2.0337937513934534, -1.3557780424701136, -1.3072345892535608, 1.430053949356079, 1.914807677268982
-0.35810548463930303, -2.0337818304644983, -1.3557656447040003, -1.3072226683246058, 1.4300180673599243, 1.914807677268982
-0.35814172426332647, -2.0337818304644983, -1.355729881917135, -1.307246510182516, 1.42998206615448, 1.9148197174072266
-0.3581178824054163, -2.0337937513934534, -1.3558138052569788, -1.307246510182516, 1.4299941062927246, 1.9148316383361816
-0.35814172426332647, -2.0338175932513636, -1.3557656447040003, -1.307258431111471, 1.4300060272216797, 1.9148197174072266
-0.35810548463930303, -2.0337818304644983, -1.3557537237750452, -1.3072827498065394, 1.4300180673599243, 1.9148197174072266
-0.3581298033343714, -2.0338056723224085, -1.3557537237750452, -1.3071988264666956, 1.4300299882888794, 1.9148197174072266
-0.35814172426332647, -2.0337818304644983, -1.3557656447040003, -1.307258431111471, 1.4300180673599243, 1.9148436784744263
-0.35809356371034795, -2.0337937513934534, -1.3557656447040003, -1.3072226683246058, 1.4299941062927246, 1.9148197174072266
-0.3581298033343714, -2.0338175932513636, -1.355729881917135, -1.3072345892535608, 1.4300060272216797, 1.9147837162017822
-0.35815364519228154, -2.0338175932513636, -1.3557899633990687, -1.3071988264666956, 1.4300299882888794, 1.914879560470581
-0.3581178824054163, -2.0338175932513636, -1.3557899633990687, -1.3071988264666956, 1.4300180673599243, 1.914807677268982
-0.35815364519228154, -2.0338056723224085, -1.3557537237750452, -1.3072226683246058, 1.4300299882888794, 1.914807677268982
-0.3581178824054163, -2.0338056723224085, -1.3557899633990687, -1.3072107473956507, 1.4300299882888794, 1.9147956371307373
-0.35810548463930303, -2.0337699095355433, -1.3558018843280237, -1.3072345892535608, 1.4299941062927246, 1.9148197174072266
-0.3581298033343714, -2.0337937513934534, -1.3557780424701136, -1.307258431111471, 1.4300180673599243, 1.9148916006088257
-0.3581298033343714, -2.0338056723224085, -1.3558018843280237, -1.3072345892535608, 1.4300180673599243, 1.914771318435669
-0.35815364519228154, -2.0337818304644983, -1.3557537237750452, -1.307246510182516, 1.4299941062927246, 1.9148197174072266
-0.3581178824054163, -2.0337937513934534, -1.3557656447040003, -1.3072345892535608, 1.4299941062927246, 1.9148197174072266
-0.3581298033343714, -2.0338056723224085, -1.3557656447040003, -1.3072345892535608, 1.430042028427124, 1.9148197174072266
-0.3581298033343714, -2.0338175932513636, -1.3557418028460901, -1.3071864287005823, 1.430042028427124, 1.9148197174072266
-0.3581298033343714, -2.0337937513934534, -1.3557899633990687, -1.307246510182516, 1.4300180673599243, 1.9148316383361816
-0.35814172426332647, -2.0337937513934534, -1.3557780424701136, -1.3071988264666956, 1.4300180673599243, 1.9148316383361816
-0.3581298033343714, -2.0338056723224085, -1.3557780424701136, -1.3072226683246058, 1.4300060272216797, 1.9147956371307373
-0.3581178824054163, -2.0338056723224085, -1.3557780424701136, -1.3072345892535608, 1.4300180673599243, 1.9147956371307373
-0.35814172426332647, -2.0337937513934534, -1.3557899633990687, -1.3072226683246058, 1.4300060272216797, 1.9148316383361816
-0.3581298033343714, -2.0338175932513636, -1.3557899633990687, -1.307246510182516, 1.4299941062927246, 1.9147956371307373
-0.35814172426332647, -2.0337937513934534, -1.3557656447040003, -1.307246510182516, 1.4300180673599243, 1.9147956371307373
-0.35809356371034795, -2.0337818304644983, -1.3557537237750452, -1.307246510182516, 1.4299941062927246, 1.9147956371307373
-0.35815364519228154, -2.0338056723224085, -1.3557537237750452, -1.3072345892535608, 1.4300180673599243, 1.9148197174072266
-0.3581178824054163, -2.0338175932513636, -1.3557537237750452, -1.307270352040426, 1.4300060272216797, 1.914807677268982
-0.3581178824054163, -2.033841911946432, -1.3557418028460901, -1.3072345892535608, 1.4300299882888794, 1.914807677268982
-0.3581178824054163, -2.0338056723224085, -1.3557780424701136, -1.3072345892535608, 1.4300180673599243, 1.9148555994033813
-0.35815364519228154, -2.0337699095355433, -1.3557537237750452, -1.3072107473956507, 1.4300180673599243, 1.9148436784744263
-0.3581298033343714, -2.0337937513934534, -1.355729881917135, -1.3071988264666956, 1.4300299882888794, 1.914807677268982
-0.35810548463930303, -2.0337699095355433, -1.3557537237750452, -1.3073065916644495, 1.430042028427124, 1.9147837162017822
-0.35810548463930303, -2.0338175932513636, -1.3557780424701136, -1.3072226683246058, 1.4300299882888794, 1.9147956371307373
-0.3581774870501917, -2.0337937513934534, -1.3558018843280237, -1.307258431111471, 1.4300180673599243, 1.914807677268982
-0.35814172426332647, -2.0337937513934534, -1.3558138052569788, -1.307246510182516, 1.4300180673599243, 1.9148555994033813
-0.3581178824054163, -2.0337937513934534, -1.3557656447040003, -1.3072345892535608, 1.4300299882888794, 1.9147593975067139
-0.3581298033343714, -2.0338295141803187, -1.3557899633990687, -1.3072345892535608, 1.4300060272216797, 1.914867639541626
-0.3581178824054163, -2.0337937513934534, -1.3557780424701136, -1.3072345892535608, 1.42998206615448, 1.914807677268982
-0.3581178824054163, -2.0338175932513636, -1.3557780424701136, -1.3072345892535608, 1.4300659894943237, 1.9148197174072266
-0.3581298033343714, -2.033841911946432, -1.3557418028460901, -1.307246510182516, 1.4300299882888794, 1.9147956371307373
-0.35809356371034795, -2.0337699095355433, -1.3557656447040003, -1.3072226683246058, 1.430042028427124, 1.9148316383361816
-0.3581298033343714, -2.0337699095355433, -1.355729881917135, -1.3072107473956507, 1.4300299882888794, 1.9148197174072266
-0.35814172426332647, -2.0338175932513636, -1.3557899633990687, -1.3072226683246058, 1.4300060272216797, 1.9148316383361816
-0.3581178824054163, -2.0337937513934534, -1.3557418028460901, -1.3072345892535608, 1.4300180673599243, 1.9147956371307373
-0.3581298033343714, -2.0337818304644983, -1.3557899633990687, -1.307246510182516, 1.4300299882888794, 1.9148197174072266
-0.3581178824054163, -2.0338175932513636, -1.3558138052569788, -1.307258431111471, 1.4300299882888794, 1.9147956371307373
-0.3581178824054163, -2.0338056723224085, -1.35571796098818, -1.3072345892535608, 1.4300180673599243, 1.9148197174072266
-0.35810548463930303, -2.0338056723224085, -1.3557656447040003, -1.3072345892535608, 1.4300299882888794, 1.9148316383361816
-0.35810548463930303, -2.0338056723224085, -1.3557899633990687, -1.3072226683246058, 1.4300299882888794, 1.914807677268982
-0.3581655661212366, -2.033757988606588, -1.355837647114889, -1.307258431111471, 1.4299941062927246, 1.914867639541626
-0.35815364519228154, -2.0337699095355433, -1.3557656447040003, -1.3072345892535608, 1.4300180673599243, 1.9148316383361816
-0.3581298033343714, -2.0337818304644983, -1.3558018843280237, -1.307258431111471, 1.4300180673599243, 1.9147956371307373
-0.35814172426332647, -2.0338175932513636, -1.3557418028460901, -1.307246510182516, 1.4300299882888794, 1.914807677268982
-0.3581178824054163, -2.0337699095355433, -1.3557899633990687, -1.3072226683246058, 1.430042028427124, 1.9148197174072266
-0.3581178824054163, -2.0337699095355433, -1.3557899633990687, -1.307246510182516, 1.4299941062927246, 1.914807677268982
-0.3581298033343714, -2.0337937513934534, -1.3557780424701136, -1.3072226683246058, 1.4299941062927246, 1.9148436784744263
-0.3581178824054163, -2.0337818304644983, -1.3557537237750452, -1.307246510182516, 1.430042028427124, 1.9148197174072266
-0.3581655661212366, -2.0338175932513636, -1.3557780424701136, -1.3072226683246058, 1.4300060272216797, 1.9148197174072266
-0.35809356371034795, -2.0338056723224085, -1.3557780424701136, -1.3072345892535608, 1.4300060272216797, 1.9148316383361816
-0.35814172426332647, -2.0338056723224085, -1.3557537237750452, -1.3072226683246058, 1.4300060272216797, 1.9148555994033813
-0.35814172426332647, -2.0337937513934534, -1.3557899633990687, -1.3071988264666956, 1.4300060272216797, 1.9148436784744263
-0.3581178824054163, -2.0338056723224085, -1.355837647114889, -1.307246510182516, 1.4300299882888794, 1.9148555994033813
-0.35814172426332647, -2.0338175932513636, -1.3557656447040003, -1.3072345892535608, 1.4299941062927246, 1.914807677268982
-0.35814172426332647, -2.0337937513934534, -1.3557537237750452, -1.3072107473956507, 1.4300299882888794, 1.9148316383361816
-0.3581298033343714, -2.0337818304644983, -1.3557656447040003, -1.3072107473956507, 1.4300180673599243, 1.9147956371307373
-0.3581178824054163, -2.033757988606588, -1.3557656447040003, -1.3072226683246058, 1.4299941062927246, 1.9148316383361816
-0.3581178824054163, -2.0337937513934534, -1.3557537237750452, -1.3072345892535608, 1.42998206615448, 1.9148555994033813
-0.3581298033343714, -2.0338175932513636, -1.3557656447040003, -1.3072345892535608, 1.430042028427124, 1.9148197174072266
-0.35814172426332647, -2.0338175932513636, -1.3557537237750452, -1.3072345892535608, 1.4300060272216797, 1.9148197174072266
-0.3581178824054163, -2.0337937513934534, -1.3557899633990687, -1.3072345892535608, 1.4299941062927246, 1.914867639541626
-0.3581774870501917, -2.0338056723224085, -1.3557780424701136, -1.3072226683246058, 1.4300060272216797, 1.9148197174072266
-0.3581298033343714, -2.0337699095355433, -1.3558018843280237, -1.3072345892535608, 1.42998206615448, 1.9148555994033813
-0.3581298033343714, -2.0337937513934534, -1.3557418028460901, -1.3072226683246058, 1.4300299882888794, 1.9148316383361816
-0.3581178824054163, -2.0337818304644983, -1.3557537237750452, -1.3072226683246058, 1.4300060272216797, 1.9148555994033813
-0.3581178824054163, -2.0338056723224085, -1.3557537237750452, -1.307246510182516, 1.4300299882888794, 1.914807677268982
-0.35815364519228154, -2.033757988606588, -1.3558018843280237, -1.3072107473956507, 1.4300060272216797, 1.914807677268982
-0.35809356371034795, -2.0338056723224085, -1.3557780424701136, -1.307246510182516, 1.4300299882888794, 1.914807677268982
-0.35809356371034795, -2.0337818304644983, -1.3557537237750452, -1.3072107473956507, 1.4300299882888794, 1.9148436784744263
-0.35810548463930303, -2.0337937513934534, -1.3557899633990687, -1.3072345892535608, 1.4300180673599243, 1.9148316383361816
-0.35815364519228154, -2.0337818304644983, -1.3558018843280237, -1.3072345892535608, 1.4299941062927246, 1.9147837162017822
-0.35814172426332647, -2.033841911946432, -1.3558018843280237, -1.307258431111471, 1.4299941062927246, 1.9148436784744263
-0.3581178824054163, -2.0338056723224085, -1.3557899633990687, -1.3072107473956507, 1.4300060272216797, 1.9148436784744263
-0.3581178824054163, -2.0337937513934534, -1.3558018843280237, -1.3073065916644495, 1.4300299882888794, 1.9148436784744263
-0.35814172426332647, -2.0337937513934534, -1.3557899633990687, -1.3072345892535608, 1.4299941062927246, 1.9148436784744263
-0.35814172426332647, -2.0337818304644983, -1.3557537237750452, -1.307246510182516, 1.4300060272216797, 1.9147837162017822
-0.35810548463930303, -2.033853832875387, -1.3557780424701136, -1.307246510182516, 1.4300180673599243, 1.9148316383361816
-0.3581178824054163, -2.0338056723224085, -1.3557899633990687, -1.3072345892535608, 1.430042028427124, 1.9148197174072266
-0.3581298033343714, -2.0338056723224085, -1.3557656447040003, -1.3072345892535608, 1.4300180673599243, 1.9148436784744263
-0.35810548463930303, -2.0338056723224085, -1.3558138052569788, -1.3072226683246058, 1.4299941062927246, 1.914807677268982
-0.3581298033343714, -2.0337699095355433, -1.3558257261859339, -1.3071988264666956, 1.4300180673599243, 1.9148197174072266
-0.3581298033343714, -2.0338056723224085, -1.3557780424701136, -1.307246510182516, 1.4299941062927246, 1.9148197174072266
-0.35814172426332647, -2.0338056723224085, -1.3557656447040003, -1.3071864287005823, 1.4300299882888794, 1.9148197174072266
-0.3581298033343714, -2.0338175932513636, -1.3557780424701136, -1.3071988264666956, 1.42998206615448, 1.9148436784744263
-0.35815364519228154, -2.0337937513934534, -1.3557899633990687, -1.307258431111471, 1.4299941062927246, 1.9147956371307373
-0.35815364519228154, -2.0337699095355433, -1.3557780424701136, -1.3072827498065394, 1.4299941062927246, 1.9148316383361816
-0.3581298033343714, -2.0337937513934534, -1.3558138052569788, -1.3072345892535608, 1.4300299882888794, 1.914807677268982
-0.35810548463930303, -2.0337937513934534, -1.3557418028460901, -1.3072107473956507, 1.4300299882888794, 1.9148316383361816
-0.35814172426332647, -2.0337937513934534, -1.3558018843280237, -1.3072226683246058, 1.4300180673599243, 1.9148316383361816
-0.3581178824054163, -2.0338295141803187, -1.3557656447040003, -1.3072345892535608, 1.4300180673599243, 1.914807677268982
-0.35810548463930303, -2.0337937513934534, -1.3557899633990687, -1.3072107473956507, 1.4300060272216797, 1.9148555994033813
-0.3581298033343714, -2.0337699095355433, -1.3557899633990687, -1.307246510182516, 1.4299941062927246, 1.9148316383361816
-0.3581298033343714, -2.0338056723224085, -1.3557537237750452, -1.3072107473956507, 1.4299941062927246, 1.914879560470581
-0.35814172426332647, -2.0337699095355433, -1.3557899633990687, -1.3072226683246058, 1.4300060272216797, 1.9148436784744263
-0.35814172426332647, -2.0337818304644983, -1.3557899633990687, -1.3072226683246058, 1.430042028427124, 1.9148555994033813
-0.3581178824054163, -2.0337937513934534, -1.3557537237750452, -1.307246510182516, 1.4300060272216797, 1.9148197174072266
-0.3581298033343714, -2.0337937513934534, -1.3557537237750452, -1.3072107473956507, 1.430053949356079, 1.9148316383361816
-0.35810548463930303, -2.0337937513934534, -1.3557780424701136, -1.3072946707354944, 1.4300299882888794, 1.9148436784744263
-0.35814172426332647, -2.0337699095355433, -1.3557537237750452, -1.3072345892535608, 1.4300180673599243, 1.9148197174072266
-0.3581178824054163, -2.0338175932513636, -1.3557537237750452, -1.3073065916644495, 1.430042028427124, 1.9148316383361816
-0.35810548463930303, -2.0337818304644983, -1.3557899633990687, -1.3072107473956507, 1.4300780296325684, 1.9148197174072266
-0.35815364519228154, -2.0338175932513636, -1.3557899633990687, -1.307246510182516, 1.4300060272216797, 1.914867639541626
-0.35815364519228154, -2.0337818304644983, -1.3557537237750452, -1.3071988264666956, 1.4300060272216797, 1.9148316383361816
-0.35815364519228154, -2.0338295141803187, -1.3557899633990687, -1.307246510182516, 1.430101990699768, 1.914807677268982
-0.35814172426332647, -2.0338175932513636, -1.3558018843280237, -1.3072226683246058, 1.430101990699768, 1.914807677268982
-0.3581774870501917, -2.0337818304644983, -1.3557537237750452, -1.3072107473956507, 1.4301259517669678, 1.9148436784744263
-0.35814172426332647, -2.0337818304644983, -1.3558138052569788, -1.3072345892535608, 1.4301378726959229, 1.914867639541626
-0.35815364519228154, -2.0337818304644983, -1.3557780424701136, -1.3072226683246058, 1.4300659894943237, 1.9148436784744263
-0.35815364519228154, -2.0337937513934534, -1.3557780424701136, -1.3072226683246058, 1.4300659894943237, 1.9148316383361816
-0.3581178824054163, -2.0337937513934534, -1.3557418028460901, -1.307258431111471, 1.430053949356079, 1.9148555994033813
-0.3581298033343714, -2.0337818304644983, -1.3557780424701136, -1.307246510182516, 1.4300659894943237, 1.9147956371307373
-0.3581298033343714, -2.0337699095355433, -1.3557656447040003, -1.3071988264666956, 1.4301499128341675, 1.9148436784744263
-0.3581655661212366, -2.0337699095355433, -1.3557656447040003, -1.3072345892535608, 1.4301139116287231, 1.9148436784744263
-0.35815364519228154, -2.0338056723224085, -1.3557656447040003, -1.3072226683246058, 1.4301259517669678, 1.914807677268982
-0.35815364519228154, -2.0338175932513636, -1.3557656447040003, -1.307270352040426, 1.430053949356079, 1.9147956371307373
-0.3581178824054163, -2.0338056723224085, -1.3557899633990687, -1.3072107473956507, 1.430053949356079, 1.9148555994033813
-0.35814172426332647, -2.0337699095355433, -1.3558138052569788, -1.3072345892535608, 1.4300899505615234, 1.9148436784744263
-0.35814172426332647, -2.0338175932513636, -1.3557899633990687, -1.3072226683246058, 1.430101990699768, 1.9148197174072266
-0.35815364519228154, -2.0337937513934534, -1.3557899633990687, -1.3072107473956507, 1.4301259517669678, 1.9148555994033813
-0.35815364519228154, -2.0338295141803187, -1.3558018843280237, -1.3072226683246058, 1.4300659894943237, 1.9148436784744263
-0.3581178824054163, -2.0338175932513636, -1.3557418028460901, -1.307246510182516, 1.4301738739013672, 1.914867639541626
-0.3581774870501917, -2.0337818304644983, -1.3557780424701136, -1.3072827498065394, 1.4300780296325684, 1.9148197174072266
-0.35814172426332647, -2.0337937513934534, -1.3558018843280237, -1.307258431111471, 1.4301259517669678, 1.9148555994033813
-0.3581298033343714, -2.0337937513934534, -1.3558018843280237, -1.307258431111471, 1.4300180673599243, 1.9148436784744263
-0.35815364519228154, -2.0338175932513636, -1.3558018843280237, -1.307246510182516, 1.4300780296325684, 1.9148197174072266
-0.3581298033343714, -2.0338056723224085, -1.3558018843280237, -1.3072345892535608, 1.4301139116287231, 1.9148197174072266
-0.3581774870501917, -2.0338175932513636, -1.3557899633990687, -1.307258431111471, 1.430101990699768, 1.9148197174072266
-0.35815364519228154, -2.0338056723224085, -1.3557656447040003, -1.3072226683246058, 1.4300780296325684, 1.9148436784744263
-0.35815364519228154, -2.0337818304644983, -1.3558018843280237, -1.307246510182516, 1.4300659894943237, 1.9148197174072266
-0.3581298033343714, -2.0337699095355433, -1.3557537237750452, -1.3072345892535608, 1.4300899505615234, 1.9148316383361816
-0.35814172426332647, -2.0338056723224085, -1.3557899633990687, -1.307246510182516, 1.430101990699768, 1.9148316383361816
-0.3581178824054163, -2.0338175932513636, -1.3557780424701136, -1.3072345892535608, 1.4300899505615234, 1.9148316383361816
-0.35815364519228154, -2.0338175932513636, -1.3558257261859339, -1.3072226683246058, 1.4300899505615234, 1.9148555994033813
-0.3581298033343714, -2.0337937513934534, -1.3558018843280237, -1.3072226683246058, 1.4300659894943237, 1.9148436784744263
-0.3581774870501917, -2.0337937513934534, -1.3558138052569788, -1.3072107473956507, 1.4300780296325684, 1.9148436784744263
-0.35810548463930303, -2.0337937513934534, -1.3557780424701136, -1.307258431111471, 1.4300659894943237, 1.9148197174072266
-0.3581298033343714, -2.0338056723224085, -1.3558018843280237, -1.3072226683246058, 1.430053949356079, 1.9148436784744263
-0.3581655661212366, -2.0337937513934534, -1.3557656447040003, -1.3072226683246058, 1.430101990699768, 1.9148555994033813
-0.35815364519228154, -2.0337818304644983, -1.3557418028460901, -1.3072345892535608, 1.4300780296325684, 1.914867639541626
-0.3581298033343714, -2.0337818304644983, -1.3558018843280237, -1.307246510182516, 1.4300899505615234, 1.914879560470581
-0.3581774870501917, -2.0338056723224085, -1.3557418028460901, -1.3072107473956507, 1.4300659894943237, 1.914807677268982
-0.35815364519228154, -2.0338175932513636, -1.3557656447040003, -1.3072345892535608, 1.430101990699768, 1.9148436784744263
-0.3581655661212366, -2.0338175932513636, -1.3557899633990687, -1.3072226683246058, 1.4300899505615234, 1.9148555994033813
-0.3581178824054163, -2.0337699095355433, -1.3557780424701136, -1.3072946707354944, 1.430101990699768, 1.914807677268982
-0.3581655661212366, -2.0337818304644983, -1.3557780424701136, -1.3071864287005823, 1.4300780296325684, 1.914807677268982
-0.3581298033343714, -2.0338175932513636, -1.3558018843280237, -1.3071864287005823, 1.430101990699768, 1.9147956371307373
-0.3581655661212366, -2.0338056723224085, -1.3558018843280237, -1.3071864287005823, 1.430101990699768, 1.9148436784744263
-0.35815364519228154, -2.0337937513934534, -1.3557899633990687, -1.307246510182516, 1.4300899505615234, 1.9148436784744263
-0.3581655661212366, -2.0337818304644983, -1.3557899633990687, -1.3072827498065394, 1.4300299882888794, 1.9148316383361816
-0.35814172426332647, -2.0338056723224085, -1.3557780424701136, -1.3071625868426722, 1.4297184944152832, 1.9148316383361816
-0.35821372667421514, -2.0338056723224085, -1.3558018843280237, -1.3072107473956507, 1.4304251670837402, 1.9148197174072266
-0.3582256476031702, -2.0337699095355433, -1.355849568043844, -1.3071025053607386, 1.4302936792373657, 1.9147956371307373
-0.3581894079791468, -2.0337818304644983, -1.3557780424701136, -1.307126824055807, 1.4300060272216797, 1.9147837162017822
-0.35820180574526006, -2.0338175932513636, -1.3558257261859339, -1.3070786635028284, 1.4299341440200806, 1.9147956371307373
-0.3582494894610804, -2.0338056723224085, -1.3558138052569788, -1.307606045399801, 1.4297184944152832, 1.9148197174072266
-0.3582375685321253, -2.0337937513934534, -1.3558257261859339, -1.3072827498065394, 1.4300780296325684, 1.9148316383361816
-0.3582256476031702, -2.0338056723224085, -1.355837647114889, -1.3071864287005823, 1.4301857948303223, 1.914807677268982
-0.3582494894610804, -2.0337699095355433, -1.3558018843280237, -1.3072107473956507, 1.4301738739013672, 1.9147956371307373
-0.3582375685321253, -2.0337937513934534, -1.3558018843280237, -1.307246510182516, 1.4299461841583252, 1.914807677268982
-0.3582256476031702, -2.0338175932513636, -1.3558138052569788, -1.307126824055807, 1.42998206615448, 1.9148316383361816
-0.35821372667421514, -2.0337818304644983, -1.355849568043844, -1.3070786635028284, 1.4297064542770386, 1.9148316383361816
-0.3582375685321253, -2.0338175932513636, -1.3558138052569788, -1.3070667425738733, 1.4301499128341675, 1.914807677268982
-0.3581894079791468, -2.033865753804342, -1.356149975453512, -1.3077376524554651, 1.4307247400283813, 1.914867639541626
-0.3582494894610804, -2.0338175932513636, -1.3560898939715784, -1.3079894224749964, 1.4303057193756104, 1.9148197174072266
-0.3582494894610804, -2.033757988606588, -1.3558738867389124, -1.3078215757953089, 1.4298862218856812, 1.9148436784744263
-0.35821372667421514, -2.0336020628558558, -1.3558738867389124, -1.3069594542132776, 1.4301618337631226, 1.9148916006088257
-0.35820180574526006, -2.033637825642721, -1.355849568043844, -1.3069232145892542, 1.430101990699768, 1.914807677268982
-0.3582494894610804, -2.033637825642721, -1.3558619658099573, -1.307030979787008, 1.4299941062927246, 1.9148555994033813
-0.3582494894610804, -2.033997360860006, -1.355849568043844, -1.307258431111471, 1.4299341440200806, 1.9148916006088257
-0.3582375685321253, -2.033985439931051, -1.3558977285968226, -1.3071025053607386, 1.4299941062927246, 1.914867639541626
-0.3582375685321253, -2.0338895956622522, -1.3557418028460901, -1.3065879980670374, 1.4298982620239258, 1.9148316383361816
-0.3582256476031702, -2.0339253584491175, -1.3557418028460901, -1.3066356817828577, 1.4301378726959229, 1.914879560470581
-0.3582494894610804, -2.0336020628558558, -1.355837647114889, -1.3076179663287562, 1.430053949356079, 1.9148555994033813
-0.3582494894610804, -2.033613983784811, -1.3558257261859339, -1.3073065916644495, 1.430209755897522, 1.9148916006088257
-0.3582256476031702, -2.033649746571676, -1.3557780424701136, -1.3071025053607386, 1.430101990699768, 1.9148916006088257
-0.3582256476031702, -2.0338175932513636, -1.355837647114889, -1.3070786635028284, 1.430053949356079, 1.9148316383361816
-0.3582375685321253, -2.0337818304644983, -1.3557899633990687, -1.3071149031268519, 1.4300780296325684, 1.9148316383361816
-0.3582375685321253, -2.0337937513934534, -1.3558138052569788, -1.3071625868426722, 1.4300299882888794, 1.9148555994033813
-0.3582256476031702, -2.0338056723224085, -1.3558138052569788, -1.3071625868426722, 1.430053949356079, 1.9148916006088257
-0.35821372667421514, -2.033853832875387, -1.355837647114889, -1.307126824055807, 1.4300899505615234, 1.9148436784744263
-0.3582375685321253, -2.0338056723224085, -1.3557899633990687, -1.3071625868426722, 1.4300780296325684, 1.9148555994033813
-0.35820180574526006, -2.0338295141803187, -1.3558018843280237, -1.3071625868426722, 1.430042028427124, 1.914879560470581
-0.3582375685321253, -2.033853832875387, -1.3558138052569788, -1.307126824055807, 1.4300180673599243, 1.9148555994033813
-0.35821372667421514, -2.0338295141803187, -1.3557537237750452, -1.3070433775531214, 1.430042028427124, 1.9148916006088257
-0.3582375685321253, -2.033841911946432, -1.3558018843280237, -1.3069112936602991, 1.4302457571029663, 1.9149274826049805
-0.3582375685321253, -2.0338175932513636, -1.3558257261859339, -1.3071749846087855, 1.430053949356079, 1.9149035215377808
-0.3582494894610804, -2.033853832875387, -1.3558018843280237, -1.3073185125934046, 1.4298982620239258, 1.9148436784744263
-0.3582256476031702, -2.033841911946432, -1.3558257261859339, -1.3071988264666956, 1.4300780296325684, 1.9148916006088257
-0.3582375685321253, -2.0338056723224085, -1.3558018843280237, -1.3071864287005823, 1.4300899505615234, 1.9148916006088257
-0.3582256476031702, -2.033841911946432, -1.3557899633990687, -1.307150665913717, 1.4301139116287231, 1.9148916006088257
-0.3581894079791468, -2.0338295141803187, -1.3558138052569788, -1.3072107473956507, 1.4300299882888794, 1.914867639541626
-0.35826141039003545, -2.033841911946432, -1.3557899633990687, -1.3072226683246058, 1.4299581050872803, 1.914879560470581
-0.35821372667421514, -2.0338175932513636, -1.3558138052569788, -1.3071864287005823, 1.4299941062927246, 1.914879560470581
-0.3582256476031702, -2.0338295141803187, -1.355837647114889, -1.3072226683246058, 1.4300299882888794, 1.9149035215377808
-0.3582494894610804, -2.0338175932513636, -1.3558018843280237, -1.3071749846087855, 1.430101990699768, 1.9148916006088257
-0.3582256476031702, -2.0338295141803187, -1.3557899633990687, -1.3071988264666956, 1.4300659894943237, 1.914879560470581
-0.3582256476031702, -2.033841911946432, -1.3558257261859339, -1.3072107473956507, 1.4300180673599243, 1.914867639541626
-0.3582375685321253, -2.033853832875387, -1.3558018843280237, -1.3071864287005823, 1.42998206615448, 1.9148555994033813
-0.35820180574526006, -2.033841911946432, -1.3558018843280237, -1.3072107473956507, 1.4299941062927246, 1.914879560470581
-0.3582256476031702, -2.0338175932513636, -1.3557780424701136, -1.3072107473956507, 1.4300659894943237, 1.914879560470581
-0.3581894079791468, -2.0338175932513636, -1.3557899633990687, -1.3072226683246058, 1.4300659894943237, 1.9149514436721802
-0.35821372667421514, -2.0338175932513636, -1.3558138052569788, -1.3071988264666956, 1.4300659894943237, 1.9148916006088257
-0.3582375685321253, -2.0338175932513636, -1.3558138052569788, -1.3071749846087855, 1.4300180673599243, 1.914939522743225
-0.3582256476031702, -2.033853832875387, -1.3557899633990687, -1.3071988264666956, 1.4300060272216797, 1.914879560470581
-0.3582375685321253, -2.033841911946432, -1.3558138052569788, -1.3071988264666956, 1.4300180673599243, 1.9149155616760254
-0.3582375685321253, -2.0338175932513636, -1.3558138052569788, -1.3071864287005823, 1.4300299882888794, 1.9148916006088257
-0.3582256476031702, -2.033853832875387, -1.3558018843280237, -1.3071864287005823, 1.4300659894943237, 1.9149035215377808
-0.35821372667421514, -2.0338295141803187, -1.3557899633990687, -1.307246510182516, 1.4300659894943237, 1.9148555994033813
-0.3582494894610804, -2.0338056723224085, -1.3558138052569788, -1.3071864287005823, 1.4300299882888794, 1.9148555994033813
-0.3582375685321253, -2.0338295141803187, -1.3558018843280237, -1.3072107473956507, 1.4300180673599243, 1.914879560470581
-0.3582256476031702, -2.0338175932513636, -1.3558138052569788, -1.3071864287005823, 1.430042028427124, 1.9148916006088257
-0.3582375685321253, -2.033865753804342, -1.3557899633990687, -1.3071864287005823, 1.430042028427124, 1.914867639541626
-0.35821372667421514, -2.033853832875387, -1.3558138052569788, -1.3071988264666956, 1.4300659894943237, 1.914867639541626
-0.35821372667421514, -2.0338175932513636, -1.3558138052569788, -1.3072107473956507, 1.430053949356079, 1.9149035215377808
-0.3582375685321253, -2.0338056723224085, -1.3557899633990687, -1.3072107473956507, 1.4300299882888794, 1.9148916006088257
-0.3582375685321253, -2.033853832875387, -1.3557780424701136, -1.3071625868426722, 1.4300060272216797, 1.9148436784744263
-0.3582494894610804, -2.0338175932513636, -1.3557780424701136, -1.3072107473956507, 1.4300780296325684, 1.9149035215377808
-0.35827333131899053, -2.0338056723224085, -1.3558138052569788, -1.3071149031268519, 1.4301139116287231, 1.9149274826049805
-0.35826141039003545, -2.0338295141803187, -1.3558018843280237, -1.307150665913717, 1.4300060272216797, 1.9148555994033813
-0.3582375685321253, -2.0338175932513636, -1.3558257261859339, -1.3070552984820765, 1.430042028427124, 1.9148916006088257
-0.3582494894610804, -2.0338175932513636, -1.3557656447040003, -1.3070433775531214, 1.4300060272216797, 1.914879560470581
-0.3582375685321253, -2.033865753804342, -1.3557899633990687, -1.3071025053607386, 1.430053949356079, 1.914879560470581
-0.3582375685321253, -2.0338175932513636, -1.3557899633990687, -1.3071864287005823, 1.430053949356079, 1.9148555994033813
-0.35820180574526006, -2.033841911946432, -1.3558018843280237, -1.3072226683246058, 1.4300180673599243, 1.9148916006088257
-0.3582375685321253, -2.0338056723224085, -1.3558018843280237, -1.307258431111471, 1.4300299882888794, 1.9149035215377808
-0.35821372667421514, -2.033841911946432, -1.3558138052569788, -1.3071988264666956, 1.430042028427124, 1.9149155616760254
-0.35821372667421514, -2.0338895956622522, -1.3558138052569788, -1.3072107473956507, 1.4300659894943237, 1.9149035215377808
-0.3581894079791468, -2.033865753804342, -1.3557899633990687, -1.3071749846087855, 1.430101990699768, 1.9148916006088257
-0.3582256476031702, -2.033841911946432, -1.3558138052569788, -1.3072345892535608, 1.430053949356079, 1.9148916006088257
-0.35821372667421514, -2.0338295141803187, -1.3557899633990687, -1.3071988264666956, 1.430042028427124, 1.9149035215377808
-0.3581774870501917, -2.033865753804342, -1.3558257261859339, -1.3071988264666956, 1.430053949356079, 1.9148916006088257
-0.3582375685321253, -2.0338175932513636, -1.355837647114889, -1.3071988264666956, 1.4300659894943237, 1.9149035215377808
-0.35820180574526006, -2.0338175932513636, -1.3558018843280237, -1.3072226683246058, 1.430101990699768, 1.9148555994033813
-0.3582375685321253, -2.0338056723224085, -1.3557899633990687, -1.3072107473956507, 1.4300659894943237, 1.9149155616760254
-0.3581774870501917, -2.033853832875387, -1.3558138052569788, -1.3072107473956507, 1.430053949356079, 1.9148436784744263
-0.3582256476031702, -2.033841911946432, -1.3557899633990687, -1.3071864287005823, 1.4300299882888794, 1.9148916006088257
-0.3582494894610804, -2.033865753804342, -1.3558138052569788, -1.3071988264666956, 1.4300780296325684, 1.914879560470581
-0.35821372667421514, -2.033853832875387, -1.3558138052569788, -1.3072226683246058, 1.430101990699768, 1.9148916006088257
-0.35821372667421514, -2.033865753804342, -1.3558018843280237, -1.3072345892535608, 1.4300780296325684, 1.9148916006088257
-0.3582256476031702, -2.0338295141803187, -1.3558018843280237, -1.3071749846087855, 1.430053949356079, 1.914879560470581
-0.3582375685321253, -2.0338295141803187, -1.3557899633990687, -1.3071988264666956, 1.430042028427124, 1.914879560470581
-0.35821372667421514, -2.033841911946432, -1.3557899633990687, -1.3071988264666956, 1.4300659894943237, 1.914879560470581
-0.3582375685321253, -2.033853832875387, -1.3558257261859339, -1.3071749846087855, 1.4300659894943237, 1.9149035215377808
-0.35821372667421514, -2.033841911946432, -1.3558018843280237, -1.3071625868426722, 1.4300780296325684, 1.9149035215377808
-0.3582494894610804, -2.033865753804342, -1.3557780424701136, -1.3071864287005823, 1.4300299882888794, 1.9149274826049805
-0.3582375685321253, -2.0338295141803187, -1.3558257261859339, -1.3072107473956507, 1.4300659894943237, 1.9148916006088257
-0.35821372667421514, -2.0338175932513636, -1.3557656447040003, -1.3071988264666956, 1.430053949356079, 1.914879560470581
-0.35821372667421514, -2.0338175932513636, -1.3558138052569788, -1.307246510182516, 1.4300780296325684, 1.914879560470581
-0.3582256476031702, -2.033841911946432, -1.3557899633990687, -1.3072107473956507, 1.430101990699768, 1.9149035215377808
-0.3582375685321253, -2.0338175932513636, -1.3558018843280237, -1.3072345892535608, 1.430042028427124, 1.9149155616760254
-0.35821372667421514, -2.033841911946432, -1.3557780424701136, -1.3072345892535608, 1.430042028427124, 1.914879560470581
-0.3582375685321253, -2.033841911946432, -1.3558257261859339, -1.3072345892535608, 1.4300899505615234, 1.9149035215377808
-0.3582375685321253, -2.033841911946432, -1.3558018843280237, -1.3071988264666956, 1.4300659894943237, 1.9148916006088257
-0.3582256476031702, -2.0338295141803187, -1.3558018843280237, -1.3071749846087855, 1.4300780296325684, 1.9149274826049805
-0.35821372667421514, -2.0338295141803187, -1.355837647114889, -1.3072107473956507, 1.4300780296325684, 1.914879560470581
-0.35821372667421514, -2.033877674733297, -1.3558018843280237, -1.3071864287005823, 1.430042028427124, 1.914879560470581
-0.3582256476031702, -2.0338295141803187, -1.3558257261859339, -1.3072107473956507, 1.4300299882888794, 1.9149274826049805
-0.35821372667421514, -2.0338295141803187, -1.3557899633990687, -1.3071864287005823, 1.4300780296325684, 1.9148916006088257
-0.3582375685321253, -2.0338295141803187, -1.3558018843280237, -1.3072107473956507, 1.430053949356079, 1.9149035215377808
-0.3582256476031702, -2.033865753804342, -1.3558257261859339, -1.3071864287005823, 1.430042028427124, 1.9149035215377808
-0.3582256476031702, -2.0338295141803187, -1.3558257261859339, -1.3072345892535608, 1.430042028427124, 1.9149155616760254
-0.3582494894610804, -2.0338175932513636, -1.3558257261859339, -1.3071988264666956, 1.430042028427124, 1.9148916006088257
-0.3582375685321253, -2.0338056723224085, -1.3557780424701136, -1.3071864287005823, 1.4300659894943237, 1.9149035215377808
-0.3582375685321253, -2.033841911946432, -1.3557899633990687, -1.3072107473956507, 1.4300299882888794, 1.9149035215377808
-0.3582256476031702, -2.0338295141803187, -1.3558018843280237, -1.3072226683246058, 1.430053949356079, 1.914867639541626
-0.3582256476031702, -2.0338295141803187, -1.355849568043844, -1.3071864287005823, 1.430053949356079, 1.9149155616760254
-0.35821372667421514, -2.033841911946432, -1.3557899633990687, -1.3072226683246058, 1.430042028427124, 1.9149274826049805
-0.3582256476031702, -2.0338295141803187, -1.3557899633990687, -1.307246510182516, 1.430053949356079, 1.9149155616760254
-0.3582256476031702, -2.0338295141803187, -1.3557899633990687, -1.3072226683246058, 1.4300659894943237, 1.9148916006088257
-0.35821372667421514, -2.0338175932513636, -1.3558018843280237, -1.3071864287005823, 1.4300899505615234, 1.9148555994033813
-0.3582494894610804, -2.0338295141803187, -1.3557780424701136, -1.307150665913717, 1.4300299882888794, 1.914879560470581
-0.3582256476031702, -2.033841911946432, -1.3557899633990687, -1.3072107473956507, 1.4300659894943237, 1.914867639541626
-0.3582494894610804, -2.033841911946432, -1.3558018843280237, -1.3071625868426722, 1.4300780296325684, 1.914879560470581
-0.35821372667421514, -2.033853832875387, -1.3558018843280237, -1.3072226683246058, 1.4300780296325684, 1.9148555994033813
-0.35821372667421514, -2.0338056723224085, -1.3558257261859339, -1.3072107473956507, 1.4300659894943237, 1.914867639541626
-0.3582256476031702, -2.0338175932513636, -1.3557899633990687, -1.3072345892535608, 1.4300659894943237, 1.9149035215377808
-0.3582256476031702, -2.0338175932513636, -1.3558018843280237, -1.3072107473956507, 1.4300659894943237, 1.9149035215377808
-0.35821372667421514, -2.0337937513934534, -1.3558018843280237, -1.3072226683246058, 1.4300659894943237, 1.9148916006088257
-0.35826141039003545, -2.0338295141803187, -1.3558018843280237, -1.3071864287005823, 1.4300780296325684, 1.9148916006088257
-0.3582375685321253, -2.033841911946432, -1.3557899633990687, -1.3072345892535608, 1.430053949356079, 1.9148916006088257
-0.3582256476031702, -2.033853832875387, -1.3558138052569788, -1.3071988264666956, 1.4300780296325684, 1.914879560470581
-0.3587291876422327, -2.031947437916891, -1.3591116110431116, -1.3059771696673792, 1.4301378726959229, 1.9142916202545166
-0.3615472952472132, -2.0211671034442347, -1.374918286000387, -1.300227467213766, 1.4300780296325684, 1.9118449687957764
-0.3665722052203577, -2.002784077321188, -1.4026811758624476, -1.291015926991598, 1.4301499128341675, 1.906435251235962
-0.373875919972555, -1.9770987669574183, -1.4397972265826624, -1.2780078093158167, 1.4305928945541382, 1.8990589380264282
-0.38022023836244756, -1.9552987257586878, -1.4714320341693323, -1.2670114676104944, 1.4308685064315796, 1.892449975013733
-0.38477784792055303, -1.9413283506976526, -1.4915178457843226, -1.2604716459857386, 1.4307607412338257, 1.8883124589920044
-0.38662463823427373, -1.9352367560016077, -1.5002120176898401, -1.2577646414386194, 1.4306647777557373, 1.8864173889160156
-0.3866007963763636, -1.9349969069110315, -1.50053579012026, -1.2576325575457972, 1.4310482740402222, 1.8861533403396606
-0.3866007963763636, -1.9349611441241663, -1.5005477110492151, -1.2575848738299769, 1.4310123920440674, 1.8860934972763062
-0.38679248491396123, -1.93469745317568, -1.50053579012026, -1.2574885527240198, 1.4309284687042236, 1.8860814571380615
-0.38684064546693975, -1.934709374104635, -1.5005953947650355, -1.2574647108661097, 1.4308805465698242, 1.8860934972763062
-0.38684064546693975, -1.93469745317568, -1.5005834738360804, -1.2575247923480433, 1.4308205842971802, 1.8860814571380615
-0.38684064546693975, -1.934709374104635, -1.5005596319781702, -1.2575128714190882, 1.4308205842971802, 1.8860695362091064
-0.3868048826800745, -1.9347451368915003, -1.5006077925311487, -1.2575610319720667, 1.4308805465698242, 1.8860574960708618
-0.3868048826800745, -1.934829060231344, -1.5005953947650355, -1.2575610319720667, 1.4309165477752686, 1.8860934972763062
-0.38679248491396123, -1.934829060231344, -1.5006077925311487, -1.2575848738299769, 1.4308805465698242, 1.8860574960708618
-0.38679248491396123, -1.934817139302389, -1.5005834738360804, -1.2575848738299769, 1.4308685064315796, 1.8860695362091064
-0.3868048826800745, -1.9348052183734339, -1.500643555318014, -1.2575724760638636, 1.4308445453643799, 1.886033535003662
-0.38679248491396123, -1.934829060231344, -1.5006077925311487, -1.2575848738299769, 1.4308326244354248, 1.8860695362091064
-0.3868168036090296, -1.9348652998553675, -1.5006077925311487, -1.2575724760638636, 1.4308805465698242, 1.8860574960708618
-0.38679248491396123, -1.9348529020892542, -1.500643555318014, -1.2575610319720667, 1.4308924674987793, 1.886033535003662
-0.38682872453798467, -1.9348409811602991, -1.5006077925311487, -1.2575724760638636, 1.4308565855026245, 1.8860695362091064
-0.38678056398500615, -1.934817139302389, -1.5006316343890589, -1.2575724760638636, 1.4308565855026245, 1.8860934972763062
-0.38679248491396123, -1.9348772207843226, -1.5006077925311487, -1.2575848738299769, 1.4308445453643799, 1.8860574960708618
-0.3868048826800745, -1.9348409811602991, -1.5006316343890589, -1.2575367132769983, 1.4308924674987793, 1.8860814571380615
-0.3868048826800745, -1.9348409811602991, -1.5006077925311487, -1.2575848738299769, 1.4308805465698242, 1.886021614074707
-0.3868168036090296, -1.9348052183734339, -1.5006197134601038, -1.257608715687887, 1.4308924674987793, 1.8860574960708618
-0.3868048826800745, -1.934817139302389, -1.500655476246969, -1.2575486342059534, 1.4308924674987793, 1.8860455751419067
-0.3868048826800745, -1.9348052183734339, -1.5006077925311487, -1.2575724760638636, 1.4308685064315796, 1.8860574960708618
-0.3868168036090296, -1.934829060231344, -1.5006197134601038, -1.2575848738299769, 1.4308565855026245, 1.8860455751419067
-0.38679248491396123, -1.9348409811602991, -1.5005834738360804, -1.2575367132769983, 1.4308685064315796, 1.886033535003662
-0.38682872453798467, -1.934829060231344, -1.5006197134601038, -1.2575486342059534, 1.4308924674987793, 1.8860574960708618
-0.3868168036090296, -1.9348409811602991, -1.500643555318014, -1.2575848738299769, 1.4309165477752686, 1.8860455751419067
-0.38678056398500615, -1.9348409811602991, -1.5006077925311487, -1.2575848738299769, 1.4308924674987793, 1.886033535003662
-0.3868168036090296, -1.9348409811602991, -1.500643555318014, -1.2575848738299769, 1.4308445453643799, 1.8860455751419067
-0.38679248491396123, -1.934829060231344, -1.5006197134601038, -1.2575848738299769, 1.4308685064315796, 1.8860455751419067
-0.3868048826800745, -1.9348409811602991, -1.5006673971759241, -1.2575610319720667, 1.4308326244354248, 1.8860814571380615
-0.38679248491396123, -1.934817139302389, -1.5006197134601038, -1.2575486342059534, 1.4308924674987793, 1.8860574960708618
-0.38679248491396123, -1.9348409811602991, -1.500643555318014, -1.2575848738299769, 1.4308685064315796, 1.8860574960708618
-0.3868168036090296, -1.9348772207843226, -1.5006197134601038, -1.2575724760638636, 1.4308924674987793, 1.8859976530075073
-0.38679248491396123, -1.9348652998553675, -1.5006316343890589, -1.2575848738299769, 1.4308565855026245, 1.8860455751419067
-0.38678056398500615, -1.934817139302389, -1.5006316343890589, -1.2575848738299769, 1.4308685064315796, 1.886021614074707
-0.3868649641620081, -1.9348052183734339, -1.5006316343890589, -1.2575247923480433, 1.4308805465698242, 1.886021614074707
-0.3868048826800745, -1.934817139302389, -1.5006793181048792, -1.2575367132769983, 1.4308685064315796, 1.8860455751419067
-0.38679248491396123, -1.9348409811602991, -1.5006197134601038, -1.2575724760638636, 1.430904507637024, 1.886021614074707
-0.3868048826800745, -1.9348652998553675, -1.5006316343890589, -1.257596794758932, 1.4308685064315796, 1.8860095739364624
-0.38679248491396123, -1.9348772207843226, -1.500655476246969, -1.2575724760638636, 1.4308924674987793, 1.8860934972763062
-0.3867686430560511, -1.934829060231344, -1.500655476246969, -1.257596794758932, 1.4308805465698242, 1.8860455751419067
-0.3868048826800745, -1.9348891417132776, -1.500643555318014, -1.2575724760638636, 1.4308924674987793, 1.8860814571380615
-0.38679248491396123, -1.9348409811602991, -1.5006673971759241, -1.2575724760638636, 1.4308805465698242, 1.886021614074707
-0.3867686430560511, -1.9348409811602991, -1.5006197134601038, -1.257596794758932, 1.4308565855026245, 1.8860934972763062
-0.38679248491396123, -1.9348409811602991, -1.5006197134601038, -1.257596794758932, 1.4308685064315796, 1.886033535003662
-0.3868168036090296, -1.9348409811602991, -1.500643555318014, -1.2575610319720667, 1.4308685064315796, 1.8860695362091064
-0.3868048826800745, -1.9348529020892542, -1.5006197134601038, -1.2575848738299769, 1.4308924674987793, 1.8860574960708618
-0.38679248491396123, -1.9348409811602991, -1.5006316343890589, -1.257596794758932, 1.4308445453643799, 1.8860695362091064
-0.38678056398500615, -1.9348529020892542, -1.500655476246969, -1.2575367132769983, 1.4308205842971802, 1.886033535003662
-0.3868048826800745, -1.934829060231344, -1.5006197134601038, -1.2575848738299769, 1.4308565855026245, 1.8860574960708618
-0.38679248491396123, -1.9348652998553675, -1.500643555318014, -1.2575610319720667, 1.4308924674987793, 1.8860455751419067
-0.3868168036090296, -1.9348409811602991, -1.500655476246969, -1.257596794758932, 1.4308924674987793, 1.8860574960708618
-0.3868168036090296, -1.9348409811602991, -1.5006197134601038, -1.2575848738299769, 1.4308924674987793, 1.8860814571380615
-0.3868168036090296, -1.9348529020892542, -1.5006316343890589, -1.2575724760638636, 1.4308924674987793, 1.8860574960708618
-0.38679248491396123, -1.9348409811602991, -1.500643555318014, -1.2575367132769983, 1.4308445453643799, 1.8860455751419067
-0.38678056398500615, -1.9347932974444788, -1.500655476246969, -1.2575486342059534, 1.4308805465698242, 1.8860455751419067
-0.3868048826800745, -1.9348529020892542, -1.5006197134601038, -1.2575724760638636, 1.4308565855026245, 1.8860695362091064
-0.38678056398500615, -1.934829060231344, -1.5006316343890589, -1.2575724760638636, 1.4308685064315796, 1.886021614074707
-0.3868168036090296, -1.9348409811602991, -1.5006673971759241, -1.2575247923480433, 1.4308924674987793, 1.8860695362091064
-0.3868168036090296, -1.9348529020892542, -1.5006197134601038, -1.2575848738299769, 1.4308565855026245, 1.8860455751419067
-0.3868048826800745, -1.9348529020892542, -1.5006197134601038, -1.2575724760638636, 1.4308565855026245, 1.8860695362091064
-0.3867686430560511, -1.9348529020892542, -1.500655476246969, -1.257596794758932, 1.4308565855026245, 1.8860574960708618
-0.3868048826800745, -1.934829060231344, -1.500643555318014, -1.257596794758932, 1.4308924674987793, 1.886033535003662
-0.3868048826800745, -1.9348529020892542, -1.500643555318014, -1.257596794758932, 1.4308565855026245, 1.886021614074707
-0.3868168036090296, -1.934829060231344, -1.500643555318014, -1.2575486342059534, 1.4308805465698242, 1.8860695362091064
-0.38679248491396123, -1.9348409811602991, -1.500655476246969, -1.2575848738299769, 1.4308685064315796, 1.8860455751419067
-0.3867686430560511, -1.9348409811602991, -1.5006197134601038, -1.2575848738299769, 1.4308565855026245, 1.8861054182052612
-0.38679248491396123, -1.9348409811602991, -1.500655476246969, -1.2575724760638636, 1.4308924674987793, 1.8860455751419067
-0.38678056398500615, -1.934829060231344, -1.500655476246969, -1.257620636616842, 1.4308445453643799, 1.886021614074707
-0.3868048826800745, -1.9348652998553675, -1.5006077925311487, -1.2575610319720667, 1.4308685064315796, 1.886021614074707
-0.3868048826800745, -1.9348409811602991, -1.5006673971759241, -1.2575724760638636, 1.4308805465698242, 1.886021614074707
-0.38678056398500615, -1.934829060231344, -1.5005953947650355, -1.2575848738299769, 1.4308805465698242, 1.886021614074707
-0.38679248491396123, -1.934829060231344, -1.500643555318014, -1.2575848738299769, 1.4308924674987793, 1.8860455751419067
-0.3868168036090296, -1.9348529020892542, -1.5006197134601038, -1.257596794758932, 1.4308805465698242, 1.8860095739364624
-0.38679248491396123, -1.9348529020892542, -1.5006197134601038, -1.2575610319720667, 1.4308685064315796, 1.8860695362091064
-0.38684064546693975, -1.9348529020892542, -1.500643555318014, -1.2575724760638636, 1.4308685064315796, 1.886033535003662
-0.3867686430560511, -1.9348409811602991, -1.5006316343890589, -1.2575848738299769, 1.4308685064315796, 1.8860455751419067
-0.38678056398500615, -1.934829060231344, -1.5006197134601038, -1.2575848738299769, 1.4308685064315796, 1.8860455751419067
-0.3868168036090296, -1.934829060231344, -1.5006197134601038, -1.2575848738299769, 1.4308924674987793, 1.8859976530075073
-0.3867686430560511, -1.9348052183734339, -1.500655476246969, -1.2575724760638636, 1.4308445453643799, 1.886033535003662
-0.38679248491396123, -1.9348529020892542, -1.5006197134601038, -1.2575367132769983, 1.4308805465698242, 1.8860934972763062
-0.3868048826800745, -1.9348529020892542, -1.5006316343890589, -1.2575848738299769, 1.4308685064315796, 1.8860695362091064
-0.3868168036090296, -1.9348052183734339, -1.5006917158709925, -1.2575848738299769, 1.4308565855026245, 1.8860695362091064
-0.3868048826800745, -1.9348529020892542, -1.500643555318014, -1.257596794758932, 1.4308326244354248, 1.8860574960708618
-0.3868168036090296, -1.9348409811602991, -1.500643555318014, -1.2575610319720667, 1.4308805465698242, 1.8860095739364624
-0.38678056398500615, -1.9348529020892542, -1.5006197134601038, -1.2575610319720667, 1.4308685064315796, 1.8860455751419067
-0.38678056398500615, -1.9348652998553675, -1.5006316343890589, -1.2575848738299769, 1.4308805465698242, 1.886021614074707
-0.386756722127096, -1.9348891417132776, -1.5006316343890589, -1.2575486342059534, 1.4308924674987793, 1.8860455751419067
-0.38679248491396123, -1.9348529020892542, -1.5006197134601038, -1.2575367132769983, 1.4308445453643799, 1.8860455751419067
-0.38679248491396123, -1.934829060231344, -1.500643555318014, -1.2575724760638636, 1.4308565855026245, 1.886033535003662
-0.3868168036090296, -1.9348052183734339, -1.500643555318014, -1.2575724760638636, 1.4308565855026245, 1.886021614074707
-0.3868168036090296, -1.934829060231344, -1.5006316343890589, -1.2575724760638636, 1.4308445453643799, 1.886021614074707
-0.38679248491396123, -1.9348529020892542, -1.500643555318014, -1.2575610319720667, 1.4308565855026245, 1.886033535003662
-0.3868168036090296, -1.9348409811602991, -1.500643555318014, -1.257596794758932, 1.4308685064315796, 1.8860695362091064
-0.38678056398500615, -1.9348409811602991, -1.5006077925311487, -1.2575367132769983, 1.4308685064315796, 1.886021614074707
-0.38678056398500615, -1.9348409811602991, -1.500643555318014, -1.2575724760638636, 1.4308205842971802, 1.8860695362091064
-0.38682872453798467, -1.9348891417132776, -1.500655476246969, -1.257596794758932, 1.4308565855026245, 1.8860574960708618
-0.3868048826800745, -1.9348409811602991, -1.500655476246969, -1.2575247923480433, 1.4308445453643799, 1.8860695362091064
-0.38679248491396123, -1.9348529020892542, -1.500643555318014, -1.2575486342059534, 1.4308805465698242, 1.8860095739364624
-0.3868168036090296, -1.934817139302389, -1.500643555318014, -1.2575486342059534, 1.430904507637024, 1.886033535003662
-0.38678056398500615, -1.9348772207843226, -1.5006673971759241, -1.2575367132769983, 1.4308685064315796, 1.8860814571380615
-0.38679248491396123, -1.934829060231344, -1.500643555318014, -1.2575848738299769, 1.4308565855026245, 1.8860455751419067
-0.38678056398500615, -1.934817139302389, -1.5006793181048792, -1.2575848738299769, 1.4308565855026245, 1.8860455751419067
-0.38679248491396123, -1.9348409811602991, -1.500655476246969, -1.2575486342059534, 1.4308445453643799, 1.886033535003662
-0.3867686430560511, -1.934829060231344, -1.5006793181048792, -1.2575848738299769, 1.4308685064315796, 1.8860814571380615
-0.3867686430560511, -1.934829060231344, -1.500643555318014, -1.2575610319720667, 1.4308805465698242, 1.8860455751419067
-0.3867686430560511, -1.9348409811602991, -1.5006316343890589, -1.257596794758932, 1.4308685064315796, 1.8860695362091064
-0.38679248491396123, -1.9348529020892542, -1.5006316343890589, -1.2575848738299769, 1.4309165477752686, 1.886033535003662
-0.3868168036090296, -1.9348409811602991, -1.5006673971759241, -1.2575486342059534, 1.4308565855026245, 1.8860455751419067
-0.38679248491396123, -1.934817139302389, -1.5006077925311487, -1.2575486342059534, 1.4308924674987793, 1.8860455751419067
-0.3868048826800745, -1.9348652998553675, -1.500643555318014, -1.2575610319720667, 1.4308685064315796, 1.8860095739364624
-0.38678056398500615, -1.9348652998553675, -1.500643555318014, -1.2575486342059534, 1.4308924674987793, 1.8860095739364624
-0.38678056398500615, -1.9348409811602991, -1.500643555318014, -1.2575724760638636, 1.4308685064315796, 1.8860574960708618
-0.38679248491396123, -1.9348529020892542, -1.5006673971759241, -1.257596794758932, 1.4308685064315796, 1.8860574960708618
-0.3868048826800745, -1.9348652998553675, -1.500655476246969, -1.257596794758932, 1.4308685064315796, 1.886033535003662
-0.3868168036090296, -1.9348529020892542, -1.500643555318014, -1.2575848738299769, 1.4308685064315796, 1.886021614074707
-0.3868168036090296, -1.934817139302389, -1.500655476246969, -1.257596794758932, 1.4308565855026245, 1.8860455751419067
-0.3868048826800745, -1.9348772207843226, -1.500643555318014, -1.2575610319720667, 1.4308924674987793, 1.8860095739364624
-0.3868048826800745, -1.9348529020892542, -1.500643555318014, -1.2575247923480433, 1.4308805465698242, 1.8860695362091064
-0.3868168036090296, -1.9349010626422327, -1.500655476246969, -1.2575610319720667, 1.4308924674987793, 1.8860455751419067
-0.38679248491396123, -1.9348409811602991, -1.500655476246969, -1.2575724760638636, 1.4308565855026245, 1.8860695362091064
-0.3868048826800745, -1.9348409811602991, -1.500643555318014, -1.2575610319720667, 1.4308805465698242, 1.8860455751419067
-0.3868048826800745, -1.934829060231344, -1.5006316343890589, -1.2575610319720667, 1.4308924674987793, 1.8860095739364624
-0.3868048826800745, -1.9348052183734339, -1.5006673971759241, -1.2575486342059534, 1.4308805465698242, 1.886021614074707
-0.3867686430560511, -1.9348652998553675, -1.5006316343890589, -1.2575724760638636, 1.4308685064315796, 1.886033535003662
-0.3868168036090296, -1.9348409811602991, -1.5006316343890589, -1.2575724760638636, 1.4308685064315796, 1.8860095739364624
-0.38679248491396123, -1.9348529020892542, -1.5006673971759241, -1.2575610319720667, 1.4308805465698242, 1.8860455751419067
-0.3868048826800745, -1.934817139302389, -1.5006316343890589, -1.2575724760638636, 1.4308565855026245, 1.886021614074707
-0.3868168036090296, -1.934817139302389, -1.5006673971759241, -1.2575610319720667, 1.4308924674987793, 1.8860814571380615
-0.3868168036090296, -1.934817139302389, -1.5006673971759241, -1.2575610319720667, 1.4308445453643799, 1.8860574960708618
-0.38682872453798467, -1.9348529020892542, -1.5006197134601038, -1.257608715687887, 1.4308565855026245, 1.8860095739364624
-0.38682872453798467, -1.9348772207843226, -1.500655476246969, -1.2575724760638636, 1.4308805465698242, 1.886033535003662
-0.38679248491396123, -1.934829060231344, -1.5006673971759241, -1.257596794758932, 1.4308805465698242, 1.886033535003662
-0.3868048826800745, -1.9348652998553675, -1.500655476246969, -1.2575724760638636, 1.4308445453643799, 1.886021614074707
-0.3867686430560511, -1.934829060231344, -1.500655476246969, -1.2575610319720667, 1.4308326244354248, 1.886021614074707
-0.38679248491396123, -1.9348409811602991, -1.5006077925311487, -1.2575724760638636, 1.4308685064315796, 1.8860455751419067
-0.38679248491396123, -1.9348409811602991, -1.500643555318014, -1.2575848738299769, 1.4308685064315796, 1.8860934972763062
-0.3868048826800745, -1.9348409811602991, -1.5006197134601038, -1.2575848738299769, 1.4308685064315796, 1.886033535003662
-0.38678056398500615, -1.934829060231344, -1.5006197134601038, -1.257596794758932, 1.4308565855026245, 1.886021614074707
-0.3867686430560511, -1.934829060231344, -1.500655476246969, -1.2575724760638636, 1.4308805465698242, 1.886033535003662
-0.38678056398500615, -1.9348652998553675, -1.500643555318014, -1.2575848738299769, 1.4308565855026245, 1.8860574960708618
-0.3868048826800745, -1.9348529020892542, -1.5006673971759241, -1.2575486342059534, 1.4308565855026245, 1.8860455751419067
-0.3868168036090296, -1.9348529020892542, -1.5006316343890589, -1.2575610319720667, 1.4308565855026245, 1.8860455751419067
-0.38679248491396123, -1.9348409811602991, -1.5006793181048792, -1.2575367132769983, 1.4308565855026245, 1.886033535003662
-0.38682872453798467, -1.9348409811602991, -1.500655476246969, -1.257620636616842, 1.4308685064315796, 1.886033535003662
-0.3868168036090296, -1.9348409811602991, -1.5006316343890589, -1.2575724760638636, 1.4308805465698242, 1.886021614074707
-0.3868048826800745, -1.9348529020892542, -1.500643555318014, -1.2575848738299769, 1.4308565855026245, 1.8860095739364624
-0.3868048826800745, -1.9348529020892542, -1.5006316343890589, -1.2575724760638636, 1.4308685064315796, 1.886033535003662
-0.38679248491396123, -1.9348529020892542, -1.5006316343890589, -1.2575486342059534, 1.4308685064315796, 1.8860455751419067
-0.3868168036090296, -1.9348529020892542, -1.5005953947650355, -1.2575486342059534, 1.4308326244354248, 1.8859976530075073
-0.3867686430560511, -1.9348652998553675, -1.500643555318014, -1.2575610319720667, 1.4308924674987793, 1.8860934972763062
-0.38679248491396123, -1.9348529020892542, -1.500643555318014, -1.2575724760638636, 1.4308685064315796, 1.8860695362091064
-0.3868048826800745, -1.934829060231344, -1.500643555318014, -1.2575610319720667, 1.4308805465698242, 1.886033535003662
-0.3867686430560511, -1.9348409811602991, -1.5006673971759241, -1.257596794758932, 1.4308565855026245, 1.8860455751419067
-0.38679248491396123, -1.934817139302389, -1.500655476246969, -1.257608715687887, 1.4308685064315796, 1.8860455751419067
-0.38679248491396123, -1.934817139302389, -1.500643555318014, -1.257596794758932, 1.4308805465698242, 1.886021614074707
-0.3868168036090296, -1.9348409811602991, -1.5006316343890589, -1.2575486342059534, 1.430904507637024, 1.886021614074707
-0.38678056398500615, -1.9348529020892542, -1.500643555318014, -1.2575724760638636, 1.4308685064315796, 1.8860574960708618
-0.3867686430560511, -1.9348409811602991, -1.500655476246969, -1.2575724760638636, 1.4308565855026245, 1.886033535003662
-0.38679248491396123, -1.9348409811602991, -1.500643555318014, -1.2575724760638636, 1.4308565855026245, 1.886021614074707
-0.3868168036090296, -1.934829060231344, -1.5006673971759241, -1.257596794758932, 1.4308565855026245, 1.8860455751419067
-0.38679248491396123, -1.934817139302389, -1.500643555318014, -1.2575610319720667, 1.4308805465698242, 1.8860574960708618
-0.3868168036090296, -1.9348409811602991, -1.500655476246969, -1.2575848738299769, 1.4308924674987793, 1.8860455751419067
-0.38679248491396123, -1.934817139302389, -1.5006673971759241, -1.2575486342059534, 1.4308805465698242, 1.886021614074707
-0.38678056398500615, -1.9348652998553675, -1.5006673971759241, -1.2575486342059534, 1.4308685064315796, 1.8860455751419067
-0.38682872453798467, -1.934817139302389, -1.5006793181048792, -1.257596794758932, 1.4308685064315796, 1.8860695362091064
-0.386756722127096, -1.934829060231344, -1.500643555318014, -1.2575610319720667, 1.4308924674987793, 1.8860455751419067
-0.3867686430560511, -1.934829060231344, -1.500655476246969, -1.2575610319720667, 1.4308326244354248, 1.8860574960708618
-0.38679248491396123, -1.9348409811602991, -1.5006197134601038, -1.2575848738299769, 1.4308805465698242, 1.8860455751419067
-0.38678056398500615, -1.9348409811602991, -1.500643555318014, -1.2575486342059534, 1.4308685064315796, 1.8860574960708618
-0.3868048826800745, -1.9348409811602991, -1.5006197134601038, -1.2575848738299769, 1.4309284687042236, 1.8860574960708618
-0.38679248491396123, -1.9348529020892542, -1.500643555318014, -1.2575610319720667, 1.4308805465698242, 1.8860095739364624
-0.38682872453798467, -1.9348772207843226, -1.5006077925311487, -1.2575486342059534, 1.4308565855026245, 1.8860095739364624
-0.3868168036090296, -1.934829060231344, -1.500655476246969, -1.2575724760638636, 1.4308565855026245, 1.8860455751419067
-0.3868048826800745, -1.9348409811602991, -1.5006197134601038, -1.257608715687887, 1.4308685064315796, 1.8860455751419067
-0.38679248491396123, -1.9348652998553675, -1.500655476246969, -1.2575724760638636, 1.4308805465698242, 1.8860695362091064
-0.3868168036090296, -1.9348409811602991, -1.500655476246969, -1.2575610319720667, 1.4308805465698242, 1.886033535003662
-0.38679248491396123, -1.9348409811602991, -1.5006316343890589, -1.2575848738299769, 1.4308685064315796, 1.8860095739364624
-0.386756722127096, -1.9348652998553675, -1.5006917158709925, -1.2575724760638636, 1.4308445453643799, 1.886021614074707
-0.38679248491396123, -1.934829060231344, -1.5006673971759241, -1.2575724760638636, 1.4308924674987793, 1.885985255241394
-0.38679248491396123, -1.934817139302389, -1.500655476246969, -1.2575610319720667, 1.4308805465698242, 1.8860455751419067
-0.3867686430560511, -1.934829060231344, -1.500643555318014, -1.2575724760638636, 1.4308685064315796, 1.8860695362091064
-0.38678056398500615, -1.9348409811602991, -1.500655476246969, -1.2575724760638636, 1.4308924674987793, 1.886021614074707
-0.3868048826800745, -1.9348652998553675, -1.5006673971759241, -1.2575610319720667, 1.4308685064315796, 1.886021614074707
-0.3868048826800745, -1.9348529020892542, -1.5006316343890589, -1.2575486342059534, 1.4308685064315796, 1.8860574960708618
-0.3868048826800745, -1.9348652998553675, -1.5006316343890589, -1.2575724760638636, 1.4308565855026245, 1.886021614074707
-0.38679248491396123, -1.9348529020892542, -1.5006673971759241, -1.2575848738299769, 1.4308924674987793, 1.8860455751419067
-0.38679248491396123, -1.9348409811602991, -1.5006793181048792, -1.2575724760638636, 1.4308805465698242, 1.8860095739364624
-0.38678056398500615, -1.9348529020892542, -1.5006316343890589, -1.2575610319720667, 1.4308924674987793, 1.8860455751419067
-0.38679248491396123, -1.9348652998553675, -1.500643555318014, -1.2575610319720667, 1.4308565855026245, 1.8860455751419067
-0.3867686430560511, -1.934829060231344, -1.500643555318014, -1.2575724760638636, 1.4308805465698242, 1.8860455751419067
-0.3868168036090296, -1.934817139302389, -1.500643555318014, -1.2575848738299769, 1.4308445453643799, 1.8860574960708618
-0.3867686430560511, -1.934829060231344, -1.5006673971759241, -1.2575848738299769, 1.4309165477752686, 1.886021614074707
-0.3868168036090296, -1.9348529020892542, -1.500655476246969, -1.2575724760638636, 1.4308805465698242, 1.8860455751419067
-0.3868048826800745, -1.9348772207843226, -1.500643555318014, -1.2575848738299769, 1.4308685064315796, 1.8860695362091064
-0.3868168036090296, -1.9348652998553675, -1.500655476246969, -1.2575848738299769, 1.4308685064315796, 1.8860695362091064
-0.3868048826800745, -1.9348529020892542, -1.5006673971759241, -1.2575724760638636, 1.4308685064315796, 1.886021614074707
-0.3868168036090296, -1.9348409811602991, -1.500655476246969, -1.2575848738299769, 1.4308685064315796, 1.886033535003662
-0.38678056398500615, -1.9348652998553675, -1.5006197134601038, -1.257596794758932, 1.4308445453643799, 1.8860455751419067
-0.3868168036090296, -1.934829060231344, -1.500643555318014, -1.2575610319720667, 1.4308805465698242, 1.8859976530075073
-0.3868168036090296, -1.9348409811602991, -1.500655476246969, -1.2575247923480433, 1.4308685064315796, 1.8860455751419067
-0.3868168036090296, -1.9348409811602991, -1.5006673971759241, -1.2575486342059534, 1.4308685064315796, 1.886021614074707
-0.38679248491396123, -1.9348409811602991, -1.5006316343890589, -1.2575128714190882, 1.4308565855026245, 1.8860095739364624
-0.38679248491396123, -1.9348652998553675, -1.5006793181048792, -1.257608715687887, 1.4308924674987793, 1.8860095739364624
-0.38679248491396123, -1.9348409811602991, -1.5006316343890589, -1.2575610319720667, 1.4308805465698242, 1.8860574960708618
-0.38679248491396123, -1.9348529020892542, -1.5006673971759241, -1.2575724760638636, 1.4308685064315796, 1.8860695362091064
-0.38679248491396123, -1.9348409811602991, -1.500643555318014, -1.2575610319720667, 1.4308445453643799, 1.886033535003662
-0.38679248491396123, -1.934817139302389, -1.5006316343890589, -1.2575724760638636, 1.430904507637024, 1.886033535003662
-0.38679248491396123, -1.9348529020892542, -1.500655476246969, -1.257596794758932, 1.4308685064315796, 1.8860574960708618
-0.38678056398500615, -1.9348409811602991, -1.5006673971759241, -1.2575610319720667, 1.4308685064315796, 1.886033535003662
-0.3868048826800745, -1.934829060231344, -1.500643555318014, -1.2575848738299769, 1.4308805465698242, 1.8859732151031494
-0.38679248491396123, -1.934829060231344, -1.500655476246969, -1.257608715687887, 1.4308685064315796, 1.8860455751419067
-0.38678056398500615, -1.9348772207843226, -1.5006197134601038, -1.257596794758932, 1.4308924674987793, 1.8860695362091064
-0.38678056398500615, -1.9348409811602991, -1.5006673971759241, -1.2575848738299769, 1.4308924674987793, 1.886033535003662
-0.3868048826800745, -1.9348409811602991, -1.5006673971759241, -1.2575486342059534, 1.4308445453643799, 1.8860455751419067
-0.3868048826800745, -1.9348529020892542, -1.5006673971759241, -1.2575486342059534, 1.4308685064315796, 1.886033535003662
-0.38678056398500615, -1.9348529020892542, -1.5006793181048792, -1.257596794758932, 1.4308445453643799, 1.8860455751419067
-0.3868048826800745, -1.9348529020892542, -1.500655476246969, -1.2575610319720667, 1.4308685064315796, 1.8860574960708618
-0.38679248491396123, -1.9348529020892542, -1.500655476246969, -1.257608715687887, 1.4308565855026245, 1.886033535003662
-0.38678056398500615, -1.9348529020892542, -1.500655476246969, -1.257608715687887, 1.4308445453643799, 1.886021614074707
-0.38678056398500615, -1.9348409811602991, -1.5006673971759241, -1.257596794758932, 1.4308445453643799, 1.8860455751419067
-0.3867686430560511, -1.9348409811602991, -1.500655476246969, -1.2575610319720667, 1.4308326244354248, 1.886033535003662
-0.3868168036090296, -1.9348652998553675, -1.500643555318014, -1.2575610319720667, 1.4308685064315796, 1.886021614074707
-0.38678056398500615, -1.9348652998553675, -1.500643555318014, -1.2575724760638636, 1.4308565855026245, 1.886033535003662
-0.38679248491396123, -1.934829060231344, -1.5006197134601038, -1.2575486342059534, 1.4308445453643799, 1.886033535003662
-0.3868168036090296, -1.9348652998553675, -1.5006316343890589, -1.2575724760638636, 1.4308805465698242, 1.8860455751419067
-0.3868168036090296, -1.9348409811602991, -1.5006197134601038, -1.2575367132769983, 1.4308565855026245, 1.886021614074707
-0.3868048826800745, -1.9348652998553675, -1.5006793181048792, -1.2575367132769983, 1.4308805465698242, 1.8860455751419067
-0.3868168036090296, -1.934829060231344, -1.500655476246969, -1.257608715687887, 1.4308685064315796, 1.8860574960708618
-0.3868048826800745, -1.934829060231344, -1.500655476246969, -1.2575610319720667, 1.4308685064315796, 1.886033535003662
-0.38678056398500615, -1.934829060231344, -1.5006316343890589, -1.2575848738299769, 1.4308565855026245, 1.8860095739364624
-0.3868048826800745, -1.934817139302389, -1.5006793181048792, -1.2575610319720667, 1.4308805465698242, 1.8860695362091064
-0.38678056398500615, -1.934817139302389, -1.500655476246969, -1.2575610319720667, 1.4308805465698242, 1.886021614074707
-0.38679248491396123, -1.9348409811602991, -1.5006793181048792, -1.2575367132769983, 1.4308565855026245, 1.8860095739364624
-0.38682872453798467, -1.9348529020892542, -1.5006316343890589, -1.257596794758932, 1.4308685064315796, 1.8860574960708618
-0.38682872453798467, -1.9349129835711878, -1.500787083302633, -1.2568419615374964, 1.4298741817474365, 1.8852777481079102
-0.38667279878725225, -1.9351766745196741, -1.5006197134601038, -1.2565425078021448, 1.4312520027160645, 1.8859492540359497
-0.3866966406451624, -1.9351046721087855, -1.5003555456744593, -1.2530210653888147, 1.4304850101470947, 1.8866091966629028
-0.3868048826800745, -1.934817139302389, -1.500319782887594, -1.238683048878805, 1.4303536415100098, 1.886261224746704
-0.3869126478778284, -1.9348052183734339, -1.5008352438556116, -1.227135960255758, 1.4307966232299805, 1.8860455751419067
-0.38622886339296514, -1.9348652998553675, -1.500991169606344, -1.2268245855914515, 1.4327737092971802, 1.8858894109725952
-0.38721210161318, -1.9348409811602991, -1.5005114714251917, -1.2138522307025355, 1.4284844398498535, 1.8859612941741943
-0.38706809679140264, -1.934829060231344, -1.5006316343890589, -1.1993945280658167, 1.4277653694152832, 1.8860814571380615
-0.38633710542787725, -1.9348529020892542, -1.5008590857135218, -1.2173140684710901, 1.4314438104629517, 1.88617742061615
-0.3865769545184534, -1.93469745317568, -1.5002477804767054, -1.2170022169696253, 1.430736780166626, 1.8860695362091064
-0.3870323340045374, -1.9347212950335901, -1.5006197134601038, -1.2189305464373987, 1.4302576780319214, 1.8861533403396606
-0.3868768850909632, -1.9347212950335901, -1.500643555318014, -1.218835179005758, 1.4315756559371948, 1.8863815069198608
-0.38672048250307256, -1.934709374104635, -1.5006316343890589, -1.2184036413775843, 1.430748701095581, 1.8861414194107056
-0.3868048826800745, -1.9345052878009241, -1.5000441710101526, -1.2150138060199183, 1.422949194908142, 1.8856017589569092
-0.3868649641620081, -1.9346373716937464, -1.50053579012026, -1.1972501913653772, 1.3935617208480835, 1.8861653804779053
-0.3867686430560511, -1.9353802839862269, -1.501110855733053, -1.194758717213766, 1.3860018253326416, 1.8858294486999512
-0.3866966406451624, -1.93504506746401, -1.5010269323932093, -1.1943038145648401, 1.3897638320922852, 1.8866091966629028
-0.3866007963763636, -1.9346492926227015, -1.5006793181048792, -1.1957533995257776, 1.4056496620178223, 1.8864413499832153
-0.3865888754474085, -1.9343975226031702, -1.5005834738360804, -1.1962197462665003, 1.40584135055542, 1.886261224746704
-0.3865769545184534, -1.9343255201922815, -1.5004876295672815, -1.1986873785602015, 1.404547095298767, 1.8862133026123047
-0.3866847197162073, -1.9348772207843226, -1.5008233229266565, -1.2042458693133753, 1.4048347473144531, 1.8863331079483032
-0.38662463823427373, -1.9349010626422327, -1.5007513205157679, -1.203994099293844, 1.4050863981246948, 1.8863691091537476
-0.38688880601991826, -1.935152832661764, -1.5006316343890589, -1.2032988707171839, 1.4058773517608643, 1.886261224746704
-0.3869364897357386, -1.9350689093219202, -1.5007036367999476, -1.2041857878314417, 1.404068112373352, 1.885637640953064
-0.3869722525226038, -1.9348052183734339, -1.5007274786578577, -1.2041733900653284, 1.4043797254562378, 1.8860574960708618
-0.38705617586244756, -1.9348529020892542, -1.5006793181048792, -1.2034910360919397, 1.4058653116226196, 1.8862133026123047
-0.38716394106020147, -1.934817139302389, -1.500643555318014, -1.2032154242144983, 1.4043437242507935, 1.8862013816833496
-0.3871882597552698, -1.9347813765155237, -1.5001757780658167, -1.2035868803607386, 1.4038643836975098, 1.8860695362091064
-0.38682872453798467, -1.9345653692828577, -1.5003073851214808, -1.2033231894122522, 1.4025588035583496, 1.8862253427505493
-0.38684064546693975, -1.9345172087298792, -1.5006197134601038, -1.2040537039386194, 1.4022471904754639, 1.8862253427505493
-0.3862527052508753, -1.934829060231344, -1.501122776662008, -1.2045214811908167, 1.4031217098236084, 1.8857215642929077
-0.386205021535055, -1.9349129835711878, -1.5010870138751429, -1.2038863340960901, 1.4053499698638916, 1.8861414194107056
-0.3866007963763636, -1.934936825429098, -1.500643555318014, -1.2036345640765589, 1.4046908617019653, 1.8861174583435059
-0.38666087785829717, -1.9349730650531214, -1.500655476246969, -1.203850571309225, 1.4052780866622925, 1.8860814571380615
-0.3866966406451624, -1.9349730650531214, -1.5007393995868128, -1.204125706349508, 1.4048227071762085, 1.8860695362091064
-0.3866365591632288, -1.9349129835711878, -1.5007155577289026, -1.2034791151629847, 1.404942512512207, 1.8861054182052612
-0.38661271730531865, -1.9346016089068812, -1.5007155577289026, -1.2036107222186487, 1.40509831905365, 1.886129379272461
-0.3867085615741175, -1.934589687977926, -1.5007155577289026, -1.2038386503802698, 1.40509831905365, 1.8861533403396606
-0.3866847197162073, -1.9346612135516565, -1.5007036367999476, -1.2038262526141565, 1.4049185514450073, 1.8861054182052612
-0.3866489569293421, -1.9349849859820765, -1.5006917158709925, -1.2038262526141565, 1.405002474784851, 1.8861054182052612
-0.38667279878725225, -1.9349969069110315, -1.5007036367999476, -1.2038863340960901, 1.4051343202590942, 1.8861174583435059
-0.38672048250307256, -1.9349730650531214, -1.5007036367999476, -1.2037785688983362, 1.404990553855896, 1.8861174583435059
-0.3867085615741175, -1.9349730650531214, -1.5006793181048792, -1.2038024107562464, 1.4049185514450073, 1.886129379272461
-0.38672048250307256, -1.9349730650531214, -1.5005834738360804, -1.2038024107562464, 1.4050145149230957, 1.8860934972763062
-0.38672048250307256, -1.9343374411212366, -1.5005596319781702, -1.2036946455584925, 1.404930591583252, 1.8860934972763062
-0.3867085615741175, -1.9344332853900355, -1.50053579012026, -1.2038262526141565, 1.4049185514450073, 1.886129379272461
