-0.6875656286822718, -2.528127972279684, -1.3752182165728968, -0.8052924315081995, 1.5678167343139648, 2.593707323074341
-0.687601391469137, -2.5281041304217737, -1.3752301375018519, -0.8053043524371546, 1.5677927732467651, 2.5936594009399414
-0.6876133123980921, -2.528139893208639, -1.3752182165728968, -0.8053162733661097, 1.5678287744522095, 2.5936713218688965
-0.687601391469137, -2.528139893208639, -1.375253979359762, -0.8053401152240198, 1.5678287744522095, 2.593707323074341
-0.6875656286822718, -2.528127972279684, -1.3752062956439417, -0.8053520361529749, 1.5678287744522095, 2.5936954021453857
-0.6875656286822718, -2.5281761328326624, -1.375242058430807, -0.8053281942950647, 1.5678167343139648, 2.593707323074341
-0.687601391469137, -2.528139893208639, -1.3752062956439417, -0.8053401152240198, 1.5678167343139648, 2.5936594009399414
-0.6875537077533167, -2.528127972279684, -1.3752301375018519, -0.8053281942950647, 1.5677688121795654, 2.5936594009399414
-0.6875656286822718, -2.528116051350729, -1.3752182165728968, -0.8053162733661097, 1.5677927732467651, 2.593635082244873
-0.6875894705401819, -2.528116051350729, -1.3752182165728968, -0.8053520361529749, 1.5678167343139648, 2.5936832427978516
-0.6875537077533167, -2.528151814137594, -1.3751938978778284, -0.8053401152240198, 1.5678167343139648, 2.593635082244873
-0.6876133123980921, -2.528127972279684, -1.3751938978778284, -0.8053520361529749, 1.5678048133850098, 2.5936832427978516
-0.6875417868243616, -2.528127972279684, -1.3751938978778284, -0.8053162733661097, 1.5678167343139648, 2.593707323074341
-0.6875656286822718, -2.5281041304217737, -1.3752062956439417, -0.8053401152240198, 1.5678048133850098, 2.593647003173828
-0.6875894705401819, -2.528116051350729, -1.3752182165728968, -0.8053162733661097, 1.5678287744522095, 2.5936594009399414
-0.6875417868243616, -2.528139893208639, -1.3752182165728968, -0.8053162733661097, 1.5678048133850098, 2.5936713218688965
-0.6875894705401819, -2.528139893208639, -1.3752301375018519, -0.80536395708193, 1.5678287744522095, 2.5936713218688965
-0.6875775496112269, -2.528116051350729, -1.375253979359762, -0.8053401152240198, 1.5678048133850098, 2.593707323074341
-0.6875537077533167, -2.528127972279684, -1.3752182165728968, -0.8053281942950647, 1.5678048133850098, 2.5936713218688965
-0.6876133123980921, -2.528116051350729, -1.3752182165728968, -0.8053281942950647, 1.5678287744522095, 2.593707323074341
-0.6875417868243616, -2.528116051350729, -1.375242058430807, -0.8053043524371546, 1.5678048133850098, 2.5936832427978516
-0.6876133123980921, -2.528127972279684, -1.3752062956439417, -0.8053162733661097, 1.5678287744522095, 2.5936594009399414
-0.6875656286822718, -2.5280922094928187, -1.3752301375018519, -0.8053043524371546, 1.5677927732467651, 2.593647003173828
-0.687601391469137, -2.528139893208639, -1.375242058430807, -0.8052800337420862, 1.5678048133850098, 2.593647003173828
-0.6875775496112269, -2.5280922094928187, -1.3752062956439417, -0.8053162733661097, 1.567840814590454, 2.5936832427978516
-0.6875656286822718, -2.528127972279684, -1.3752301375018519, -0.8053520361529749, 1.5678167343139648, 2.5936594009399414
-0.6875656286822718, -2.528116051350729, -1.3752301375018519, -0.8053520361529749, 1.5677927732467651, 2.5936832427978516
-0.6875775496112269, -2.528139893208639, -1.3752301375018519, -0.8053043524371546, 1.56778085231781, 2.5936832427978516
-0.6875894705401819, -2.528127972279684, -1.3752062956439417, -0.8053162733661097, 1.5677927732467651, 2.5936713218688965
-0.6875894705401819, -2.528139893208639, -1.375242058430807, -0.8053520361529749, 1.5678167343139648, 2.5936832427978516
-0.6875775496112269, -2.5281642119037073, -1.3752301375018519, -0.8053162733661097, 1.5678527355194092, 2.5936832427978516
-0.687601391469137, -2.528139893208639, -1.3751938978778284, -0.80536395708193, 1.5677927732467651, 2.5936713218688965
-0.6875894705401819, -2.5280922094928187, -1.3752182165728968, -0.8053520361529749, 1.5678048133850098, 2.5936832427978516
-0.6875894705401819, -2.528116051350729, -1.3751938978778284, -0.8053281942950647, 1.5678167343139648, 2.593647003173828
-0.6875537077533167, -2.528116051350729, -1.375253979359762, -0.8053401152240198, 1.5678527355194092, 2.5936713218688965
-0.6875775496112269, -2.528127972279684, -1.3752062956439417, -0.8053162733661097, 1.5678048133850098, 2.5936832427978516
-0.6875894705401819, -2.528139893208639, -1.375242058430807, -0.8053162733661097, 1.5678167343139648, 2.5936594009399414
-0.6875537077533167, -2.5281041304217737, -1.3752301375018519, -0.8053043524371546, 1.5678048133850098, 2.593647003173828
-0.6875894705401819, -2.528127972279684, -1.3752182165728968, -0.80536395708193, 1.5678167343139648, 2.593707323074341
-0.687601391469137, -2.528116051350729, -1.3752062956439417, -0.8053043524371546, 1.5677927732467651, 2.5936713218688965
-0.6875894705401819, -2.528127972279684, -1.3752301375018519, -0.8053281942950647, 1.5678048133850098, 2.5936594009399414
-0.687601391469137, -2.5281041304217737, -1.3752062956439417, -0.8053520361529749, 1.5678167343139648, 2.593635082244873
-0.687601391469137, -2.528116051350729, -1.375253979359762, -0.80536395708193, 1.5678167343139648, 2.5936954021453857
-0.6875537077533167, -2.5280922094928187, -1.3752301375018519, -0.8053401152240198, 1.5677927732467651, 2.5935990810394287
-0.687601391469137, -2.5281041304217737, -1.3752301375018519, -0.8053043524371546, 1.5678167343139648, 2.593647003173828
-0.687601391469137, -2.528139893208639, -1.3752301375018519, -0.8053162733661097, 1.56778085231781, 2.593635082244873
-0.6875894705401819, -2.528127972279684, -1.3752301375018519, -0.8053162733661097, 1.5678048133850098, 2.593707323074341
-0.6875656286822718, -2.528151814137594, -1.375253979359762, -0.8053520361529749, 1.5678167343139648, 2.5936594009399414
-0.6875656286822718, -2.5280922094928187, -1.3752182165728968, -0.8053401152240198, 1.5678167343139648, 2.5936713218688965
-0.6875894705401819, -2.528139893208639, -1.3752301375018519, -0.8053162733661097, 1.5677927732467651, 2.5936713218688965
-0.6875894705401819, -2.528116051350729, -1.3752182165728968, -0.8053162733661097, 1.5678167343139648, 2.5936594009399414
-0.687601391469137, -2.528116051350729, -1.3752182165728968, -0.8053281942950647, 1.5678167343139648, 2.5936954021453857
-0.6875894705401819, -2.528127972279684, -1.3752062956439417, -0.80536395708193, 1.5678048133850098, 2.5936594009399414
-0.6875894705401819, -2.528127972279684, -1.3752182165728968, -0.8053043524371546, 1.5677927732467651, 2.5936832427978516
-0.6875656286822718, -2.528127972279684, -1.3752062956439417, -0.8053162733661097, 1.5678048133850098, 2.5936713218688965
-0.6875894705401819, -2.528139893208639, -1.3751938978778284, -0.8052924315081995, 1.5677927732467651, 2.593707323074341
-0.6875656286822718, -2.528116051350729, -1.3751938978778284, -0.8053520361529749, 1.567840814590454, 2.5936713218688965
-0.6875656286822718, -2.528127972279684, -1.375242058430807, -0.8053043524371546, 1.5678287744522095, 2.593622922897339
-0.687601391469137, -2.528116051350729, -1.3752301375018519, -0.8053281942950647, 1.5678287744522095, 2.593647003173828
-0.6875775496112269, -2.528127972279684, -1.3752182165728968, -0.8053401152240198, 1.5678287744522095, 2.593647003173828
-0.6875894705401819, -2.5281642119037073, -1.3752182165728968, -0.8053162733661097, 1.5678048133850098, 2.5936954021453857
-0.6875894705401819, -2.528127972279684, -1.3752301375018519, -0.8053520361529749, 1.5678167343139648, 2.5936594009399414
-0.6875656286822718, -2.5281642119037073, -1.3752182165728968, -0.8053281942950647, 1.5678287744522095, 2.5936713218688965
-0.687601391469137, -2.528127972279684, -1.3751938978778284, -0.8053401152240198, 1.5678048133850098, 2.5936713218688965
-0.687601391469137, -2.5281041304217737, -1.3752062956439417, -0.8052924315081995, 1.5677927732467651, 2.5936954021453857
-0.6875894705401819, -2.528139893208639, -1.3752301375018519, -0.8053401152240198, 1.5678167343139648, 2.593635082244873
-0.6876252333270472, -2.528151814137594, -1.375242058430807, -0.8053281942950647, 1.5677927732467651, 2.593635082244873
-0.687601391469137, -2.528127972279684, -1.3752182165728968, -0.8053401152240198, 1.56778085231781, 2.593647003173828
-0.6875775496112269, -2.528127972279684, -1.3752182165728968, -0.8053281942950647, 1.5678167343139648, 2.593647003173828
-0.6875537077533167, -2.528151814137594, -1.3752062956439417, -0.8053520361529749, 1.56778085231781, 2.5936832427978516
-0.6875894705401819, -2.528139893208639, -1.3752182165728968, -0.8053520361529749, 1.5677927732467651, 2.5936713218688965
-0.6876133123980921, -2.528116051350729, -1.3752062956439417, -0.8053520361529749, 1.5678167343139648, 2.5936594009399414
-0.687601391469137, -2.5280922094928187, -1.3751938978778284, -0.8054001967059534, 1.5678527355194092, 2.5936713218688965
-0.6875894705401819, -2.5281041304217737, -1.3752062956439417, -0.8055918852435511, 1.568032145500183, 2.593647003173828
-0.6876252333270472, -2.528139893208639, -1.375242058430807, -0.8050406614886683, 1.5681519508361816, 2.5935990810394287
-0.6876376310931605, -2.528116051350729, -1.3753021399127405, -0.8045976797686976, 1.5679363012313843, 2.593635082244873
-0.6876495520221155, -2.528139893208639, -1.3753259817706507, -0.80475360551943, 1.5679961442947388, 2.5936594009399414
-0.6876252333270472, -2.5281642119037073, -1.3753021399127405, -0.8050287405597132, 1.567840814590454, 2.593719244003296
-0.6876376310931605, -2.528127972279684, -1.3754099051104944, -0.804178539906637, 1.5677329301834106, 2.593539237976074
-0.6876376310931605, -2.528127972279684, -1.3753741423236292, -0.8048608938800257, 1.5679482221603394, 2.5936713218688965
-0.6876972357379358, -2.528116051350729, -1.3753979841815394, -0.804514233266012, 1.56790030002594, 2.5938990116119385
-0.6876733938800257, -2.528139893208639, -1.3753498236285608, -0.804908577595846, 1.567708969116211, 2.594067096710205
-0.6876972357379358, -2.528139893208639, -1.3753741423236292, -0.8048489729510706, 1.5677568912506104, 2.59405517578125
-0.6876853148089808, -2.528139893208639, -1.375361744557516, -0.8050525824176233, 1.5676010847091675, 2.59403133392334
-0.6876853148089808, -2.528127972279684, -1.3753259817706507, -0.8050525824176233, 1.5675052404403687, 2.5940072536468506
-0.6876972357379358, -2.5281642119037073, -1.3754099051104944, -0.804514233266012, 1.567649006843567, 2.5938870906829834
-0.6877334753619593, -2.528116051350729, -1.3753860632525843, -0.8044779936419886, 1.5677448511123657, 2.5939109325408936
-0.6877930800067347, -2.528151814137594, -1.3753860632525843, -0.8046696821795862, 1.567493200302124, 2.593863010406494
-0.6878297964679163, -2.5280922094928187, -1.3754099051104944, -0.8044422308551233, 1.567708969116211, 2.593839168548584
-0.6877811590777796, -2.528151814137594, -1.3754218260394495, -0.8044059912310999, 1.568068027496338, 2.5938990116119385
-0.6879013220416468, -2.528116051350729, -1.3754456678973597, -0.8042143026935022, 1.5680081844329834, 2.593863010406494
-0.6879494825946253, -2.528139893208639, -1.375265900288717, -0.8051002661334437, 1.5675411224365234, 2.5939109325408936
-0.6879013220416468, -2.528151814137594, -1.375265900288717, -0.8054717222796839, 1.5680440664291382, 2.593851089477539
-0.6879494825946253, -2.528139893208639, -1.3752182165728968, -0.805831257496969, 1.5683796405792236, 2.5938990116119385
-0.6880691687213343, -2.5281761328326624, -1.3752182165728968, -0.8059032599078577, 1.5679482221603394, 2.5938150882720947
-0.6880810896502894, -2.5281880537616175, -1.375134293233053, -0.8060229460345667, 1.5675650835037231, 2.5939230918884277
-0.6880691687213343, -2.5281880537616175, -1.375146214162008, -0.8059991041766565, 1.5679242610931396, 2.5942230224609375
-0.6880930105792444, -2.5281761328326624, -1.3751824537860315, -0.8055318037616175, 1.5679842233657837, 2.5943312644958496
-0.6882255713092249, -2.5281999746905726, -1.3750618139850062, -0.8058436552630823, 1.5675890445709229, 2.5942952632904053
-0.6882136503802698, -2.5281761328326624, -1.3749540487872522, -0.806070629750387, 1.567708969116211, 2.59428334236145
-0.6882012526141565, -2.5281761328326624, -1.375037972127096, -0.8053882757769983, 1.5678642988204956, 2.5941030979156494
-0.6883094946490687, -2.5281761328326624, -1.3749540487872522, -0.8055680433856409, 1.5677688121795654, 2.5941030979156494
-0.6882970968829554, -2.5281880537616175, -1.3750618139850062, -0.8049686590777796, 1.5674573183059692, 2.593959331512451
-0.6882613340960901, -2.5281880537616175, -1.3750861326800745, -0.8046219984637659, 1.5674692392349243, 2.593947410583496
-0.6882970968829554, -2.5281999746905726, -1.3750141302691858, -0.8049805800067347, 1.5678883790969849, 2.5936594009399414
-0.6884172598468226, -2.5281880537616175, -1.3750985304461878, -0.8045976797686976, 1.5674692392349243, 2.593611001968384
-0.6884053389178675, -2.5282238165484827, -1.3752062956439417, -0.8040826956378382, 1.5674692392349243, 2.5933594703674316
-0.6883810202227991, -2.5282238165484827, -1.375134293233053, -0.8044303099261683, 1.5681639909744263, 2.593287467956543
-0.688573185597555, -2.5282118956195276, -1.3751824537860315, -0.8043220678912562, 1.5680440664291382, 2.593407392501831
-0.6886571089373987, -2.5282238165484827, -1.3751938978778284, -0.8044059912310999, 1.567481279373169, 2.593095302581787
-0.6885374228106897, -2.528260056172506, -1.3752182165728968, -0.8042381445514124, 1.5679123401641846, 2.59320330619812
-0.688476864491598, -2.528235737477438, -1.3751104513751429, -0.8049567381488245, 1.568427562713623, 2.5931432247161865
-0.6886814276324671, -2.528355900441305, -1.375134293233053, -0.8049686590777796, 1.5678642988204956, 2.5933713912963867
-0.6886213461505335, -2.528355900441305, -1.3751824537860315, -0.8046458403216761, 1.567325472831726, 2.5933353900909424
-0.6885016600238245, -2.5284035841571253, -1.3751104513751429, -0.8050044218646448, 1.5679482221603394, 2.593287467956543
-0.6886451880084437, -2.5284035841571253, -1.3751700560199183, -0.8044059912310999, 1.5678048133850098, 2.593407392501831
-0.6887772719012659, -2.5284035841571253, -1.3751824537860315, -0.8045380751239222, 1.5672775506973267, 2.593419313430786
-0.6886213461505335, -2.5284155050860804, -1.3751104513751429, -0.8046696821795862, 1.567649006843567, 2.593287467956543
-0.6885374228106897, -2.528451744710104, -1.375253979359762, -0.8044422308551233, 1.5681400299072266, 2.593647003173828
-0.6887291113482874, -2.528475586568014, -1.375242058430807, -0.8047655264483851, 1.5676010847091675, 2.5938031673431396
-0.6886690298663538, -2.528475586568014, -1.3753379026996058, -0.8042143026935022, 1.5667622089385986, 2.5942111015319824
-0.6885493437396448, -2.5284279028521937, -1.3753498236285608, -0.803962532673971, 1.5678527355194092, 2.5937671661376953
-0.6887410322772425, -2.5284398237811487, -1.375265900288717, -0.803711239491598, 1.5684635639190674, 2.5937912464141846
-0.6888368765460413, -2.5284398237811487, -1.3754099051104944, -0.8031962553607386, 1.5662232637405396, 2.5939834117889404
-0.6886213461505335, -2.5284155050860804, -1.375481907521383, -0.8028963247882288, 1.5666782855987549, 2.593647003173828
-0.6885374228106897, -2.528451744710104, -1.3756254355060022, -0.802321736012594, 1.5675292015075684, 2.5941030979156494
-0.6889451185809534, -2.528451744710104, -1.3755295912372034, -0.8033879438983362, 1.5668940544128418, 2.5941150188446045
-0.6889570395099085, -2.5285356680499476, -1.3756621519671839, -0.8026688734637659, 1.5663787126541138, 2.5942952632904053
-0.6886094252215784, -2.5285237471209925, -1.3756979147540491, -0.80219012895693, 1.5671457052230835, 2.5941989421844482
-0.6888487974749964, -2.528583351765768, -1.3756979147540491, -0.802321736012594, 1.5680440664291382, 2.5943551063537598
-0.6892932097064417, -2.5286553541766565, -1.3757098356830042, -0.8026207129107874, 1.5670018196105957, 2.5946192741394043
-0.6889813582049769, -2.5286553541766565, -1.375589672719137, -0.8026207129107874, 1.5673853158950806, 2.594703197479248
-0.6888011137591761, -2.52871543565859, -1.3755176703082483, -0.8024891058551233, 1.568187952041626, 2.594931125640869
-0.6893532911883753, -2.5287511984454554, -1.375685993825094, -0.8020342032061976, 1.5683077573776245, 2.5944151878356934
-0.6895688215838831, -2.528727356587545, -1.375589672719137, -0.80280048051943, 1.5671457052230835, 2.5949552059173584
-0.6892207304583948, -2.5287511984454554, -1.3755176703082483, -0.802464787160055, 1.5684635639190674, 2.5946671962738037
-0.6892812887774866, -2.528823200856344, -1.3754456678973597, -0.8028963247882288, 1.5693148374557495, 2.5948948860168457
-0.6898205916034144, -2.528811279927389, -1.3755419890033167, -0.8030641714679163, 1.5678287744522095, 2.594187021255493
-0.6894848982440394, -2.5288589636432093, -1.3755057493792933, -0.8029802481280726, 1.5680561065673828, 2.5943071842193604
-0.6891968886004847, -2.528919045125143, -1.3754456678973597, -0.8030884901629847, 1.569206953048706, 2.5935871601104736
-0.6896770636187952, -2.528930966054098, -1.3754695097552698, -0.8033641020404261, 1.5686312913894653, 2.593647003173828
-0.6898325125323694, -2.528930966054098, -1.3755176703082483, -0.8034594694720667, 1.5664026737213135, 2.5944631099700928
-0.6888487974749964, -2.528954807912008, -1.3754456678973597, -0.8032920996295374, 1.5685474872589111, 2.5939109325408936
-0.6895087401019495, -2.528919045125143, -1.3754695097552698, -0.8033998648272913, 1.5692548751831055, 2.5938150882720947
-0.6899521986590784, -2.528919045125143, -1.375481907521383, -0.8034594694720667, 1.565875768661499, 2.5937552452087402
-0.6888368765460413, -2.528942886983053, -1.375458065663473, -0.8031962553607386, 1.5684635639190674, 2.5938150882720947
-0.6894968191729944, -2.528942886983053, -1.375481907521383, -0.8034475485431116, 1.568942904472351, 2.5937912464141846
-0.6899164358722132, -2.528907124196188, -1.375481907521383, -0.80347186723818, 1.5659716129302979, 2.5937912464141846
-0.6888974348651331, -2.528930966054098, -1.3754218260394495, -0.8032439390765589, 1.5685235261917114, 2.593851089477539
-0.689544979725973, -2.528930966054098, -1.3754695097552698, -0.8033998648272913, 1.5689189434051514, 2.5937790870666504
-0.6897848288165491, -2.528930966054098, -1.3754456678973597, -0.8034237066852015, 1.5660794973373413, 2.5937552452087402
-0.6889570395099085, -2.528930966054098, -1.375458065663473, -0.803267780934469, 1.5682837963104248, 2.5938150882720947
-0.6895330587970179, -2.528919045125143, -1.3754695097552698, -0.8034117857562464, 1.5689189434051514, 2.5937912464141846
-0.6896770636187952, -2.528930966054098, -1.3754938284503382, -0.8034594694720667, 1.5663666725158691, 2.5937552452087402
-0.6891730467425745, -2.528907124196188, -1.3754456678973597, -0.8033040205584925, 1.5678287744522095, 2.593827247619629
-0.6893289724933069, -2.528919045125143, -1.3754695097552698, -0.8033278624164026, 1.5691111087799072, 2.5937912464141846
-0.6896165052997034, -2.528942886983053, -1.3755057493792933, -0.8034356276141565, 1.566810131072998, 2.593743324279785
-0.6892088095294397, -2.528942886983053, -1.3754695097552698, -0.8033159414874476, 1.5673853158950806, 2.5937790870666504
-0.6892207304583948, -2.528919045125143, -1.375481907521383, -0.8033278624164026, 1.569075107574463, 2.593839168548584
-0.6895807425128382, -2.528919045125143, -1.3755057493792933, -0.8034237066852015, 1.5670257806777954, 2.5937912464141846
-0.6893051306353968, -2.528942886983053, -1.375458065663473, -0.8033397833453577, 1.567205548286438, 2.593851089477539
-0.6892088095294397, -2.528919045125143, -1.3754337469684046, -0.8033397833453577, 1.5690871477127075, 2.593827247619629
-0.6895688215838831, -2.528930966054098, -1.3755176703082483, -0.8034117857562464, 1.5673373937606812, 2.5937790870666504
-0.6893652121173304, -2.528930966054098, -1.375481907521383, -0.8033517042743128, 1.5666663646697998, 2.5937790870666504
-0.6891849676715296, -2.528919045125143, -1.375458065663473, -0.8033397833453577, 1.5688350200653076, 2.593839168548584
-0.6894968191729944, -2.528942886983053, -1.375458065663473, -0.8033641020404261, 1.5683197975158691, 2.593743324279785
-0.6893051306353968, -2.528907124196188, -1.375458065663473, -0.8031962553607386, 1.5670738220214844, 2.5938031673431396
-0.6892569700824183, -2.528942886983053, -1.3754337469684046, -0.803255860005514, 1.5682119131088257, 2.593851089477539
-0.6892693678485315, -2.528919045125143, -1.3754218260394495, -0.8033159414874476, 1.5673494338989258, 2.5937912464141846
-0.6892812887774866, -2.528930966054098, -1.3753979841815394, -0.8032920996295374, 1.567840814590454, 2.5937671661376953
-0.6892569700824183, -2.528954807912008, -1.3754099051104944, -0.8032920996295374, 1.5677927732467651, 2.5937671661376953
-0.6893532911883753, -2.528919045125143, -1.3754218260394495, -0.8033397833453577, 1.567720890045166, 2.5938031673431396
-0.6893652121173304, -2.528942886983053, -1.3754456678973597, -0.8034356276141565, 1.5676370859146118, 2.5937790870666504
-0.6894491354571741, -2.528930966054098, -1.3754218260394495, -0.8035433928119105, 1.5676729679107666, 2.5937912464141846
-0.6894610563861292, -2.528919045125143, -1.3754695097552698, -0.8032920996295374, 1.5677329301834106, 2.5937671661376953
-0.6894610563861292, -2.528942886983053, -1.375458065663473, -0.8033040205584925, 1.5677927732467651, 2.5938150882720947
-0.6894248167621058, -2.528907124196188, -1.3754218260394495, -0.8031962553607386, 1.5678048133850098, 2.5937671661376953
-0.6894248167621058, -2.528954807912008, -1.3754695097552698, -0.8032920996295374, 1.5677568912506104, 2.5938031673431396
-0.6894248167621058, -2.528954807912008, -1.3754456678973597, -0.8032801787005823, 1.5677688121795654, 2.5937912464141846
-0.6894248167621058, -2.528942886983053, -1.3755057493792933, -0.8033397833453577, 1.56778085231781, 2.5937912464141846
-0.6893890539752405, -2.528930966054098, -1.3754456678973597, -0.8033397833453577, 1.5678167343139648, 2.5937912464141846
-0.6894128958331507, -2.528930966054098, -1.3754938284503382, -0.8032920996295374, 1.5678048133850098, 2.5937912464141846
-0.6894128958331507, -2.528907124196188, -1.3754456678973597, -0.8033760229693812, 1.5677927732467651, 2.5937671661376953
-0.6893532911883753, -2.528930966054098, -1.3754456678973597, -0.8033641020404261, 1.5678287744522095, 2.5937790870666504
-0.6893532911883753, -2.528930966054098, -1.3754695097552698, -0.8033641020404261, 1.5678763389587402, 2.5937912464141846
-0.6894248167621058, -2.528930966054098, -1.3754337469684046, -0.8033517042743128, 1.5678048133850098, 2.5937790870666504
-0.6893771330462855, -2.5288832823382776, -1.3754695097552698, -0.8033159414874476, 1.5677927732467651, 2.5937671661376953
-0.6893771330462855, -2.528919045125143, -1.3754337469684046, -0.8033397833453577, 1.5678287744522095, 2.5937790870666504
-0.6893652121173304, -2.528930966054098, -1.3754695097552698, -0.8033760229693812, 1.567840814590454, 2.5937671661376953
-0.6893652121173304, -2.528942886983053, -1.3754337469684046, -0.8033278624164026, 1.5678048133850098, 2.5938150882720947
-0.6893532911883753, -2.528942886983053, -1.3754456678973597, -0.8033517042743128, 1.5678287744522095, 2.5937671661376953
-0.6893532911883753, -2.528942886983053, -1.3754695097552698, -0.8033760229693812, 1.5678287744522095, 2.593827247619629
-0.6894009749041956, -2.528942886983053, -1.3753979841815394, -0.8033641020404261, 1.5678287744522095, 2.5938031673431396
-0.6894128958331507, -2.528930966054098, -1.375458065663473, -0.8033397833453577, 1.5678287744522095, 2.5938150882720947
-0.6893771330462855, -2.5289791266070765, -1.375458065663473, -0.8033641020404261, 1.5678287744522095, 2.5937671661376953
-0.6894009749041956, -2.528954807912008, -1.3754456678973597, -0.8033879438983362, 1.5678287744522095, 2.5937912464141846
-0.6893771330462855, -2.528930966054098, -1.375458065663473, -0.8033397833453577, 1.5678642988204956, 2.5937671661376953
-0.6893771330462855, -2.528954807912008, -1.3754337469684046, -0.8033641020404261, 1.5678048133850098, 2.5937912464141846
-0.6894128958331507, -2.528942886983053, -1.3754337469684046, -0.8033159414874476, 1.5678048133850098, 2.5937671661376953
-0.6894009749041956, -2.528930966054098, -1.375458065663473, -0.8033278624164026, 1.567840814590454, 2.5937912464141846
-0.6894128958331507, -2.528930966054098, -1.375458065663473, -0.8033517042743128, 1.567840814590454, 2.5938150882720947
-0.6893652121173304, -2.528954807912008, -1.3754695097552698, -0.8033517042743128, 1.5678167343139648, 2.5937790870666504
-0.6893890539752405, -2.528907124196188, -1.3754218260394495, -0.8033641020404261, 1.5678527355194092, 2.5937790870666504
-0.6893771330462855, -2.528954807912008, -1.375458065663473, -0.8033397833453577, 1.5678287744522095, 2.5937912464141846
-0.6894128958331507, -2.528966728840963, -1.3754218260394495, -0.8033760229693812, 1.5678287744522095, 2.593827247619629
-0.6894009749041956, -2.528954807912008, -1.3754456678973597, -0.8033998648272913, 1.5678287744522095, 2.5937790870666504
-0.6893771330462855, -2.528942886983053, -1.3754337469684046, -0.8033517042743128, 1.567840814590454, 2.5938150882720947
-0.6894009749041956, -2.5288952032672327, -1.3754456678973597, -0.8033517042743128, 1.5678527355194092, 2.5937790870666504
-0.6893771330462855, -2.528930966054098, -1.375458065663473, -0.8033278624164026, 1.5678048133850098, 2.5937552452087402
-0.6893890539752405, -2.528919045125143, -1.375458065663473, -0.8033760229693812, 1.5678642988204956, 2.5937912464141846
-0.6894128958331507, -2.528942886983053, -1.3754456678973597, -0.8033641020404261, 1.5678287744522095, 2.5937912464141846
-0.6893532911883753, -2.528919045125143, -1.3754218260394495, -0.8033278624164026, 1.5678527355194092, 2.5938150882720947
-0.6893771330462855, -2.528942886983053, -1.3754337469684046, -0.8033641020404261, 1.567840814590454, 2.5937912464141846
-0.6893771330462855, -2.528954807912008, -1.3754456678973597, -0.8033641020404261, 1.5678167343139648, 2.5937912464141846
-0.6893890539752405, -2.528954807912008, -1.3754456678973597, -0.8033397833453577, 1.5677927732467651, 2.5937552452087402
-0.6893652121173304, -2.528942886983053, -1.3754337469684046, -0.8033641020404261, 1.5678287744522095, 2.5937790870666504
-0.6893652121173304, -2.528919045125143, -1.3754456678973597, -0.8033879438983362, 1.567840814590454, 2.5937552452087402
-0.6893532911883753, -2.528930966054098, -1.3754099051104944, -0.8033278624164026, 1.5678287744522095, 2.5938150882720947
-0.6893890539752405, -2.528930966054098, -1.3754456678973597, -0.8033517042743128, 1.5678287744522095, 2.5937912464141846
-0.6893771330462855, -2.528919045125143, -1.3754456678973597, -0.8033397833453577, 1.5678167343139648, 2.5937790870666504
-0.6893532911883753, -2.5288952032672327, -1.3754456678973597, -0.8033278624164026, 1.5678167343139648, 2.5937552452087402
-0.6893771330462855, -2.528966728840963, -1.3754337469684046, -0.8033760229693812, 1.5678167343139648, 2.5937790870666504
-0.6894009749041956, -2.528954807912008, -1.375458065663473, -0.8033278624164026, 1.567840814590454, 2.593743324279785
-0.6893890539752405, -2.528942886983053, -1.375458065663473, -0.8033641020404261, 1.5678527355194092, 2.5937912464141846
-0.6893652121173304, -2.528930966054098, -1.3754337469684046, -0.8033517042743128, 1.5678167343139648, 2.5938150882720947
-0.6893771330462855, -2.528942886983053, -1.3754456678973597, -0.8033879438983362, 1.5678287744522095, 2.5937671661376953
-0.6894009749041956, -2.528942886983053, -1.375458065663473, -0.8033517042743128, 1.567840814590454, 2.5937912464141846
-0.6894128958331507, -2.528919045125143, -1.3754218260394495, -0.8033641020404261, 1.567840814590454, 2.5937790870666504
-0.6893532911883753, -2.528942886983053, -1.3754456678973597, -0.8033760229693812, 1.5678048133850098, 2.5937671661376953
-0.6893532911883753, -2.528907124196188, -1.3754337469684046, -0.8033879438983362, 1.567840814590454, 2.5937912464141846
-0.6893652121173304, -2.528907124196188, -1.375458065663473, -0.8033397833453577, 1.5678287744522095, 2.5938031673431396
-0.6893771330462855, -2.528907124196188, -1.3754456678973597, -0.8033397833453577, 1.5678287744522095, 2.5937671661376953
-0.6894128958331507, -2.528930966054098, -1.3754456678973597, -0.8033278624164026, 1.567840814590454, 2.5937552452087402
-0.6893652121173304, -2.528954807912008, -1.3754218260394495, -0.8033278624164026, 1.567840814590454, 2.5937552452087402
-0.6893890539752405, -2.528919045125143, -1.3754456678973597, -0.8033278624164026, 1.5678527355194092, 2.5937671661376953
-0.6893890539752405, -2.528930966054098, -1.3754456678973597, -0.8033517042743128, 1.567840814590454, 2.5937912464141846
-0.6893890539752405, -2.528919045125143, -1.3754337469684046, -0.8033641020404261, 1.5678642988204956, 2.5937552452087402
-0.6893652121173304, -2.528930966054098, -1.375458065663473, -0.8033159414874476, 1.5678287744522095, 2.5938031673431396
-0.6894128958331507, -2.528942886983053, -1.3754456678973597, -0.8033159414874476, 1.5678167343139648, 2.5938150882720947
-0.6893890539752405, -2.528942886983053, -1.375481907521383, -0.8033517042743128, 1.5677927732467651, 2.5937912464141846
-0.6893890539752405, -2.528942886983053, -1.3754695097552698, -0.8033641020404261, 1.5678287744522095, 2.5938150882720947
-0.6893890539752405, -2.528919045125143, -1.375458065663473, -0.8033760229693812, 1.5678527355194092, 2.5937671661376953
-0.6894009749041956, -2.528942886983053, -1.3754337469684046, -0.8033641020404261, 1.567840814590454, 2.5937912464141846
-0.6893652121173304, -2.528942886983053, -1.3754337469684046, -0.8033641020404261, 1.5678287744522095, 2.5937912464141846
-0.6893771330462855, -2.528942886983053, -1.3754218260394495, -0.8033278624164026, 1.567840814590454, 2.5937671661376953
-0.6893771330462855, -2.528942886983053, -1.375458065663473, -0.8033641020404261, 1.5678287744522095, 2.5937671661376953
-0.6893890539752405, -2.528930966054098, -1.3754456678973597, -0.8033517042743128, 1.567840814590454, 2.5938150882720947
-0.6893532911883753, -2.528919045125143, -1.3754695097552698, -0.8033760229693812, 1.5678527355194092, 2.5937790870666504
-0.6893890539752405, -2.528954807912008, -1.375458065663473, -0.8033641020404261, 1.5678287744522095, 2.5937671661376953
-0.6893771330462855, -2.528954807912008, -1.375458065663473, -0.8033879438983362, 1.5678048133850098, 2.5938031673431396
-0.6894128958331507, -2.528942886983053, -1.3754456678973597, -0.8033397833453577, 1.567840814590454, 2.5938150882720947
-0.6893771330462855, -2.528919045125143, -1.375481907521383, -0.8033760229693812, 1.5678167343139648, 2.5937790870666504
-0.6893771330462855, -2.528907124196188, -1.3754218260394495, -0.8033641020404261, 1.5678287744522095, 2.5938031673431396
-0.6893771330462855, -2.528942886983053, -1.3754456678973597, -0.8033040205584925, 1.5678642988204956, 2.5937552452087402
-0.6893890539752405, -2.528907124196188, -1.3754456678973597, -0.8033641020404261, 1.5678167343139648, 2.5937912464141846
-0.6893890539752405, -2.528919045125143, -1.3754456678973597, -0.8033641020404261, 1.5678527355194092, 2.5937790870666504
-0.6893771330462855, -2.528954807912008, -1.3754456678973597, -0.8033760229693812, 1.567840814590454, 2.5937790870666504
-0.6893532911883753, -2.528919045125143, -1.375458065663473, -0.8033641020404261, 1.567840814590454, 2.5937671661376953
-0.6893771330462855, -2.528954807912008, -1.3754337469684046, -0.8033159414874476, 1.567840814590454, 2.5937912464141846
-0.6893652121173304, -2.528930966054098, -1.375481907521383, -0.8033397833453577, 1.5678642988204956, 2.5937912464141846
-0.6894009749041956, -2.528930966054098, -1.3754218260394495, -0.8033397833453577, 1.5678287744522095, 2.5938150882720947
-0.6893771330462855, -2.528930966054098, -1.3754337469684046, -0.8033760229693812, 1.5678167343139648, 2.5937912464141846
-0.6893652121173304, -2.528942886983053, -1.3754456678973597, -0.8033397833453577, 1.567840814590454, 2.5937790870666504
-0.6893289724933069, -2.528907124196188, -1.3754456678973597, -0.8033159414874476, 1.5678167343139648, 2.5937671661376953
-0.6893652121173304, -2.528942886983053, -1.3754218260394495, -0.8033397833453577, 1.5678287744522095, 2.5938031673431396
-0.6893771330462855, -2.528942886983053, -1.375458065663473, -0.8033517042743128, 1.5678287744522095, 2.5937912464141846
-0.6894009749041956, -2.528942886983053, -1.3754337469684046, -0.8033397833453577, 1.567840814590454, 2.5938031673431396
-0.6893771330462855, -2.528942886983053, -1.3754218260394495, -0.8033879438983362, 1.5678048133850098, 2.5938150882720947
-0.6893652121173304, -2.528907124196188, -1.3754337469684046, -0.8033641020404261, 1.5678287744522095, 2.5937912464141846
-0.6893652121173304, -2.528966728840963, -1.375458065663473, -0.8033278624164026, 1.5678048133850098, 2.5937912464141846
-0.6893771330462855, -2.528942886983053, -1.3754456678973597, -0.8033278624164026, 1.5678287744522095, 2.5937912464141846
-0.6893890539752405, -2.528966728840963, -1.3754456678973597, -0.8033879438983362, 1.567840814590454, 2.5937790870666504
-0.6893652121173304, -2.5288952032672327, -1.3754695097552698, -0.8033760229693812, 1.5678287744522095, 2.5937790870666504
-0.6893652121173304, -2.528919045125143, -1.375458065663473, -0.8033641020404261, 1.5678287744522095, 2.5937790870666504
-0.6894128958331507, -2.5288952032672327, -1.375458065663473, -0.8033397833453577, 1.5678287744522095, 2.5937790870666504
-0.6893289724933069, -2.528919045125143, -1.3754337469684046, -0.8033760229693812, 1.567840814590454, 2.5938031673431396
-0.6893652121173304, -2.528930966054098, -1.3754456678973597, -0.8033517042743128, 1.567840814590454, 2.5937671661376953
-0.6894009749041956, -2.528954807912008, -1.3754938284503382, -0.8033641020404261, 1.5678167343139648, 2.5937552452087402
-0.6893652121173304, -2.528930966054098, -1.3754337469684046, -0.8033517042743128, 1.5678642988204956, 2.5937912464141846
-0.6893771330462855, -2.528919045125143, -1.375458065663473, -0.8033040205584925, 1.567840814590454, 2.5938031673431396
-0.6893652121173304, -2.528942886983053, -1.375481907521383, -0.8033641020404261, 1.567840814590454, 2.5937912464141846
-0.6893890539752405, -2.528954807912008, -1.375458065663473, -0.8033040205584925, 1.5677927732467651, 2.5937671661376953
-0.6893890539752405, -2.528930966054098, -1.375458065663473, -0.8033397833453577, 1.5678167343139648, 2.5937912464141846
-0.6893890539752405, -2.528919045125143, -1.3754337469684046, -0.8033760229693812, 1.5678527355194092, 2.5937671661376953
-0.6893652121173304, -2.528966728840963, -1.3754218260394495, -0.8033517042743128, 1.5678048133850098, 2.5937552452087402
-0.6893652121173304, -2.528930966054098, -1.3754456678973597, -0.8033397833453577, 1.5678048133850098, 2.5937671661376953
-0.6893652121173304, -2.528919045125143, -1.375458065663473, -0.8033397833453577, 1.5678287744522095, 2.5937552452087402
-0.6893771330462855, -2.528919045125143, -1.3754218260394495, -0.8033397833453577, 1.5678642988204956, 2.5937912464141846
-0.6893890539752405, -2.528930966054098, -1.3754337469684046, -0.8033278624164026, 1.5678642988204956, 2.5937912464141846
-0.6893890539752405, -2.528930966054098, -1.3754218260394495, -0.8033760229693812, 1.5678167343139648, 2.5938150882720947
-0.6894009749041956, -2.528942886983053, -1.375458065663473, -0.8033760229693812, 1.5678287744522095, 2.5938150882720947
-0.6893771330462855, -2.528930966054098, -1.3754337469684046, -0.8033879438983362, 1.5678527355194092, 2.5937790870666504
-0.6894128958331507, -2.5288952032672327, -1.3754456678973597, -0.8033517042743128, 1.5678287744522095, 2.5938150882720947
-0.6893890539752405, -2.528919045125143, -1.3754337469684046, -0.8033517042743128, 1.567840814590454, 2.5937671661376953
-0.689340893422262, -2.528930966054098, -1.3754695097552698, -0.8033517042743128, 1.5678167343139648, 2.593743324279785
-0.6893771330462855, -2.528942886983053, -1.375458065663473, -0.8033517042743128, 1.567840814590454, 2.5938031673431396
-0.6893771330462855, -2.528919045125143, -1.3754695097552698, -0.8033517042743128, 1.567840814590454, 2.5937552452087402
-0.6894009749041956, -2.528930966054098, -1.3754456678973597, -0.8033397833453577, 1.567840814590454, 2.5937552452087402
-0.6893652121173304, -2.528907124196188, -1.375458065663473, -0.8033278624164026, 1.5678287744522095, 2.5937790870666504
-0.6894009749041956, -2.528942886983053, -1.375481907521383, -0.8033879438983362, 1.5678167343139648, 2.5937552452087402
-0.6893771330462855, -2.528942886983053, -1.375458065663473, -0.8033397833453577, 1.5678167343139648, 2.5937671661376953
-0.6893652121173304, -2.528954807912008, -1.3754337469684046, -0.8033879438983362, 1.567840814590454, 2.593827247619629
-0.6893771330462855, -2.528942886983053, -1.3754337469684046, -0.8033517042743128, 1.567840814590454, 2.5938150882720947
-0.6893532911883753, -2.528907124196188, -1.3754099051104944, -0.8033397833453577, 1.5678287744522095, 2.5937912464141846
-0.6894009749041956, -2.528919045125143, -1.375458065663473, -0.8033641020404261, 1.567840814590454, 2.5937671661376953
-0.6893652121173304, -2.528907124196188, -1.3754099051104944, -0.8033641020404261, 1.567840814590454, 2.5937912464141846
-0.6894009749041956, -2.528930966054098, -1.3754099051104944, -0.8033397833453577, 1.5678287744522095, 2.5938150882720947
-0.689340893422262, -2.528954807912008, -1.3754456678973597, -0.8033641020404261, 1.5678287744522095, 2.5938031673431396
-0.6893890539752405, -2.5288952032672327, -1.3754456678973597, -0.8033517042743128, 1.5678167343139648, 2.5938031673431396
-0.6893652121173304, -2.528942886983053, -1.3754218260394495, -0.8033517042743128, 1.5678167343139648, 2.5937912464141846
-0.6893652121173304, -2.528942886983053, -1.3754695097552698, -0.8033760229693812, 1.567840814590454, 2.593827247619629
-0.6893532911883753, -2.528919045125143, -1.3754218260394495, -0.8033641020404261, 1.5677927732467651, 2.5938150882720947
-0.6893890539752405, -2.528907124196188, -1.3754337469684046, -0.8033040205584925, 1.5678527355194092, 2.5937790870666504
-0.6893652121173304, -2.528919045125143, -1.3754456678973597, -0.8033998648272913, 1.5678287744522095, 2.5937790870666504
-0.6893890539752405, -2.528930966054098, -1.3754337469684046, -0.8033278624164026, 1.5678167343139648, 2.5937790870666504
-0.6894009749041956, -2.528930966054098, -1.3754218260394495, -0.8033397833453577, 1.5678167343139648, 2.593827247619629
-0.6893652121173304, -2.528954807912008, -1.3754337469684046, -0.8033278624164026, 1.5678642988204956, 2.5937552452087402
-0.6894009749041956, -2.528930966054098, -1.3754695097552698, -0.8033879438983362, 1.5678287744522095, 2.5938031673431396
-0.6893652121173304, -2.528942886983053, -1.3754456678973597, -0.8033159414874476, 1.567840814590454, 2.5937790870666504
-0.6893771330462855, -2.528930966054098, -1.375458065663473, -0.8033641020404261, 1.5678527355194092, 2.5937912464141846
-0.6893890539752405, -2.528907124196188, -1.3754456678973597, -0.8033641020404261, 1.5678048133850098, 2.5937671661376953
-0.6894009749041956, -2.528919045125143, -1.3754218260394495, -0.8033517042743128, 1.5678287744522095, 2.5938031673431396
-0.6894248167621058, -2.528919045125143, -1.3754337469684046, -0.8033641020404261, 1.5678527355194092, 2.5938031673431396
-0.6893771330462855, -2.528942886983053, -1.3754695097552698, -0.8033641020404261, 1.5678048133850098, 2.5937912464141846
-0.6893771330462855, -2.528907124196188, -1.3754695097552698, -0.8033641020404261, 1.5678287744522095, 2.5937790870666504
-0.6893890539752405, -2.528942886983053, -1.3754337469684046, -0.8033641020404261, 1.5678287744522095, 2.5937671661376953
-0.6893532911883753, -2.528954807912008, -1.3754218260394495, -0.8033879438983362, 1.567840814590454, 2.5937790870666504
-0.6894009749041956, -2.528942886983053, -1.375458065663473, -0.8033517042743128, 1.5678167343139648, 2.5937671661376953
-0.6893652121173304, -2.528954807912008, -1.3754456678973597, -0.8033397833453577, 1.567840814590454, 2.593743324279785
-0.6893532911883753, -2.528966728840963, -1.375458065663473, -0.8033397833453577, 1.5678048133850098, 2.593731164932251
-0.6894009749041956, -2.528942886983053, -1.3754337469684046, -0.8033397833453577, 1.5678527355194092, 2.5937552452087402
-0.6893771330462855, -2.528930966054098, -1.3754337469684046, -0.8033641020404261, 1.5678287744522095, 2.5937552452087402
-0.6894009749041956, -2.528930966054098, -1.375458065663473, -0.8033760229693812, 1.5678167343139648, 2.5937790870666504
-0.6893771330462855, -2.528930966054098, -1.3754218260394495, -0.8033760229693812, 1.5678287744522095, 2.5937671661376953
-0.6893652121173304, -2.528907124196188, -1.3754099051104944, -0.8033397833453577, 1.5678527355194092, 2.5938031673431396
-0.6893532911883753, -2.528942886983053, -1.3754337469684046, -0.8033641020404261, 1.5678527355194092, 2.5937790870666504
-0.6893890539752405, -2.528966728840963, -1.3754337469684046, -0.8033278624164026, 1.5678287744522095, 2.5937912464141846
-0.6893652121173304, -2.528942886983053, -1.375458065663473, -0.8033517042743128, 1.5677927732467651, 2.5937912464141846
-0.6894009749041956, -2.528942886983053, -1.375481907521383, -0.8033159414874476, 1.5678167343139648, 2.593839168548584
-0.6893652121173304, -2.528919045125143, -1.375458065663473, -0.8033760229693812, 1.5678167343139648, 2.5937552452087402
-0.6894009749041956, -2.528942886983053, -1.3754456678973597, -0.8033517042743128, 1.5678527355194092, 2.593743324279785
-0.6893652121173304, -2.528930966054098, -1.375458065663473, -0.8033760229693812, 1.5678287744522095, 2.5937671661376953
-0.6893771330462855, -2.528942886983053, -1.375458065663473, -0.8033397833453577, 1.5678527355194092, 2.5937790870666504
-0.6893771330462855, -2.528954807912008, -1.3754695097552698, -0.8033517042743128, 1.5678642988204956, 2.593743324279785
-0.6894009749041956, -2.528930966054098, -1.3754456678973597, -0.8033641020404261, 1.5678287744522095, 2.5938150882720947
-0.6893771330462855, -2.528942886983053, -1.3754337469684046, -0.8033278624164026, 1.5678167343139648, 2.5937552452087402
-0.6893652121173304, -2.528930966054098, -1.3754337469684046, -0.8033278624164026, 1.5678167343139648, 2.593731164932251
-0.6893652121173304, -2.528954807912008, -1.375458065663473, -0.8033517042743128, 1.567840814590454, 2.5938031673431396
-0.6893890539752405, -2.528942886983053, -1.3754218260394495, -0.8033159414874476, 1.567840814590454, 2.5938150882720947
-0.6893771330462855, -2.528919045125143, -1.3754938284503382, -0.8032920996295374, 1.567840814590454, 2.5937552452087402
-0.6893771330462855, -2.5289791266070765, -1.3754456678973597, -0.8033278624164026, 1.567840814590454, 2.5937790870666504
-0.6893771330462855, -2.528930966054098, -1.3754218260394495, -0.8033517042743128, 1.567840814590454, 2.5937790870666504
-0.6893652121173304, -2.528942886983053, -1.3754337469684046, -0.8033517042743128, 1.5678527355194092, 2.593731164932251
-0.6893652121173304, -2.528930966054098, -1.3754218260394495, -0.8033760229693812, 1.5678287744522095, 2.5937790870666504
-0.6894128958331507, -2.528919045125143, -1.3754099051104944, -0.8033397833453577, 1.5678048133850098, 2.5937790870666504
-0.6893771330462855, -2.528942886983053, -1.375458065663473, -0.8033517042743128, 1.5678287744522095, 2.5937552452087402
-0.6893532911883753, -2.528930966054098, -1.3754456678973597, -0.8033278624164026, 1.567840814590454, 2.5937552452087402
-0.6893652121173304, -2.528954807912008, -1.3754695097552698, -0.8033760229693812, 1.5678287744522095, 2.5937790870666504
-0.6893771330462855, -2.528919045125143, -1.375458065663473, -0.8033397833453577, 1.5678642988204956, 2.5937912464141846
-0.6894009749041956, -2.528907124196188, -1.3754456678973597, -0.8033278624164026, 1.567840814590454, 2.5937671661376953
-0.6893771330462855, -2.5288952032672327, -1.3754456678973597, -0.8033641020404261, 1.5678048133850098, 2.5937912464141846
-0.6893652121173304, -2.528930966054098, -1.375458065663473, -0.8033397833453577, 1.5678287744522095, 2.593827247619629
-0.6894009749041956, -2.528954807912008, -1.3754695097552698, -0.8033760229693812, 1.5678167343139648, 2.5937912464141846
-0.6893771330462855, -2.528930966054098, -1.3754337469684046, -0.8033517042743128, 1.5678287744522095, 2.5938150882720947
-0.6893771330462855, -2.528907124196188, -1.3754456678973597, -0.8033760229693812, 1.5678287744522095, 2.593743324279785
-0.6893771330462855, -2.528954807912008, -1.3754456678973597, -0.8033879438983362, 1.567840814590454, 2.5937552452087402
-0.6893890539752405, -2.528966728840963, -1.3754456678973597, -0.8033641020404261, 1.5678527355194092, 2.5937790870666504
-0.6893652121173304, -2.528919045125143, -1.375458065663473, -0.8033641020404261, 1.567840814590454, 2.5937552452087402
-0.6893771330462855, -2.528966728840963, -1.3754218260394495, -0.8033397833453577, 1.567840814590454, 2.5938031673431396
-0.6893652121173304, -2.528966728840963, -1.375458065663473, -0.8033760229693812, 1.5678527355194092, 2.5937671661376953
-0.6893890539752405, -2.528919045125143, -1.3754456678973597, -0.8033641020404261, 1.567840814590454, 2.5937912464141846
-0.6893652121173304, -2.528907124196188, -1.3754218260394495, -0.8033641020404261, 1.5678167343139648, 2.5937790870666504
-0.6893771330462855, -2.528919045125143, -1.375458065663473, -0.8033517042743128, 1.5678287744522095, 2.5937671661376953
-0.6894009749041956, -2.528930966054098, -1.3754337469684046, -0.8033517042743128, 1.5678287744522095, 2.5937671661376953
-0.6893652121173304, -2.528919045125143, -1.3754456678973597, -0.8033879438983362, 1.5678287744522095, 2.593827247619629
-0.6893771330462855, -2.528942886983053, -1.3754456678973597, -0.8033641020404261, 1.5678527355194092, 2.5937912464141846
-0.6893532911883753, -2.528930966054098, -1.3754456678973597, -0.8033641020404261, 1.5678287744522095, 2.5937912464141846
-0.6893890539752405, -2.5288952032672327, -1.3754337469684046, -0.8033641020404261, 1.5678167343139648, 2.5937790870666504
-0.6894009749041956, -2.528942886983053, -1.375458065663473, -0.8033641020404261, 1.5678527355194092, 2.5937912464141846
-0.6893652121173304, -2.528919045125143, -1.375458065663473, -0.8033517042743128, 1.5678527355194092, 2.5938150882720947
-0.6893532911883753, -2.528930966054098, -1.375458065663473, -0.8033397833453577, 1.5678527355194092, 2.5937912464141846
-0.6893890539752405, -2.528954807912008, -1.3754337469684046, -0.8033517042743128, 1.5678167343139648, 2.5937912464141846
-0.6893890539752405, -2.528930966054098, -1.3754099051104944, -0.8033397833453577, 1.567840814590454, 2.5937912464141846
-0.6894009749041956, -2.528954807912008, -1.3754337469684046, -0.8033278624164026, 1.567840814590454, 2.593743324279785
-0.6894009749041956, -2.528930966054098, -1.3754456678973597, -0.8033517042743128, 1.5678287744522095, 2.5937790870666504
-0.6893652121173304, -2.528954807912008, -1.3754337469684046, -0.8033278624164026, 1.567840814590454, 2.593839168548584
-0.6893771330462855, -2.528954807912008, -1.3754456678973597, -0.8033517042743128, 1.567840814590454, 2.5938150882720947
-0.689340893422262, -2.528930966054098, -1.375458065663473, -0.8033641020404261, 1.5678287744522095, 2.5937671661376953
-0.6893532911883753, -2.528907124196188, -1.3754218260394495, -0.8033397833453577, 1.5678048133850098, 2.5937671661376953
-0.6893652121173304, -2.528954807912008, -1.3754695097552698, -0.8033159414874476, 1.5678287744522095, 2.5938150882720947
-0.6893771330462855, -2.528942886983053, -1.375458065663473, -0.8033397833453577, 1.567840814590454, 2.5937552452087402
-0.689340893422262, -2.528954807912008, -1.3754337469684046, -0.8033641020404261, 1.5678167343139648, 2.5937790870666504
-0.6893890539752405, -2.528930966054098, -1.3754695097552698, -0.8033397833453577, 1.5678167343139648, 2.5937790870666504
-0.6893890539752405, -2.528954807912008, -1.3754218260394495, -0.8033397833453577, 1.5678527355194092, 2.5937671661376953
-0.6893771330462855, -2.528919045125143, -1.3754456678973597, -0.8033397833453577, 1.5678287744522095, 2.5937671661376953
-0.6893890539752405, -2.528919045125143, -1.3754337469684046, -0.8033159414874476, 1.5678287744522095, 2.5937790870666504
-0.6893652121173304, -2.528919045125143, -1.3754337469684046, -0.8033517042743128, 1.5678167343139648, 2.5938150882720947
-0.6893890539752405, -2.528919045125143, -1.3754337469684046, -0.8033760229693812, 1.5678642988204956, 2.5937912464141846
-0.6893771330462855, -2.528930966054098, -1.3754218260394495, -0.8033879438983362, 1.5678287744522095, 2.5938031673431396
-0.689340893422262, -2.528919045125143, -1.3754456678973597, -0.8033641020404261, 1.5678287744522095, 2.5937790870666504
-0.6893771330462855, -2.528907124196188, -1.3754456678973597, -0.8033397833453577, 1.5678287744522095, 2.5938150882720947
-0.6894128958331507, -2.528930966054098, -1.3754456678973597, -0.8033517042743128, 1.5678287744522095, 2.593743324279785
-0.6893652121173304, -2.528907124196188, -1.3754337469684046, -0.8033397833453577, 1.5678167343139648, 2.5937912464141846
-0.6893771330462855, -2.528966728840963, -1.3754099051104944, -0.8033641020404261, 1.567840814590454, 2.5938150882720947
-0.6893771330462855, -2.528942886983053, -1.3754456678973597, -0.8033397833453577, 1.5678167343139648, 2.5937912464141846
-0.6893652121173304, -2.528942886983053, -1.375458065663473, -0.8033397833453577, 1.5678287744522095, 2.5937912464141846
-0.6893771330462855, -2.528942886983053, -1.3754456678973597, -0.8033517042743128, 1.5678167343139648, 2.5937552452087402
-0.6893532911883753, -2.528954807912008, -1.3754337469684046, -0.8033517042743128, 1.5678287744522095, 2.5937552452087402
-0.6893771330462855, -2.528930966054098, -1.3754337469684046, -0.8033517042743128, 1.567840814590454, 2.5938150882720947
-0.6893532911883753, -2.528954807912008, -1.3754218260394495, -0.8033760229693812, 1.5678048133850098, 2.593827247619629
-0.6893652121173304, -2.528919045125143, -1.3754337469684046, -0.8033641020404261, 1.567840814590454, 2.5937912464141846
-0.6893890539752405, -2.528919045125143, -1.3754456678973597, -0.8033397833453577, 1.5678287744522095, 2.5937552452087402
-0.6893771330462855, -2.528942886983053, -1.3754695097552698, -0.8033397833453577, 1.5678527355194092, 2.593731164932251
-0.6893890539752405, -2.528954807912008, -1.375458065663473, -0.8033641020404261, 1.5678287744522095, 2.5938031673431396
-0.6893771330462855, -2.5289791266070765, -1.3754456678973597, -0.8033278624164026, 1.5678287744522095, 2.5937671661376953
-0.6894009749041956, -2.528954807912008, -1.3754695097552698, -0.8033641020404261, 1.5678642988204956, 2.5938150882720947
-0.6893771330462855, -2.528954807912008, -1.3754456678973597, -0.8033641020404261, 1.5678527355194092, 2.5937912464141846
-0.689340893422262, -2.528942886983053, -1.3754456678973597, -0.8033517042743128, 1.567840814590454, 2.5937790870666504
-0.6893532911883753, -2.528930966054098, -1.3754695097552698, -0.8033879438983362, 1.567840814590454, 2.5937790870666504
-0.6894009749041956, -2.528942886983053, -1.3754218260394495, -0.8033397833453577, 1.5678527355194092, 2.5937671661376953
-0.6893652121173304, -2.528907124196188, -1.3754456678973597, -0.8033397833453577, 1.5678642988204956, 2.5937671661376953
-0.6893890539752405, -2.528942886983053, -1.3754337469684046, -0.8033278624164026, 1.5678527355194092, 2.5937671661376953
-0.6893652121173304, -2.528930966054098, -1.3754337469684046, -0.8033998648272913, 1.5678642988204956, 2.5937671661376953
-0.6893652121173304, -2.528954807912008, -1.3754456678973597, -0.8033517042743128, 1.5678287744522095, 2.5937671661376953
-0.6893532911883753, -2.528966728840963, -1.3754456678973597, -0.8033397833453577, 1.5678527355194092, 2.5937790870666504
-0.689340893422262, -2.528954807912008, -1.3754695097552698, -0.8033641020404261, 1.5678287744522095, 2.5937912464141846
-0.6893771330462855, -2.528930966054098, -1.375458065663473, -0.8033879438983362, 1.5678167343139648, 2.5937912464141846
-0.6893771330462855, -2.528954807912008, -1.375481907521383, -0.8033517042743128, 1.5678167343139648, 2.5938150882720947
-0.6893771330462855, -2.528942886983053, -1.3754337469684046, -0.8033517042743128, 1.5678287744522095, 2.5937671661376953
-0.6893771330462855, -2.528930966054098, -1.3754337469684046, -0.8033517042743128, 1.5678048133850098, 2.5937671661376953
-0.6893652121173304, -2.5288952032672327, -1.3754337469684046, -0.8033641020404261, 1.5678527355194092, 2.5937912464141846
-0.6893771330462855, -2.528930966054098, -1.375458065663473, -0.8033760229693812, 1.5678287744522095, 2.5937790870666504
-0.6893652121173304, -2.5289910475360315, -1.3754695097552698, -0.8033517042743128, 1.567840814590454, 2.5937671661376953
-0.6893532911883753, -2.528930966054098, -1.3754695097552698, -0.8033397833453577, 1.5678287744522095, 2.5937790870666504
-0.6893890539752405, -2.528907124196188, -1.3754099051104944, -0.8033641020404261, 1.5678167343139648, 2.593743324279785
-0.6893771330462855, -2.528942886983053, -1.3754456678973597, -0.8033397833453577, 1.567840814590454, 2.5937790870666504
-0.6893532911883753, -2.528954807912008, -1.3754337469684046, -0.8033397833453577, 1.5678287744522095, 2.5937790870666504
-0.6893532911883753, -2.528942886983053, -1.3754099051104944, -0.8033760229693812, 1.5678048133850098, 2.5937671661376953
-0.6893890539752405, -2.528907124196188, -1.3754456678973597, -0.8033517042743128, 1.567840814590454, 2.5937790870666504
-0.6894128958331507, -2.528919045125143, -1.3754456678973597, -0.8033397833453577, 1.5678527355194092, 2.5937671661376953
-0.6893532911883753, -2.528942886983053, -1.375458065663473, -0.8033517042743128, 1.5678167343139648, 2.5938031673431396
-0.689340893422262, -2.528942886983053, -1.375458065663473, -0.8033397833453577, 1.567840814590454, 2.5937552452087402
-0.6893532911883753, -2.528919045125143, -1.3754456678973597, -0.8033278624164026, 1.5678287744522095, 2.5938150882720947
-0.6893890539752405, -2.528919045125143, -1.3754456678973597, -0.8033641020404261, 1.5678287744522095, 2.5937912464141846
-0.6893771330462855, -2.528919045125143, -1.3754337469684046, -0.8033517042743128, 1.5678527355194092, 2.5937912464141846
-0.6893771330462855, -2.528907124196188, -1.3754456678973597, -0.8033397833453577, 1.5678287744522095, 2.5937552452087402
-0.6893771330462855, -2.528942886983053, -1.3754337469684046, -0.8033159414874476, 1.5678642988204956, 2.5937912464141846
-0.6893771330462855, -2.528942886983053, -1.375481907521383, -0.8033517042743128, 1.5678167343139648, 2.5937552452087402
-0.6893771330462855, -2.528942886983053, -1.3754099051104944, -0.8033879438983362, 1.567840814590454, 2.5937912464141846
-0.6893890539752405, -2.528919045125143, -1.3754337469684046, -0.8033397833453577, 1.5678167343139648, 2.5937912464141846
-0.6893890539752405, -2.528930966054098, -1.3754456678973597, -0.8033278624164026, 1.5678527355194092, 2.593839168548584
-0.6893771330462855, -2.528942886983053, -1.3754218260394495, -0.8033879438983362, 1.5678048133850098, 2.5937912464141846
-0.6894009749041956, -2.528954807912008, -1.375458065663473, -0.8033397833453577, 1.5678287744522095, 2.5937912464141846
-0.6893771330462855, -2.528919045125143, -1.3754456678973597, -0.8033278624164026, 1.5678287744522095, 2.5938150882720947
-0.689340893422262, -2.528919045125143, -1.3754218260394495, -0.8033879438983362, 1.567840814590454, 2.5937552452087402
-0.6893771330462855, -2.528907124196188, -1.3754456678973597, -0.8033641020404261, 1.5678287744522095, 2.593731164932251
-0.6893289724933069, -2.528919045125143, -1.3754218260394495, -0.8033397833453577, 1.567840814590454, 2.5938150882720947
-0.6893532911883753, -2.528919045125143, -1.3754695097552698, -0.8033397833453577, 1.5678642988204956, 2.5937552452087402
-0.6893890539752405, -2.528919045125143, -1.3754695097552698, -0.8034117857562464, 1.5678287744522095, 2.5937552452087402
-0.6893532911883753, -2.528954807912008, -1.3754695097552698, -0.8033641020404261, 1.5677927732467651, 2.593827247619629
-0.6893771330462855, -2.528930966054098, -1.3754456678973597, -0.8033278624164026, 1.5678527355194092, 2.593743324279785
-0.6893652121173304, -2.528907124196188, -1.3754337469684046, -0.8033998648272913, 1.5678642988204956, 2.5938150882720947
-0.6893771330462855, -2.528907124196188, -1.3754218260394495, -0.8033278624164026, 1.5678167343139648, 2.5937552452087402
-0.6894009749041956, -2.528907124196188, -1.3754456678973597, -0.8033641020404261, 1.567840814590454, 2.5937790870666504
-0.6894128958331507, -2.528942886983053, -1.3754337469684046, -0.8033641020404261, 1.5678048133850098, 2.5937912464141846
-0.6893890539752405, -2.528919045125143, -1.3754337469684046, -0.8033517042743128, 1.5678527355194092, 2.5938150882720947
-0.6893652121173304, -2.528966728840963, -1.3754456678973597, -0.8033397833453577, 1.567840814590454, 2.5937790870666504
-0.6893532911883753, -2.528942886983053, -1.3754456678973597, -0.8033517042743128, 1.5678167343139648, 2.5937552452087402
-0.6893652121173304, -2.528930966054098, -1.3754695097552698, -0.8033760229693812, 1.5678883790969849, 2.5937790870666504
-0.6893532911883753, -2.528930966054098, -1.3754337469684046, -0.8033159414874476, 1.5678287744522095, 2.5937671661376953
-0.6893890539752405, -2.528942886983053, -1.3754218260394495, -0.8033517042743128, 1.5678883790969849, 2.5937912464141846
-0.6893289724933069, -2.528930966054098, -1.3753979841815394, -0.8032081762896937, 1.56778085231781, 2.5937790870666504
-0.6893532911883753, -2.528942886983053, -1.3754337469684046, -0.8036869207965296, 1.5679961442947388, 2.5937552452087402
-0.6893890539752405, -2.528930966054098, -1.3754337469684046, -0.8033879438983362, 1.5669059753417969, 2.593731164932251
-0.6894009749041956, -2.5289910475360315, -1.3755057493792933, -0.8035677115069788, 1.5678167343139648, 2.5936713218688965
-0.6894729773150843, -2.5290029684649866, -1.375577751790182, -0.803711239491598, 1.5675292015075684, 2.593622922897339
-0.6894729773150843, -2.52906304994692, -1.3756497542010706, -0.8035314718829554, 1.567325472831726, 2.593743324279785
-0.6894729773150843, -2.529123131428854, -1.3756621519671839, -0.8035314718829554, 1.567193627357483, 2.5937671661376953
-0.6895330587970179, -2.5290992895709437, -1.375481907521383, -0.8036273161517542, 1.565887689590454, 2.5937552452087402
-0.6894848982440394, -2.5291112104998987, -1.3754456678973597, -0.8034117857562464, 1.5639222860336304, 2.5937552452087402
-0.6892693678485315, -2.528607193623678, -1.3750861326800745, -0.8027046362506312, 1.564150333404541, 2.5937912464141846
-0.6892088095294397, -2.528583351765768, -1.375026051198141, -0.8029802481280726, 1.5677927732467651, 2.5939712524414062
-0.6892326513873499, -2.528571430836813, -1.3750141302691858, -0.803267780934469, 1.5682119131088257, 2.5939230918884277
-0.6892207304583948, -2.528583351765768, -1.3753741423236292, -0.8030884901629847, 1.5684396028518677, 2.5939109325408936
-0.689340893422262, -2.528811279927389, -1.375253979359762, -0.8028486410724085, 1.5678167343139648, 2.5938751697540283
-0.689340893422262, -2.5287750403033655, -1.3752182165728968, -0.8031838575946253, 1.5678883790969849, 2.5937552452087402
-0.6892812887774866, -2.5287511984454554, -1.3753140608416956, -0.8035796324359339, 1.5680921077728271, 2.5937671661376953
-0.689340893422262, -2.5286553541766565, -1.3753741423236292, -0.8035195509540003, 1.5677927732467651, 2.593743324279785
-0.6893532911883753, -2.528799358998434, -1.3753379026996058, -0.803255860005514, 1.5678167343139648, 2.5936954021453857
-0.6893532911883753, -2.528823200856344, -1.3753259817706507, -0.8034237066852015, 1.567840814590454, 2.5936832427978516
-0.689340893422262, -2.528799358998434, -1.3753140608416956, -0.8032801787005823, 1.5679482221603394, 2.593731164932251
-0.6893289724933069, -2.528703514729635, -1.375253979359762, -0.8029206434832972, 1.5679123401641846, 2.5937552452087402
-0.6893289724933069, -2.5286434332477015, -1.375361744557516, -0.803136173878805, 1.5675650835037231, 2.5937552452087402
-0.6893532911883753, -2.5287869612323206, -1.3753140608416956, -0.8033159414874476, 1.5676010847091675, 2.593827247619629
-0.6893532911883753, -2.528811279927389, -1.3753259817706507, -0.8032920996295374, 1.56778085231781, 2.593863010406494
-0.6893890539752405, -2.528811279927389, -1.375361744557516, -0.8035677115069788, 1.5679482221603394, 2.5938150882720947
-0.6893532911883753, -2.5287511984454554, -1.3753741423236292, -0.8034594694720667, 1.56790030002594, 2.5938031673431396
-0.6893652121173304, -2.528703514729635, -1.3753140608416956, -0.8031719366656702, 1.5678287744522095, 2.593839168548584
-0.6893532911883753, -2.528835121785299, -1.3753021399127405, -0.8032081762896937, 1.5679242610931396, 2.5938990116119385
-0.6893652121173304, -2.529506508504049, -1.3755658308612269, -0.8031719366656702, 1.567265510559082, 2.5937790870666504
-0.6894729773150843, -2.5297582785235804, -1.375913445149557, -0.8037827650653284, 1.5673015117645264, 2.593719244003296
-0.6894610563861292, -2.529458824788229, -1.375805679951803, -0.8035677115069788, 1.5679961442947388, 2.593647003173828
-0.6894367376910608, -2.5288952032672327, -1.3752301375018519, -0.8029082457171839, 1.5682358741760254, 2.593707323074341
-0.6893771330462855, -2.528487507496969, -1.3750742117511194, -0.8025010267840784, 1.568355679512024, 2.5939109325408936
-0.6892326513873499, -2.5284279028521937, -1.3749783674823206, -0.8028243223773401, 1.5683197975158691, 2.5940072536468506
-0.6892088095294397, -2.528571430836813, -1.3753498236285608, -0.8031719366656702, 1.5682958364486694, 2.5939834117889404
-0.6891611258136194, -2.528811279927389, -1.3752778212176722, -0.8024409453021448, 1.5684036016464233, 2.5938150882720947
-0.6892207304583948, -2.5287392775165003, -1.3752062956439417, -0.8016865889178675, 1.5687631368637085, 2.5938751697540283
-0.689340893422262, -2.528727356587545, -1.3752778212176722, -0.8014829794513147, 1.5691111087799072, 2.5938990116119385
-0.6893289724933069, -2.528847042714254, -1.375361744557516, -0.8014829794513147, 1.5723820924758911, 2.593839168548584
-0.6893289724933069, -2.528930966054098, -1.3754456678973597, -0.8015072981463831, 1.5723340511322021, 2.5938031673431396
-0.6895330587970179, -2.5292308966266077, -1.3757575193988245, -0.8018425146685999, 1.5713993310928345, 2.593647003173828
-0.6896408239947718, -2.5294106642352503, -1.3759496847735804, -0.804298226033346, 1.5667142868041992, 2.593622922897339
-0.6896889845477503, -2.529374901448385, -1.375589672719137, -0.8037470022784632, 1.5671696662902832, 2.5935630798339844
-0.6894009749041956, -2.528942886983053, -1.3755057493792933, -0.8034957090960901, 1.5676010847091675, 2.5936713218688965
-0.6892693678485315, -2.5285237471209925, -1.3749540487872522, -0.8023574987994593, 1.5685354471206665, 2.5938870906829834
-0.6890528837787073, -2.5284279028521937, -1.3749659697162073, -0.8020222822772425, 1.5682119131088257, 2.5939712524414062
-0.6892088095294397, -2.5290148893939417, -1.3755534330951136, -0.8018787542926233, 1.5676850080490112, 2.593851089477539
-0.689544979725973, -2.529518429433004, -1.3759973684894007, -0.8045738379107874, 1.5671696662902832, 2.593647003173828
-0.6896045843707483, -2.5292308966266077, -1.3756621519671839, -0.8038190046893519, 1.567481279373169, 2.5935630798339844
-0.689544979725973, -2.528930966054098, -1.3753979841815394, -0.8031962553607386, 1.568199872970581, 2.593611001968384
-0.6893890539752405, -2.528930966054098, -1.375458065663473, -0.8035796324359339, 1.5673494338989258, 2.593707323074341
-0.6893652121173304, -2.528930966054098, -1.3754695097552698, -0.8035557905780237, 1.568583369255066, 2.593719244003296
-0.689340893422262, -2.528907124196188, -1.3753979841815394, -0.8030522505389612, 1.567649006843567, 2.593731164932251
-0.6893051306353968, -2.528930966054098, -1.3754099051104944, -0.8033760229693812, 1.5679363012313843, 2.593731164932251
-0.6893051306353968, -2.528907124196188, -1.3754456678973597, -0.8033998648272913, 1.5677927732467651, 2.593719244003296
-0.6892932097064417, -2.528942886983053, -1.3754456678973597, -0.8034594694720667, 1.5678167343139648, 2.593731164932251
-0.6893170515643519, -2.528942886983053, -1.3754337469684046, -0.8034475485431116, 1.5679961442947388, 2.5936954021453857
-0.6892326513873499, -2.528954807912008, -1.3754099051104944, -0.8033159414874476, 1.5682718753814697, 2.5936713218688965
-0.6892207304583948, -2.5288832823382776, -1.3753979841815394, -0.8031242529498499, 1.5682358741760254, 2.593827247619629
-0.6892207304583948, -2.5288952032672327, -1.375361744557516, -0.8031123320208948, 1.5678287744522095, 2.5937790870666504
-0.6893170515643519, -2.528847042714254, -1.3753021399127405, -0.8033879438983362, 1.568259835243225, 2.5937671661376953
-0.6892932097064417, -2.528835121785299, -1.3753021399127405, -0.8033397833453577, 1.5684515237808228, 2.5936954021453857
-0.6894009749041956, -2.5288708845721644, -1.3753379026996058, -0.8035314718829554, 1.5682958364486694, 2.593719244003296
-0.6898325125323694, -2.528835121785299, -1.3753860632525843, -0.8037589232074183, 1.5668580532073975, 2.593827247619629
-0.6896889845477503, -2.528847042714254, -1.3755658308612269, -0.803267780934469, 1.56743323802948, 2.5941150188446045
-0.6892569700824183, -2.5288952032672327, -1.3755295912372034, -0.8032920996295374, 1.568427562713623, 2.5937552452087402
-0.6891968886004847, -2.528847042714254, -1.375458065663473, -0.8032081762896937, 1.5675890445709229, 2.5937912464141846
-0.6892693678485315, -2.5288832823382776, -1.3753741423236292, -0.8033641020404261, 1.567720890045166, 2.593743324279785
-0.6893051306353968, -2.5288708845721644, -1.3753140608416956, -0.8028963247882288, 1.56778085231781, 2.5937912464141846
-0.6894128958331507, -2.528942886983053, -1.3754695097552698, -0.8044422308551233, 1.5676130056381226, 2.593731164932251
-0.6894248167621058, -2.528907124196188, -1.3753979841815394, -0.8039029280291956, 1.5681759119033813, 2.5937912464141846
-0.6894248167621058, -2.528919045125143, -1.3753979841815394, -0.8032439390765589, 1.5678883790969849, 2.5937912464141846
-0.6894968191729944, -2.5288708845721644, -1.3753979841815394, -0.8034237066852015, 1.5675771236419678, 2.5937552452087402
-0.6894248167621058, -2.5288832823382776, -1.3753379026996058, -0.8033760229693812, 1.5677329301834106, 2.5937552452087402
-0.6894610563861292, -2.528919045125143, -1.3753741423236292, -0.8034117857562464, 1.567720890045166, 2.5938031673431396
-0.6894491354571741, -2.528919045125143, -1.3753860632525843, -0.80347186723818, 1.5676250457763672, 2.5937552452087402
-0.6894367376910608, -2.528907124196188, -1.3753860632525843, -0.8034356276141565, 1.56790030002594, 2.5937552452087402
-0.6894248167621058, -2.5288952032672327, -1.375361744557516, -0.8034356276141565, 1.5679242610931396, 2.593731164932251
-0.6894248167621058, -2.5288832823382776, -1.3753860632525843, -0.8034594694720667, 1.5678048133850098, 2.5937790870666504
-0.6894610563861292, -2.528930966054098, -1.3753860632525843, -0.8034356276141565, 1.5678167343139648, 2.5937552452087402
-0.6894367376910608, -2.5288952032672327, -1.3753979841815394, -0.8034475485431116, 1.5678642988204956, 2.593731164932251
-0.6894610563861292, -2.528835121785299, -1.3754099051104944, -0.8034356276141565, 1.5678287744522095, 2.5937790870666504
-0.6894367376910608, -2.5288952032672327, -1.3753860632525843, -0.8034594694720667, 1.5677927732467651, 2.5937790870666504
-0.6894009749041956, -2.5288832823382776, -1.3753860632525843, -0.8034594694720667, 1.5678167343139648, 2.5937912464141846
-0.6894367376910608, -2.5288708845721644, -1.3753979841815394, -0.8033879438983362, 1.567840814590454, 2.5937671661376953
-0.6894128958331507, -2.5288952032672327, -1.375361744557516, -0.8034237066852015, 1.5678642988204956, 2.5937912464141846
-0.6894367376910608, -2.5288708845721644, -1.3753741423236292, -0.8034237066852015, 1.5677927732467651, 2.5937790870666504
-0.6894248167621058, -2.528907124196188, -1.3753979841815394, -0.8034475485431116, 1.5678048133850098, 2.5937790870666504
-0.6894128958331507, -2.528942886983053, -1.3753979841815394, -0.8033879438983362, 1.567840814590454, 2.593707323074341
-0.6894128958331507, -2.528919045125143, -1.3753979841815394, -0.8034356276141565, 1.5678287744522095, 2.5937790870666504
-0.6894128958331507, -2.5288952032672327, -1.3753741423236292, -0.8034117857562464, 1.5678048133850098, 2.5937790870666504
-0.6894248167621058, -2.5288832823382776, -1.3753979841815394, -0.8034117857562464, 1.5677927732467651, 2.5937790870666504
-0.6894491354571741, -2.528930966054098, -1.3753741423236292, -0.8034117857562464, 1.5678763389587402, 2.5937671661376953
-0.6894367376910608, -2.528907124196188, -1.3753979841815394, -0.8034117857562464, 1.5678287744522095, 2.5937912464141846
-0.6894128958331507, -2.5288832823382776, -1.3754099051104944, -0.8033998648272913, 1.5678048133850098, 2.5937912464141846
-0.6894248167621058, -2.5288952032672327, -1.3753860632525843, -0.8033998648272913, 1.5678048133850098, 2.5938031673431396
-0.6894248167621058, -2.5288832823382776, -1.3753979841815394, -0.8033998648272913, 1.5678642988204956, 2.5937552452087402
-0.6894367376910608, -2.5288952032672327, -1.375361744557516, -0.8034237066852015, 1.5677927732467651, 2.5937790870666504
-0.6894248167621058, -2.5288832823382776, -1.3753979841815394, -0.8034117857562464, 1.5678167343139648, 2.5937671661376953
-0.6894248167621058, -2.528919045125143, -1.3753860632525843, -0.8034475485431116, 1.567840814590454, 2.5938031673431396
-0.6894367376910608, -2.528907124196188, -1.3753979841815394, -0.8034237066852015, 1.5678527355194092, 2.5937912464141846
-0.6894248167621058, -2.5288952032672327, -1.375361744557516, -0.8034356276141565, 1.5678167343139648, 2.5937671661376953
-0.6894367376910608, -2.5288708845721644, -1.3753860632525843, -0.8034594694720667, 1.5678287744522095, 2.5937552452087402
-0.6894367376910608, -2.528930966054098, -1.3754218260394495, -0.8034356276141565, 1.5678287744522095, 2.593719244003296
-0.6894128958331507, -2.5288952032672327, -1.3753860632525843, -0.8034356276141565, 1.5677927732467651, 2.5937552452087402
-0.6894367376910608, -2.5288708845721644, -1.3753979841815394, -0.80347186723818, 1.5678287744522095, 2.5937671661376953
-0.6894128958331507, -2.5288952032672327, -1.3753979841815394, -0.8034356276141565, 1.5678167343139648, 2.5937671661376953
-0.6894009749041956, -2.528907124196188, -1.3753741423236292, -0.8034237066852015, 1.567840814590454, 2.593731164932251
-0.6894128958331507, -2.5288832823382776, -1.3753379026996058, -0.8034237066852015, 1.5678167343139648, 2.5938150882720947
-0.6894128958331507, -2.528907124196188, -1.3754099051104944, -0.8034356276141565, 1.567840814590454, 2.5937912464141846
-0.6894248167621058, -2.528919045125143, -1.3753979841815394, -0.8034117857562464, 1.5678287744522095, 2.5937671661376953
-0.6894248167621058, -2.528919045125143, -1.3753979841815394, -0.8034475485431116, 1.5678167343139648, 2.5937671661376953
-0.6894491354571741, -2.528907124196188, -1.375361744557516, -0.8034594694720667, 1.5678527355194092, 2.5937790870666504
-0.6894367376910608, -2.528942886983053, -1.3753860632525843, -0.8034237066852015, 1.5678048133850098, 2.5937671661376953
-0.6894248167621058, -2.5288708845721644, -1.3753979841815394, -0.8034356276141565, 1.567840814590454, 2.593743324279785
-0.6894128958331507, -2.5288708845721644, -1.3753979841815394, -0.8034594694720667, 1.5677927732467651, 2.5937671661376953
-0.6894128958331507, -2.5288832823382776, -1.375361744557516, -0.8034356276141565, 1.567840814590454, 2.5937912464141846
-0.6894248167621058, -2.5288708845721644, -1.3753498236285608, -0.8034475485431116, 1.5678287744522095, 2.593731164932251
-0.6894367376910608, -2.528919045125143, -1.3753741423236292, -0.8034356276141565, 1.5678048133850098, 2.5936954021453857
-0.6894248167621058, -2.528907124196188, -1.3753860632525843, -0.8033760229693812, 1.5677927732467651, 2.5937912464141846
-0.6894009749041956, -2.5288832823382776, -1.3754099051104944, -0.8034117857562464, 1.5677927732467651, 2.5937671661376953
-0.6894491354571741, -2.528919045125143, -1.375361744557516, -0.8034117857562464, 1.5678048133850098, 2.5937912464141846
-0.6894009749041956, -2.5288708845721644, -1.3754218260394495, -0.8034117857562464, 1.5678167343139648, 2.593743324279785
-0.6894248167621058, -2.528930966054098, -1.3753979841815394, -0.8034356276141565, 1.5678287744522095, 2.593827247619629
-0.6894248167621058, -2.5288952032672327, -1.3754218260394495, -0.8034475485431116, 1.5678287744522095, 2.5937912464141846
-0.6894491354571741, -2.5288952032672327, -1.375361744557516, -0.8034117857562464, 1.5678048133850098, 2.5937912464141846
-0.6894248167621058, -2.5288952032672327, -1.3753979841815394, -0.8034475485431116, 1.5677927732467651, 2.5937790870666504
-0.6894367376910608, -2.528919045125143, -1.3754099051104944, -0.8033879438983362, 1.5678167343139648, 2.5937552452087402
-0.6894248167621058, -2.528907124196188, -1.3754099051104944, -0.8034117857562464, 1.5678167343139648, 2.593743324279785
-0.6894248167621058, -2.528919045125143, -1.3753979841815394, -0.8034237066852015, 1.5678287744522095, 2.5937790870666504
-0.6894610563861292, -2.528907124196188, -1.3753979841815394, -0.8033998648272913, 1.5678287744522095, 2.5937912464141846
-0.6894367376910608, -2.5288952032672327, -1.3753979841815394, -0.8034117857562464, 1.5678287744522095, 2.5937552452087402
-0.6894367376910608, -2.5288952032672327, -1.375361744557516, -0.8034237066852015, 1.5678287744522095, 2.5937671661376953
