0.989770770072937, -1.5301440397845667, -0.8735583464251917, -2.3077028433429163, 1.5730767250061035, 3.025930404663086
0.9897587895393372, -1.5301440397845667, -0.8735340277301233, -2.3077028433429163, 1.5730527639389038, 3.0259785652160645
0.989770770072937, -1.5301197210894983, -0.8736065069781702, -2.3077147642718714, 1.5730767250061035, 3.0259547233581543
0.9897827506065369, -1.5301678816424769, -0.8735583464251917, -2.307679001485006, 1.5730648040771484, 3.025942325592041
0.989770770072937, -1.5301197210894983, -0.8735583464251917, -2.3077147642718714, 1.5730408430099487, 3.0259666442871094
0.9897587895393372, -1.5301197210894983, -0.8735702673541468, -2.3077028433429163, 1.5730648040771484, 3.0259666442871094
0.9897348284721375, -1.5301440397845667, -0.8735702673541468, -2.3077147642718714, 1.5730767250061035, 3.0259547233581543
0.9898067712783813, -1.5301197210894983, -0.8735340277301233, -2.307679001485006, 1.5730648040771484, 3.025942325592041
0.9897827506065369, -1.5301316420184534, -0.8735702673541468, -2.3077390829669397, 1.5730408430099487, 3.0259666442871094
0.989770770072937, -1.5301559607135218, -0.8735583464251917, -2.3077390829669397, 1.573028802871704, 3.0259666442871094
0.989770770072937, -1.5301440397845667, -0.8735702673541468, -2.3077266852008265, 1.5730887651443481, 3.0259666442871094
0.9897587895393372, -1.5301078001605433, -0.8735583464251917, -2.3077147642718714, 1.573028802871704, 3.0260026454925537
0.9897587895393372, -1.5301197210894983, -0.8735340277301233, -2.3077266852008265, 1.5730767250061035, 3.0260026454925537
0.989770770072937, -1.5301559607135218, -0.8735459486590784, -2.3077147642718714, 1.5730408430099487, 3.0259547233581543
0.989770770072937, -1.5301316420184534, -0.8736065069781702, -2.3077266852008265, 1.573028802871704, 3.025942325592041
0.989770770072937, -1.5301440397845667, -0.8735702673541468, -2.307679001485006, 1.5730648040771484, 3.0259547233581543
0.9897468090057373, -1.5301559607135218, -0.8735821882831019, -2.3077028433429163, 1.5730408430099487, 3.025930404663086
0.9897587895393372, -1.5301559607135218, -0.8735583464251917, -2.3076909224139612, 1.5730767250061035, 3.0259907245635986
0.9897587895393372, -1.5301678816424769, -0.8735583464251917, -2.3077028433429163, 1.5730408430099487, 3.0259547233581543
0.989770770072937, -1.5301440397845667, -0.8735583464251917, -2.3076909224139612, 1.5730767250061035, 3.0259666442871094
0.9897827506065369, -1.5301559607135218, -0.8735583464251917, -2.307667080556051, 1.5730408430099487, 3.0259785652160645
0.989770770072937, -1.5301197210894983, -0.8735821882831019, -2.3077028433429163, 1.5730767250061035, 3.025942325592041
0.989770770072937, -1.5301078001605433, -0.8735702673541468, -2.3077266852008265, 1.5730527639389038, 3.0259547233581543
0.9897468090057373, -1.5301559607135218, -0.8735459486590784, -2.3077028433429163, 1.5730408430099487, 3.0259907245635986
0.989770770072937, -1.5301440397845667, -0.8735459486590784, -2.3077390829669397, 1.5730648040771484, 3.0259547233581543
0.989770770072937, -1.5301316420184534, -0.8735583464251917, -2.3077147642718714, 1.5730527639389038, 3.0259907245635986
0.9897587895393372, -1.5301440397845667, -0.8735821882831019, -2.3077028433429163, 1.5730767250061035, 3.0259907245635986
0.989770770072937, -1.5301316420184534, -0.8735583464251917, -2.3077028433429163, 1.5730648040771484, 3.025942325592041
0.9899265766143799, -1.5300119558917444, -0.8740623633014124, -2.307534996663229, 1.5730767250061035, 3.026146411895752
0.9906688928604126, -1.5294244925128382, -0.8756573835956019, -2.3065765539752405, 1.5730887651443481, 3.0269384384155273
0.9916388392448425, -1.5285127798663538, -0.8777807394610804, -2.3052824179278772, 1.5731127262115479, 3.0281145572662354
0.9930642247200012, -1.5272658506976526, -0.8811634222613733, -2.3035453001605433, 1.5730527639389038, 3.029374599456787
0.9948367476463318, -1.5257428328143519, -0.8847263495074671, -2.3011491934405726, 1.5730527639389038, 3.0314626693725586
0.9968246221542358, -1.5239318052874964, -0.8894169966327112, -2.2984893957721155, 1.5729808807373047, 3.0338144302368164
0.9992559552192688, -1.5217855612384241, -0.8947909514056605, -2.2953384558307093, 1.5729448795318604, 3.036418914794922
1.0020942687988281, -1.5194233099566858, -0.9008725325213831, -2.2916715780841272, 1.5729089975357056, 3.0395264625549316
1.0052199363708496, -1.5169408957110804, -0.9076388517962855, -2.287490193043844, 1.5728729963302612, 3.0431506633758545
1.0086328983306885, -1.513895336781637, -0.9152796904193323, -2.28310472169985, 1.5727890729904175, 3.047182559967041
1.0125490427017212, -1.5109332243548792, -0.9234612623797815, -2.278048817311422, 1.5727052688598633, 3.0515499114990234
1.0168843269348145, -1.5072038809405726, -0.9326131979571741, -2.272489372883932, 1.5726333856582642, 3.0564703941345215
1.0213871002197266, -1.5037501494037073, -0.9420064131366175, -2.26663047472109, 1.5725734233856201, 3.061558246612549
1.0263335704803467, -1.500056568776266, -0.9523227850543421, -2.2604478041278284, 1.5724655389785767, 3.067030191421509
1.0315428972244263, -1.4958956877337855, -0.9632027784930628, -2.2538583914386194, 1.5723580121994019, 3.073054313659668
1.0371710062026978, -1.491889778767721, -0.9743345419513147, -2.2469094435321253, 1.5723100900650024, 3.0792698860168457
1.0430631637573242, -1.4875615278827112, -0.9862459341632288, -2.239457432423727, 1.5722142457962036, 3.085857391357422
1.0493388175964355, -1.4829323927508753, -0.9986732641803187, -2.231765095387594, 1.572094440460205, 3.092841386795044
1.055864930152893, -1.47845966020693, -1.0117481390582483, -2.223786179219381, 1.5720105171203613, 3.100461006164551
1.0628708600997925, -1.4738786856280726, -1.0250032583819788, -2.2151835600482386, 1.5719505548477173, 3.1082849502563477
1.069684624671936, -1.46928579012026, -1.0380781332599085, -2.206796948109762, 1.5718307495117188, 3.115964889526367
1.0767624378204346, -1.4649089018451136, -1.0513446966754358, -2.1985414663897913, 1.571806788444519, 3.12382435798645
1.0838154554367065, -1.4603517691241663, -1.0646832625018519, -2.189723793660299, 1.57173490524292, 3.131960153579712
1.0908570289611816, -1.4561665693866175, -1.07739764848818, -2.181493107472555, 1.5715910196304321, 3.139724016189575
1.0977187156677246, -1.4521978537188929, -1.0899084250079554, -2.1732619444476526, 1.5716270208358765, 3.1474990844726562
1.104520559310913, -1.448252026234762, -1.1022031942950647, -2.1652115027057093, 1.5715311765670776, 3.155203104019165
1.1114420890808105, -1.4443429152118128, -1.1144259611712855, -2.1571243445025843, 1.5714232921600342, 3.163062572479248
1.1181120872497559, -1.4407814184771937, -1.1263249556170862, -2.1489890257464808, 1.5713753700256348, 3.170693874359131
1.1250454187393188, -1.4373038450824183, -1.138139549885885, -2.141057793294088, 1.5713633298873901, 3.178337574005127
1.131751298904419, -1.4337428251849573, -1.1500256697284144, -2.1331027189837855, 1.5713274478912354, 3.1860530376434326
1.138624668121338, -1.4304927031146448, -1.1614325682269495, -2.1251118818866175, 1.571279525756836, 3.193624496459961
1.1455103158950806, -1.4272430578814905, -1.1731627623187464, -2.1168811956988733, 1.5713034868240356, 3.2016396522521973
1.152252197265625, -1.4240897337542933, -1.184413258229391, -2.109105412160055, 1.571279525756836, 3.209127187728882
1.158909797668457, -1.4210789839373987, -1.1954487005816858, -2.1012466589557093, 1.5712075233459473, 3.2166988849639893
1.1658310890197754, -1.4181535879718226, -1.2069867292987269, -2.0930760542498987, 1.5711716413497925, 3.2245097160339355
1.1724650859832764, -1.415443245564596, -1.2177694479571741, -2.085360352193014, 1.5712316036224365, 3.2321534156799316
1.179026484489441, -1.4128525892840784, -1.2282760779010218, -2.0775373617755335, 1.5711956024169922, 3.239616632461548
1.1856365203857422, -1.4102628866778772, -1.2389267126666468, -2.069738213215963, 1.5711835622787476, 3.246948003768921
1.1921626329421997, -1.4078405539142054, -1.2493251005755823, -2.0620949904071253, 1.5712075233459473, 3.254399061203003
1.1986883878707886, -1.4055498282061976, -1.2596638838397425, -2.054427448903219, 1.5712075233459473, 3.2617783546447754
1.205094337463379, -1.40336782137026, -1.2697504202472132, -2.046819512044088, 1.5711956024169922, 3.269193172454834
1.2115721702575684, -1.4013050238238733, -1.2798250357257288, -2.039116684590475, 1.5711956024169922, 3.276416778564453
1.217990517616272, -1.3991106192218226, -1.2896836439715784, -2.031377617512838, 1.5712316036224365, 3.2838079929351807
1.2244443893432617, -1.397287670766012, -1.2996261755572718, -2.023853603993551, 1.5712075233459473, 3.291187047958374
1.2307788133621216, -1.3955367247210901, -1.309544865285055, -2.016150776539938, 1.571279525756836, 3.298494338989258
1.2367057800292969, -1.3939545790301722, -1.3181079069720667, -2.009214226399557, 1.5713154077529907, 3.305224895477295
1.2421057224273682, -1.3925631682025355, -1.3264430204974573, -2.0025652090655726, 1.571351408958435, 3.311368465423584
1.2473384141921997, -1.391315762196676, -1.3341782728778284, -1.996347729359762, 1.5713753700256348, 3.3172357082366943
1.2521759271621704, -1.3902371565448206, -1.3414462248431605, -1.9903457800494593, 1.5714472532272339, 3.3227908611297607
1.2566063404083252, -1.389277760182516, -1.3480184713946741, -1.9849665800677698, 1.5714951753616333, 3.3278896808624268
1.2608566284179688, -1.3883541266070765, -1.354278866444723, -1.979875389729635, 1.5714712142944336, 3.332773447036743
1.2646641731262207, -1.3875387350665491, -1.3598550001727503, -1.9754546324359339, 1.571507215499878, 3.3370206356048584
1.2681605815887451, -1.3868911902057093, -1.3650124708758753, -1.9709857145892542, 1.5716030597686768, 3.3410637378692627
1.271417260169983, -1.3862555662738245, -1.3697016874896448, -1.9669726530658167, 1.5716270208358765, 3.3446872234344482
1.2744107246398926, -1.3856805006610315, -1.3740070501910608, -1.9633429686175745, 1.5716270208358765, 3.3480827808380127
1.2769970893859863, -1.385308090840475, -1.3777607123004358, -1.9601677099811, 1.5716630220413208, 3.350926399230957
1.2791999578475952, -1.3849123159991663, -1.3810227552997034, -1.9573410193072718, 1.5716749429702759, 3.353529930114746
1.2810919284820557, -1.3846247831927698, -1.383852783833639, -1.9550283590899866, 1.57173490524292, 3.355713367462158
1.2828037738800049, -1.3843491713153284, -1.3862517515765589, -1.952944580708639, 1.5717588663101196, 3.3574893474578857
1.28409743309021, -1.384181324635641, -1.388158146535055, -1.9512794653521937, 1.5717707872390747, 3.3591692447662354
1.2851628065109253, -1.383989159260885, -1.389597241078512, -1.9498890081988733, 1.5717707872390747, 3.360428810119629
1.2858930826187134, -1.3839171568499964, -1.3906286398517054, -1.9489548842059534, 1.5716989040374756, 3.3612568378448486
1.2863361835479736, -1.3838451544391077, -1.3912881056415003, -1.9485238234149378, 1.57173490524292, 3.3617844581604004
1.2863961458206177, -1.3837855497943323, -1.3915041128741663, -1.9483321348773401, 1.571746826171875, 3.3619766235351562
1.2864559888839722, -1.3838093916522425, -1.3914559523211878, -1.9482720533954065, 1.5717707872390747, 3.3619766235351562
1.2864559888839722, -1.3837855497943323, -1.3914921919452112, -1.9482601324664515, 1.5717588663101196, 3.3619766235351562
1.2864680290222168, -1.3837855497943323, -1.391479794179098, -1.9482243696795862, 1.57173490524292, 3.361964702606201
1.2864559888839722, -1.3837493101703089, -1.391479794179098, -1.9482601324664515, 1.5717588663101196, 3.3619885444641113
1.2864919900894165, -1.3838093916522425, -1.3915041128741663, -1.9481881300555628, 1.57173490524292, 3.361940622329712
1.2864799499511719, -1.383773152028219, -1.3914921919452112, -1.948211971913473, 1.5717228651046753, 3.3619885444641113
1.2865159511566162, -1.383773152028219, -1.3915041128741663, -1.9481881300555628, 1.5717588663101196, 3.3619766235351562
1.2865159511566162, -1.3838213125811976, -1.3914921919452112, -1.9481881300555628, 1.57173490524292, 3.361964702606201
1.2864919900894165, -1.383773152028219, -1.3915398756610315, -1.9482000509845179, 1.5717707872390747, 3.361964702606201
