-0.6597960630999964, -2.0883415381061, -1.2747157255755823, -1.29555589357485, 1.5572841167449951, 2.1885061264038086
-0.659771744404928, -2.08836537996401, -1.2747395674334925, -1.2955320517169397, 1.5573080778121948, 2.1885061264038086
-0.6597359816180628, -2.088353459035055, -1.2747276465045374, -1.2955439726458948, 1.5572841167449951, 2.1884820461273193
-0.659759823475973, -2.0882814566241663, -1.2747276465045374, -1.294753376637594, 1.5567092895507812, 2.188554048538208
-0.659759823475973, -2.0883052984820765, -1.2747157255755823, -1.294861141835348, 1.5562658309936523, 2.1885898113250732
-0.659759823475973, -2.0882695356952112, -1.2747157255755823, -1.2948134581195276, 1.5562539100646973, 2.1887216567993164
-0.659771744404928, -2.088245693837301, -1.2747157255755823, -1.2948134581195276, 1.556050181388855, 2.189117670059204
-0.6597836653338831, -2.088233772908346, -1.274679962788717, -1.2948492209063929, 1.5541809797286987, 2.1897175312042236
-0.6597836653338831, -2.0882094542132776, -1.2747038046466272, -1.294861141835348, 1.5492686033248901, 2.2079179286956787
-0.6597960630999964, -2.088245693837301, -1.274679962788717, -1.2946575323687952, 1.542019248008728, 2.2786331176757812
-0.659771744404928, -2.088233772908346, -1.274679962788717, -1.2946932951556605, 1.540857195854187, 2.328714370727539
-0.6597960630999964, -2.088257614766256, -1.2747038046466272, -1.2947772184955042, 1.540569543838501, 2.3288581371307373
-0.659771744404928, -2.088257614766256, -1.2747519651996058, -1.2947896162616175, 1.540869116783142, 2.328965902328491
-0.659771744404928, -2.088233772908346, -1.2747157255755823, -1.2948372999774378, 1.5407851934432983, 2.329817533493042
-0.6597960630999964, -2.088245693837301, -1.274668041859762, -1.2950289885150355, 1.5406534671783447, 2.3368489742279053
-0.6597836653338831, -2.088245693837301, -1.2747038046466272, -1.2949207464801233, 1.5400066375732422, 2.3858401775360107
-0.6597836653338831, -2.0882695356952112, -1.2747157255755823, -1.2948969046222132, 1.5377177000045776, 2.3981149196624756
-0.6597479025470179, -2.0882933775531214, -1.2747157255755823, -1.294861141835348, 1.5351178646087646, 2.3979828357696533
-0.659759823475973, -2.088257614766256, -1.2747038046466272, -1.2948969046222132, 1.5346983671188354, 2.398042678833008
-0.659771744404928, -2.088257614766256, -1.2747276465045374, -1.2948492209063929, 1.5342309474945068, 2.3980906009674072
-0.6597479025470179, -2.088257614766256, -1.2747157255755823, -1.2949088255511683, 1.5342074632644653, 2.3981149196624756
-0.659759823475973, -2.088257614766256, -1.2747276465045374, -1.2949450651751917, 1.5341475009918213, 2.3984744548797607
-0.659759823475973, -2.088245693837301, -1.2747395674334925, -1.2950289885150355, 1.5338239669799805, 2.398810863494873
-0.6597479025470179, -2.0882695356952112, -1.2747157255755823, -1.2949207464801233, 1.5334044694900513, 2.3986427783966064
-0.6597960630999964, -2.0882695356952112, -1.2747395674334925, -1.294861141835348, 1.5333086252212524, 2.3985109329223633
-0.659759823475973, -2.0882933775531214, -1.2747519651996058, -1.2948492209063929, 1.5336321592330933, 2.3984506130218506
-0.6597960630999964, -2.0882814566241663, -1.2747395674334925, -1.294884983693258, 1.5336202383041382, 2.398366689682007
-0.6598437468158167, -2.0883176962481897, -1.274775807057516, -1.294884983693258, 1.5333086252212524, 2.398294687271118
-0.6598318258868616, -2.0882933775531214, -1.2747395674334925, -1.2948735396014612, 1.529713749885559, 2.398282766342163
-0.6598556677447718, -2.0882695356952112, -1.2747519651996058, -1.2948372999774378, 1.528275966644287, 2.3983068466186523
-0.6598318258868616, -2.0882814566241663, -1.2747157255755823, -1.2948134581195276, 1.5283359289169312, 2.3983187675476074
-0.6598437468158167, -2.0883415381061, -1.2747276465045374, -1.294861141835348, 1.5282880067825317, 2.3983068466186523
-0.6598556677447718, -2.0882814566241663, -1.2747395674334925, -1.294884983693258, 1.5283838510513306, 2.3983187675476074
-0.6598318258868616, -2.0882695356952112, -1.2747395674334925, -1.2948010603534144, 1.5286474227905273, 2.3983426094055176
-0.6598437468158167, -2.0882933775531214, -1.2746918837176722, -1.2948492209063929, 1.5286834239959717, 2.398282766342163
-0.6598318258868616, -2.088257614766256, -1.2747038046466272, -1.294861141835348, 1.5286474227905273, 2.3983547687530518
-0.6598437468158167, -2.088257614766256, -1.2747638861285608, -1.2948372999774378, 1.5286355018615723, 2.3983306884765625
-0.6598199049579065, -2.0882814566241663, -1.2747157255755823, -1.2948134581195276, 1.5286715030670166, 2.398282766342163
-0.6598079840289515, -2.0882814566241663, -1.2747395674334925, -1.294753376637594, 1.5286355018615723, 2.3983426094055176
-0.6598556677447718, -2.088257614766256, -1.2747157255755823, -1.2947295347796839, 1.5286834239959717, 2.3983426094055176
-0.6598199049579065, -2.0882695356952112, -1.2747157255755823, -1.294753376637594, 1.528659462928772, 2.3983306884765625
-0.6598556677447718, -2.0882814566241663, -1.2747157255755823, -1.2947176138507288, 1.5286474227905273, 2.3983187675476074
-0.6598199049579065, -2.088245693837301, -1.2747276465045374, -1.2947652975665491, 1.5286474227905273, 2.3983306884765625
-0.6598437468158167, -2.088233772908346, -1.2747395674334925, -1.2947176138507288, 1.5286474227905273, 2.3983068466186523
-0.6598318258868616, -2.088257614766256, -1.2747157255755823, -1.294753376637594, 1.5286715030670166, 2.3983068466186523
-0.6598079840289515, -2.088245693837301, -1.2747038046466272, -1.2947295347796839, 1.5286234617233276, 2.3983547687530518
-0.6597960630999964, -2.088257614766256, -1.2747519651996058, -1.2947772184955042, 1.528719425201416, 2.398294687271118
-0.6598199049579065, -2.0883052984820765, -1.2747395674334925, -1.2947772184955042, 1.5286954641342163, 2.3983306884765625
-0.6598079840289515, -2.0882814566241663, -1.2747157255755823, -1.294741455708639, 1.5286954641342163, 2.3983426094055176
-0.6598556677447718, -2.088245693837301, -1.2747276465045374, -1.2947295347796839, 1.5286834239959717, 2.3983306884765625
-0.6598318258868616, -2.0882695356952112, -1.2747157255755823, -1.2947295347796839, 1.5286715030670166, 2.3983068466186523
-0.6598318258868616, -2.0882695356952112, -1.2747157255755823, -1.2948134581195276, 1.5286715030670166, 2.398294687271118
-0.6598318258868616, -2.088245693837301, -1.2747157255755823, -1.2949207464801233, 1.5284796953201294, 2.3978147506713867
-0.6598079840289515, -2.0882094542132776, -1.2747157255755823, -1.2940705458270472, 1.5286834239959717, 2.392031192779541
-0.6597479025470179, -2.0882814566241663, -1.2747157255755823, -1.2927048842059534, 1.5288032293319702, 2.332277774810791
-0.6597121397601526, -2.0883052984820765, -1.2747519651996058, -1.286104981099264, 1.5350099802017212, 2.2302331924438477
-0.6597359816180628, -2.0883415381061, -1.274775807057516, -1.2859609762774866, 1.5469080209732056, 2.1585607528686523
-0.6598079840289515, -2.088353459035055, -1.2747638861285608, -1.2862127462970179, 1.5475791692733765, 2.1457481384277344
-0.6597836653338831, -2.088329617177145, -1.274799648915426, -1.2862723509417933, 1.5466563701629639, 2.145832061767578
-0.659759823475973, -2.088353459035055, -1.274787727986471, -1.2864401976214808, 1.5470398664474487, 2.145951986312866
-0.6598199049579065, -2.088329617177145, -1.274775807057516, -1.286799732838766, 1.5490409135818481, 2.1460721492767334
-0.6597960630999964, -2.0883176962481897, -1.2747638861285608, -1.289039436970846, 1.5554393529891968, 2.1460959911346436
-0.6598318258868616, -2.08838922182192, -1.2748597303973597, -1.2891834417926233, 1.5548521280288696, 2.1459879875183105
-0.6598318258868616, -2.08836537996401, -1.274775807057516, -1.288919750844137, 1.5534743070602417, 2.146023750305176
-0.6598318258868616, -2.088377300892965, -1.274799648915426, -1.2886446158038538, 1.5492326021194458, 2.14603590965271
-0.6598675886737269, -2.0882933775531214, -1.274799648915426, -1.2887042204486292, 1.5503227710723877, 2.1462278366088867
-0.6598919073687952, -2.088461224232809, -1.2753751913653772, -1.2894709745990198, 1.5498794317245483, 2.163311719894409
-0.6598675886737269, -2.088809315358297, -1.2756035963641565, -1.289591137562887, 1.5495917797088623, 2.24595046043396
-0.6598556677447718, -2.088881317769186, -1.2756875197040003, -1.2895668188678187, 1.5499392747879028, 2.3035411834716797
-0.6598318258868616, -2.088797394429342, -1.2756989637957972, -1.28949481645693, 1.545985221862793, 2.317711353302002
-0.6599038282977503, -2.0888689200030726, -1.2756875197040003, -1.2893150488482874, 1.5400186777114868, 2.31783127784729
-0.6598437468158167, -2.0888212362872522, -1.2757113615619105, -1.2888835112201136, 1.5378375053405762, 2.3178913593292236
-0.6598675886737269, -2.0888212362872522, -1.275663201008932, -1.2881172339068812, 1.5384607315063477, 2.3178913593292236
-0.6598675886737269, -2.0888212362872522, -1.2756274382220667, -1.288201157246725, 1.538388729095459, 2.317843198776245
-0.6598437468158167, -2.088785473500387, -1.2756512800799769, -1.28821307817568, 1.5383528470993042, 2.317627429962158
-0.6598437468158167, -2.0888212362872522, -1.2756512800799769, -1.2884047667132776, 1.5381131172180176, 2.312516212463379
-0.6597960630999964, -2.0887730757342737, -1.2756035963641565, -1.2882731596576136, 1.538448691368103, 2.2548768520355225
-0.6598318258868616, -2.088785473500387, -1.2756393591510218, -1.288201157246725, 1.540581464767456, 2.200143575668335
-0.659771744404928, -2.088809315358297, -1.2756274382220667, -1.288105312977926, 1.5420432090759277, 2.1991117000579834
-0.6598079840289515, -2.0887611548053187, -1.275566879902975, -1.287842098866598, 1.542186975479126, 2.199159622192383
-0.6598318258868616, -2.0888569990741175, -1.2756512800799769, -1.284703556691305, 1.5508620738983154, 2.1992075443267822
-0.6598079840289515, -2.0902002493487757, -1.276346508656637, -1.284835163746969, 1.5541809797286987, 2.1991357803344727
-0.6597121397601526, -2.0987256209002894, -1.2763827482806605, -1.2721384207354944, 1.5661993026733398, 2.199075698852539
-0.6598675886737269, -2.117084328328268, -1.2764185110675257, -1.2603395620929163, 1.5643540620803833, 2.1991236209869385
-0.6598437468158167, -2.129218403493063, -1.2764185110675257, -1.258686367665426, 1.5579912662506104, 2.1991477012634277
-0.6597836653338831, -2.133583370839254, -1.2764547506915491, -1.2541826407061976, 1.555415391921997, 2.1990396976470947
-0.6598199049579065, -2.1489318052874964, -1.276442829762594, -1.2418091932879847, 1.552994966506958, 2.1991357803344727
-0.6598079840289515, -2.15200120607485, -1.2763107458697718, -1.2423961798297327, 1.5566493272781372, 2.199291467666626
-0.6598199049579065, -2.1519654432879847, -1.2762869040118616, -1.2418811956988733, 1.5564336776733398, 2.1993274688720703
-0.6598318258868616, -2.151917282735006, -1.2762630621539515, -1.241366211568014, 1.556349754333496, 2.1993155479431152
-0.6598437468158167, -2.151905361806051, -1.2762869040118616, -1.2414377371417444, 1.5564216375350952, 2.199303388595581
-0.6598199049579065, -2.151917282735006, -1.2762511412249964, -1.2414620558368128, 1.5561580657958984, 2.1993513107299805
-0.6598437468158167, -2.151905361806051, -1.2762749830829065, -1.2413542906390589, 1.5562658309936523, 2.1993393898010254
-0.6598437468158167, -2.151869599019186, -1.2762630621539515, -1.2414019743548792, 1.5563018321990967, 2.1993274688720703
-0.6598318258868616, -2.1518576780902308, -1.2762749830829065, -1.241378132496969, 1.556337833404541, 2.1993513107299805
-0.6598318258868616, -2.151869599019186, -1.2762749830829065, -1.241366211568014, 1.5561699867248535, 2.1993274688720703
-0.6598556677447718, -2.151893440877096, -1.2762869040118616, -1.2412822882281702, 1.556217908859253, 2.1993634700775146
-0.6598318258868616, -2.151869599019186, -1.2762869040118616, -1.2412703672992151, 1.5562418699264526, 2.199291467666626
-0.6598675886737269, -2.151869599019186, -1.2762511412249964, -1.2413304487811487, 1.5548042058944702, 2.1993513107299805
-0.6598437468158167, -2.1518452803241175, -1.2762749830829065, -1.2411626021014612, 1.55482816696167, 2.199291467666626
-0.6598199049579065, -2.1518095175372522, -1.2762869040118616, -1.2411025206195276, 1.5549360513687134, 2.1993155479431152
-0.6598556677447718, -2.1518214384662073, -1.2762869040118616, -1.241114918385641, 1.55482816696167, 2.1993274688720703
-0.6598919073687952, -2.1518333593951624, -1.2762869040118616, -1.2410786787616175, 1.554600477218628, 2.1993155479431152
-0.6598318258868616, -2.151797596608297, -1.2762869040118616, -1.240922753010885, 1.5549119710922241, 2.1993393898010254
-0.6598556677447718, -2.1518214384662073, -1.2762630621539515, -1.2400363127337855, 1.5550198554992676, 2.1993274688720703
-0.6598318258868616, -2.1518095175372522, -1.2762630621539515, -1.239964787160055, 1.5549958944320679, 2.1993274688720703
-0.6598437468158167, -2.1518333593951624, -1.2762630621539515, -1.2397006193744105, 1.5550079345703125, 2.1993274688720703
-0.6598199049579065, -2.151785675679342, -1.2762630621539515, -1.235999886189596, 1.555127739906311, 2.1992673873901367
-0.6598675886737269, -2.1516416708575647, -1.2762511412249964, -1.232490364705221, 1.5528510808944702, 2.198967456817627
-0.6598318258868616, -2.1516178289996546, -1.2762869040118616, -1.2331612745868128, 1.5529110431671143, 2.198847770690918
-0.6598318258868616, -2.1516898314105433, -1.276346508656637, -1.233436409627096, 1.5504666566848755, 2.186394214630127
-0.6598318258868616, -2.151665512715475, -1.276346508656637, -1.233424488698141, 1.544823169708252, 2.154709815979004
-0.6598437468158167, -2.1517017523394983, -1.276346508656637, -1.2335799376117151, 1.548561453819275, 2.1546378135681152
-0.6597960630999964, -2.1517613569842737, -1.2763946692096155, -1.2360718886004847, 1.5505504608154297, 2.15462589263916
-0.6598199049579065, -2.15165359178652, -1.2762988249408167, -1.235880200062887, 1.5504546165466309, 2.154697895050049
-0.6598556677447718, -2.1516059080706995, -1.2762630621539515, -1.2357361952411097, 1.5495322942733765, 2.154721736907959
-0.6598437468158167, -2.1516178289996546, -1.2762630621539515, -1.2357962767230433, 1.549675703048706, 2.1546618938446045
-0.6598437468158167, -2.1516178289996546, -1.2762988249408167, -1.2357600370990198, 1.5497475862503052, 2.154733657836914
-0.6598199049579065, -2.151665512715475, -1.2763226667987269, -1.2359402815448206, 1.5497595071792603, 2.154697895050049
-0.6598318258868616, -2.1516059080706995, -1.2762511412249964, -1.2348979155169886, 1.5497115850448608, 2.154697895050049
-0.6598556677447718, -2.1516059080706995, -1.276238743458883, -1.2348020712481897, 1.5496636629104614, 2.154709815979004
-0.6598437468158167, -2.1516178289996546, -1.2762869040118616, -1.2347539106952112, 1.5496876239776611, 2.154697895050049
-0.6598556677447718, -2.1516297499286097, -1.276226822529928, -1.234706226979391, 1.5497115850448608, 2.154709815979004
-0.6598437468158167, -2.1516178289996546, -1.2762988249408167, -1.2347539106952112, 1.5496876239776611, 2.154721736907959
-0.6598079840289515, -2.1516297499286097, -1.2762749830829065, -1.2347419897662562, 1.549603819847107, 2.1546738147735596
-0.6598318258868616, -2.1516178289996546, -1.2762988249408167, -1.2347539106952112, 1.5495442152023315, 2.1546497344970703
-0.6598318258868616, -2.1515939871417444, -1.2762749830829065, -1.2346461454974573, 1.5496517419815063, 2.1546738147735596
-0.6598437468158167, -2.1516178289996546, -1.2762988249408167, -1.2349579969989222, 1.5495797395706177, 2.154613971710205
-0.6598318258868616, -2.1516416708575647, -1.2763107458697718, -1.2350776831256312, 1.5495082139968872, 2.1545779705047607
-0.6598437468158167, -2.1516178289996546, -1.2763107458697718, -1.2350776831256312, 1.5495082139968872, 2.154505968093872
-0.6598675886737269, -2.1516297499286097, -1.2763107458697718, -1.2350776831256312, 1.5494123697280884, 2.1545300483703613
-0.6598556677447718, -2.1516059080706995, -1.2762869040118616, -1.234969441090719, 1.5494123697280884, 2.154601812362671
-0.6598556677447718, -2.151665512715475, -1.2762869040118616, -1.235041920338766, 1.5495202541351318, 2.154601812362671
-0.6598795096026819, -2.1516416708575647, -1.2763107458697718, -1.2350056807147425, 1.5495797395706177, 2.154601812362671
-0.6598675886737269, -2.1516416708575647, -1.2762630621539515, -1.234969441090719, 1.549555778503418, 2.15462589263916
-0.6598318258868616, -2.1516178289996546, -1.2762511412249964, -1.2347419897662562, 1.549555778503418, 2.1546497344970703
-0.6598318258868616, -2.1516178289996546, -1.276238743458883, -1.234730068837301, 1.5495678186416626, 2.154613971710205
-0.6598437468158167, -2.1516297499286097, -1.2762988249408167, -1.234730068837301, 1.5494723320007324, 2.1546738147735596
-0.6598675886737269, -2.1516059080706995, -1.2762869040118616, -1.2346580664264124, 1.549603819847107, 2.1546497344970703
-0.6598318258868616, -2.1516297499286097, -1.2762869040118616, -1.2346699873553675, 1.5496876239776611, 2.154721736907959
-0.6598675886737269, -2.1515939871417444, -1.2762749830829065, -1.234730068837301, 1.549603819847107, 2.1546497344970703
-0.6598318258868616, -2.1515939871417444, -1.2762988249408167, -1.234730068837301, 1.5495678186416626, 2.15462589263916
-0.6598556677447718, -2.1516178289996546, -1.2762749830829065, -1.2347419897662562, 1.5495678186416626, 2.1546378135681152
-0.6598675886737269, -2.1516297499286097, -1.2762869040118616, -1.234706226979391, 1.549555778503418, 2.1546618938446045
-0.6598675886737269, -2.1515939871417444, -1.2762869040118616, -1.234718147908346, 1.5495678186416626, 2.15462589263916
-0.6598556677447718, -2.1516416708575647, -1.2762511412249964, -1.234730068837301, 1.549603819847107, 2.1546738147735596
-0.6598556677447718, -2.1516297499286097, -1.2762988249408167, -1.2347901503192347, 1.549615740776062, 2.154601812362671
-0.6598556677447718, -2.1516059080706995, -1.2762988249408167, -1.2347777525531214, 1.5495917797088623, 2.15462589263916
-0.6598437468158167, -2.1515939871417444, -1.2762869040118616, -1.2347663084613245, 1.5495442152023315, 2.15462589263916
-0.6598437468158167, -2.1516178289996546, -1.2762630621539515, -1.234718147908346, 1.5495797395706177, 2.1546618938446045
-0.6598675886737269, -2.1516297499286097, -1.2762630621539515, -1.234730068837301, 1.5495322942733765, 2.1546378135681152
-0.6598556677447718, -2.15165359178652, -1.2762988249408167, -1.2348139921771448, 1.5495797395706177, 2.1546738147735596
-0.6598437468158167, -2.1516416708575647, -1.2762749830829065, -1.234730068837301, 1.5496397018432617, 2.1546378135681152
-0.6598675886737269, -2.1516059080706995, -1.2762630621539515, -1.2347777525531214, 1.5495797395706177, 2.1546618938446045
-0.6598318258868616, -2.1516416708575647, -1.2762630621539515, -1.2347539106952112, 1.5495678186416626, 2.1546378135681152
-0.6598318258868616, -2.1515939871417444, -1.2762869040118616, -1.234730068837301, 1.5496277809143066, 2.1546857357025146
-0.6598199049579065, -2.1516059080706995, -1.2762749830829065, -1.2346699873553675, 1.5496277809143066, 2.1546618938446045
-0.6598199049579065, -2.1516059080706995, -1.2762749830829065, -1.2346342245685022, 1.5496636629104614, 2.1546618938446045
-0.6598079840289515, -2.1516297499286097, -1.2762630621539515, -1.2346699873553675, 1.5496517419815063, 2.154697895050049
-0.6598437468158167, -2.1516178289996546, -1.2762749830829065, -1.2346580664264124, 1.549603819847107, 2.1546738147735596
-0.6598437468158167, -2.1515939871417444, -1.2762869040118616, -1.2346823851214808, 1.549615740776062, 2.1546857357025146
-0.6598199049579065, -2.1516178289996546, -1.2762630621539515, -1.2346938292132776, 1.5496397018432617, 2.154709815979004
-0.6598556677447718, -2.1516297499286097, -1.2762749830829065, -1.2346823851214808, 1.5496517419815063, 2.1546497344970703
-0.6598437468158167, -2.1516297499286097, -1.2762511412249964, -1.2346342245685022, 1.5495797395706177, 2.1546738147735596
-0.6598437468158167, -2.1516416708575647, -1.2762630621539515, -1.2346699873553675, 1.549615740776062, 2.1546738147735596
-0.6598318258868616, -2.1516297499286097, -1.276238743458883, -1.2346580664264124, 1.549615740776062, 2.154697895050049
-0.6598437468158167, -2.1516059080706995, -1.2762749830829065, -1.2346461454974573, 1.549675703048706, 2.1546618938446045
-0.6598318258868616, -2.1516178289996546, -1.2762630621539515, -1.234718147908346, 1.5497595071792603, 2.154697895050049
-0.6598437468158167, -2.1516297499286097, -1.2762869040118616, -1.234598461781637, 1.5497595071792603, 2.154697895050049
-0.6598318258868616, -2.1515939871417444, -1.2762869040118616, -1.2345860640155237, 1.5497115850448608, 2.1546738147735596
-0.6598675886737269, -2.1516059080706995, -1.2762988249408167, -1.2346342245685022, 1.549603819847107, 2.154709815979004
-0.6598318258868616, -2.1516059080706995, -1.2762511412249964, -1.234598461781637, 1.5496397018432617, 2.154697895050049
-0.6598437468158167, -2.1516178289996546, -1.2762630621539515, -1.2346223036395472, 1.5496636629104614, 2.1546857357025146
-0.6598318258868616, -2.1516178289996546, -1.2762749830829065, -1.2345860640155237, 1.5496517419815063, 2.154721736907959
-0.6598556677447718, -2.1516059080706995, -1.2762749830829065, -1.2346223036395472, 1.5496517419815063, 2.154697895050049
-0.6598318258868616, -2.1516178289996546, -1.2762630621539515, -1.234598461781637, 1.5496996641159058, 2.1546857357025146
-0.6598199049579065, -2.1516178289996546, -1.2762869040118616, -1.2346099058734339, 1.5496277809143066, 2.1546738147735596
-0.6598437468158167, -2.1516178289996546, -1.2762988249408167, -1.2346223036395472, 1.5496876239776611, 2.1546857357025146
-0.6598437468158167, -2.1515820662127894, -1.2762869040118616, -1.2346223036395472, 1.549675703048706, 2.1546857357025146
-0.6598437468158167, -2.1516178289996546, -1.2763350645648401, -1.2346342245685022, 1.5496636629104614, 2.1546618938446045
-0.6598675886737269, -2.1516297499286097, -1.2762630621539515, -1.2346223036395472, 1.5496517419815063, 2.154709815979004
-0.6598795096026819, -2.151569668446676, -1.276238743458883, -1.2346461454974573, 1.549675703048706, 2.154697895050049
-0.6598556677447718, -2.151569668446676, -1.2762869040118616, -1.2346580664264124, 1.549675703048706, 2.1546738147735596
-0.6598437468158167, -2.1515939871417444, -1.2762630621539515, -1.2346342245685022, 1.5496996641159058, 2.1546378135681152
-0.6598199049579065, -2.151114288960592, -1.276095215474264, -1.2345145384417933, 1.5496636629104614, 2.1546738147735596
-0.6598437468158167, -2.1511505285846155, -1.275998894368307, -1.2344186941729944, 1.5496636629104614, 2.154709815979004
-0.6598556677447718, -2.1516059080706995, -1.2760594526873987, -1.2345860640155237, 1.549615740776062, 2.1546497344970703
-0.6598437468158167, -2.1516416708575647, -1.2762869040118616, -1.2346223036395472, 1.5497115850448608, 2.154697895050049
-0.6598556677447718, -2.15165359178652, -1.276238743458883, -1.2345860640155237, 1.549675703048706, 2.154697895050049
-0.6598437468158167, -2.1516297499286097, -1.2762869040118616, -1.2346099058734339, 1.5496996641159058, 2.1546738147735596
-0.6598318258868616, -2.15165359178652, -1.2762630621539515, -1.2346099058734339, 1.5496517419815063, 2.1546857357025146
-0.6598556677447718, -2.1516059080706995, -1.2762869040118616, -1.234598461781637, 1.5496277809143066, 2.154733657836914
-0.6598318258868616, -2.1516178289996546, -1.2762988249408167, -1.2345860640155237, 1.5496876239776611, 2.154697895050049
-0.6598675886737269, -2.1516297499286097, -1.2762869040118616, -1.234598461781637, 1.5496636629104614, 2.1546738147735596
-0.6598437468158167, -2.1516178289996546, -1.2763107458697718, -1.234598461781637, 1.5496517419815063, 2.1546738147735596
-0.6598675886737269, -2.15165359178652, -1.2762988249408167, -1.2346099058734339, 1.5496397018432617, 2.1546738147735596
-0.6598556677447718, -2.1516416708575647, -1.2763107458697718, -1.2346580664264124, 1.549603819847107, 2.1546497344970703
-0.6598556677447718, -2.1516178289996546, -1.2762988249408167, -1.2346099058734339, 1.5497115850448608, 2.154709815979004
-0.6598318258868616, -2.1516178289996546, -1.2763226667987269, -1.234730068837301, 1.5496996641159058, 2.1546738147735596
-0.6598556677447718, -2.1516178289996546, -1.2762630621539515, -1.2346699873553675, 1.5496517419815063, 2.1546497344970703
-0.6598318258868616, -2.15165359178652, -1.2762988249408167, -1.234718147908346, 1.5496277809143066, 2.1546618938446045
-0.6598556677447718, -2.1516416708575647, -1.2762749830829065, -1.234598461781637, 1.5496636629104614, 2.1546738147735596
-0.6598675886737269, -2.1516416708575647, -1.2762988249408167, -1.2346223036395472, 1.549615740776062, 2.1546497344970703
-0.6598437468158167, -2.15165359178652, -1.2763226667987269, -1.2345145384417933, 1.5496517419815063, 2.1546378135681152
-0.6598556677447718, -2.1516416708575647, -1.2762869040118616, -1.23450214067568, 1.5496397018432617, 2.1546738147735596
-0.6598199049579065, -2.1516178289996546, -1.2763107458697718, -1.2345264593707483, 1.5496636629104614, 2.1546738147735596
-0.6598437468158167, -2.1516178289996546, -1.2762869040118616, -1.2345741430865687, 1.5496876239776611, 2.154697895050049
-0.6598437468158167, -2.15165359178652, -1.2762749830829065, -1.2345622221576136, 1.5496636629104614, 2.1546738147735596
-0.6598318258868616, -2.1516416708575647, -1.2763107458697718, -1.2345860640155237, 1.5496636629104614, 2.1546857357025146
-0.6598318258868616, -2.151665512715475, -1.2763107458697718, -1.234598461781637, 1.5496636629104614, 2.1546618938446045
-0.6598318258868616, -2.151677910481588, -1.2763107458697718, -1.2345622221576136, 1.5496277809143066, 2.1546857357025146
-0.6598437468158167, -2.1516178289996546, -1.2762988249408167, -1.2345741430865687, 1.5496517419815063, 2.154709815979004
-0.6598556677447718, -2.1516178289996546, -1.2762869040118616, -1.2345383802997034, 1.5496636629104614, 2.1546857357025146
-0.6598556677447718, -2.1516178289996546, -1.2762988249408167, -1.2346342245685022, 1.5496277809143066, 2.154721736907959
-0.6598318258868616, -2.15165359178652, -1.2763350645648401, -1.2346223036395472, 1.5496517419815063, 2.1546618938446045
-0.6598795096026819, -2.151665512715475, -1.2763226667987269, -1.234598461781637, 1.5496517419815063, 2.1546618938446045
-0.6598437468158167, -2.1516297499286097, -1.2763226667987269, -1.2346580664264124, 1.549615740776062, 2.1546738147735596
-0.6598199049579065, -2.1516297499286097, -1.2762988249408167, -1.2346342245685022, 1.5496517419815063, 2.1546497344970703
-0.6598318258868616, -2.15165359178652, -1.2763107458697718, -1.2346099058734339, 1.5496517419815063, 2.1546497344970703
-0.6598556677447718, -2.1516297499286097, -1.2763350645648401, -1.2345741430865687, 1.5496517419815063, 2.1546857357025146
-0.6598437468158167, -2.1516059080706995, -1.276346508656637, -1.2346342245685022, 1.549615740776062, 2.15462589263916
-0.6598437468158167, -2.1516416708575647, -1.2763350645648401, -1.2346223036395472, 1.5496636629104614, 2.1546857357025146
-0.6598199049579065, -2.1516178289996546, -1.2763107458697718, -1.2345741430865687, 1.549675703048706, 2.1546857357025146
-0.6598556677447718, -2.1516059080706995, -1.2763226667987269, -1.2346099058734339, 1.5496397018432617, 2.154709815979004
-0.6598318258868616, -2.15165359178652, -1.2762749830829065, -1.2345860640155237, 1.549675703048706, 2.154697895050049
-0.6598556677447718, -2.1516416708575647, -1.2762869040118616, -1.2346099058734339, 1.5496876239776611, 2.154709815979004
-0.6598675886737269, -2.15165359178652, -1.2762988249408167, -1.2345622221576136, 1.549615740776062, 2.1546738147735596
-0.6598199049579065, -2.1516178289996546, -1.2762988249408167, -1.2345860640155237, 1.5496517419815063, 2.15462589263916
-0.6598437468158167, -2.151665512715475, -1.2762988249408167, -1.2346342245685022, 1.5496277809143066, 2.154709815979004
-0.6597960630999964, -2.1516059080706995, -1.2762869040118616, -1.2346580664264124, 1.549615740776062, 2.1546378135681152
-0.6598556677447718, -2.15165359178652, -1.2763226667987269, -1.2345860640155237, 1.5496277809143066, 2.1546618938446045
-0.6598437468158167, -2.1516416708575647, -1.2762988249408167, -1.2346342245685022, 1.5496397018432617, 2.1546497344970703
-0.6598556677447718, -2.1516416708575647, -1.2762869040118616, -1.2346223036395472, 1.5496277809143066, 2.1546497344970703
-0.6598675886737269, -2.1516178289996546, -1.2762869040118616, -1.2345622221576136, 1.549675703048706, 2.1546738147735596
-0.6598079840289515, -2.15165359178652, -1.2762749830829065, -1.2345860640155237, 1.5496517419815063, 2.1546857357025146
-0.6598199049579065, -2.1516178289996546, -1.2763226667987269, -1.2346342245685022, 1.549675703048706, 2.1546738147735596
-0.6598437468158167, -2.1516416708575647, -1.2763226667987269, -1.2346223036395472, 1.5496876239776611, 2.1546738147735596
-0.6598079840289515, -2.1516178289996546, -1.2763107458697718, -1.2346223036395472, 1.5496277809143066, 2.1546378135681152
-0.6598556677447718, -2.1516416708575647, -1.2763226667987269, -1.2346099058734339, 1.5496397018432617, 2.1546378135681152
-0.6598795096026819, -2.1516297499286097, -1.2762869040118616, -1.2346823851214808, 1.5496397018432617, 2.15462589263916
-0.6598199049579065, -2.1516297499286097, -1.2762749830829065, -1.2346461454974573, 1.5496517419815063, 2.1546618938446045
-0.6598199049579065, -2.1516416708575647, -1.2763350645648401, -1.2346699873553675, 1.549675703048706, 2.1546738147735596
-0.6598556677447718, -2.1516178289996546, -1.2762869040118616, -1.2346099058734339, 1.5496636629104614, 2.1546857357025146
-0.6598795096026819, -2.151677910481588, -1.2763107458697718, -1.2346342245685022, 1.5496517419815063, 2.1546738147735596
-0.6598437468158167, -2.1516416708575647, -1.2763107458697718, -1.2345860640155237, 1.5496277809143066, 2.1546857357025146
-0.6598675886737269, -2.1516416708575647, -1.2763226667987269, -1.2345622221576136, 1.5496636629104614, 2.1546738147735596
-0.6598556677447718, -2.1516416708575647, -1.2762988249408167, -1.234598461781637, 1.5496996641159058, 2.154709815979004
-0.6598318258868616, -2.1516297499286097, -1.2763107458697718, -1.2345860640155237, 1.5496517419815063, 2.1546857357025146
-0.6598437468158167, -2.15165359178652, -1.2763226667987269, -1.234598461781637, 1.5496277809143066, 2.1546857357025146
-0.6593759695636194, -2.1528409163104456, -1.274668041859762, -1.2354005018817347, 1.5496277809143066, 2.1552135944366455
-0.6553695837603968, -2.160119358693258, -1.2627223173724573, -1.2401202360736292, 1.5494123697280884, 2.1589088439941406
-0.6482561270343226, -2.1740644613849085, -1.2397778669940394, -1.2489960829364222, 1.548980951309204, 2.1662750244140625
-0.6402190367328089, -2.1898682753192347, -1.2134035269366663, -1.2591536680804651, 1.5487653017044067, 2.1743972301483154
-0.635744873677389, -2.199784580861227, -1.197259251271383, -1.26616079012026, 1.5482139587402344, 2.1787283420562744
-0.6346171537982386, -2.202003304158346, -1.1933015028582972, -1.2673590818988245, 1.5482499599456787, 2.1799638271331787
-0.6345213095294397, -2.201979462300436, -1.1933015028582972, -1.2673948446856897, 1.5481780767440796, 2.180108070373535
-0.6344736258136194, -2.202027146016256, -1.1933134237872522, -1.2675145308123987, 1.5481780767440796, 2.1801559925079346
-0.6344130674945276, -2.2021711508380335, -1.1933015028582972, -1.2676108519183558, 1.5482499599456787, 2.1801440715789795
-0.634437386189596, -2.2021830717669886, -1.1932891050921839, -1.2676227728473108, 1.5482499599456787, 2.1801321506500244
-0.6344011465655726, -2.202218834553854, -1.1932891050921839, -1.2674430052386683, 1.5482858419418335, 2.1803836822509766
-0.6343892256366175, -2.2021949926959437, -1.1932891050921839, -1.26776630083193, 1.548225998878479, 2.1801199913024902
-0.6343892256366175, -2.2021830717669886, -1.1932891050921839, -1.267526928578512, 1.548237919807434, 2.180180072784424
-0.6343892256366175, -2.2021830717669886, -1.1933134237872522, -1.2674067656146448, 1.5482858419418335, 2.180191993713379
-0.6343653837787073, -2.2021830717669886, -1.1932414213763636, -1.2675030867206019, 1.548225998878479, 2.180203914642334
-0.6343539396869105, -2.2021949926959437, -1.1933253447162073, -1.2675626913653772, 1.548225998878479, 2.1801559925079346
-0.6343653837787073, -2.2021592299090784, -1.1932652632342737, -1.267419163380758, 1.5482739210128784, 2.180203914642334
-0.6343773047076624, -2.2021830717669886, -1.1932891050921839, -1.2674067656146448, 1.5483218431472778, 2.1802639961242676
-0.6343892256366175, -2.2021830717669886, -1.1932891050921839, -1.2674668470965784, 1.5481780767440796, 2.1801321506500244
-0.6343892256366175, -2.2021592299090784, -1.1932891050921839, -1.267526928578512, 1.5481899976730347, 2.1801559925079346
-0.6343773047076624, -2.2021830717669886, -1.1932652632342737, -1.267526928578512, 1.548106074333191, 2.180180072784424
-0.6343892256366175, -2.2021711508380335, -1.1932414213763636, -1.2675865332232874, 1.5481780767440796, 2.180108070373535
-0.6343892256366175, -2.2021949926959437, -1.193277661000387, -1.2675746122943323, 1.5480701923370361, 2.180203914642334
-0.6343653837787073, -2.2021830717669886, -1.1932891050921839, -1.2675626913653772, 1.5481420755386353, 2.1801321506500244
-0.6343773047076624, -2.2021711508380335, -1.1933015028582972, -1.267538849507467, 1.5479986667633057, 2.1801440715789795
-0.6343773047076624, -2.2021711508380335, -1.193277661000387, -1.2677186171161097, 1.5479986667633057, 2.180084228515625
-0.6343892256366175, -2.2021830717669886, -1.1932652632342737, -1.2676704565631312, 1.5481181144714355, 2.180072069168091
-0.6344011465655726, -2.2021711508380335, -1.1932652632342737, -1.2676108519183558, 1.5480941534042358, 2.1801321506500244
-0.634437386189596, -2.2021711508380335, -1.1932652632342737, -1.2675746122943323, 1.5480222702026367, 2.18009614944458
-0.6344011465655726, -2.2021711508380335, -1.1932891050921839, -1.2674668470965784, 1.5483218431472778, 2.18009614944458
-0.6344130674945276, -2.2021711508380335, -1.193277661000387, -1.2675145308123987, 1.5483577251434326, 2.1801199913024902
-0.6344011465655726, -2.202146832142965, -1.1932891050921839, -1.2675030867206019, 1.5481780767440796, 2.180108070373535
-0.6343892256366175, -2.2021711508380335, -1.1932891050921839, -1.267526928578512, 1.5481539964675903, 2.1801199913024902
-0.6343892256366175, -2.2021711508380335, -1.1932652632342737, -1.2674906889544886, 1.548166036605835, 2.1801440715789795
-0.6343773047076624, -2.2021711508380335, -1.193277661000387, -1.267526928578512, 1.5481780767440796, 2.1801199913024902
-0.6344254652606409, -2.202146832142965, -1.1932891050921839, -1.267430607472555, 1.5479986667633057, 2.180084228515625
-0.6343653837787073, -2.2021592299090784, -1.1932891050921839, -1.2675145308123987, 1.5481780767440796, 2.180072069168091
-0.6344011465655726, -2.2021711508380335, -1.1932891050921839, -1.267526928578512, 1.548237919807434, 2.18009614944458
-0.6344011465655726, -2.2021830717669886, -1.1932533423053187, -1.2675507704364222, 1.5482978820800781, 2.1801440715789795
-0.6343892256366175, -2.2021830717669886, -1.1932652632342737, -1.2674787680255335, 1.5481420755386353, 2.18009614944458
-0.6343773047076624, -2.2021592299090784, -1.1932891050921839, -1.2675030867206019, 1.5482858419418335, 2.1801321506500244
-0.6343892256366175, -2.2021592299090784, -1.1932652632342737, -1.2674906889544886, 1.548225998878479, 2.1801199913024902
-0.6344011465655726, -2.2021711508380335, -1.193277661000387, -1.2675030867206019, 1.5482139587402344, 2.18009614944458
-0.6344130674945276, -2.2021592299090784, -1.1933015028582972, -1.2675145308123987, 1.5481780767440796, 2.180108070373535
-0.6343892256366175, -2.2021592299090784, -1.1932891050921839, -1.2675145308123987, 1.5482020378112793, 2.1801440715789795
-0.6343892256366175, -2.2021711508380335, -1.1932533423053187, -1.2675145308123987, 1.5482499599456787, 2.1801440715789795
-0.6344011465655726, -2.20213491121401, -1.1932533423053187, -1.2675030867206019, 1.5481899976730347, 2.1801321506500244
-0.6344011465655726, -2.2021711508380335, -1.1932652632342737, -1.2675030867206019, 1.5482020378112793, 2.180108070373535
-0.6343773047076624, -2.202146832142965, -1.193277661000387, -1.2675030867206019, 1.5482858419418335, 2.1801321506500244
-0.6343892256366175, -2.2021830717669886, -1.1932891050921839, -1.2674549261676233, 1.548237919807434, 2.18009614944458
-0.6343892256366175, -2.2021711508380335, -1.1932652632342737, -1.2675145308123987, 1.5482499599456787, 2.1801440715789795
-0.6344011465655726, -2.2021711508380335, -1.1932891050921839, -1.267538849507467, 1.5482739210128784, 2.1801321506500244
-0.6343653837787073, -2.2021711508380335, -1.1933134237872522, -1.2674906889544886, 1.5482618808746338, 2.180108070373535
-0.6344130674945276, -2.2021830717669886, -1.193277661000387, -1.2675507704364222, 1.5482499599456787, 2.1801199913024902
-0.6344130674945276, -2.2021711508380335, -1.1932652632342737, -1.267538849507467, 1.5482858419418335, 2.1801321506500244
-0.6343773047076624, -2.20213491121401, -1.1932891050921839, -1.2675030867206019, 1.5482618808746338, 2.1801321506500244
-0.6343773047076624, -2.2021830717669886, -1.1932652632342737, -1.267526928578512, 1.548237919807434, 2.1801440715789795
-0.6344130674945276, -2.2021711508380335, -1.1933015028582972, -1.267538849507467, 1.548225998878479, 2.180084228515625
-0.6344130674945276, -2.2021711508380335, -1.1932414213763636, -1.2674787680255335, 1.5482139587402344, 2.1801321506500244
-0.6344011465655726, -2.202146832142965, -1.1932533423053187, -1.267538849507467, 1.5481899976730347, 2.1801199913024902
-0.6343773047076624, -2.202146832142965, -1.1932891050921839, -1.2675030867206019, 1.5481780767440796, 2.1801440715789795
-0.6343892256366175, -2.2021949926959437, -1.193277661000387, -1.2675030867206019, 1.5482739210128784, 2.18009614944458
-0.6343892256366175, -2.2021949926959437, -1.193277661000387, -1.2675030867206019, 1.548237919807434, 2.1801199913024902
-0.6343653837787073, -2.2021830717669886, -1.1932891050921839, -1.2675030867206019, 1.5482618808746338, 2.1801199913024902
-0.6343773047076624, -2.2021949926959437, -1.193277661000387, -1.2675145308123987, 1.5481899976730347, 2.180108070373535
-0.6344130674945276, -2.202146832142965, -1.193277661000387, -1.267526928578512, 1.5481420755386353, 2.1801199913024902
-0.6343892256366175, -2.2021711508380335, -1.1933015028582972, -1.2675030867206019, 1.5481780767440796, 2.180084228515625
-0.6343653837787073, -2.202146832142965, -1.1932891050921839, -1.2675145308123987, 1.5481539964675903, 2.18009614944458
-0.6344130674945276, -2.2021592299090784, -1.193277661000387, -1.2675145308123987, 1.5481420755386353, 2.1801321506500244
-0.6344254652606409, -2.2021592299090784, -1.193277661000387, -1.2675145308123987, 1.5481539964675903, 2.18009614944458
-0.6344130674945276, -2.202146832142965, -1.193277661000387, -1.2675145308123987, 1.5481780767440796, 2.180108070373535
-0.6343892256366175, -2.2021711508380335, -1.1932891050921839, -1.2675145308123987, 1.5481780767440796, 2.1801559925079346
-0.6344254652606409, -2.2021711508380335, -1.193277661000387, -1.267538849507467, 1.5481420755386353, 2.1801559925079346
-0.6343653837787073, -2.2021830717669886, -1.1932533423053187, -1.267538849507467, 1.5481420755386353, 2.180108070373535
-0.6343892256366175, -2.2021711508380335, -1.1932891050921839, -1.2675030867206019, 1.5481420755386353, 2.180108070373535
-0.6344254652606409, -2.202122990285055, -1.1932652632342737, -1.2675507704364222, 1.5481899976730347, 2.1801440715789795
-0.6343539396869105, -2.202146832142965, -1.1932414213763636, -1.2675145308123987, 1.5481780767440796, 2.1801559925079346
-0.6343892256366175, -2.2021711508380335, -1.193277661000387, -1.2674787680255335, 1.548166036605835, 2.1801321506500244
-0.6344011465655726, -2.2021110693561, -1.1932891050921839, -1.267526928578512, 1.5481181144714355, 2.1801199913024902
-0.6344011465655726, -2.202146832142965, -1.1932652632342737, -1.267538849507467, 1.548166036605835, 2.180108070373535
-0.6343892256366175, -2.2021592299090784, -1.1932652632342737, -1.2675145308123987, 1.5481300354003906, 2.1801321506500244
-0.6343892256366175, -2.2021711508380335, -1.193277661000387, -1.267538849507467, 1.5481300354003906, 2.1801321506500244
-0.6343892256366175, -2.2021830717669886, -1.1932891050921839, -1.2675030867206019, 1.548166036605835, 2.1801440715789795
-0.6343415419207972, -2.202146832142965, -1.1933253447162073, -1.2675145308123987, 1.548166036605835, 2.1801559925079346
-0.6344130674945276, -2.2021711508380335, -1.1932652632342737, -1.2674906889544886, 1.548166036605835, 2.1801199913024902
-0.6343539396869105, -2.2021830717669886, -1.1932891050921839, -1.267526928578512, 1.5481300354003906, 2.1801321506500244
-0.6344011465655726, -2.2021711508380335, -1.1932891050921839, -1.267526928578512, 1.5481300354003906, 2.1801321506500244
-0.6344011465655726, -2.202146832142965, -1.1932652632342737, -1.2675030867206019, 1.5481300354003906, 2.180108070373535
-0.6343773047076624, -2.202146832142965, -1.1932891050921839, -1.2674906889544886, 1.5480941534042358, 2.1801321506500244
-0.6343653837787073, -2.202146832142965, -1.1932891050921839, -1.2675030867206019, 1.5481420755386353, 2.1801199913024902
-0.6343653837787073, -2.2021830717669886, -1.1933134237872522, -1.2675145308123987, 1.5481539964675903, 2.1801559925079346
-0.6344130674945276, -2.202146832142965, -1.1933134237872522, -1.2675145308123987, 1.5481181144714355, 2.1801199913024902
-0.6344130674945276, -2.2021830717669886, -1.193277661000387, -1.2675145308123987, 1.5481300354003906, 2.1801199913024902
-0.6343892256366175, -2.2021711508380335, -1.1932891050921839, -1.267538849507467, 1.5481539964675903, 2.1801559925079346
-0.6343653837787073, -2.2021711508380335, -1.193277661000387, -1.2675507704364222, 1.548166036605835, 2.180084228515625
-0.6344011465655726, -2.2021711508380335, -1.1932533423053187, -1.2675145308123987, 1.5481420755386353, 2.1801440715789795
-0.6344130674945276, -2.2021711508380335, -1.1933015028582972, -1.2675507704364222, 1.5481539964675903, 2.1801321506500244
-0.6344130674945276, -2.2021592299090784, -1.1933015028582972, -1.267538849507467, 1.5481420755386353, 2.1801321506500244
-0.6343892256366175, -2.202146832142965, -1.1933134237872522, -1.2674906889544886, 1.5481420755386353, 2.1801321506500244
-0.6343653837787073, -2.2021711508380335, -1.1932533423053187, -1.2675626913653772, 1.5481420755386353, 2.18009614944458
-0.6344011465655726, -2.2021592299090784, -1.1932652632342737, -1.2675030867206019, 1.5481539964675903, 2.18009614944458
-0.6344130674945276, -2.2021711508380335, -1.193277661000387, -1.267526928578512, 1.5481181144714355, 2.1801440715789795
-0.6343773047076624, -2.2021592299090784, -1.1932414213763636, -1.2675746122943323, 1.5481300354003906, 2.180180072784424
-0.6343892256366175, -2.2021830717669886, -1.1932652632342737, -1.267538849507467, 1.5481420755386353, 2.1801321506500244
-0.6343653837787073, -2.202146832142965, -1.1932891050921839, -1.267538849507467, 1.5481420755386353, 2.1801321506500244
-0.6343653837787073, -2.202146832142965, -1.1932891050921839, -1.2675507704364222, 1.5481300354003906, 2.1801679134368896
-0.6344130674945276, -2.2021592299090784, -1.193277661000387, -1.2675626913653772, 1.5481539964675903, 2.1801559925079346
-0.6344011465655726, -2.202146832142965, -1.1932891050921839, -1.267538849507467, 1.5481780767440796, 2.1801199913024902
-0.6343892256366175, -2.2021711508380335, -1.193277661000387, -1.2674787680255335, 1.5480105876922607, 2.180108070373535
-0.6344011465655726, -2.2021711508380335, -1.193277661000387, -1.267538849507467, 1.5481181144714355, 2.1801679134368896
-0.6343892256366175, -2.2021830717669886, -1.1932533423053187, -1.2674906889544886, 1.5481420755386353, 2.180180072784424
-0.6343653837787073, -2.202122990285055, -1.1932652632342737, -1.2675145308123987, 1.5481420755386353, 2.1801321506500244
-0.6343892256366175, -2.2021949926959437, -1.193277661000387, -1.2675507704364222, 1.5481420755386353, 2.18009614944458
-0.6344130674945276, -2.2021592299090784, -1.1932652632342737, -1.2675030867206019, 1.5481539964675903, 2.1801321506500244
-0.6343892256366175, -2.2021592299090784, -1.193277661000387, -1.267526928578512, 1.548237919807434, 2.1801440715789795
-0.6343773047076624, -2.2021592299090784, -1.1933134237872522, -1.267526928578512, 1.5482020378112793, 2.180084228515625
-0.6343653837787073, -2.2021711508380335, -1.193277661000387, -1.267526928578512, 1.548225998878479, 2.1801559925079346
-0.6343773047076624, -2.2021592299090784, -1.1932533423053187, -1.2675507704364222, 1.548237919807434, 2.1801559925079346
-0.6344011465655726, -2.202146832142965, -1.1932891050921839, -1.2674668470965784, 1.5481899976730347, 2.1801199913024902
-0.6343773047076624, -2.2021711508380335, -1.193277661000387, -1.2675145308123987, 1.5482139587402344, 2.1801679134368896
-0.6344130674945276, -2.2021711508380335, -1.193277661000387, -1.2674787680255335, 1.548237919807434, 2.180108070373535
-0.6344011465655726, -2.2021592299090784, -1.193277661000387, -1.2675145308123987, 1.5482139587402344, 2.1801199913024902
-0.6343892256366175, -2.2021830717669886, -1.1932533423053187, -1.267526928578512, 1.548225998878479, 2.180108070373535
-0.6343539396869105, -2.2021592299090784, -1.1933134237872522, -1.267538849507467, 1.5482739210128784, 2.180108070373535
-0.6343892256366175, -2.202146832142965, -1.1932891050921839, -1.267526928578512, 1.548225998878479, 2.1801321506500244
-0.6344011465655726, -2.20213491121401, -1.1933253447162073, -1.267538849507467, 1.5482020378112793, 2.18009614944458
-0.6344011465655726, -2.2021711508380335, -1.1932652632342737, -1.2674668470965784, 1.548166036605835, 2.1801321506500244
-0.6344011465655726, -2.2021711508380335, -1.193277661000387, -1.2674787680255335, 1.5481899976730347, 2.1801321506500244
-0.6344011465655726, -2.2021711508380335, -1.1932295004474085, -1.2674549261676233, 1.5481181144714355, 2.1801679134368896
-0.6343892256366175, -2.2021711508380335, -1.1932533423053187, -1.267526928578512, 1.548225998878479, 2.180108070373535
-0.6343892256366175, -2.202122990285055, -1.193277661000387, -1.2674668470965784, 1.548237919807434, 2.1801199913024902
-0.6343773047076624, -2.2021711508380335, -1.1932533423053187, -1.2674906889544886, 1.5482978820800781, 2.1801679134368896
-0.6343653837787073, -2.2021592299090784, -1.1932652632342737, -1.2675145308123987, 1.5482739210128784, 2.1801440715789795
-0.6343892256366175, -2.2021592299090784, -1.1932652632342737, -1.2675507704364222, 1.5481780767440796, 2.180108070373535
-0.6344130674945276, -2.2021711508380335, -1.1932652632342737, -1.2675145308123987, 1.5481780767440796, 2.18009614944458
-0.6343773047076624, -2.2021830717669886, -1.1932533423053187, -1.267526928578512, 1.5482020378112793, 2.1801199913024902
-0.6343773047076624, -2.2021830717669886, -1.1932652632342737, -1.2674787680255335, 1.548166036605835, 2.180108070373535
-0.6344130674945276, -2.2021592299090784, -1.193277661000387, -1.2675030867206019, 1.5481300354003906, 2.1801440715789795
-0.6343653837787073, -2.202146832142965, -1.1932414213763636, -1.2675145308123987, 1.5481420755386353, 2.1801199913024902
-0.6343892256366175, -2.20213491121401, -1.1932652632342737, -1.267526928578512, 1.5481539964675903, 2.1801440715789795
-0.6343539396869105, -2.202146832142965, -1.1932891050921839, -1.2675145308123987, 1.5481899976730347, 2.1801440715789795
-0.6343773047076624, -2.202146832142965, -1.1932891050921839, -1.267526928578512, 1.548166036605835, 2.1801321506500244
-0.6344011465655726, -2.2021592299090784, -1.1932533423053187, -1.2675145308123987, 1.5481780767440796, 2.1801199913024902
-0.6343773047076624, -2.2021711508380335, -1.1932414213763636, -1.267538849507467, 1.5481539964675903, 2.180108070373535
-0.6344130674945276, -2.202146832142965, -1.1932533423053187, -1.2675145308123987, 1.5481420755386353, 2.180108070373535
-0.6343653837787073, -2.2021949926959437, -1.1932891050921839, -1.267538849507467, 1.5481539964675903, 2.180108070373535
-0.6343653837787073, -2.2021711508380335, -1.1932652632342737, -1.2675507704364222, 1.5481780767440796, 2.1801440715789795
-0.6344130674945276, -2.2021711508380335, -1.1932891050921839, -1.2675865332232874, 1.5481300354003906, 2.1801440715789795
-0.6343892256366175, -2.202146832142965, -1.1932652632342737, -1.2676227728473108, 1.548106074333191, 2.18009614944458
-0.6344011465655726, -2.2021711508380335, -1.193277661000387, -1.267646614705221, 1.5480821132659912, 2.180084228515625
-0.6344011465655726, -2.202146832142965, -1.193277661000387, -1.267658535634176, 1.5481420755386353, 2.18009614944458
-0.6343892256366175, -2.2021830717669886, -1.193277661000387, -1.2674067656146448, 1.5481181144714355, 2.1801559925079346
-0.6343773047076624, -2.202146832142965, -1.1932891050921839, -1.2673352400409144, 1.5480941534042358, 2.1801199913024902
-0.6343653837787073, -2.2021592299090784, -1.1933015028582972, -1.267526928578512, 1.5480941534042358, 2.180072069168091
-0.6343892256366175, -2.2021949926959437, -1.1932652632342737, -1.2675984541522425, 1.548106074333191, 2.1800601482391357
-0.6343892256366175, -2.2021711508380335, -1.193277661000387, -1.2677186171161097, 1.5481181144714355, 2.18009614944458
-0.6343892256366175, -2.202146832142965, -1.1932652632342737, -1.2675507704364222, 1.5480821132659912, 2.18009614944458
-0.6344254652606409, -2.2021592299090784, -1.193277661000387, -1.2675865332232874, 1.5480341911315918, 2.180108070373535
-0.6343773047076624, -2.20213491121401, -1.1932652632342737, -1.2675865332232874, 1.548106074333191, 2.180084228515625
-0.6343773047076624, -2.2021949926959437, -1.1932652632342737, -1.2676108519183558, 1.5481539964675903, 2.1800601482391357
-0.6344011465655726, -2.2021830717669886, -1.1932891050921839, -1.2675984541522425, 1.5480941534042358, 2.180084228515625
-0.6344130674945276, -2.2021711508380335, -1.1932891050921839, -1.267538849507467, 1.5480341911315918, 2.18009614944458
-0.6343773047076624, -2.2021592299090784, -1.1932891050921839, -1.2675626913653772, 1.5480701923370361, 2.180072069168091
-0.6343892256366175, -2.2021830717669886, -1.1932891050921839, -1.2675865332232874, 1.548225998878479, 2.1800601482391357
-0.6344130674945276, -2.2021830717669886, -1.1932891050921839, -1.2675746122943323, 1.5481780767440796, 2.1800482273101807
-0.6344130674945276, -2.2021592299090784, -1.1933134237872522, -1.2675145308123987, 1.5482739210128784, 2.180108070373535
-0.6344011465655726, -2.2021830717669886, -1.1932891050921839, -1.267430607472555, 1.5482618808746338, 2.18009614944458
-0.6343539396869105, -2.20213491121401, -1.1933015028582972, -1.2674668470965784, 1.5481899976730347, 2.18009614944458
-0.6343892256366175, -2.202146832142965, -1.1932652632342737, -1.2674787680255335, 1.5481300354003906, 2.1801199913024902
-0.6344011465655726, -2.2021949926959437, -1.1932891050921839, -1.2675030867206019, 1.5481300354003906, 2.18009614944458
-0.6343892256366175, -2.2021592299090784, -1.1933253447162073, -1.2674668470965784, 1.5481539964675903, 2.18009614944458
-0.6344130674945276, -2.2021949926959437, -1.1932652632342737, -1.267419163380758, 1.5481300354003906, 2.180084228515625
-0.6343892256366175, -2.2021830717669886, -1.1933015028582972, -1.2674668470965784, 1.5481420755386353, 2.180084228515625
-0.6343892256366175, -2.2021830717669886, -1.1933015028582972, -1.2675507704364222, 1.5480821132659912, 2.180108070373535
-0.6344011465655726, -2.2021592299090784, -1.1932891050921839, -1.2675507704364222, 1.5480941534042358, 2.18009614944458
-0.6344130674945276, -2.2021711508380335, -1.193277661000387, -1.2675030867206019, 1.548106074333191, 2.180072069168091
-0.6343892256366175, -2.2021949926959437, -1.1932891050921839, -1.2674787680255335, 1.548106074333191, 2.180072069168091
-0.6343773047076624, -2.2021592299090784, -1.1932891050921839, -1.2674668470965784, 1.5481181144714355, 2.18009614944458
-0.6343773047076624, -2.2021592299090784, -1.1932891050921839, -1.2675507704364222, 1.5481300354003906, 2.1801199913024902
-0.6343892256366175, -2.2021711508380335, -1.1933253447162073, -1.267526928578512, 1.548166036605835, 2.1801321506500244
-0.6343773047076624, -2.2021830717669886, -1.193277661000387, -1.2675030867206019, 1.5481420755386353, 2.18009614944458
-0.6344130674945276, -2.2021830717669886, -1.1932891050921839, -1.267526928578512, 1.5481300354003906, 2.18009614944458
-0.6343892256366175, -2.2021711508380335, -1.1933253447162073, -1.2675626913653772, 1.5481300354003906, 2.180084228515625
-0.6344011465655726, -2.2021830717669886, -1.1933015028582972, -1.2675145308123987, 1.5480941534042358, 2.1801199913024902
-0.6343773047076624, -2.2021949926959437, -1.193277661000387, -1.2675145308123987, 1.5480941534042358, 2.1801199913024902
-0.6344011465655726, -2.2021830717669886, -1.1932652632342737, -1.2675145308123987, 1.548166036605835, 2.1800601482391357
-0.6343892256366175, -2.202122990285055, -1.1933134237872522, -1.2675145308123987, 1.5481420755386353, 2.180084228515625
-0.6344130674945276, -2.2021711508380335, -1.1932891050921839, -1.2674906889544886, 1.5481539964675903, 2.180084228515625
-0.6344130674945276, -2.202146832142965, -1.193277661000387, -1.2675626913653772, 1.5481420755386353, 2.18009614944458
-0.6344011465655726, -2.2021592299090784, -1.193277661000387, -1.2675145308123987, 1.5481300354003906, 2.180108070373535
-0.6343773047076624, -2.2021830717669886, -1.1932891050921839, -1.2675145308123987, 1.548106074333191, 2.180084228515625
-0.6343773047076624, -2.202122990285055, -1.1932652632342737, -1.267538849507467, 1.5481181144714355, 2.18009614944458
-0.6343892256366175, -2.2021592299090784, -1.1933015028582972, -1.267526928578512, 1.5481420755386353, 2.1800601482391357
-0.6344130674945276, -2.2021711508380335, -1.1933253447162073, -1.2675507704364222, 1.5481420755386353, 2.180072069168091
-0.6344254652606409, -2.202146832142965, -1.1932891050921839, -1.267538849507467, 1.548166036605835, 2.180072069168091
-0.6343892256366175, -2.2021830717669886, -1.1933134237872522, -1.2675507704364222, 1.5481539964675903, 2.180108070373535
-0.6344011465655726, -2.2021711508380335, -1.1933134237872522, -1.2674549261676233, 1.5481780767440796, 2.18009614944458
-0.6343892256366175, -2.2021830717669886, -1.1932652632342737, -1.2674668470965784, 1.5481780767440796, 2.1801440715789795
-0.6344130674945276, -2.2021711508380335, -1.1932652632342737, -1.267430607472555, 1.5481899976730347, 2.1801199913024902
-0.6343892256366175, -2.2021592299090784, -1.1932891050921839, -1.2675030867206019, 1.5482020378112793, 2.180108070373535
-0.6343773047076624, -2.2021592299090784, -1.193277661000387, -1.2674787680255335, 1.5482139587402344, 2.1801440715789795
-0.6343773047076624, -2.2021592299090784, -1.1932533423053187, -1.2675145308123987, 1.5481899976730347, 2.1801440715789795
-0.6344130674945276, -2.2021592299090784, -1.1932533423053187, -1.2675145308123987, 1.5482139587402344, 2.18009614944458
-0.6344130674945276, -2.2021711508380335, -1.193277661000387, -1.267538849507467, 1.548225998878479, 2.1801199913024902
-0.6343892256366175, -2.2021949926959437, -1.193277661000387, -1.2675030867206019, 1.5481899976730347, 2.180072069168091
-0.6343773047076624, -2.2021592299090784, -1.1932891050921839, -1.2675030867206019, 1.5482139587402344, 2.1801199913024902
-0.6344011465655726, -2.2021830717669886, -1.193277661000387, -1.2675145308123987, 1.548237919807434, 2.180108070373535
-0.6343773047076624, -2.2021711508380335, -1.193277661000387, -1.267526928578512, 1.5482139587402344, 2.180108070373535
-0.6343892256366175, -2.2021592299090784, -1.1932652632342737, -1.267526928578512, 1.5482739210128784, 2.1801199913024902
-0.6344011465655726, -2.202146832142965, -1.1932533423053187, -1.2675145308123987, 1.5482139587402344, 2.1801440715789795
-0.6343892256366175, -2.202146832142965, -1.1932533423053187, -1.2674906889544886, 1.5482020378112793, 2.1801199913024902
-0.6343773047076624, -2.2021711508380335, -1.193277661000387, -1.2675145308123987, 1.5482020378112793, 2.180108070373535
-0.6343892256366175, -2.2021592299090784, -1.1932891050921839, -1.2675145308123987, 1.5481780767440796, 2.180108070373535
-0.6343653837787073, -2.2021711508380335, -1.1933015028582972, -1.267526928578512, 1.5482020378112793, 2.1801440715789795
-0.6343773047076624, -2.202146832142965, -1.1933015028582972, -1.2675145308123987, 1.5482020378112793, 2.1801199913024902
-0.6344130674945276, -2.202146832142965, -1.1932891050921839, -1.267538849507467, 1.548225998878479, 2.18009614944458
-0.6343892256366175, -2.20213491121401, -1.1933253447162073, -1.2675145308123987, 1.548237919807434, 2.18009614944458
-0.6343773047076624, -2.2021830717669886, -1.1932652632342737, -1.2675145308123987, 1.548166036605835, 2.1801321506500244
-0.6343773047076624, -2.2021711508380335, -1.1932652632342737, -1.267538849507467, 1.5482020378112793, 2.1801199913024902
-0.634437386189596, -2.2021711508380335, -1.1933015028582972, -1.2675030867206019, 1.5482020378112793, 2.18009614944458
-0.6343892256366175, -2.202146832142965, -1.1932891050921839, -1.2675145308123987, 1.548225998878479, 2.1801199913024902
-0.6343773047076624, -2.202146832142965, -1.1932652632342737, -1.267538849507467, 1.5482139587402344, 2.180108070373535
-0.6343773047076624, -2.2021711508380335, -1.1932891050921839, -1.267538849507467, 1.5481899976730347, 2.1801199913024902
-0.6344011465655726, -2.202146832142965, -1.1932533423053187, -1.267538849507467, 1.5482139587402344, 2.180108070373535
-0.6343653837787073, -2.2021592299090784, -1.193277661000387, -1.267538849507467, 1.548225998878479, 2.180108070373535
-0.6343892256366175, -2.2021711508380335, -1.1932652632342737, -1.267526928578512, 1.5482139587402344, 2.180084228515625
-0.6343892256366175, -2.2021592299090784, -1.1932533423053187, -1.267538849507467, 1.5482499599456787, 2.18009614944458
-0.6343773047076624, -2.202146832142965, -1.1932414213763636, -1.2675145308123987, 1.5482139587402344, 2.1801440715789795
-0.6343892256366175, -2.2021711508380335, -1.193277661000387, -1.267526928578512, 1.548225998878479, 2.1801199913024902
-0.6343892256366175, -2.2021711508380335, -1.1932652632342737, -1.2675507704364222, 1.548225998878479, 2.1801321506500244
-0.6325543562518519, -2.1992691198932093, -1.1980870405780237, -1.2658618132220667, 1.5481539964675903, 2.1818597316741943
-0.6260889212237757, -2.188993279133932, -1.2146990934955042, -1.2589500586139124, 1.5477709770202637, 2.188458204269409
-0.6170805136310022, -2.1754797140704554, -1.2366841475116175, -1.2503016630755823, 1.5469679832458496, 2.1972763538360596
-0.6123302618609827, -2.168021027241842, -1.248749081288473, -1.2462413946734827, 1.5462971925735474, 2.202134609222412
-0.611694637929098, -2.167097870503561, -1.2504890600787562, -1.2455228010760706, 1.5462253093719482, 2.2027230262756348
-0.6114786306964319, -2.167218033467428, -1.250477139149801, -1.2454388777362269, 1.5462133884429932, 2.2029027938842773
-0.6114667097674769, -2.167194191609518, -1.2506449858294886, -1.2452109495746058, 1.5462253093719482, 2.2029507160186768
-0.6114309469806116, -2.167182270680563, -1.2506688276873987, -1.245234791432516, 1.5462133884429932, 2.2029507160186768
-0.6114309469806116, -2.167218033467428, -1.2506564299212855, -1.245331112538473, 1.5462133884429932, 2.2029507160186768
-0.6114309469806116, -2.167194191609518, -1.2506325880633753, -1.2453187147723597, 1.5461890697479248, 2.2029387950897217
-0.6114190260516565, -2.167218033467428, -1.2506564299212855, -1.2453067938434046, 1.5461890697479248, 2.202974796295166
-0.6114190260516565, -2.167218033467428, -1.2506688276873987, -1.2453668753253382, 1.5462133884429932, 2.202962636947632
-0.6114071051227015, -2.167218033467428, -1.2506807486163538, -1.245331112538473, 1.5461649894714355, 2.202962636947632
-0.6113947073565882, -2.167218033467428, -1.2506564299212855, -1.2452948729144495, 1.5462013483047485, 2.202962636947632
-0.6114190260516565, -2.167218033467428, -1.2506325880633753, -1.2453907171832483, 1.5462253093719482, 2.2029507160186768
-0.6113827864276331, -2.1672423521624964, -1.2506926695453089, -1.2452948729144495, 1.5462013483047485, 2.202974796295166
-0.6114071051227015, -2.167218033467428, -1.2506807486163538, -1.2453668753253382, 1.5462133884429932, 2.202962636947632
-0.6113827864276331, -2.167206112538473, -1.2506807486163538, -1.245331112538473, 1.5461649894714355, 2.202986717224121
-0.6114309469806116, -2.167182270680563, -1.2506325880633753, -1.245331112538473, 1.5462253093719482, 2.2029507160186768
-0.6113827864276331, -2.167206112538473, -1.2506325880633753, -1.2453425566302698, 1.5461649894714355, 2.202974796295166
-0.6113947073565882, -2.167206112538473, -1.2506564299212855, -1.2453187147723597, 1.5461770296096802, 2.202974796295166
-0.6114190260516565, -2.167218033467428, -1.2506564299212855, -1.2453425566302698, 1.5461890697479248, 2.202974796295166
-0.6113827864276331, -2.1672423521624964, -1.2506564299212855, -1.2453425566302698, 1.5462133884429932, 2.202962636947632
-0.6114309469806116, -2.167218033467428, -1.2506688276873987, -1.2453067938434046, 1.5461890697479248, 2.202974796295166
-0.6114071051227015, -2.1672542730914515, -1.2506564299212855, -1.245354954396383, 1.5462013483047485, 2.2029507160186768
-0.6114428679095667, -2.167206112538473, -1.2506325880633753, -1.2453668753253382, 1.5462013483047485, 2.202962636947632
-0.6114071051227015, -2.167206112538473, -1.2506688276873987, -1.245331112538473, 1.5461770296096802, 2.2029507160186768
-0.6114428679095667, -2.167206112538473, -1.250704590474264, -1.2453187147723597, 1.5461649894714355, 2.2029507160186768
-0.6114071051227015, -2.167194191609518, -1.2506449858294886, -1.245331112538473, 1.5462013483047485, 2.202962636947632
-0.6114071051227015, -2.167194191609518, -1.2506564299212855, -1.2453187147723597, 1.5461890697479248, 2.202986717224121
-0.6114309469806116, -2.167218033467428, -1.2506807486163538, -1.245354954396383, 1.5462133884429932, 2.202986717224121
-0.6113827864276331, -2.167218033467428, -1.2506926695453089, -1.245331112538473, 1.5462013483047485, 2.2029268741607666
-0.611370865498678, -2.1672542730914515, -1.2506807486163538, -1.2453425566302698, 1.5462253093719482, 2.202986717224121
-0.6113827864276331, -2.167194191609518, -1.2506926695453089, -1.245331112538473, 1.5461890697479248, 2.202986717224121
-0.6114428679095667, -2.167182270680563, -1.2506564299212855, -1.2453787962542933, 1.5462013483047485, 2.2029268741607666
-0.6114071051227015, -2.167206112538473, -1.2506449858294886, -1.245354954396383, 1.5461770296096802, 2.202998638153076
-0.6114309469806116, -2.167194191609518, -1.2506807486163538, -1.2453187147723597, 1.5461890697479248, 2.202986717224121
-0.6114071051227015, -2.167206112538473, -1.2506807486163538, -1.2453187147723597, 1.5462013483047485, 2.202986717224121
-0.6114071051227015, -2.167218033467428, -1.250704590474264, -1.2453425566302698, 1.5462013483047485, 2.202974796295166
-0.6114071051227015, -2.1672423521624964, -1.2506564299212855, -1.2453067938434046, 1.5461890697479248, 2.2029507160186768
-0.6114071051227015, -2.167206112538473, -1.2506688276873987, -1.2453425566302698, 1.5461890697479248, 2.202974796295166
-0.6114190260516565, -2.1672304312335413, -1.2506926695453089, -1.245331112538473, 1.5462133884429932, 2.202986717224121
-0.6114190260516565, -2.167206112538473, -1.2506688276873987, -1.245331112538473, 1.5461890697479248, 2.202962636947632
-0.6113827864276331, -2.167194191609518, -1.2506564299212855, -1.2453187147723597, 1.5461890697479248, 2.202998638153076
-0.6114309469806116, -2.1672304312335413, -1.2506449858294886, -1.2453067938434046, 1.5462133884429932, 2.202986717224121
-0.6114071051227015, -2.167206112538473, -1.2506807486163538, -1.2452829519854944, 1.5461649894714355, 2.202974796295166
-0.611370865498678, -2.1672304312335413, -1.2506807486163538, -1.2452948729144495, 1.5461770296096802, 2.202986717224121
-0.6114071051227015, -2.167218033467428, -1.2506926695453089, -1.245331112538473, 1.5462013483047485, 2.202962636947632
-0.6114190260516565, -2.167206112538473, -1.2506688276873987, -1.2453187147723597, 1.5461770296096802, 2.2029507160186768
-0.6113947073565882, -2.167218033467428, -1.2507289091693323, -1.245331112538473, 1.5461649894714355, 2.2029507160186768
-0.6114071051227015, -2.167218033467428, -1.2506688276873987, -1.2453187147723597, 1.5462133884429932, 2.202986717224121
-0.6113947073565882, -2.167218033467428, -1.2506807486163538, -1.245354954396383, 1.5461770296096802, 2.202974796295166
-0.6114071051227015, -2.167218033467428, -1.2506807486163538, -1.2453425566302698, 1.5461770296096802, 2.202986717224121
-0.6114071051227015, -2.1672304312335413, -1.2506926695453089, -1.245354954396383, 1.5462133884429932, 2.202962636947632
-0.6114071051227015, -2.167218033467428, -1.2506926695453089, -1.2453425566302698, 1.5461770296096802, 2.202962636947632
-0.6113947073565882, -2.167206112538473, -1.2506926695453089, -1.245354954396383, 1.5461770296096802, 2.202974796295166
-0.6113947073565882, -2.167206112538473, -1.2506926695453089, -1.2453067938434046, 1.5461649894714355, 2.2030107975006104
-0.6114071051227015, -2.167218033467428, -1.250704590474264, -1.245354954396383, 1.5462253093719482, 2.202962636947632
-0.6114190260516565, -2.167194191609518, -1.2506564299212855, -1.2453187147723597, 1.5462253093719482, 2.202974796295166
-0.6114071051227015, -2.167218033467428, -1.2506926695453089, -1.2453425566302698, 1.5461770296096802, 2.202986717224121
-0.6114071051227015, -2.1672304312335413, -1.2506926695453089, -1.245331112538473, 1.5461649894714355, 2.202974796295166
-0.6113827864276331, -2.167194191609518, -1.2506807486163538, -1.2453187147723597, 1.5462013483047485, 2.2029507160186768
-0.6113947073565882, -2.167218033467428, -1.2506688276873987, -1.2453668753253382, 1.5461890697479248, 2.202962636947632
-0.6114071051227015, -2.167194191609518, -1.2506688276873987, -1.2453425566302698, 1.5462013483047485, 2.2029507160186768
-0.6114190260516565, -2.167218033467428, -1.2506449858294886, -1.2453067938434046, 1.5461890697479248, 2.202986717224121
-0.6114071051227015, -2.167218033467428, -1.2507403532611292, -1.2453187147723597, 1.5462013483047485, 2.202986717224121
-0.6113947073565882, -2.1672423521624964, -1.2506807486163538, -1.2453187147723597, 1.5461770296096802, 2.2029387950897217
-0.6114071051227015, -2.1672304312335413, -1.2507289091693323, -1.245354954396383, 1.5461890697479248, 2.202974796295166
-0.6114190260516565, -2.167206112538473, -1.2506688276873987, -1.2453425566302698, 1.5461770296096802, 2.2029507160186768
-0.6114071051227015, -2.167206112538473, -1.2506564299212855, -1.2453668753253382, 1.5461890697479248, 2.202962636947632
-0.6113827864276331, -2.167206112538473, -1.2506926695453089, -1.2453425566302698, 1.5461890697479248, 2.202998638153076
-0.6114071051227015, -2.1672304312335413, -1.2506564299212855, -1.245354954396383, 1.5461770296096802, 2.202986717224121
-0.6113827864276331, -2.167206112538473, -1.2506926695453089, -1.2453067938434046, 1.5461770296096802, 2.2029268741607666
-0.6113947073565882, -2.1672423521624964, -1.250704590474264, -1.2453425566302698, 1.5461890697479248, 2.202962636947632
-0.6113947073565882, -2.167218033467428, -1.2506926695453089, -1.2453187147723597, 1.5461770296096802, 2.202986717224121
-0.6113827864276331, -2.167218033467428, -1.2506926695453089, -1.2453187147723597, 1.5462013483047485, 2.202998638153076
-0.6113947073565882, -2.1672304312335413, -1.2506449858294886, -1.2453187147723597, 1.5462013483047485, 2.2030227184295654
-0.6114071051227015, -2.1672304312335413, -1.2507289091693323, -1.2453067938434046, 1.5462013483047485, 2.2029507160186768
-0.6114071051227015, -2.1672423521624964, -1.2506807486163538, -1.245331112538473, 1.5461770296096802, 2.2030107975006104
-0.6113947073565882, -2.1672423521624964, -1.250704590474264, -1.2453067938434046, 1.5462013483047485, 2.2030107975006104
-0.6113947073565882, -2.1672304312335413, -1.2506926695453089, -1.2453425566302698, 1.5462253093719482, 2.202998638153076
-0.6114071051227015, -2.1672304312335413, -1.2507403532611292, -1.2453425566302698, 1.5462013483047485, 2.202962636947632
-0.6113827864276331, -2.167218033467428, -1.250704590474264, -1.245354954396383, 1.5462013483047485, 2.2029268741607666
-0.6114309469806116, -2.167218033467428, -1.2506926695453089, -1.2453067938434046, 1.5461770296096802, 2.202974796295166
-0.611370865498678, -2.167218033467428, -1.250704590474264, -1.2453668753253382, 1.5462013483047485, 2.2029387950897217
-0.6113827864276331, -2.167194191609518, -1.2506807486163538, -1.2453187147723597, 1.5461890697479248, 2.202986717224121
-0.6114071051227015, -2.167194191609518, -1.2506926695453089, -1.2453067938434046, 1.5462013483047485, 2.2029507160186768
-0.6113827864276331, -2.167218033467428, -1.2506926695453089, -1.245354954396383, 1.5461770296096802, 2.2030107975006104
-0.6113827864276331, -2.1672304312335413, -1.2506688276873987, -1.2453187147723597, 1.5462013483047485, 2.202986717224121
-0.6113947073565882, -2.167206112538473, -1.250704590474264, -1.245354954396383, 1.5461649894714355, 2.202986717224121
-0.6113947073565882, -2.167218033467428, -1.250704590474264, -1.2453668753253382, 1.5462013483047485, 2.202962636947632
-0.6113947073565882, -2.1672304312335413, -1.2506926695453089, -1.2453425566302698, 1.5462133884429932, 2.2030107975006104
-0.6114071051227015, -2.1672304312335413, -1.2506926695453089, -1.245354954396383, 1.5462133884429932, 2.202962636947632
-0.6114190260516565, -2.167218033467428, -1.250704590474264, -1.2453067938434046, 1.5462013483047485, 2.202962636947632
-0.6114190260516565, -2.1672542730914515, -1.2506926695453089, -1.245354954396383, 1.5462253093719482, 2.2030227184295654
-0.6114071051227015, -2.1672304312335413, -1.2507527510272425, -1.2452948729144495, 1.5461649894714355, 2.2029507160186768
-0.6113947073565882, -2.1672661940204065, -1.250704590474264, -1.245354954396383, 1.5462133884429932, 2.2030107975006104
-0.6114190260516565, -2.167194191609518, -1.2506807486163538, -1.2453425566302698, 1.5462253093719482, 2.202974796295166
-0.6114071051227015, -2.167206112538473, -1.2507403532611292, -1.245331112538473, 1.5461649894714355, 2.2030227184295654
-0.6114309469806116, -2.1672423521624964, -1.250704590474264, -1.2453187147723597, 1.5461890697479248, 2.2030107975006104
-0.6114071051227015, -2.1672304312335413, -1.2506926695453089, -1.245331112538473, 1.5462133884429932, 2.202962636947632
-0.6114309469806116, -2.1672304312335413, -1.2506926695453089, -1.2453425566302698, 1.5461890697479248, 2.2029507160186768
-0.6113947073565882, -2.1672304312335413, -1.2506926695453089, -1.2453425566302698, 1.5461890697479248, 2.2030107975006104
-0.6113827864276331, -2.1672423521624964, -1.2507289091693323, -1.245331112538473, 1.5461890697479248, 2.2030227184295654
-0.6113947073565882, -2.167218033467428, -1.2507289091693323, -1.245331112538473, 1.5461890697479248, 2.2030346393585205
-0.611370865498678, -2.167218033467428, -1.2506564299212855, -1.2452948729144495, 1.5461770296096802, 2.202974796295166
-0.6114190260516565, -2.167206112538473, -1.250704590474264, -1.2453425566302698, 1.5462133884429932, 2.202986717224121
-0.6114071051227015, -2.1672661940204065, -1.2506688276873987, -1.2453425566302698, 1.5462013483047485, 2.202986717224121
-0.6113947073565882, -2.1672423521624964, -1.2506926695453089, -1.2453067938434046, 1.5461890697479248, 2.202962636947632
-0.6114309469806116, -2.167218033467428, -1.250704590474264, -1.245354954396383, 1.5462013483047485, 2.202962636947632
-0.6113947073565882, -2.167218033467428, -1.250704590474264, -1.2453425566302698, 1.5461770296096802, 2.202962636947632
-0.6114071051227015, -2.167194191609518, -1.250704590474264, -1.2453425566302698, 1.5461890697479248, 2.202986717224121
-0.6114190260516565, -2.1672423521624964, -1.250704590474264, -1.245354954396383, 1.5462133884429932, 2.202974796295166
-0.6114071051227015, -2.167206112538473, -1.2506807486163538, -1.2453668753253382, 1.5462013483047485, 2.2030107975006104
-0.6113827864276331, -2.167194191609518, -1.2507289091693323, -1.245354954396383, 1.5462013483047485, 2.202998638153076
-0.6114309469806116, -2.1672423521624964, -1.2506926695453089, -1.2453907171832483, 1.5462013483047485, 2.202998638153076
-0.6113947073565882, -2.1672423521624964, -1.2506807486163538, -1.2453425566302698, 1.5461890697479248, 2.202986717224121
-0.6113827864276331, -2.1672423521624964, -1.2507403532611292, -1.245331112538473, 1.5462013483047485, 2.202986717224121
-0.6114071051227015, -2.1672423521624964, -1.2506926695453089, -1.2453787962542933, 1.5461770296096802, 2.202974796295166
-0.6114071051227015, -2.1672423521624964, -1.2506564299212855, -1.245331112538473, 1.5461890697479248, 2.202974796295166
-0.6113947073565882, -2.167218033467428, -1.2506688276873987, -1.245354954396383, 1.5462013483047485, 2.202962636947632
-0.6113947073565882, -2.167206112538473, -1.2506449858294886, -1.245354954396383, 1.5461890697479248, 2.2029507160186768
-0.6113947073565882, -2.167218033467428, -1.2507289091693323, -1.245331112538473, 1.5461770296096802, 2.202998638153076
-0.6114071051227015, -2.1672661940204065, -1.2506688276873987, -1.2452948729144495, 1.5461770296096802, 2.202974796295166
-0.6113827864276331, -2.1672423521624964, -1.2507289091693323, -1.2453187147723597, 1.5461890697479248, 2.2030107975006104
-0.6114071051227015, -2.167218033467428, -1.2506564299212855, -1.245331112538473, 1.5461890697479248, 2.202986717224121
-0.6113827864276331, -2.167206112538473, -1.2506807486163538, -1.245354954396383, 1.5462013483047485, 2.202962636947632
-0.611370865498678, -2.167218033467428, -1.2506807486163538, -1.2453187147723597, 1.5462013483047485, 2.202986717224121
-0.6113827864276331, -2.1672304312335413, -1.2506688276873987, -1.2453425566302698, 1.5461410284042358, 2.2030107975006104
-0.6114190260516565, -2.1672304312335413, -1.2506807486163538, -1.2453425566302698, 1.5462013483047485, 2.202974796295166
-0.6114071051227015, -2.167206112538473, -1.2506926695453089, -1.245331112538473, 1.5461770296096802, 2.2030227184295654
-0.6113827864276331, -2.1672423521624964, -1.2506926695453089, -1.2453668753253382, 1.5461770296096802, 2.2029268741607666
-0.6114071051227015, -2.1672542730914515, -1.2506807486163538, -1.2452948729144495, 1.5462253093719482, 2.2030107975006104
-0.6113827864276331, -2.167206112538473, -1.250704590474264, -1.245331112538473, 1.5461770296096802, 2.202998638153076
-0.6114190260516565, -2.1672423521624964, -1.2506926695453089, -1.2453425566302698, 1.5461770296096802, 2.202998638153076
-0.6114309469806116, -2.1672542730914515, -1.2506807486163538, -1.245354954396383, 1.5461649894714355, 2.202962636947632
-0.6114190260516565, -2.1672423521624964, -1.250704590474264, -1.2453067938434046, 1.5462013483047485, 2.202974796295166
-0.6114071051227015, -2.167194191609518, -1.2506564299212855, -1.245354954396383, 1.5462133884429932, 2.202974796295166
-0.6113827864276331, -2.1672304312335413, -1.2507289091693323, -1.2453425566302698, 1.5462133884429932, 2.202998638153076
-0.6113947073565882, -2.1672304312335413, -1.2506926695453089, -1.2452948729144495, 1.5462013483047485, 2.202974796295166
-0.6114071051227015, -2.1672423521624964, -1.2506688276873987, -1.2453668753253382, 1.5461770296096802, 2.202998638153076
-0.6113947073565882, -2.1672423521624964, -1.2506449858294886, -1.2452948729144495, 1.5461770296096802, 2.2029387950897217
-0.6113947073565882, -2.1672423521624964, -1.2506688276873987, -1.245331112538473, 1.5461649894714355, 2.202962636947632
-0.6113947073565882, -2.1672423521624964, -1.2507289091693323, -1.2453067938434046, 1.5461890697479248, 2.202974796295166
-0.6114309469806116, -2.167218033467428, -1.2507289091693323, -1.2453425566302698, 1.5462013483047485, 2.202962636947632
-0.6114071051227015, -2.167206112538473, -1.250704590474264, -1.2453425566302698, 1.5462013483047485, 2.202974796295166
-0.6114190260516565, -2.1672304312335413, -1.2506688276873987, -1.2453067938434046, 1.5461649894714355, 2.202962636947632
-0.6114071051227015, -2.167218033467428, -1.2506688276873987, -1.2453668753253382, 1.5461770296096802, 2.2029387950897217
-0.6114309469806116, -2.1672304312335413, -1.2507289091693323, -1.2453907171832483, 1.5461770296096802, 2.2029147148132324
-0.611358944569723, -2.1672304312335413, -1.2506926695453089, -1.2454264799701136, 1.5462013483047485, 2.2029507160186768
-0.6114071051227015, -2.1672423521624964, -1.2506926695453089, -1.2454264799701136, 1.5461770296096802, 2.2029027938842773
-0.611370865498678, -2.167218033467428, -1.2506926695453089, -1.245462719594137, 1.5462013483047485, 2.2029507160186768
-0.6114309469806116, -2.1672423521624964, -1.2507289091693323, -1.2454150358783167, 1.5461890697479248, 2.202974796295166
-0.6113947073565882, -2.1672423521624964, -1.250704590474264, -1.2454388777362269, 1.5461890697479248, 2.202974796295166
-0.6113947073565882, -2.167206112538473, -1.2506926695453089, -1.2454150358783167, 1.5462013483047485, 2.202974796295166
-0.6114071051227015, -2.1672542730914515, -1.2507289091693323, -1.2453907171832483, 1.5462013483047485, 2.202962636947632
-0.6113947073565882, -2.1672304312335413, -1.2506807486163538, -1.2454264799701136, 1.5461770296096802, 2.202986717224121
-0.611370865498678, -2.1672781149493616, -1.250704590474264, -1.2454026381122034, 1.5462013483047485, 2.202998638153076
-0.6114071051227015, -2.1672423521624964, -1.2506564299212855, -1.245354954396383, 1.5462013483047485, 2.202998638153076
-0.6113827864276331, -2.1672542730914515, -1.2506807486163538, -1.2453907171832483, 1.5461890697479248, 2.202962636947632
-0.6114190260516565, -2.1672542730914515, -1.2506926695453089, -1.2453787962542933, 1.5462013483047485, 2.2029507160186768
-0.6114190260516565, -2.167206112538473, -1.2506807486163538, -1.245354954396383, 1.5462013483047485, 2.202998638153076
-0.6114071051227015, -2.1672661940204065, -1.2506926695453089, -1.2454026381122034, 1.5461770296096802, 2.202986717224121
-0.611358944569723, -2.1672423521624964, -1.250704590474264, -1.2453787962542933, 1.5461770296096802, 2.202986717224121
-0.6114309469806116, -2.1672661940204065, -1.2506564299212855, -1.2454388777362269, 1.5461770296096802, 2.2029268741607666
-0.6113827864276331, -2.1672304312335413, -1.2506807486163538, -1.2454026381122034, 1.5462013483047485, 2.2029507160186768
-0.6114071051227015, -2.1672423521624964, -1.250704590474264, -1.2453787962542933, 1.5461770296096802, 2.2030227184295654
-0.6114190260516565, -2.1672423521624964, -1.2506926695453089, -1.2453787962542933, 1.5462253093719482, 2.2030227184295654
-0.6113827864276331, -2.1672661940204065, -1.2506926695453089, -1.2453787962542933, 1.5461770296096802, 2.2030227184295654
-0.6114071051227015, -2.1672661940204065, -1.2506449858294886, -1.2453907171832483, 1.5461649894714355, 2.202962636947632
-0.6114071051227015, -2.1672423521624964, -1.2506564299212855, -1.2454388777362269, 1.5461770296096802, 2.2030107975006104
-0.6113947073565882, -2.16732627550234, -1.2507289091693323, -1.245570484791891, 1.5461291074752808, 2.2029507160186768
-0.6114071051227015, -2.167410198842184, -1.2507646719561976, -1.245702091847555, 1.5460811853408813, 2.202974796295166
-0.6114428679095667, -2.1674698034869593, -1.2508123556720179, -1.2454264799701136, 1.5460931062698364, 2.202962636947632
-0.6114309469806116, -2.167457882558004, -1.2507765928851526, -1.2450912634478968, 1.546105146408081, 2.202986717224121
-0.6114071051227015, -2.1673978010760706, -1.2507885138141077, -1.2453187147723597, 1.5460572242736816, 2.2029507160186768
-0.6114309469806116, -2.1672304312335413, -1.2507765928851526, -1.245450798665182, 1.5460572242736816, 2.202986717224121
-0.6114190260516565, -2.1672661940204065, -1.250584904347555, -1.2455585638629358, 1.5460931062698364, 2.202962636947632
-0.6114071051227015, -2.1672781149493616, -1.2506087462054651, -1.245570484791891, 1.546045184135437, 2.2030107975006104
-0.6114190260516565, -2.167206112538473, -1.2506325880633753, -1.2454026381122034, 1.5460811853408813, 2.202998638153076
-0.6114071051227015, -2.167194191609518, -1.2506087462054651, -1.245115105305807, 1.546105146408081, 2.202998638153076
-0.6114428679095667, -2.166905705128805, -1.2505248228656214, -1.2457264105426233, 1.5464290380477905, 2.20331072807312
-0.6114071051227015, -2.1667259375201624, -1.2502368132220667, -1.2454026381122034, 1.5475192070007324, 2.2032148838043213
-0.6115506331073206, -2.1672304312335413, -1.2504528204547327, -1.245582405720846, 1.5464171171188354, 2.202854871749878
-0.611586872731344, -2.1673620382892054, -1.2507646719561976, -1.2449358145343226, 1.5407493114471436, 2.2027111053466797
-0.6115625540362757, -2.1670735518084925, -1.2507527510272425, -1.2460616270648401, 1.533728003501892, 2.202759027481079
-0.6112864653216761, -2.1668699423419397, -1.2506206671344202, -1.2452109495746058, 1.531139850616455, 2.203202724456787
-0.6110947767840784, -2.1679495016681116, -1.2510765234576624, -1.2445762793170374, 1.5298575162887573, 2.20331072807312
-0.6110590139972132, -2.168225113545553, -1.2513163725482386, -1.246277157460348, 1.531595230102539, 2.2032628059387207
-0.6111906210528772, -2.1669657866107386, -1.2503445784198206, -1.2448518911944788, 1.5461530685424805, 2.2029268741607666
-0.611586872731344, -2.1669419447528284, -1.2504046599017542, -1.2454984823810022, 1.5464171171188354, 2.202854871749878
-0.6115387121783655, -2.167097870503561, -1.2506206671344202, -1.2452228705035608, 1.5464171171188354, 2.2028908729553223
-0.6116107145892542, -2.1678531805621546, -1.2513287703143519, -1.2468398253070276, 1.5459493398666382, 2.203083038330078
-0.6114667097674769, -2.167001549397604, -1.250272576008932, -1.2442649046527308, 1.5455538034439087, 2.2030227184295654
-0.6115148703204554, -2.166809860860006, -1.250296417866842, -1.2460134665118616, 1.5431218147277832, 2.2027230262756348
-0.6115029493915003, -2.1672781149493616, -1.2506206671344202, -1.244648281727926, 1.5391674041748047, 2.202878952026367
-0.6115148703204554, -2.167182270680563, -1.2506325880633753, -1.245582405720846, 1.5385805368423462, 2.202866792678833
-0.6115148703204554, -2.1669181028949183, -1.2505248228656214, -1.2455104033099573, 1.5356571674346924, 2.202962636947632
-0.6114786306964319, -2.1668699423419397, -1.2504528204547327, -1.2454865614520472, 1.5326738357543945, 2.2029147148132324
-0.6114667097674769, -2.1675060431109827, -1.2506926695453089, -1.2455347220050257, 1.5325419902801514, 2.2028908729553223
-0.6115029493915003, -2.167529884968893, -1.2507885138141077, -1.2456067244159144, 1.5319187641143799, 2.2030346393585205
-0.6114667097674769, -2.1674698034869593, -1.250704590474264, -1.2451751867877405, 1.5298575162887573, 2.2031190395355225
-0.6114910284625452, -2.167145554219381, -1.2508004347430628, -1.2454264799701136, 1.529713749885559, 2.2031068801879883
-0.6114910284625452, -2.167182270680563, -1.2507765928851526, -1.2453668753253382, 1.529809594154358, 2.2030346393585205
-0.6114910284625452, -2.167206112538473, -1.2507885138141077, -1.2453907171832483, 1.529809594154358, 2.2030465602874756
-0.6114428679095667, -2.1672304312335413, -1.2507885138141077, -1.245474640523092, 1.5297735929489136, 2.2030346393585205
-0.6114667097674769, -2.167218033467428, -1.2507403532611292, -1.2454388777362269, 1.5297735929489136, 2.2030107975006104
-0.6114910284625452, -2.1672304312335413, -1.250704590474264, -1.2454388777362269, 1.5299054384231567, 2.203070878982544
-0.6114786306964319, -2.1672542730914515, -1.2507289091693323, -1.2452829519854944, 1.5299293994903564, 2.2030346393585205
-0.6114547888385218, -2.1672542730914515, -1.2507646719561976, -1.245331112538473, 1.5298935174942017, 2.2030587196350098
-0.6114910284625452, -2.1672900358783167, -1.2507765928851526, -1.2453787962542933, 1.5299054384231567, 2.2030465602874756
