1.28863525390625, -1.380643669758932, -1.3834450880633753, -1.9553163687335413, 1.573676347732544, 3.3579933643341064
1.2885993719100952, -1.380643669758932, -1.3834212462054651, -1.9553282896624964, 1.5736643075942993, 3.3580052852630615
1.2885754108428955, -1.380655590687887, -1.383432690297262, -1.9553282896624964, 1.5736403465270996, 3.358029365539551
1.2886112928390503, -1.380667511616842, -1.383432690297262, -1.9553402105914515, 1.5736523866653442, 3.357969045639038
1.2886112928390503, -1.3806918303119105, -1.3834450880633753, -1.9553402105914515, 1.5736523866653442, 3.3580174446105957
1.2886112928390503, -1.380643669758932, -1.3834212462054651, -1.9553640524493616, 1.5736284255981445, 3.3580052852630615
1.2885754108428955, -1.3806794325457972, -1.383432690297262, -1.9553402105914515, 1.5736284255981445, 3.3580052852630615
1.2885873317718506, -1.3806317488299769, -1.383432690297262, -1.9553163687335413, 1.5736403465270996, 3.3580174446105957
1.28863525390625, -1.380655590687887, -1.3834450880633753, -1.9553282896624964, 1.5736403465270996, 3.3579933643341064
1.2885993719100952, -1.3806918303119105, -1.3834689299212855, -1.9553163687335413, 1.5736523866653442, 3.3579933643341064
1.288623332977295, -1.3806918303119105, -1.3834450880633753, -1.9553640524493616, 1.5736403465270996, 3.3580052852630615
1.2885633707046509, -1.3806918303119105, -1.383432690297262, -1.955292050038473, 1.5736284255981445, 3.358029365539551
1.2886112928390503, -1.380667511616842, -1.383432690297262, -1.9553640524493616, 1.5736523866653442, 3.357980966567993
1.28863525390625, -1.3806794325457972, -1.3834689299212855, -1.9553521315204065, 1.5736163854599, 3.3579933643341064
1.28863525390625, -1.380655590687887, -1.383432690297262, -1.9553402105914515, 1.5736284255981445, 3.357957124710083
1.2886112928390503, -1.380667511616842, -1.3834570089923304, -1.9553402105914515, 1.5736284255981445, 3.357969045639038
1.2886112928390503, -1.3806794325457972, -1.3834689299212855, -1.9553282896624964, 1.5736523866653442, 3.357980966567993
1.288623332977295, -1.3806794325457972, -1.3834689299212855, -1.9553282896624964, 1.5736403465270996, 3.3579933643341064
1.28863525390625, -1.3806794325457972, -1.3834450880633753, -1.9553163687335413, 1.5736284255981445, 3.357980966567993
1.2886112928390503, -1.380655590687887, -1.383432690297262, -1.955303970967428, 1.5736284255981445, 3.3580052852630615
1.2885993719100952, -1.380655590687887, -1.3834450880633753, -1.9553521315204065, 1.5736523866653442, 3.3580052852630615
1.2885754108428955, -1.380655590687887, -1.3834570089923304, -1.9553402105914515, 1.5736403465270996, 3.3580052852630615
1.2885873317718506, -1.3806794325457972, -1.3834570089923304, -1.9553402105914515, 1.5736163854599, 3.3580052852630615
1.288623332977295, -1.3806193510638636, -1.383432690297262, -1.955303970967428, 1.5736284255981445, 3.3579933643341064
1.288623332977295, -1.380667511616842, -1.3834808508502405, -1.9553402105914515, 1.5736403465270996, 3.357957124710083
1.2885993719100952, -1.380667511616842, -1.3834450880633753, -1.9553402105914515, 1.5736284255981445, 3.3580052852630615
1.288623332977295, -1.380655590687887, -1.3834212462054651, -1.9553521315204065, 1.5736403465270996, 3.357980966567993
1.28863525390625, -1.380655590687887, -1.3834570089923304, -1.9553521315204065, 1.5736523866653442, 3.3580052852630615
1.288623332977295, -1.380667511616842, -1.3834808508502405, -1.9553163687335413, 1.5736163854599, 3.357969045639038
1.2886112928390503, -1.380643669758932, -1.3834450880633753, -1.9553759733783167, 1.5736163854599, 3.357980966567993
1.2885993719100952, -1.380655590687887, -1.3834212462054651, -1.9553402105914515, 1.5736403465270996, 3.3580052852630615
1.2885993719100952, -1.380655590687887, -1.3834212462054651, -1.955303970967428, 1.5736403465270996, 3.3579933643341064
1.2885993719100952, -1.380655590687887, -1.3834450880633753, -1.9553163687335413, 1.5736403465270996, 3.357969045639038
1.2886112928390503, -1.380667511616842, -1.3834088484393519, -1.955303970967428, 1.5736403465270996, 3.358029365539551
1.2885754108428955, -1.380643669758932, -1.383432690297262, -1.9553759733783167, 1.5735920667648315, 3.357980966567993
1.2885873317718506, -1.3806794325457972, -1.3834450880633753, -1.9553163687335413, 1.5736284255981445, 3.3580052852630615
1.288623332977295, -1.3807032744037073, -1.3834088484393519, -1.9553521315204065, 1.5736403465270996, 3.3580174446105957
1.2885993719100952, -1.3806317488299769, -1.383432690297262, -1.9553402105914515, 1.5736523866653442, 3.3580052852630615
1.288623332977295, -1.380655590687887, -1.3834808508502405, -1.9553402105914515, 1.5736403465270996, 3.3580052852630615
1.2886112928390503, -1.380667511616842, -1.3834570089923304, -1.9553521315204065, 1.5736163854599, 3.357980966567993
1.2886112928390503, -1.380655590687887, -1.3834212462054651, -1.9553282896624964, 1.5736284255981445, 3.357969045639038
1.2885993719100952, -1.380655590687887, -1.383432690297262, -1.9553402105914515, 1.5736284255981445, 3.3579933643341064
1.288623332977295, -1.3806317488299769, -1.3834212462054651, -1.9553402105914515, 1.5736284255981445, 3.3579933643341064
1.288623332977295, -1.3806794325457972, -1.3834088484393519, -1.9553640524493616, 1.5736284255981445, 3.3579933643341064
1.2885993719100952, -1.3806794325457972, -1.3834808508502405, -1.9553163687335413, 1.5736163854599, 3.3579933643341064
1.2886112928390503, -1.380667511616842, -1.3834088484393519, -1.9553759733783167, 1.5736643075942993, 3.3580174446105957
1.28863525390625, -1.3806918303119105, -1.3834212462054651, -1.9553521315204065, 1.5736284255981445, 3.357957124710083
1.2886112928390503, -1.3806918303119105, -1.383432690297262, -1.9553521315204065, 1.5736284255981445, 3.3580174446105957
1.2886112928390503, -1.3806918303119105, -1.3834212462054651, -1.9553163687335413, 1.5736041069030762, 3.357969045639038
1.2886112928390503, -1.380667511616842, -1.383432690297262, -1.9553402105914515, 1.5736163854599, 3.357980966567993
1.288623332977295, -1.3806794325457972, -1.3834450880633753, -1.9553521315204065, 1.5736403465270996, 3.3580052852630615
1.288623332977295, -1.3806794325457972, -1.3834450880633753, -1.9553163687335413, 1.5736041069030762, 3.358041286468506
1.28863525390625, -1.3806794325457972, -1.3834570089923304, -1.9553402105914515, 1.5736284255981445, 3.357980966567993
1.2885873317718506, -1.380643669758932, -1.3834808508502405, -1.9553640524493616, 1.5736403465270996, 3.3580052852630615
1.2885993719100952, -1.380667511616842, -1.3834450880633753, -1.9553521315204065, 1.5736284255981445, 3.357980966567993
1.2886112928390503, -1.3806918303119105, -1.3834570089923304, -1.9553640524493616, 1.5736163854599, 3.357969045639038
1.288623332977295, -1.380643669758932, -1.3834450880633753, -1.9553163687335413, 1.5736163854599, 3.357980966567993
1.28863525390625, -1.380655590687887, -1.3834689299212855, -1.955292050038473, 1.5736284255981445, 3.357957124710083
1.288623332977295, -1.380655590687887, -1.3834212462054651, -1.9553163687335413, 1.5736284255981445, 3.3580052852630615
1.2886112928390503, -1.380667511616842, -1.383432690297262, -1.9553282896624964, 1.5736403465270996, 3.3580052852630615
1.2885873317718506, -1.380667511616842, -1.3834212462054651, -1.955292050038473, 1.5736403465270996, 3.3580052852630615
1.288623332977295, -1.3806918303119105, -1.3834450880633753, -1.9553163687335413, 1.5736163854599, 3.357969045639038
1.2886112928390503, -1.380667511616842, -1.3834570089923304, -1.9553282896624964, 1.5736284255981445, 3.357980966567993
1.2886112928390503, -1.3806317488299769, -1.383432690297262, -1.9553521315204065, 1.5736403465270996, 3.3579933643341064
1.2886112928390503, -1.380667511616842, -1.3834689299212855, -1.9553163687335413, 1.5736403465270996, 3.3580174446105957
1.288623332977295, -1.3806794325457972, -1.383432690297262, -1.9553640524493616, 1.5736284255981445, 3.358029365539551
1.2886112928390503, -1.380667511616842, -1.3834689299212855, -1.9553521315204065, 1.5736284255981445, 3.357969045639038
1.2886112928390503, -1.380667511616842, -1.3834570089923304, -1.9553759733783167, 1.5736284255981445, 3.3580174446105957
1.2886112928390503, -1.380655590687887, -1.383432690297262, -1.9553402105914515, 1.5736403465270996, 3.357969045639038
1.2886112928390503, -1.380643669758932, -1.3834212462054651, -1.955303970967428, 1.5736403465270996, 3.357980966567993
1.288623332977295, -1.380643669758932, -1.3834450880633753, -1.9553402105914515, 1.5736284255981445, 3.357980966567993
1.2885993719100952, -1.380655590687887, -1.3834570089923304, -1.9553282896624964, 1.5736284255981445, 3.3579933643341064
1.28863525390625, -1.380643669758932, -1.3834212462054651, -1.9553402105914515, 1.5736523866653442, 3.357957124710083
1.2886112928390503, -1.3806317488299769, -1.3834570089923304, -1.9553402105914515, 1.5736284255981445, 3.357980966567993
1.28863525390625, -1.380655590687887, -1.3834212462054651, -1.9553640524493616, 1.5736284255981445, 3.3580174446105957
1.2886112928390503, -1.380667511616842, -1.3834570089923304, -1.9553640524493616, 1.5736643075942993, 3.357980966567993
1.2885993719100952, -1.380667511616842, -1.3834450880633753, -1.9553402105914515, 1.5736284255981445, 3.3580174446105957
1.2886112928390503, -1.380667511616842, -1.383432690297262, -1.9553521315204065, 1.5736041069030762, 3.357969045639038
1.288623332977295, -1.3806794325457972, -1.3834570089923304, -1.9553282896624964, 1.5736403465270996, 3.3579933643341064
1.2885993719100952, -1.3806918303119105, -1.3834689299212855, -1.9553163687335413, 1.5736284255981445, 3.3579933643341064
1.2885993719100952, -1.380667511616842, -1.3834570089923304, -1.955292050038473, 1.5736041069030762, 3.3580052852630615
1.2886112928390503, -1.380655590687887, -1.3834808508502405, -1.9552801291095179, 1.5736163854599, 3.3580052852630615
1.2885993719100952, -1.380655590687887, -1.3834212462054651, -1.9553402105914515, 1.5736403465270996, 3.357969045639038
1.288623332977295, -1.380643669758932, -1.383432690297262, -1.9553640524493616, 1.5736523866653442, 3.357980966567993
1.2885993719100952, -1.3806794325457972, -1.3834212462054651, -1.9553282896624964, 1.5736163854599, 3.357969045639038
1.288623332977295, -1.380667511616842, -1.3834450880633753, -1.955303970967428, 1.5736163854599, 3.3580052852630615
1.2886112928390503, -1.380667511616842, -1.3834689299212855, -1.9553402105914515, 1.5736523866653442, 3.3579933643341064
1.28863525390625, -1.380655590687887, -1.3834450880633753, -1.9553402105914515, 1.5736403465270996, 3.357980966567993
1.2885873317718506, -1.380667511616842, -1.3834450880633753, -1.9553402105914515, 1.5736284255981445, 3.357957124710083
1.2885993719100952, -1.380667511616842, -1.3834450880633753, -1.9553402105914515, 1.5736523866653442, 3.357957124710083
1.2886112928390503, -1.380655590687887, -1.3834689299212855, -1.9553163687335413, 1.5735920667648315, 3.3580052852630615
1.2886112928390503, -1.380643669758932, -1.383432690297262, -1.9553163687335413, 1.5736163854599, 3.3580052852630615
1.2886112928390503, -1.380643669758932, -1.383432690297262, -1.9553282896624964, 1.5736284255981445, 3.3580052852630615
1.28863525390625, -1.380667511616842, -1.3834808508502405, -1.9553163687335413, 1.5736163854599, 3.3580052852630615
1.2886112928390503, -1.380667511616842, -1.383432690297262, -1.9553402105914515, 1.5736284255981445, 3.3580052852630615
1.2886112928390503, -1.380643669758932, -1.383432690297262, -1.9553282896624964, 1.5736163854599, 3.3580052852630615
1.2885993719100952, -1.380667511616842, -1.3834212462054651, -1.9553521315204065, 1.5736163854599, 3.357957124710083
1.2885873317718506, -1.3806317488299769, -1.3834689299212855, -1.9553163687335413, 1.573580026626587, 3.357957124710083
1.2885993719100952, -1.380655590687887, -1.3834689299212855, -1.9553759733783167, 1.5736403465270996, 3.3580052852630615
1.2885754108428955, -1.3806918303119105, -1.3834212462054651, -1.9553163687335413, 1.5736284255981445, 3.3580052852630615
1.2885873317718506, -1.380667511616842, -1.3834450880633753, -1.9553402105914515, 1.5736403465270996, 3.3580174446105957
1.28863525390625, -1.380667511616842, -1.3834570089923304, -1.9553878943072718, 1.5736403465270996, 3.3580052852630615
1.288623332977295, -1.380667511616842, -1.383432690297262, -1.9553640524493616, 1.5735920667648315, 3.3580052852630615
1.2885873317718506, -1.3806317488299769, -1.3834570089923304, -1.955303970967428, 1.5736403465270996, 3.3580052852630615
1.288623332977295, -1.380643669758932, -1.3834212462054651, -1.9553640524493616, 1.5736041069030762, 3.3580052852630615
1.2885993719100952, -1.3806794325457972, -1.3834212462054651, -1.9553163687335413, 1.5736041069030762, 3.3579933643341064
1.2885993719100952, -1.3806794325457972, -1.3834570089923304, -1.9553640524493616, 1.5736284255981445, 3.357957124710083
1.2886112928390503, -1.380655590687887, -1.3834212462054651, -1.9553402105914515, 1.5736163854599, 3.3579933643341064
1.28863525390625, -1.380655590687887, -1.3834570089923304, -1.9553521315204065, 1.5736163854599, 3.3580174446105957
1.2885993719100952, -1.380667511616842, -1.3834689299212855, -1.9553282896624964, 1.5736403465270996, 3.3579933643341064
1.2885993719100952, -1.3806317488299769, -1.383432690297262, -1.9553878943072718, 1.5736284255981445, 3.3579933643341064
1.2886112928390503, -1.380643669758932, -1.383432690297262, -1.9553640524493616, 1.5736284255981445, 3.3579933643341064
1.2886112928390503, -1.3806193510638636, -1.3834450880633753, -1.9553163687335413, 1.5736041069030762, 3.357969045639038
1.288623332977295, -1.380667511616842, -1.3834808508502405, -1.9553402105914515, 1.5736523866653442, 3.357980966567993
1.2885993719100952, -1.3806794325457972, -1.3834808508502405, -1.9553282896624964, 1.5736403465270996, 3.3579933643341064
1.2886112928390503, -1.380667511616842, -1.3834450880633753, -1.9553282896624964, 1.5736284255981445, 3.357969045639038
1.2886112928390503, -1.380655590687887, -1.3834450880633753, -1.9553521315204065, 1.5736163854599, 3.357969045639038
1.28863525390625, -1.3806794325457972, -1.3834450880633753, -1.9553402105914515, 1.5736284255981445, 3.358041286468506
1.28863525390625, -1.380667511616842, -1.3834689299212855, -1.9553282896624964, 1.5736284255981445, 3.358041286468506
1.288623332977295, -1.3806918303119105, -1.383432690297262, -1.9553402105914515, 1.5736041069030762, 3.357969045639038
1.2886112928390503, -1.380643669758932, -1.3834570089923304, -1.9553402105914515, 1.5736403465270996, 3.357980966567993
1.2886112928390503, -1.380667511616842, -1.3834450880633753, -1.9553402105914515, 1.5736041069030762, 3.357969045639038
1.2885873317718506, -1.380667511616842, -1.3834212462054651, -1.9553521315204065, 1.5736041069030762, 3.3579933643341064
1.288623332977295, -1.3806794325457972, -1.3834689299212855, -1.9553163687335413, 1.5736163854599, 3.3580052852630615
1.28863525390625, -1.380667511616842, -1.383432690297262, -1.9553521315204065, 1.5736041069030762, 3.3579933643341064
1.288623332977295, -1.380643669758932, -1.3834689299212855, -1.9553521315204065, 1.5735920667648315, 3.3579933643341064
1.2885993719100952, -1.380655590687887, -1.3834570089923304, -1.9553282896624964, 1.5736284255981445, 3.3580052852630615
1.2886112928390503, -1.380655590687887, -1.3834570089923304, -1.9553402105914515, 1.5736284255981445, 3.3579933643341064
1.2886112928390503, -1.380655590687887, -1.3834450880633753, -1.9553402105914515, 1.5736403465270996, 3.357969045639038
1.2886112928390503, -1.380655590687887, -1.3834570089923304, -1.9553640524493616, 1.573676347732544, 3.3580052852630615
1.2885993719100952, -1.380667511616842, -1.3834570089923304, -1.9553521315204065, 1.5736163854599, 3.3580052852630615
1.2885993719100952, -1.3806794325457972, -1.3834689299212855, -1.9553402105914515, 1.5736284255981445, 3.3580174446105957
1.2885754108428955, -1.3806794325457972, -1.3834450880633753, -1.9553402105914515, 1.5736403465270996, 3.357980966567993
1.2885873317718506, -1.3807032744037073, -1.383432690297262, -1.9553640524493616, 1.5736284255981445, 3.357957124710083
1.2886112928390503, -1.3806918303119105, -1.3834450880633753, -1.9553282896624964, 1.5736163854599, 3.357969045639038
1.2886112928390503, -1.380667511616842, -1.3834450880633753, -1.9553282896624964, 1.5736284255981445, 3.3579933643341064
1.2886112928390503, -1.3806918303119105, -1.3834570089923304, -1.955292050038473, 1.5736284255981445, 3.3579933643341064
1.2886112928390503, -1.3807032744037073, -1.3834689299212855, -1.9553402105914515, 1.5736284255981445, 3.357980966567993
1.2885993719100952, -1.3806317488299769, -1.3834689299212855, -1.9553521315204065, 1.5736163854599, 3.357969045639038
1.288623332977295, -1.3806918303119105, -1.3834570089923304, -1.9553402105914515, 1.5736284255981445, 3.3579933643341064
1.2886472940444946, -1.3806794325457972, -1.3834450880633753, -1.9553282896624964, 1.5736163854599, 3.357980966567993
1.2886112928390503, -1.3806794325457972, -1.3834570089923304, -1.9553521315204065, 1.5736284255981445, 3.3580052852630615
1.288623332977295, -1.3806918303119105, -1.3834927717791956, -1.9553521315204065, 1.5736284255981445, 3.3580052852630615
1.28863525390625, -1.380667511616842, -1.3834450880633753, -1.955292050038473, 1.5736403465270996, 3.357969045639038
1.2886112928390503, -1.380643669758932, -1.3834570089923304, -1.9553402105914515, 1.5736403465270996, 3.3580174446105957
1.288623332977295, -1.3806794325457972, -1.3834689299212855, -1.9553521315204065, 1.5736403465270996, 3.3580174446105957
1.2886112928390503, -1.380643669758932, -1.3833969275103968, -1.955303970967428, 1.5736284255981445, 3.3580052852630615
1.2885993719100952, -1.380667511616842, -1.3834088484393519, -1.9553640524493616, 1.5736523866653442, 3.357980966567993
1.2886112928390503, -1.3806918303119105, -1.383432690297262, -1.9553163687335413, 1.5736284255981445, 3.358029365539551
1.288623332977295, -1.380655590687887, -1.3834570089923304, -1.9553759733783167, 1.5736284255981445, 3.3579933643341064
1.288623332977295, -1.3806794325457972, -1.3834450880633753, -1.9553282896624964, 1.5736523866653442, 3.3579933643341064
1.288623332977295, -1.3806918303119105, -1.3834450880633753, -1.9553521315204065, 1.5736163854599, 3.357980966567993
1.2886112928390503, -1.380655590687887, -1.3834212462054651, -1.9553521315204065, 1.5736643075942993, 3.3579933643341064
1.2886112928390503, -1.380643669758932, -1.3834450880633753, -1.9553402105914515, 1.5735920667648315, 3.357957124710083
1.2886112928390503, -1.380655590687887, -1.383432690297262, -1.9553640524493616, 1.5736284255981445, 3.357980966567993
1.288623332977295, -1.3806794325457972, -1.3834212462054651, -1.9553282896624964, 1.5736523866653442, 3.3580174446105957
1.288623332977295, -1.380655590687887, -1.3834689299212855, -1.9553521315204065, 1.5736403465270996, 3.3579933643341064
1.2886112928390503, -1.380667511616842, -1.3833850065814417, -1.9553282896624964, 1.5736523866653442, 3.357980966567993
1.288623332977295, -1.380655590687887, -1.3834570089923304, -1.9553282896624964, 1.5736041069030762, 3.3579933643341064
1.2885993719100952, -1.380655590687887, -1.3834689299212855, -1.9553402105914515, 1.5736403465270996, 3.3579933643341064
1.2886112928390503, -1.380643669758932, -1.3834570089923304, -1.9553402105914515, 1.5736403465270996, 3.357980966567993
1.2886112928390503, -1.3806918303119105, -1.3834570089923304, -1.9553402105914515, 1.5736523866653442, 3.3579933643341064
1.288623332977295, -1.3806193510638636, -1.3834450880633753, -1.9553163687335413, 1.5736284255981445, 3.3580174446105957
1.288623332977295, -1.380643669758932, -1.3834570089923304, -1.9553640524493616, 1.5736403465270996, 3.3580052852630615
1.2885993719100952, -1.380655590687887, -1.3834689299212855, -1.9553640524493616, 1.5736163854599, 3.357980966567993
1.2885754108428955, -1.3806794325457972, -1.3834450880633753, -1.9553759733783167, 1.5736284255981445, 3.357980966567993
1.2885754108428955, -1.3806794325457972, -1.3834689299212855, -1.9553282896624964, 1.5736403465270996, 3.3579933643341064
1.2886112928390503, -1.380655590687887, -1.3834450880633753, -1.9553402105914515, 1.5736403465270996, 3.3579933643341064
1.2886112928390503, -1.380667511616842, -1.3834570089923304, -1.9553402105914515, 1.5736284255981445, 3.357980966567993
1.288623332977295, -1.380655590687887, -1.3834689299212855, -1.9553163687335413, 1.5736163854599, 3.3579933643341064
1.2885993719100952, -1.3806918303119105, -1.383432690297262, -1.9553163687335413, 1.5736163854599, 3.3579933643341064
1.2886112928390503, -1.3806918303119105, -1.3834212462054651, -1.9553282896624964, 1.5736041069030762, 3.357980966567993
1.2886112928390503, -1.3806794325457972, -1.3834450880633753, -1.9553640524493616, 1.5736284255981445, 3.357957124710083
1.28863525390625, -1.3806794325457972, -1.3833969275103968, -1.9553282896624964, 1.5735920667648315, 3.3580052852630615
1.2885993719100952, -1.3807032744037073, -1.3834570089923304, -1.9553521315204065, 1.5736284255981445, 3.3579330444335938
1.2885993719100952, -1.380667511616842, -1.3834212462054651, -1.9553521315204065, 1.5736284255981445, 3.357957124710083
1.2886112928390503, -1.380667511616842, -1.383432690297262, -1.9553402105914515, 1.5736284255981445, 3.357980966567993
1.2886112928390503, -1.3806794325457972, -1.383432690297262, -1.9553402105914515, 1.5736523866653442, 3.357957124710083
1.2885873317718506, -1.3806317488299769, -1.3834450880633753, -1.955303970967428, 1.5736163854599, 3.357969045639038
1.2886112928390503, -1.380667511616842, -1.383432690297262, -1.955303970967428, 1.5736163854599, 3.3579933643341064
1.2886112928390503, -1.380655590687887, -1.3834570089923304, -1.9553759733783167, 1.5736163854599, 3.3579933643341064
1.28863525390625, -1.3806794325457972, -1.3834212462054651, -1.9553521315204065, 1.5736284255981445, 3.3580052852630615
1.2885873317718506, -1.3806794325457972, -1.3834450880633753, -1.9553402105914515, 1.5736403465270996, 3.358029365539551
1.2885993719100952, -1.380667511616842, -1.3834212462054651, -1.9553521315204065, 1.5736163854599, 3.3579933643341064
1.2886112928390503, -1.3806918303119105, -1.383432690297262, -1.9553282896624964, 1.5736163854599, 3.3579933643341064
1.2885873317718506, -1.380655590687887, -1.3834212462054651, -1.9553163687335413, 1.5736284255981445, 3.3580052852630615
1.2885993719100952, -1.3806794325457972, -1.383432690297262, -1.9553163687335413, 1.5736403465270996, 3.357980966567993
1.288623332977295, -1.3806918303119105, -1.3834212462054651, -1.9553402105914515, 1.5736403465270996, 3.3579933643341064
1.2885993719100952, -1.3806918303119105, -1.3834570089923304, -1.9553163687335413, 1.5736403465270996, 3.357944965362549
1.2886112928390503, -1.3806794325457972, -1.3834212462054651, -1.9553282896624964, 1.5736643075942993, 3.358029365539551
1.28863525390625, -1.380667511616842, -1.3834450880633753, -1.9553282896624964, 1.5736403465270996, 3.357969045639038
1.2886112928390503, -1.380643669758932, -1.3834212462054651, -1.9553282896624964, 1.5736041069030762, 3.3579933643341064
1.28863525390625, -1.3806794325457972, -1.3834689299212855, -1.9553521315204065, 1.5736403465270996, 3.3580052852630615
1.2886112928390503, -1.380643669758932, -1.3834450880633753, -1.955303970967428, 1.5736284255981445, 3.3579933643341064
1.2886112928390503, -1.3806317488299769, -1.3834570089923304, -1.9553163687335413, 1.5736403465270996, 3.3580052852630615
1.288623332977295, -1.380643669758932, -1.3834450880633753, -1.9553282896624964, 1.5736403465270996, 3.357957124710083
1.28863525390625, -1.3807032744037073, -1.3834927717791956, -1.9553402105914515, 1.5736523866653442, 3.3580052852630615
1.2885993719100952, -1.3806794325457972, -1.3834689299212855, -1.9553163687335413, 1.5736041069030762, 3.3580174446105957
1.288623332977295, -1.380667511616842, -1.3834570089923304, -1.9553640524493616, 1.5736163854599, 3.3580174446105957
1.288623332977295, -1.3806918303119105, -1.3834689299212855, -1.9553640524493616, 1.5736403465270996, 3.357957124710083
1.288623332977295, -1.380667511616842, -1.3834570089923304, -1.9553163687335413, 1.5736284255981445, 3.357957124710083
1.2885873317718506, -1.380655590687887, -1.3834450880633753, -1.9553402105914515, 1.5736403465270996, 3.3580052852630615
1.288623332977295, -1.380655590687887, -1.3834450880633753, -1.9553521315204065, 1.5736284255981445, 3.3580052852630615
1.288623332977295, -1.380667511616842, -1.3834570089923304, -1.9553282896624964, 1.5736403465270996, 3.3580174446105957
1.2886112928390503, -1.3806794325457972, -1.3834450880633753, -1.955292050038473, 1.5736163854599, 3.357969045639038
1.2886112928390503, -1.380655590687887, -1.3834450880633753, -1.9553521315204065, 1.5736041069030762, 3.3580052852630615
1.2886112928390503, -1.380655590687887, -1.3834689299212855, -1.9553640524493616, 1.573676347732544, 3.357980966567993
1.2885873317718506, -1.380667511616842, -1.3834450880633753, -1.9553521315204065, 1.5736041069030762, 3.357969045639038
1.2885993719100952, -1.3806794325457972, -1.3834689299212855, -1.9553640524493616, 1.5736284255981445, 3.3580052852630615
1.2886112928390503, -1.3806794325457972, -1.383432690297262, -1.9553521315204065, 1.5736284255981445, 3.357980966567993
1.28863525390625, -1.380655590687887, -1.3834450880633753, -1.9553163687335413, 1.5736284255981445, 3.357980966567993
1.288623332977295, -1.380655590687887, -1.3834570089923304, -1.9553402105914515, 1.5736163854599, 3.3580052852630615
1.2885993719100952, -1.380667511616842, -1.3834689299212855, -1.9553640524493616, 1.5736284255981445, 3.3579933643341064
1.2885993719100952, -1.380655590687887, -1.3834689299212855, -1.9553402105914515, 1.573580026626587, 3.3580052852630615
1.2885873317718506, -1.3806794325457972, -1.3834570089923304, -1.9553402105914515, 1.5736403465270996, 3.3579933643341064
1.2886112928390503, -1.3806794325457972, -1.3834570089923304, -1.9553521315204065, 1.5736041069030762, 3.358029365539551
1.2886112928390503, -1.3806317488299769, -1.3834689299212855, -1.9553163687335413, 1.5736284255981445, 3.357969045639038
1.28863525390625, -1.3806918303119105, -1.3834689299212855, -1.9553640524493616, 1.5736284255981445, 3.3579933643341064
1.2886112928390503, -1.3806317488299769, -1.3834808508502405, -1.9553640524493616, 1.5736163854599, 3.3579933643341064
1.2886112928390503, -1.380655590687887, -1.3834570089923304, -1.9553640524493616, 1.5736163854599, 3.357980966567993
1.2886112928390503, -1.380667511616842, -1.3834689299212855, -1.9553521315204065, 1.5736163854599, 3.357957124710083
1.2886112928390503, -1.380655590687887, -1.3834570089923304, -1.955303970967428, 1.5736523866653442, 3.357980966567993
1.2886112928390503, -1.3807032744037073, -1.3834450880633753, -1.9553163687335413, 1.5736284255981445, 3.357969045639038
1.2886112928390503, -1.3807156721698206, -1.3834808508502405, -1.9553402105914515, 1.5736041069030762, 3.357957124710083
1.2885993719100952, -1.3806794325457972, -1.3834689299212855, -1.9553402105914515, 1.5736403465270996, 3.3580174446105957
1.2885993719100952, -1.380667511616842, -1.3834088484393519, -1.9553402105914515, 1.5736284255981445, 3.3580052852630615
1.2885993719100952, -1.380667511616842, -1.3834570089923304, -1.9553402105914515, 1.5736163854599, 3.357980966567993
1.2885993719100952, -1.3807032744037073, -1.3834212462054651, -1.9553402105914515, 1.5736163854599, 3.3580052852630615
1.2885993719100952, -1.3806794325457972, -1.383432690297262, -1.9553402105914515, 1.5736163854599, 3.357957124710083
1.2885873317718506, -1.380655590687887, -1.3834450880633753, -1.9553402105914515, 1.5736284255981445, 3.357980966567993
1.2886112928390503, -1.3807032744037073, -1.3834689299212855, -1.9553640524493616, 1.5736284255981445, 3.357980966567993
1.288623332977295, -1.380655590687887, -1.383432690297262, -1.9553402105914515, 1.5736041069030762, 3.3580052852630615
1.288623332977295, -1.3806794325457972, -1.3834450880633753, -1.9553521315204065, 1.5735920667648315, 3.3580052852630615
1.2886112928390503, -1.3806918303119105, -1.3834689299212855, -1.9553640524493616, 1.5736041069030762, 3.3579933643341064
1.2886112928390503, -1.3806794325457972, -1.3834570089923304, -1.9553402105914515, 1.5736163854599, 3.3580052852630615
1.2886112928390503, -1.3806794325457972, -1.3834450880633753, -1.9553163687335413, 1.5736163854599, 3.357957124710083
1.2886112928390503, -1.3806794325457972, -1.3834450880633753, -1.9553282896624964, 1.5736041069030762, 3.3580052852630615
1.28863525390625, -1.380655590687887, -1.383432690297262, -1.9553282896624964, 1.5736041069030762, 3.3579933643341064
1.288623332977295, -1.3806918303119105, -1.3834570089923304, -1.9553163687335413, 1.5736163854599, 3.357980966567993
1.2885993719100952, -1.380667511616842, -1.3834808508502405, -1.9553282896624964, 1.5735920667648315, 3.3580052852630615
1.2886112928390503, -1.3806918303119105, -1.3834088484393519, -1.9553640524493616, 1.5736163854599, 3.358029365539551
1.2886112928390503, -1.380643669758932, -1.3834808508502405, -1.9553878943072718, 1.5736403465270996, 3.3580052852630615
1.288623332977295, -1.3806794325457972, -1.3834450880633753, -1.9553282896624964, 1.573580026626587, 3.357980966567993
1.288623332977295, -1.380643669758932, -1.3834450880633753, -1.9553759733783167, 1.5736163854599, 3.357957124710083
1.2885873317718506, -1.380667511616842, -1.3834212462054651, -1.9552801291095179, 1.5736041069030762, 3.357957124710083
1.28863525390625, -1.3806794325457972, -1.3834808508502405, -1.9553402105914515, 1.5736041069030762, 3.3579933643341064
1.2886112928390503, -1.3806918303119105, -1.3834450880633753, -1.9553163687335413, 1.5736403465270996, 3.357980966567993
1.288623332977295, -1.3806794325457972, -1.3834570089923304, -1.9553282896624964, 1.5736284255981445, 3.3579933643341064
1.288623332977295, -1.3806794325457972, -1.383432690297262, -1.9553402105914515, 1.5736163854599, 3.357980966567993
1.2885873317718506, -1.380655590687887, -1.3834689299212855, -1.9553402105914515, 1.5736284255981445, 3.357980966567993
1.2885873317718506, -1.380643669758932, -1.3834570089923304, -1.9553282896624964, 1.5736523866653442, 3.3579933643341064
1.2886112928390503, -1.380643669758932, -1.3834689299212855, -1.9553402105914515, 1.5736403465270996, 3.358029365539551
1.2885873317718506, -1.380643669758932, -1.3834570089923304, -1.9553402105914515, 1.5736163854599, 3.357969045639038
1.2886112928390503, -1.380667511616842, -1.3834450880633753, -1.9553402105914515, 1.5736163854599, 3.3579933643341064
1.2885993719100952, -1.380667511616842, -1.3833969275103968, -1.9553640524493616, 1.5736403465270996, 3.357969045639038
1.288623332977295, -1.3806918303119105, -1.383432690297262, -1.9553402105914515, 1.5736284255981445, 3.357980966567993
1.288623332977295, -1.3806918303119105, -1.383432690297262, -1.9553402105914515, 1.5736041069030762, 3.357980966567993
1.2885993719100952, -1.380667511616842, -1.3834689299212855, -1.9553521315204065, 1.5736284255981445, 3.3579933643341064
1.288623332977295, -1.3807032744037073, -1.3834689299212855, -1.9553402105914515, 1.5735681056976318, 3.357957124710083
1.2886112928390503, -1.380667511616842, -1.3834689299212855, -1.9553759733783167, 1.5736284255981445, 3.3579933643341064
1.2886112928390503, -1.380655590687887, -1.3834212462054651, -1.9553402105914515, 1.5736284255981445, 3.357969045639038
1.288623332977295, -1.3806918303119105, -1.3834212462054651, -1.9553402105914515, 1.5736163854599, 3.3580174446105957
1.2885993719100952, -1.380643669758932, -1.3834088484393519, -1.9553402105914515, 1.573580026626587, 3.357969045639038
1.288623332977295, -1.380655590687887, -1.3834927717791956, -1.9553163687335413, 1.5736284255981445, 3.357980966567993
1.2885993719100952, -1.3806918303119105, -1.3834689299212855, -1.9553640524493616, 1.5736284255981445, 3.357957124710083
1.28863525390625, -1.380643669758932, -1.3834570089923304, -1.9553282896624964, 1.5735560655593872, 3.358029365539551
1.2885993719100952, -1.380667511616842, -1.3834570089923304, -1.9553521315204065, 1.5735920667648315, 3.357944965362549
1.2886112928390503, -1.380655590687887, -1.383432690297262, -1.9553640524493616, 1.5735920667648315, 3.357957124710083
1.2886112928390503, -1.3806794325457972, -1.3834450880633753, -1.9553282896624964, 1.5736163854599, 3.357980966567993
1.2885993719100952, -1.3806794325457972, -1.383432690297262, -1.9553163687335413, 1.5736284255981445, 3.357957124710083
1.288623332977295, -1.3806317488299769, -1.3834570089923304, -1.9553163687335413, 1.5736041069030762, 3.3579933643341064
1.2886112928390503, -1.3806794325457972, -1.3834689299212855, -1.9553521315204065, 1.5736163854599, 3.357957124710083
1.2885873317718506, -1.380655590687887, -1.3834689299212855, -1.9553402105914515, 1.5736163854599, 3.3580052852630615
1.2885754108428955, -1.380655590687887, -1.3834570089923304, -1.9553282896624964, 1.5736163854599, 3.357957124710083
1.2885873317718506, -1.380655590687887, -1.3834689299212855, -1.9553521315204065, 1.5736041069030762, 3.357980966567993
1.2886112928390503, -1.380667511616842, -1.3834212462054651, -1.9553163687335413, 1.5736284255981445, 3.3580052852630615
1.2886112928390503, -1.3806794325457972, -1.3833969275103968, -1.9553402105914515, 1.5736403465270996, 3.357969045639038
1.288623332977295, -1.3806918303119105, -1.3834570089923304, -1.9553282896624964, 1.5736041069030762, 3.357980966567993
1.2885873317718506, -1.380667511616842, -1.3834450880633753, -1.9553521315204065, 1.5736284255981445, 3.3579933643341064
1.288623332977295, -1.380643669758932, -1.3834570089923304, -1.9553163687335413, 1.5736284255981445, 3.357980966567993
1.2886112928390503, -1.380655590687887, -1.3834212462054651, -1.9553402105914515, 1.5736523866653442, 3.3580174446105957
1.2885993719100952, -1.3806794325457972, -1.3834808508502405, -1.9553402105914515, 1.5736284255981445, 3.3579933643341064
1.2885873317718506, -1.3807032744037073, -1.3834689299212855, -1.9553402105914515, 1.5736163854599, 3.357957124710083
1.288623332977295, -1.3806794325457972, -1.3834450880633753, -1.9553402105914515, 1.5736284255981445, 3.3579933643341064
1.288623332977295, -1.3806918303119105, -1.3834450880633753, -1.9553521315204065, 1.5735920667648315, 3.357980966567993
1.2886112928390503, -1.3806794325457972, -1.3834570089923304, -1.9553402105914515, 1.5735920667648315, 3.357980966567993
1.2885633707046509, -1.380655590687887, -1.3834450880633753, -1.9553282896624964, 1.5736284255981445, 3.3580052852630615
1.2885993719100952, -1.380655590687887, -1.3834808508502405, -1.9553521315204065, 1.5736041069030762, 3.3580052852630615
1.288623332977295, -1.3806794325457972, -1.3834689299212855, -1.9553521315204065, 1.5736041069030762, 3.357969045639038
1.288623332977295, -1.380655590687887, -1.3834570089923304, -1.9553282896624964, 1.5736163854599, 3.357980966567993
1.2885993719100952, -1.3806918303119105, -1.383432690297262, -1.9553759733783167, 1.5736284255981445, 3.357957124710083
1.2886112928390503, -1.380667511616842, -1.3834689299212855, -1.9553521315204065, 1.5736284255981445, 3.3579933643341064
1.2886112928390503, -1.3806794325457972, -1.3834570089923304, -1.9553521315204065, 1.5736041069030762, 3.357980966567993
1.2885873317718506, -1.380667511616842, -1.3834808508502405, -1.9553163687335413, 1.5736163854599, 3.3579933643341064
1.2885993719100952, -1.3806794325457972, -1.383432690297262, -1.955303970967428, 1.5736163854599, 3.357980966567993
1.2885873317718506, -1.3806794325457972, -1.3834450880633753, -1.9553402105914515, 1.5736041069030762, 3.357957124710083
1.288623332977295, -1.380667511616842, -1.3834927717791956, -1.9553402105914515, 1.5736041069030762, 3.357980966567993
1.2886112928390503, -1.3806794325457972, -1.383432690297262, -1.9553878943072718, 1.5736163854599, 3.357969045639038
1.288623332977295, -1.380655590687887, -1.3834689299212855, -1.955292050038473, 1.5736163854599, 3.3580174446105957
1.2886112928390503, -1.380667511616842, -1.3834570089923304, -1.9553521315204065, 1.5736041069030762, 3.357980966567993
1.2885993719100952, -1.380655590687887, -1.3834689299212855, -1.9553759733783167, 1.5736041069030762, 3.357969045639038
1.2886112928390503, -1.380643669758932, -1.3834689299212855, -1.9553521315204065, 1.5736041069030762, 3.357980966567993
1.2885993719100952, -1.380667511616842, -1.3834570089923304, -1.9553282896624964, 1.5736041069030762, 3.3579933643341064
1.2885993719100952, -1.3806794325457972, -1.3834689299212855, -1.9553163687335413, 1.5735920667648315, 3.357980966567993
1.2885993719100952, -1.380667511616842, -1.3834570089923304, -1.955303970967428, 1.5736163854599, 3.357969045639038
1.2885993719100952, -1.380667511616842, -1.3834570089923304, -1.9553402105914515, 1.5736163854599, 3.357957124710083
1.2886112928390503, -1.380655590687887, -1.3834570089923304, -1.9553521315204065, 1.5736041069030762, 3.3580052852630615
1.288623332977295, -1.380667511616842, -1.3834450880633753, -1.9553402105914515, 1.5736163854599, 3.3579933643341064
1.2886112928390503, -1.3806317488299769, -1.3834927717791956, -1.9553402105914515, 1.5736041069030762, 3.3580052852630615
1.2885873317718506, -1.3806918303119105, -1.383432690297262, -1.9553759733783167, 1.5736403465270996, 3.3580052852630615
1.288623332977295, -1.3806794325457972, -1.3834689299212855, -1.9553402105914515, 1.5736284255981445, 3.357969045639038
1.2885873317718506, -1.380643669758932, -1.383432690297262, -1.9553402105914515, 1.5736284255981445, 3.357969045639038
1.2885873317718506, -1.3806794325457972, -1.3834570089923304, -1.9553163687335413, 1.5735920667648315, 3.357980966567993
1.28863525390625, -1.380667511616842, -1.3834212462054651, -1.9553402105914515, 1.5736041069030762, 3.357980966567993
1.288623332977295, -1.380667511616842, -1.383432690297262, -1.9553163687335413, 1.5735920667648315, 3.3579933643341064
1.2886112928390503, -1.3806918303119105, -1.3834450880633753, -1.9553163687335413, 1.5736163854599, 3.3579933643341064
1.2885993719100952, -1.3806794325457972, -1.3834450880633753, -1.9553402105914515, 1.5736041069030762, 3.3580052852630615
1.2885873317718506, -1.380667511616842, -1.3834570089923304, -1.9553282896624964, 1.5736163854599, 3.3579933643341064
1.2886112928390503, -1.380643669758932, -1.383432690297262, -1.9553402105914515, 1.573580026626587, 3.3580174446105957
1.2885993719100952, -1.3806794325457972, -1.3834689299212855, -1.9553402105914515, 1.5735920667648315, 3.357969045639038
1.2885754108428955, -1.380655590687887, -1.3834570089923304, -1.9553282896624964, 1.5736403465270996, 3.358029365539551
1.2886112928390503, -1.3806794325457972, -1.3834570089923304, -1.9553640524493616, 1.5736041069030762, 3.358029365539551
1.28863525390625, -1.380667511616842, -1.3834450880633753, -1.9553402105914515, 1.5736163854599, 3.357969045639038
1.2885993719100952, -1.380655590687887, -1.383432690297262, -1.9553402105914515, 1.5736284255981445, 3.3579933643341064
1.2886112928390503, -1.3806918303119105, -1.3834808508502405, -1.9553402105914515, 1.5736041069030762, 3.357980966567993
1.288623332977295, -1.380655590687887, -1.3834450880633753, -1.9553521315204065, 1.5736163854599, 3.357980966567993
1.2886112928390503, -1.3806794325457972, -1.383432690297262, -1.9553402105914515, 1.5736163854599, 3.357980966567993
1.2886472940444946, -1.380667511616842, -1.383432690297262, -1.9553521315204065, 1.5736163854599, 3.3580174446105957
1.2886112928390503, -1.380643669758932, -1.383432690297262, -1.9553282896624964, 1.573580026626587, 3.3580174446105957
1.2886112928390503, -1.380655590687887, -1.3834927717791956, -1.9553402105914515, 1.5735920667648315, 3.3579933643341064
1.2886112928390503, -1.3806918303119105, -1.3834570089923304, -1.9553402105914515, 1.5735920667648315, 3.357980966567993
1.288623332977295, -1.3807032744037073, -1.3833969275103968, -1.9553402105914515, 1.5736284255981445, 3.357980966567993
1.2886112928390503, -1.380643669758932, -1.383432690297262, -1.9553521315204065, 1.5736284255981445, 3.357969045639038
1.2886112928390503, -1.380667511616842, -1.3834450880633753, -1.9553521315204065, 1.5735681056976318, 3.3579933643341064
1.2886112928390503, -1.380667511616842, -1.3834570089923304, -1.9553402105914515, 1.5736163854599, 3.357980966567993
1.2885993719100952, -1.380643669758932, -1.3834570089923304, -1.9553163687335413, 1.5736163854599, 3.357980966567993
1.2885993719100952, -1.3806794325457972, -1.3834808508502405, -1.9553521315204065, 1.5736041069030762, 3.3579933643341064
1.2885873317718506, -1.3806794325457972, -1.3834570089923304, -1.9553521315204065, 1.5736163854599, 3.3580052852630615
1.2886112928390503, -1.380667511616842, -1.3834927717791956, -1.9553402105914515, 1.5736163854599, 3.357980966567993
1.288623332977295, -1.380667511616842, -1.3834450880633753, -1.9553163687335413, 1.5736041069030762, 3.357969045639038
1.2885993719100952, -1.3806794325457972, -1.3834212462054651, -1.9553282896624964, 1.5736284255981445, 3.357980966567993
1.2886112928390503, -1.3806794325457972, -1.383432690297262, -1.9553402105914515, 1.5736163854599, 3.3579933643341064
1.2886112928390503, -1.380667511616842, -1.3834689299212855, -1.9553521315204065, 1.5736041069030762, 3.357980966567993
1.288623332977295, -1.380643669758932, -1.3834450880633753, -1.9553402105914515, 1.5735681056976318, 3.3580052852630615
1.2885873317718506, -1.3806317488299769, -1.3834808508502405, -1.9553402105914515, 1.5736163854599, 3.3580052852630615
1.288623332977295, -1.3806794325457972, -1.3834570089923304, -1.9553402105914515, 1.5736041069030762, 3.357944965362549
1.288623332977295, -1.380655590687887, -1.3834450880633753, -1.9553759733783167, 1.5736041069030762, 3.357969045639038
1.2886112928390503, -1.380643669758932, -1.3834450880633753, -1.9553521315204065, 1.5736284255981445, 3.3579933643341064
1.2885754108428955, -1.380643669758932, -1.3834570089923304, -1.9553402105914515, 1.5736041069030762, 3.3579933643341064
1.288623332977295, -1.3806794325457972, -1.3834570089923304, -1.9553521315204065, 1.5735681056976318, 3.3579933643341064
1.2885993719100952, -1.3806794325457972, -1.3834927717791956, -1.9553521315204065, 1.5736163854599, 3.357969045639038
1.2886112928390503, -1.380667511616842, -1.3834689299212855, -1.9553163687335413, 1.573580026626587, 3.3580052852630615
1.288623332977295, -1.3806794325457972, -1.3834808508502405, -1.9553163687335413, 1.5735920667648315, 3.357980966567993
1.2886112928390503, -1.3806794325457972, -1.3834450880633753, -1.9553759733783167, 1.5736163854599, 3.3580174446105957
1.2885993719100952, -1.380667511616842, -1.3834570089923304, -1.9553163687335413, 1.5736041069030762, 3.3579933643341064
1.2886112928390503, -1.3806918303119105, -1.3834689299212855, -1.9553402105914515, 1.5736163854599, 3.3580052852630615
1.2886112928390503, -1.3806794325457972, -1.3835166136371058, -1.955303970967428, 1.5736163854599, 3.3580052852630615
1.288623332977295, -1.380643669758932, -1.3834570089923304, -1.9553759733783167, 1.5736041069030762, 3.357957124710083
1.2886112928390503, -1.3806794325457972, -1.3834570089923304, -1.9553282896624964, 1.5736163854599, 3.357969045639038
1.2886112928390503, -1.380655590687887, -1.3834570089923304, -1.9553282896624964, 1.5736041069030762, 3.357980966567993
1.2885993719100952, -1.3807156721698206, -1.3834450880633753, -1.9553163687335413, 1.5736163854599, 3.357969045639038
1.2886112928390503, -1.380643669758932, -1.3834570089923304, -1.9553402105914515, 1.573580026626587, 3.357957124710083
1.288623332977295, -1.380643669758932, -1.3834570089923304, -1.9553640524493616, 1.5735920667648315, 3.3580052852630615
1.288623332977295, -1.3806918303119105, -1.3834808508502405, -1.9553402105914515, 1.5736284255981445, 3.3580174446105957
1.2885993719100952, -1.380667511616842, -1.3834450880633753, -1.9553402105914515, 1.5736041069030762, 3.3579933643341064
1.28863525390625, -1.380667511616842, -1.3834808508502405, -1.9553402105914515, 1.5736041069030762, 3.3580174446105957
1.2886112928390503, -1.380667511616842, -1.3834450880633753, -1.9553640524493616, 1.573580026626587, 3.357944965362549
1.2885873317718506, -1.380667511616842, -1.3834808508502405, -1.9553282896624964, 1.573580026626587, 3.357957124710083
1.2886112928390503, -1.380667511616842, -1.3834570089923304, -1.9553521315204065, 1.5736163854599, 3.357980966567993
1.2885754108428955, -1.380655590687887, -1.3834570089923304, -1.9553402105914515, 1.5736163854599, 3.357980966567993
1.2885873317718506, -1.380667511616842, -1.3834570089923304, -1.9553640524493616, 1.5735920667648315, 3.357969045639038
1.288623332977295, -1.3806918303119105, -1.3834212462054651, -1.9553640524493616, 1.5736041069030762, 3.3580174446105957
1.288623332977295, -1.3806794325457972, -1.3834689299212855, -1.9553759733783167, 1.5736163854599, 3.3580174446105957
1.2885873317718506, -1.3806794325457972, -1.383432690297262, -1.9553640524493616, 1.5735681056976318, 3.3579933643341064
1.2885993719100952, -1.3806317488299769, -1.3834570089923304, -1.9553521315204065, 1.5736284255981445, 3.3580052852630615
1.2886112928390503, -1.3806317488299769, -1.3834689299212855, -1.9553521315204065, 1.5736163854599, 3.358029365539551
1.2885993719100952, -1.380667511616842, -1.3834570089923304, -1.955303970967428, 1.5736163854599, 3.357980966567993
1.288623332977295, -1.3806794325457972, -1.3834212462054651, -1.9553402105914515, 1.573580026626587, 3.3580174446105957
1.2886112928390503, -1.3806317488299769, -1.3834450880633753, -1.9553759733783167, 1.5736041069030762, 3.3579933643341064
1.2885993719100952, -1.3806794325457972, -1.3834689299212855, -1.9553402105914515, 1.5736284255981445, 3.357980966567993
1.288623332977295, -1.3806794325457972, -1.3834808508502405, -1.9553163687335413, 1.5736163854599, 3.357969045639038
1.2886112928390503, -1.380655590687887, -1.3834689299212855, -1.9553640524493616, 1.5735920667648315, 3.3579933643341064
1.2885873317718506, -1.3806794325457972, -1.3834927717791956, -1.9553402105914515, 1.5736041069030762, 3.3580174446105957
1.28863525390625, -1.3806794325457972, -1.3834808508502405, -1.9553402105914515, 1.5736041069030762, 3.3579933643341064
1.2885754108428955, -1.380655590687887, -1.3834570089923304, -1.9553640524493616, 1.5735681056976318, 3.357969045639038
1.2885873317718506, -1.3806317488299769, -1.3834808508502405, -1.9553402105914515, 1.5736041069030762, 3.3580052852630615
1.288623332977295, -1.380655590687887, -1.3834450880633753, -1.9553759733783167, 1.5736041069030762, 3.3580174446105957
1.2885993719100952, -1.3806794325457972, -1.3834808508502405, -1.9553521315204065, 1.5735920667648315, 3.357969045639038
1.2885993719100952, -1.3806317488299769, -1.3834450880633753, -1.9553521315204065, 1.5736041069030762, 3.3580174446105957
1.28863525390625, -1.380667511616842, -1.3834450880633753, -1.9553282896624964, 1.573580026626587, 3.357980966567993
1.2885993719100952, -1.3806317488299769, -1.3834450880633753, -1.9553640524493616, 1.573580026626587, 3.357969045639038
1.2886112928390503, -1.3806794325457972, -1.3834808508502405, -1.9553163687335413, 1.5735920667648315, 3.357980966567993
1.28863525390625, -1.3806317488299769, -1.3834689299212855, -1.955303970967428, 1.5736163854599, 3.3579933643341064
1.28863525390625, -1.3806794325457972, -1.3834689299212855, -1.9553163687335413, 1.5736041069030762, 3.3579933643341064
1.28863525390625, -1.3806794325457972, -1.3834570089923304, -1.9553402105914515, 1.5736163854599, 3.357957124710083
1.2886112928390503, -1.3807032744037073, -1.3834808508502405, -1.9553282896624964, 1.5735920667648315, 3.3580174446105957
1.2886112928390503, -1.3807032744037073, -1.3834808508502405, -1.9553759733783167, 1.5736163854599, 3.3580174446105957
1.2885993719100952, -1.3806918303119105, -1.3834570089923304, -1.9553282896624964, 1.5736041069030762, 3.3580052852630615
1.2886112928390503, -1.380667511616842, -1.383432690297262, -1.9553521315204065, 1.5736041069030762, 3.357980966567993
1.2885873317718506, -1.380667511616842, -1.3834570089923304, -1.9553640524493616, 1.573580026626587, 3.357980966567993
1.2886112928390503, -1.380667511616842, -1.383432690297262, -1.9553282896624964, 1.573580026626587, 3.357980966567993
1.2886472940444946, -1.3806794325457972, -1.3834450880633753, -1.9553759733783167, 1.5735920667648315, 3.3580174446105957
1.288623332977295, -1.3806794325457972, -1.3834689299212855, -1.9553163687335413, 1.5736284255981445, 3.357969045639038
1.288623332977295, -1.3807032744037073, -1.3834450880633753, -1.9553402105914515, 1.5736163854599, 3.3580174446105957
1.2885993719100952, -1.380643669758932, -1.383432690297262, -1.9553640524493616, 1.5736284255981445, 3.3580052852630615
1.2885873317718506, -1.380655590687887, -1.3834450880633753, -1.9553521315204065, 1.5736284255981445, 3.357980966567993
1.2886112928390503, -1.3806794325457972, -1.3834450880633753, -1.9553163687335413, 1.5735681056976318, 3.357980966567993
1.2886112928390503, -1.380667511616842, -1.3834689299212855, -1.9553282896624964, 1.5735920667648315, 3.3580174446105957
1.288623332977295, -1.380643669758932, -1.3834570089923304, -1.9553163687335413, 1.5736041069030762, 3.357969045639038
1.2885993719100952, -1.380655590687887, -1.3834689299212855, -1.9553163687335413, 1.573580026626587, 3.357980966567993
1.28863525390625, -1.3806918303119105, -1.3835046927081507, -1.9553163687335413, 1.573580026626587, 3.3580052852630615
1.2886112928390503, -1.3806794325457972, -1.3834450880633753, -1.9553640524493616, 1.5736163854599, 3.3580052852630615
1.2886112928390503, -1.380655590687887, -1.3834808508502405, -1.9553163687335413, 1.5735920667648315, 3.357980966567993
1.2886112928390503, -1.3806794325457972, -1.383432690297262, -1.9553163687335413, 1.5735920667648315, 3.3580174446105957
1.2885993719100952, -1.380643669758932, -1.3834689299212855, -1.9553402105914515, 1.5736163854599, 3.358029365539551
1.2885993719100952, -1.380667511616842, -1.3834808508502405, -1.9553163687335413, 1.5736041069030762, 3.357957124710083
1.2886112928390503, -1.380667511616842, -1.383432690297262, -1.9553163687335413, 1.5735920667648315, 3.358029365539551
1.2886112928390503, -1.380667511616842, -1.3834450880633753, -1.9553640524493616, 1.5735920667648315, 3.3580174446105957
1.2886112928390503, -1.3806317488299769, -1.3834808508502405, -1.9553163687335413, 1.5736041069030762, 3.357980966567993
1.2886112928390503, -1.3806794325457972, -1.3834570089923304, -1.9553402105914515, 1.573580026626587, 3.357969045639038
1.288623332977295, -1.380655590687887, -1.3834450880633753, -1.9553521315204065, 1.5735920667648315, 3.3579933643341064
1.2885993719100952, -1.3806794325457972, -1.3834808508502405, -1.9553640524493616, 1.5736163854599, 3.3580174446105957
1.28863525390625, -1.380655590687887, -1.3834570089923304, -1.9553521315204065, 1.5736163854599, 3.357980966567993
1.2885993719100952, -1.380667511616842, -1.3834808508502405, -1.9553402105914515, 1.5736041069030762, 3.357957124710083
1.288623332977295, -1.380655590687887, -1.3834689299212855, -1.9553640524493616, 1.5735920667648315, 3.357980966567993
1.2886112928390503, -1.380667511616842, -1.3834808508502405, -1.9553521315204065, 1.5736163854599, 3.357980966567993
1.2886112928390503, -1.380667511616842, -1.3834808508502405, -1.9553402105914515, 1.5736284255981445, 3.357980966567993
1.2885873317718506, -1.3806918303119105, -1.3834689299212855, -1.9553402105914515, 1.5736041069030762, 3.3579933643341064
1.288623332977295, -1.3806918303119105, -1.3834689299212855, -1.9553402105914515, 1.5735681056976318, 3.357957124710083
1.2886112928390503, -1.380655590687887, -1.3834450880633753, -1.955303970967428, 1.5736163854599, 3.3580052852630615
1.2885993719100952, -1.3806794325457972, -1.3834808508502405, -1.9553521315204065, 1.5735920667648315, 3.3580174446105957
1.2886112928390503, -1.380667511616842, -1.3834927717791956, -1.9553521315204065, 1.5735920667648315, 3.3580052852630615
1.2885873317718506, -1.380667511616842, -1.3834570089923304, -1.9553402105914515, 1.5735920667648315, 3.3580174446105957
1.2885993719100952, -1.380655590687887, -1.3834689299212855, -1.955303970967428, 1.5735681056976318, 3.357969045639038
1.2886112928390503, -1.3806794325457972, -1.383432690297262, -1.9553640524493616, 1.5736041069030762, 3.358029365539551
1.288623332977295, -1.3806918303119105, -1.3834450880633753, -1.955303970967428, 1.5736041069030762, 3.357957124710083
1.2886112928390503, -1.380667511616842, -1.3834212462054651, -1.955303970967428, 1.5735920667648315, 3.357957124710083
1.2886112928390503, -1.380655590687887, -1.3834570089923304, -1.9553163687335413, 1.5736041069030762, 3.3580174446105957
1.2886112928390503, -1.3806794325457972, -1.3834689299212855, -1.9553402105914515, 1.5736284255981445, 3.357957124710083
1.2886112928390503, -1.380667511616842, -1.3834808508502405, -1.9553402105914515, 1.573580026626587, 3.3579933643341064
1.2886112928390503, -1.380667511616842, -1.3834450880633753, -1.9553282896624964, 1.573580026626587, 3.3579933643341064
1.2885993719100952, -1.380643669758932, -1.3834450880633753, -1.9553282896624964, 1.5736284255981445, 3.357980966567993
1.288623332977295, -1.3806794325457972, -1.3834808508502405, -1.9553521315204065, 1.5735920667648315, 3.3580174446105957
1.288623332977295, -1.380655590687887, -1.3834927717791956, -1.9553640524493616, 1.5736163854599, 3.3579933643341064
1.28863525390625, -1.380655590687887, -1.3834689299212855, -1.9553521315204065, 1.5735920667648315, 3.3579933643341064
1.2886112928390503, -1.380643669758932, -1.3834927717791956, -1.9553521315204065, 1.5735920667648315, 3.357957124710083
1.288623332977295, -1.380655590687887, -1.3834450880633753, -1.9553282896624964, 1.573580026626587, 3.3580052852630615
1.288623332977295, -1.3806918303119105, -1.3834689299212855, -1.9553163687335413, 1.573580026626587, 3.357980966567993
1.2886112928390503, -1.3806317488299769, -1.3834689299212855, -1.9553402105914515, 1.5735920667648315, 3.3580052852630615
1.2886112928390503, -1.3806794325457972, -1.3834689299212855, -1.9553402105914515, 1.5736041069030762, 3.357969045639038
1.2886112928390503, -1.380643669758932, -1.3834450880633753, -1.955303970967428, 1.5736041069030762, 3.357980966567993
1.2886112928390503, -1.380667511616842, -1.3834689299212855, -1.9553402105914515, 1.5736041069030762, 3.357969045639038
1.288623332977295, -1.380655590687887, -1.3834689299212855, -1.9553521315204065, 1.5736041069030762, 3.357980966567993
1.2885993719100952, -1.380655590687887, -1.3834570089923304, -1.9553402105914515, 1.5735920667648315, 3.357980966567993
1.288623332977295, -1.380667511616842, -1.3834450880633753, -1.9553402105914515, 1.5735920667648315, 3.357957124710083
1.2885873317718506, -1.380655590687887, -1.3834450880633753, -1.9553878943072718, 1.5736163854599, 3.357957124710083
1.2886112928390503, -1.380643669758932, -1.3834570089923304, -1.9553521315204065, 1.5736284255981445, 3.357980966567993
1.2886112928390503, -1.3806794325457972, -1.3834689299212855, -1.9553282896624964, 1.5735681056976318, 3.357957124710083
1.2885993719100952, -1.3806794325457972, -1.3834808508502405, -1.9553521315204065, 1.5736041069030762, 3.357969045639038
1.2885993719100952, -1.380655590687887, -1.3834808508502405, -1.9553163687335413, 1.5736163854599, 3.3580052852630615
1.2885754108428955, -1.380655590687887, -1.3834808508502405, -1.9553282896624964, 1.5735920667648315, 3.357980966567993
1.2885993719100952, -1.380655590687887, -1.3834689299212855, -1.9553402105914515, 1.573580026626587, 3.3579933643341064
1.2885754108428955, -1.3806918303119105, -1.3834808508502405, -1.9553282896624964, 1.5735920667648315, 3.357969045639038
1.2885754108428955, -1.3806794325457972, -1.3835046927081507, -1.9552801291095179, 1.5736284255981445, 3.357969045639038
1.2886112928390503, -1.3806918303119105, -1.3834689299212855, -1.9553163687335413, 1.5736041069030762, 3.357980966567993
1.2885873317718506, -1.3806794325457972, -1.3834450880633753, -1.9553402105914515, 1.573580026626587, 3.358029365539551
1.2885993719100952, -1.3806794325457972, -1.3834570089923304, -1.955303970967428, 1.5736284255981445, 3.357980966567993
1.2885993719100952, -1.380643669758932, -1.3834450880633753, -1.9553521315204065, 1.5736041069030762, 3.3579330444335938
1.2886112928390503, -1.3806317488299769, -1.3834927717791956, -1.9553402105914515, 1.5735920667648315, 3.3580052852630615
1.288623332977295, -1.380655590687887, -1.3834689299212855, -1.9553521315204065, 1.5735920667648315, 3.3579933643341064
1.2885873317718506, -1.3806918303119105, -1.3834927717791956, -1.9553282896624964, 1.5735920667648315, 3.357980966567993
1.2885993719100952, -1.380667511616842, -1.3834808508502405, -1.9553163687335413, 1.5736041069030762, 3.3580052852630615
1.2885873317718506, -1.380655590687887, -1.3834570089923304, -1.9553640524493616, 1.573580026626587, 3.3580174446105957
1.288623332977295, -1.3806794325457972, -1.3835046927081507, -1.9553282896624964, 1.5736163854599, 3.357957124710083
1.2885633707046509, -1.380643669758932, -1.3834570089923304, -1.9553163687335413, 1.5736041069030762, 3.357969045639038
1.288623332977295, -1.380667511616842, -1.3834808508502405, -1.9553402105914515, 1.5736284255981445, 3.3579933643341064
1.2886112928390503, -1.3806794325457972, -1.3834689299212855, -1.9553521315204065, 1.5735681056976318, 3.358041286468506
1.2886112928390503, -1.380655590687887, -1.3834689299212855, -1.9553163687335413, 1.5735920667648315, 3.357980966567993
1.288623332977295, -1.3806794325457972, -1.3834808508502405, -1.9553282896624964, 1.5736163854599, 3.357980966567993
1.2885873317718506, -1.380655590687887, -1.3834689299212855, -1.9553521315204065, 1.5736163854599, 3.357980966567993
1.2886112928390503, -1.3806794325457972, -1.3835046927081507, -1.9553163687335413, 1.5736163854599, 3.358041286468506
1.288623332977295, -1.380667511616842, -1.3834570089923304, -1.9553402105914515, 1.5736041069030762, 3.3580052852630615
1.2886112928390503, -1.380643669758932, -1.3834927717791956, -1.9553282896624964, 1.5735681056976318, 3.3580052852630615
1.2885993719100952, -1.380655590687887, -1.3835046927081507, -1.9553282896624964, 1.5736041069030762, 3.357957124710083
1.2886112928390503, -1.3806794325457972, -1.3834450880633753, -1.955303970967428, 1.573580026626587, 3.357980966567993
1.2885873317718506, -1.380643669758932, -1.3834570089923304, -1.9553640524493616, 1.5735920667648315, 3.357980966567993
1.2885873317718506, -1.3806193510638636, -1.3834689299212855, -1.9553402105914515, 1.5736041069030762, 3.3580052852630615
1.2885993719100952, -1.380643669758932, -1.3834570089923304, -1.9553402105914515, 1.573580026626587, 3.357980966567993
1.288623332977295, -1.380667511616842, -1.3834450880633753, -1.9553402105914515, 1.573580026626587, 3.3579933643341064
1.2886112928390503, -1.380667511616842, -1.3834689299212855, -1.9553640524493616, 1.5736041069030762, 3.3580174446105957
1.2886112928390503, -1.380667511616842, -1.3834450880633753, -1.9553521315204065, 1.5736163854599, 3.357980966567993
1.2885754108428955, -1.3806794325457972, -1.3834689299212855, -1.9553402105914515, 1.5736041069030762, 3.3579933643341064
1.2885754108428955, -1.3806794325457972, -1.3834570089923304, -1.9553640524493616, 1.5736041069030762, 3.3579933643341064
1.2885993719100952, -1.380667511616842, -1.3834689299212855, -1.9553521315204065, 1.5736041069030762, 3.357980966567993
1.2885993719100952, -1.380667511616842, -1.3834689299212855, -1.955303970967428, 1.5735920667648315, 3.357969045639038
1.2886112928390503, -1.380655590687887, -1.3834808508502405, -1.9553402105914515, 1.5735920667648315, 3.357969045639038
1.28863525390625, -1.3807032744037073, -1.3834570089923304, -1.9553402105914515, 1.5735920667648315, 3.357969045639038
1.2886112928390503, -1.380667511616842, -1.3834808508502405, -1.9553402105914515, 1.5735920667648315, 3.3579933643341064
1.28863525390625, -1.3806794325457972, -1.3834689299212855, -1.9553402105914515, 1.5736041069030762, 3.357969045639038
1.288623332977295, -1.3806794325457972, -1.383432690297262, -1.9553402105914515, 1.5736163854599, 3.3579933643341064
1.288623332977295, -1.380655590687887, -1.3834570089923304, -1.9553282896624964, 1.5736041069030762, 3.357957124710083
1.2886112928390503, -1.3806794325457972, -1.3835046927081507, -1.9553282896624964, 1.573580026626587, 3.357957124710083
1.28863525390625, -1.380655590687887, -1.3834808508502405, -1.9553402105914515, 1.5736041069030762, 3.357980966567993
1.288623332977295, -1.3806794325457972, -1.3834689299212855, -1.9553640524493616, 1.5735920667648315, 3.357980966567993
1.288623332977295, -1.3806794325457972, -1.3834808508502405, -1.9553282896624964, 1.5736041069030762, 3.357980966567993
1.2886112928390503, -1.3806794325457972, -1.3834570089923304, -1.955303970967428, 1.5736284255981445, 3.3580174446105957
1.2886112928390503, -1.380655590687887, -1.3834808508502405, -1.9553282896624964, 1.5736041069030762, 3.3579933643341064
1.2885873317718506, -1.380667511616842, -1.3834808508502405, -1.955303970967428, 1.5735920667648315, 3.357957124710083
1.2885993719100952, -1.380667511616842, -1.3834808508502405, -1.9553878943072718, 1.5736284255981445, 3.3580052852630615
1.2885873317718506, -1.380667511616842, -1.3834808508502405, -1.9553163687335413, 1.5736284255981445, 3.357969045639038
1.2885993719100952, -1.380655590687887, -1.3834808508502405, -1.9553521315204065, 1.573580026626587, 3.357980966567993
1.288623332977295, -1.3806794325457972, -1.3834808508502405, -1.9553163687335413, 1.573580026626587, 3.3579933643341064
1.2886112928390503, -1.3806918303119105, -1.3834808508502405, -1.9553163687335413, 1.573580026626587, 3.3580174446105957
1.2886112928390503, -1.380655590687887, -1.3834927717791956, -1.955303970967428, 1.5736163854599, 3.357957124710083
1.2886112928390503, -1.3806918303119105, -1.3834570089923304, -1.9553163687335413, 1.5736041069030762, 3.3579933643341064
1.28863525390625, -1.380643669758932, -1.3834689299212855, -1.9553521315204065, 1.5735681056976318, 3.358029365539551
1.2885993719100952, -1.3807032744037073, -1.3834450880633753, -1.9553402105914515, 1.573580026626587, 3.357969045639038
1.288623332977295, -1.3806918303119105, -1.3834570089923304, -1.9553402105914515, 1.5735920667648315, 3.358029365539551
1.288623332977295, -1.380643669758932, -1.3834689299212855, -1.9553402105914515, 1.5735681056976318, 3.357980966567993
1.2886112928390503, -1.380667511616842, -1.3834927717791956, -1.9553521315204065, 1.5735920667648315, 3.357980966567993
1.2885993719100952, -1.3806794325457972, -1.3834808508502405, -1.9553402105914515, 1.5735920667648315, 3.357969045639038
1.2886112928390503, -1.380667511616842, -1.3834689299212855, -1.9553282896624964, 1.5736041069030762, 3.358029365539551
1.2885873317718506, -1.380643669758932, -1.3834927717791956, -1.9553402105914515, 1.5736163854599, 3.357957124710083
1.2885993719100952, -1.3806794325457972, -1.3834927717791956, -1.9553402105914515, 1.573580026626587, 3.3580174446105957
1.2886112928390503, -1.380655590687887, -1.3834689299212855, -1.9553163687335413, 1.5736163854599, 3.3580052852630615
1.288623332977295, -1.380643669758932, -1.3834927717791956, -1.9553163687335413, 1.5735681056976318, 3.357969045639038
1.2886112928390503, -1.380643669758932, -1.3834927717791956, -1.9553402105914515, 1.5735920667648315, 3.357980966567993
1.2886112928390503, -1.380643669758932, -1.3834689299212855, -1.9553521315204065, 1.5736041069030762, 3.357980966567993
1.2886112928390503, -1.3806794325457972, -1.3834689299212855, -1.9553402105914515, 1.5736163854599, 3.3579933643341064
1.2886112928390503, -1.380667511616842, -1.3834689299212855, -1.9553282896624964, 1.5736041069030762, 3.3579933643341064
1.2886112928390503, -1.380655590687887, -1.3834450880633753, -1.9553402105914515, 1.5735920667648315, 3.357980966567993
1.2886112928390503, -1.380655590687887, -1.3834689299212855, -1.9553759733783167, 1.573580026626587, 3.357969045639038
1.2885993719100952, -1.380667511616842, -1.3834808508502405, -1.955292050038473, 1.5735920667648315, 3.3579933643341064
1.2886112928390503, -1.380655590687887, -1.3834808508502405, -1.9553402105914515, 1.5735681056976318, 3.357980966567993
1.2886112928390503, -1.380667511616842, -1.3834689299212855, -1.9553521315204065, 1.5736163854599, 3.357980966567993
1.288623332977295, -1.380643669758932, -1.3834808508502405, -1.9553282896624964, 1.5736041069030762, 3.357969045639038
1.2886112928390503, -1.3806794325457972, -1.3834570089923304, -1.9553402105914515, 1.5736041069030762, 3.3580052852630615
1.2886112928390503, -1.3806317488299769, -1.3834927717791956, -1.9553878943072718, 1.5735681056976318, 3.357969045639038
1.2885993719100952, -1.380643669758932, -1.3834689299212855, -1.9553640524493616, 1.5736403465270996, 3.3580052852630615
1.288623332977295, -1.3806794325457972, -1.3834689299212855, -1.9553521315204065, 1.5736041069030762, 3.357969045639038
1.2885754108428955, -1.380667511616842, -1.3834927717791956, -1.955303970967428, 1.5736041069030762, 3.357969045639038
1.2886112928390503, -1.3806918303119105, -1.3834570089923304, -1.9553521315204065, 1.5735920667648315, 3.357980966567993
1.2885754108428955, -1.380643669758932, -1.383432690297262, -1.9553402105914515, 1.5736041069030762, 3.3580052852630615
1.2886112928390503, -1.380655590687887, -1.3834689299212855, -1.9553163687335413, 1.573580026626587, 3.357980966567993
1.2885993719100952, -1.380655590687887, -1.3834689299212855, -1.9553759733783167, 1.573580026626587, 3.357944965362549
1.2885993719100952, -1.380667511616842, -1.3835166136371058, -1.9553163687335413, 1.5735681056976318, 3.357944965362549
1.2885993719100952, -1.3806794325457972, -1.3834808508502405, -1.9553402105914515, 1.5736041069030762, 3.357980966567993
1.2885633707046509, -1.380655590687887, -1.3834689299212855, -1.9553282896624964, 1.573580026626587, 3.3580052852630615
1.28863525390625, -1.380643669758932, -1.3834212462054651, -1.9553878943072718, 1.5736163854599, 3.3580174446105957
1.2885993719100952, -1.3806918303119105, -1.3834450880633753, -1.9553521315204065, 1.5735920667648315, 3.357980966567993
1.2885873317718506, -1.380667511616842, -1.3834570089923304, -1.9553759733783167, 1.5735681056976318, 3.3579933643341064
1.2886112928390503, -1.3807032744037073, -1.3834689299212855, -1.9553282896624964, 1.5735920667648315, 3.3579933643341064
1.288623332977295, -1.3806918303119105, -1.3834570089923304, -1.955292050038473, 1.5735920667648315, 3.3579933643341064
1.2885993719100952, -1.3806918303119105, -1.3834927717791956, -1.9553282896624964, 1.5735920667648315, 3.3579933643341064
1.2886112928390503, -1.380667511616842, -1.3835046927081507, -1.9553163687335413, 1.573580026626587, 3.357980966567993
1.2885993719100952, -1.3806918303119105, -1.3834689299212855, -1.9553402105914515, 1.5735560655593872, 3.357980966567993
1.288623332977295, -1.3806317488299769, -1.3834927717791956, -1.9553402105914515, 1.5735920667648315, 3.3579933643341064
1.2885873317718506, -1.380655590687887, -1.3834808508502405, -1.955303970967428, 1.5736403465270996, 3.357957124710083
1.288623332977295, -1.380643669758932, -1.3834808508502405, -1.9553640524493616, 1.573580026626587, 3.357969045639038
1.28863525390625, -1.380643669758932, -1.3834570089923304, -1.9553878943072718, 1.573580026626587, 3.357957124710083
1.2886112928390503, -1.3806794325457972, -1.3834808508502405, -1.9553163687335413, 1.5735681056976318, 3.3579933643341064
1.2885993719100952, -1.380655590687887, -1.3834808508502405, -1.9553402105914515, 1.5736041069030762, 3.3580174446105957
1.2885993719100952, -1.380655590687887, -1.3834927717791956, -1.9553521315204065, 1.5736284255981445, 3.3579933643341064
1.288623332977295, -1.380667511616842, -1.3834808508502405, -1.9553402105914515, 1.573580026626587, 3.3580052852630615
1.2885993719100952, -1.380655590687887, -1.3834808508502405, -1.9553282896624964, 1.5735920667648315, 3.357944965362549
1.2886112928390503, -1.380655590687887, -1.3834450880633753, -1.9553521315204065, 1.5735681056976318, 3.357980966567993
1.2885993719100952, -1.380667511616842, -1.3834689299212855, -1.9553402105914515, 1.5736041069030762, 3.357957124710083
1.2886112928390503, -1.380655590687887, -1.3834450880633753, -1.9553521315204065, 1.5735920667648315, 3.357969045639038
1.2886112928390503, -1.3806794325457972, -1.3834927717791956, -1.955303970967428, 1.5735681056976318, 3.358029365539551
1.2886112928390503, -1.3806794325457972, -1.3834689299212855, -1.9553521315204065, 1.5735920667648315, 3.357957124710083
1.2886112928390503, -1.3806794325457972, -1.3835166136371058, -1.9553521315204065, 1.5735681056976318, 3.3579933643341064
1.2885993719100952, -1.380655590687887, -1.3835046927081507, -1.9553282896624964, 1.5735681056976318, 3.3580174446105957
1.2885754108428955, -1.380655590687887, -1.3834570089923304, -1.9553282896624964, 1.5735681056976318, 3.358053207397461
1.2885993719100952, -1.3806794325457972, -1.3834927717791956, -1.9553402105914515, 1.573580026626587, 3.358029365539551
1.288623332977295, -1.3806317488299769, -1.383432690297262, -1.9553640524493616, 1.5736041069030762, 3.357980966567993
1.28863525390625, -1.3806794325457972, -1.3834450880633753, -1.9553402105914515, 1.5736041069030762, 3.3579933643341064
1.2885754108428955, -1.380643669758932, -1.3834808508502405, -1.9553402105914515, 1.5736163854599, 3.3580052852630615
1.2885993719100952, -1.380667511616842, -1.3834808508502405, -1.9553402105914515, 1.573580026626587, 3.358029365539551
1.28863525390625, -1.380655590687887, -1.3834808508502405, -1.9553402105914515, 1.5736041069030762, 3.3580174446105957
1.28863525390625, -1.3806918303119105, -1.3834689299212855, -1.9553640524493616, 1.573580026626587, 3.3579330444335938
1.2886112928390503, -1.3806794325457972, -1.3834570089923304, -1.9553521315204065, 1.5735681056976318, 3.3580052852630615
1.2885993719100952, -1.3806317488299769, -1.3834927717791956, -1.9553640524493616, 1.5735920667648315, 3.3580052852630615
1.2886112928390503, -1.3806794325457972, -1.3834808508502405, -1.9553163687335413, 1.5736041069030762, 3.357980966567993
1.2886112928390503, -1.380643669758932, -1.3834570089923304, -1.9553640524493616, 1.573580026626587, 3.3579933643341064
1.2885754108428955, -1.3806794325457972, -1.3834808508502405, -1.9553640524493616, 1.5735681056976318, 3.3580052852630615
1.288623332977295, -1.3806794325457972, -1.3834927717791956, -1.9553282896624964, 1.5736284255981445, 3.357980966567993
1.288623332977295, -1.3806918303119105, -1.3834808508502405, -1.9553640524493616, 1.5735681056976318, 3.3579933643341064
1.2886112928390503, -1.380667511616842, -1.3834570089923304, -1.9553521315204065, 1.573580026626587, 3.357980966567993
1.2886112928390503, -1.380667511616842, -1.3834808508502405, -1.9553402105914515, 1.5735681056976318, 3.3580052852630615
1.288623332977295, -1.380667511616842, -1.3834927717791956, -1.9553521315204065, 1.5735681056976318, 3.3580052852630615
1.288623332977295, -1.380667511616842, -1.3834450880633753, -1.9553640524493616, 1.5735920667648315, 3.3580052852630615
1.28863525390625, -1.3806918303119105, -1.3834689299212855, -1.9553521315204065, 1.5735441446304321, 3.357980966567993
1.2886112928390503, -1.3806918303119105, -1.3834808508502405, -1.9553163687335413, 1.5735920667648315, 3.3579933643341064
1.2885873317718506, -1.380667511616842, -1.3834927717791956, -1.9553282896624964, 1.5735681056976318, 3.3580174446105957
1.2886112928390503, -1.3807032744037073, -1.3834927717791956, -1.9553402105914515, 1.5735681056976318, 3.3580052852630615
1.2885754108428955, -1.3806794325457972, -1.3834570089923304, -1.9553402105914515, 1.5735681056976318, 3.3579933643341064
1.2885873317718506, -1.380667511616842, -1.3834927717791956, -1.9553402105914515, 1.573580026626587, 3.3579933643341064
1.2885873317718506, -1.380667511616842, -1.3834808508502405, -1.9553640524493616, 1.5735920667648315, 3.3580174446105957
1.2886112928390503, -1.380667511616842, -1.3834927717791956, -1.9553521315204065, 1.5736041069030762, 3.357969045639038
1.2886112928390503, -1.380655590687887, -1.3834808508502405, -1.9553521315204065, 1.5735920667648315, 3.3580052852630615
1.2886112928390503, -1.380643669758932, -1.3834808508502405, -1.9553640524493616, 1.5736041069030762, 3.357980966567993
1.28863525390625, -1.380643669758932, -1.3835046927081507, -1.9553163687335413, 1.5736163854599, 3.357980966567993
1.2886112928390503, -1.3806794325457972, -1.3834927717791956, -1.9553521315204065, 1.5735681056976318, 3.357969045639038
1.28863525390625, -1.380655590687887, -1.3834570089923304, -1.9553640524493616, 1.573580026626587, 3.357957124710083
1.288623332977295, -1.3806918303119105, -1.3834450880633753, -1.9553402105914515, 1.5735920667648315, 3.357980966567993
1.288623332977295, -1.380667511616842, -1.3835046927081507, -1.9553163687335413, 1.5736163854599, 3.357980966567993
1.2885873317718506, -1.380667511616842, -1.3834689299212855, -1.9553282896624964, 1.5735920667648315, 3.357980966567993
1.2886112928390503, -1.380643669758932, -1.3834808508502405, -1.9553402105914515, 1.573580026626587, 3.357957124710083
1.28863525390625, -1.380667511616842, -1.3834689299212855, -1.9553163687335413, 1.573580026626587, 3.357969045639038
1.2885993719100952, -1.380643669758932, -1.3834808508502405, -1.9553282896624964, 1.573580026626587, 3.3579933643341064
1.2886112928390503, -1.3806317488299769, -1.3834689299212855, -1.9553521315204065, 1.5735681056976318, 3.357969045639038
1.288623332977295, -1.380655590687887, -1.3834570089923304, -1.9553640524493616, 1.5736041069030762, 3.357944965362549
1.288623332977295, -1.380655590687887, -1.3834689299212855, -1.9553640524493616, 1.5735681056976318, 3.3580052852630615
1.2886112928390503, -1.380655590687887, -1.3834570089923304, -1.9553521315204065, 1.573580026626587, 3.357980966567993
1.2885754108428955, -1.3806794325457972, -1.3834450880633753, -1.9553402105914515, 1.5735920667648315, 3.357969045639038
1.2886112928390503, -1.3807156721698206, -1.3834689299212855, -1.9553402105914515, 1.5735920667648315, 3.357980966567993
1.2885873317718506, -1.380655590687887, -1.3834689299212855, -1.9553282896624964, 1.573580026626587, 3.357980966567993
1.2886112928390503, -1.380643669758932, -1.3834570089923304, -1.9553402105914515, 1.573580026626587, 3.3580174446105957
1.2885754108428955, -1.380643669758932, -1.3834450880633753, -1.9553402105914515, 1.573580026626587, 3.357980966567993
1.288623332977295, -1.3806794325457972, -1.3834689299212855, -1.9553640524493616, 1.5735681056976318, 3.357957124710083
1.2886112928390503, -1.380655590687887, -1.3835046927081507, -1.9553402105914515, 1.573580026626587, 3.3579933643341064
1.2885993719100952, -1.3806794325457972, -1.3834808508502405, -1.9553282896624964, 1.5736041069030762, 3.357969045639038
1.2886112928390503, -1.380643669758932, -1.3834450880633753, -1.9553163687335413, 1.5736041069030762, 3.357980966567993
1.288623332977295, -1.380655590687887, -1.3834689299212855, -1.955303970967428, 1.573580026626587, 3.357957124710083
1.2885873317718506, -1.380655590687887, -1.3834808508502405, -1.9553640524493616, 1.5736041069030762, 3.357980966567993
1.2885993719100952, -1.3806794325457972, -1.3834808508502405, -1.9553163687335413, 1.5735920667648315, 3.357957124710083
1.2886112928390503, -1.380655590687887, -1.3834689299212855, -1.9553402105914515, 1.573580026626587, 3.357980966567993
1.2886112928390503, -1.380643669758932, -1.3834927717791956, -1.955292050038473, 1.5735681056976318, 3.357969045639038
1.2886472940444946, -1.3806794325457972, -1.3834570089923304, -1.9553759733783167, 1.5736041069030762, 3.357944965362549
1.2885754108428955, -1.3806794325457972, -1.3835166136371058, -1.9553402105914515, 1.5735681056976318, 3.3579933643341064
1.2886112928390503, -1.380655590687887, -1.3834808508502405, -1.9553402105914515, 1.5735681056976318, 3.3580052852630615
1.2886112928390503, -1.380643669758932, -1.3834689299212855, -1.9553163687335413, 1.5736041069030762, 3.357969045639038
1.2885993719100952, -1.380667511616842, -1.3834570089923304, -1.9553163687335413, 1.5735560655593872, 3.357969045639038
1.2885754108428955, -1.3806794325457972, -1.3834927717791956, -1.9553163687335413, 1.5736163854599, 3.357980966567993
1.2885993719100952, -1.380655590687887, -1.3834689299212855, -1.9553163687335413, 1.5735920667648315, 3.3580052852630615
1.2885993719100952, -1.3806317488299769, -1.3834808508502405, -1.955303970967428, 1.573580026626587, 3.3579933643341064
1.288623332977295, -1.3806794325457972, -1.3834808508502405, -1.9553521315204065, 1.5735920667648315, 3.357980966567993
1.28863525390625, -1.380667511616842, -1.3834927717791956, -1.9553402105914515, 1.5736041069030762, 3.357957124710083
1.2885993719100952, -1.380655590687887, -1.3834808508502405, -1.9553521315204065, 1.5736403465270996, 3.3579933643341064
1.2886112928390503, -1.3806918303119105, -1.3834689299212855, -1.9553640524493616, 1.5735681056976318, 3.357980966567993
1.2886112928390503, -1.380667511616842, -1.3834570089923304, -1.9553640524493616, 1.573580026626587, 3.357957124710083
1.2885993719100952, -1.3806794325457972, -1.3834570089923304, -1.9553163687335413, 1.5735920667648315, 3.357944965362549
1.2886472940444946, -1.380655590687887, -1.3834927717791956, -1.9553759733783167, 1.5735920667648315, 3.3580052852630615
1.2886112928390503, -1.3806794325457972, -1.3834808508502405, -1.9553640524493616, 1.5735681056976318, 3.3580052852630615
1.2885993719100952, -1.380667511616842, -1.3834570089923304, -1.9553640524493616, 1.5735681056976318, 3.3580052852630615
1.2885993719100952, -1.380667511616842, -1.3834927717791956, -1.9553640524493616, 1.5736163854599, 3.3580052852630615
1.2886112928390503, -1.380643669758932, -1.3834808508502405, -1.9553521315204065, 1.5735920667648315, 3.357969045639038
1.288623332977295, -1.3806794325457972, -1.3834927717791956, -1.9553521315204065, 1.5735681056976318, 3.357980966567993
1.2885993719100952, -1.380667511616842, -1.3834808508502405, -1.9553402105914515, 1.573580026626587, 3.3579933643341064
1.2885993719100952, -1.380667511616842, -1.3834450880633753, -1.9553402105914515, 1.5735920667648315, 3.357957124710083
1.2886112928390503, -1.380655590687887, -1.3834689299212855, -1.9553402105914515, 1.5735920667648315, 3.357957124710083
1.2886112928390503, -1.3806794325457972, -1.3834808508502405, -1.9553163687335413, 1.5736163854599, 3.357980966567993
1.2885993719100952, -1.3806794325457972, -1.3834808508502405, -1.9553402105914515, 1.573580026626587, 3.357969045639038
1.2885873317718506, -1.3806317488299769, -1.3835046927081507, -1.9553521315204065, 1.5735920667648315, 3.357957124710083
1.2885873317718506, -1.380655590687887, -1.3834808508502405, -1.9553521315204065, 1.5735681056976318, 3.3579933643341064
1.2885993719100952, -1.380667511616842, -1.3834927717791956, -1.9553640524493616, 1.5736041069030762, 3.357980966567993
1.2886112928390503, -1.3806918303119105, -1.3834570089923304, -1.9553402105914515, 1.5736041069030762, 3.357980966567993
1.288623332977295, -1.380667511616842, -1.3834570089923304, -1.9553878943072718, 1.5735920667648315, 3.357980966567993
1.2885873317718506, -1.380643669758932, -1.3834808508502405, -1.9553402105914515, 1.5735681056976318, 3.3580052852630615
1.2885873317718506, -1.380667511616842, -1.3834808508502405, -1.9553402105914515, 1.5736284255981445, 3.3579933643341064
1.2885873317718506, -1.380643669758932, -1.3834808508502405, -1.9553640524493616, 1.573580026626587, 3.3579933643341064
1.288623332977295, -1.3806794325457972, -1.3834927717791956, -1.9553282896624964, 1.573580026626587, 3.357980966567993
1.2886112928390503, -1.380667511616842, -1.3834808508502405, -1.9553282896624964, 1.5736041069030762, 3.3580174446105957
1.288623332977295, -1.3806794325457972, -1.3834570089923304, -1.9553163687335413, 1.573580026626587, 3.357957124710083
1.2886112928390503, -1.380667511616842, -1.3834927717791956, -1.9553282896624964, 1.5735920667648315, 3.3580052852630615
1.2886472940444946, -1.380667511616842, -1.3834808508502405, -1.9553640524493616, 1.5735920667648315, 3.357969045639038
1.288623332977295, -1.3806794325457972, -1.3834689299212855, -1.9553282896624964, 1.5735920667648315, 3.357980966567993
1.28863525390625, -1.380667511616842, -1.3834450880633753, -1.9553521315204065, 1.5735681056976318, 3.357980966567993
1.288623332977295, -1.380655590687887, -1.3834808508502405, -1.9553640524493616, 1.5735920667648315, 3.357980966567993
1.2885993719100952, -1.380655590687887, -1.3834450880633753, -1.9553163687335413, 1.5736041069030762, 3.3580174446105957
1.2885754108428955, -1.380667511616842, -1.3834689299212855, -1.9553282896624964, 1.5735920667648315, 3.3580174446105957
1.2885873317718506, -1.380667511616842, -1.3834570089923304, -1.9553282896624964, 1.5735681056976318, 3.3579933643341064
1.288623332977295, -1.380643669758932, -1.3834570089923304, -1.9553640524493616, 1.5735920667648315, 3.357969045639038
1.2885993719100952, -1.3806794325457972, -1.3834570089923304, -1.9553521315204065, 1.5735681056976318, 3.357969045639038
1.2885993719100952, -1.380667511616842, -1.3834212462054651, -1.9553759733783167, 1.573580026626587, 3.3580052852630615
1.2885633707046509, -1.380667511616842, -1.3834450880633753, -1.9553402105914515, 1.5735560655593872, 3.3579933643341064
1.2885993719100952, -1.3806794325457972, -1.3834808508502405, -1.9553640524493616, 1.5735681056976318, 3.3579933643341064
1.2885873317718506, -1.3806794325457972, -1.3834808508502405, -1.9553282896624964, 1.5735920667648315, 3.3579933643341064
1.2885873317718506, -1.380667511616842, -1.3834570089923304, -1.9553640524493616, 1.5735920667648315, 3.357980966567993
1.288623332977295, -1.3806918303119105, -1.3834808508502405, -1.9553521315204065, 1.5735920667648315, 3.357969045639038
1.2885633707046509, -1.3806794325457972, -1.3834808508502405, -1.9553402105914515, 1.5735441446304321, 3.3579933643341064
1.2885873317718506, -1.380643669758932, -1.3834808508502405, -1.9553640524493616, 1.5736163854599, 3.357980966567993
1.2885754108428955, -1.3806794325457972, -1.3834689299212855, -1.9553402105914515, 1.573580026626587, 3.357980966567993
1.2886112928390503, -1.3806918303119105, -1.3834689299212855, -1.9553759733783167, 1.573580026626587, 3.357980966567993
1.288623332977295, -1.3806794325457972, -1.3834689299212855, -1.9553878943072718, 1.5735681056976318, 3.357980966567993
1.2885993719100952, -1.380655590687887, -1.3834570089923304, -1.9553402105914515, 1.5735920667648315, 3.3579933643341064
1.2886112928390503, -1.3807156721698206, -1.3834689299212855, -1.9553282896624964, 1.573580026626587, 3.357980966567993
1.2885873317718506, -1.3806317488299769, -1.3834689299212855, -1.9553282896624964, 1.5735681056976318, 3.357957124710083
1.288623332977295, -1.380655590687887, -1.3834808508502405, -1.9553402105914515, 1.5736041069030762, 3.357980966567993
1.288623332977295, -1.3807032744037073, -1.3834927717791956, -1.9553521315204065, 1.5735920667648315, 3.3579330444335938
1.2885873317718506, -1.380655590687887, -1.3834570089923304, -1.9553163687335413, 1.573580026626587, 3.3580052852630615
1.2885993719100952, -1.380667511616842, -1.3834450880633753, -1.9553402105914515, 1.5735920667648315, 3.357957124710083
1.2885993719100952, -1.380667511616842, -1.3834927717791956, -1.9553521315204065, 1.573580026626587, 3.3579933643341064
1.2885873317718506, -1.380655590687887, -1.3834808508502405, -1.9553521315204065, 1.5735681056976318, 3.3579933643341064
1.288623332977295, -1.3806794325457972, -1.3834689299212855, -1.9553163687335413, 1.5735560655593872, 3.357980966567993
1.288623332977295, -1.380655590687887, -1.3834927717791956, -1.9553402105914515, 1.5735681056976318, 3.3580052852630615
1.2885873317718506, -1.3806317488299769, -1.3834808508502405, -1.9553282896624964, 1.5736163854599, 3.357980966567993
1.2885873317718506, -1.380643669758932, -1.3834570089923304, -1.955303970967428, 1.5735681056976318, 3.357969045639038
1.2885873317718506, -1.3806794325457972, -1.383432690297262, -1.9553521315204065, 1.573580026626587, 3.357969045639038
1.2886112928390503, -1.380643669758932, -1.3834808508502405, -1.9553402105914515, 1.5735920667648315, 3.3579933643341064
1.2885873317718506, -1.3806317488299769, -1.3834808508502405, -1.9553282896624964, 1.5735560655593872, 3.3579933643341064
1.2885993719100952, -1.380655590687887, -1.3834808508502405, -1.9553640524493616, 1.5735681056976318, 3.3579933643341064
1.288623332977295, -1.380667511616842, -1.3834808508502405, -1.9553521315204065, 1.5735920667648315, 3.357957124710083
1.2886112928390503, -1.3807032744037073, -1.3834570089923304, -1.9553521315204065, 1.5735681056976318, 3.357969045639038
1.2886472940444946, -1.3806794325457972, -1.3834689299212855, -1.9553759733783167, 1.573580026626587, 3.3579933643341064
1.288623332977295, -1.3806794325457972, -1.3834808508502405, -1.9553282896624964, 1.5735920667648315, 3.3580052852630615
1.28863525390625, -1.3806918303119105, -1.3834570089923304, -1.9553521315204065, 1.573580026626587, 3.357957124710083
1.288623332977295, -1.3806794325457972, -1.3834570089923304, -1.9553640524493616, 1.5735681056976318, 3.3579933643341064
1.2885633707046509, -1.3806794325457972, -1.3834808508502405, -1.955303970967428, 1.573580026626587, 3.3580174446105957
1.288623332977295, -1.3806794325457972, -1.3834689299212855, -1.9553282896624964, 1.5735681056976318, 3.357969045639038
1.2886112928390503, -1.3806794325457972, -1.3834689299212855, -1.9553163687335413, 1.5735441446304321, 3.357969045639038
1.2886112928390503, -1.380655590687887, -1.3834450880633753, -1.9553163687335413, 1.5736041069030762, 3.3579933643341064
1.2885993719100952, -1.3806918303119105, -1.3834689299212855, -1.9553402105914515, 1.573580026626587, 3.3579330444335938
1.2886112928390503, -1.380655590687887, -1.3834927717791956, -1.9553402105914515, 1.5736041069030762, 3.3580174446105957
1.2886112928390503, -1.380655590687887, -1.3834570089923304, -1.9553521315204065, 1.5735681056976318, 3.3580052852630615
1.2886112928390503, -1.3806794325457972, -1.3834570089923304, -1.9553521315204065, 1.5735681056976318, 3.3579933643341064
1.2885993719100952, -1.3806918303119105, -1.3834570089923304, -1.9553282896624964, 1.573580026626587, 3.357980966567993
1.2886112928390503, -1.380667511616842, -1.3834808508502405, -1.9553402105914515, 1.573580026626587, 3.3580052852630615
1.2886112928390503, -1.380655590687887, -1.3834689299212855, -1.9553402105914515, 1.573580026626587, 3.3579933643341064
1.2885993719100952, -1.380667511616842, -1.383432690297262, -1.9553282896624964, 1.5735560655593872, 3.3580174446105957
1.2886112928390503, -1.380667511616842, -1.3834927717791956, -1.9553640524493616, 1.5735681056976318, 3.3579933643341064
1.288623332977295, -1.3806794325457972, -1.3834808508502405, -1.9553402105914515, 1.5735681056976318, 3.3579933643341064
1.2886112928390503, -1.380667511616842, -1.383432690297262, -1.9553282896624964, 1.5735681056976318, 3.357980966567993
1.2886112928390503, -1.3806918303119105, -1.3834927717791956, -1.9553640524493616, 1.573580026626587, 3.357957124710083
1.2885873317718506, -1.380667511616842, -1.3834927717791956, -1.9553163687335413, 1.5735681056976318, 3.357957124710083
1.2885873317718506, -1.380643669758932, -1.3834689299212855, -1.9553163687335413, 1.5735920667648315, 3.358029365539551
1.288623332977295, -1.380667511616842, -1.3834927717791956, -1.9553402105914515, 1.5736041069030762, 3.357980966567993
1.288623332977295, -1.3806918303119105, -1.3834689299212855, -1.9553759733783167, 1.5736041069030762, 3.357957124710083
1.2885993719100952, -1.380655590687887, -1.3834570089923304, -1.9553402105914515, 1.5735920667648315, 3.3579933643341064
1.2885873317718506, -1.3807156721698206, -1.3834927717791956, -1.9553282896624964, 1.573580026626587, 3.357980966567993
1.2886112928390503, -1.380655590687887, -1.383432690297262, -1.9553402105914515, 1.5736041069030762, 3.357957124710083
1.28863525390625, -1.380655590687887, -1.3835046927081507, -1.9553759733783167, 1.5735920667648315, 3.357980966567993
1.2885993719100952, -1.3806918303119105, -1.3834570089923304, -1.9553282896624964, 1.573580026626587, 3.3579933643341064
1.2886112928390503, -1.380655590687887, -1.3834927717791956, -1.9553282896624964, 1.5735681056976318, 3.3580052852630615
1.2886112928390503, -1.380667511616842, -1.3834808508502405, -1.9553759733783167, 1.5736284255981445, 3.357969045639038
1.2886112928390503, -1.380667511616842, -1.3834689299212855, -1.9553640524493616, 1.5735920667648315, 3.3579933643341064
1.2885993719100952, -1.3806918303119105, -1.383432690297262, -1.9553402105914515, 1.573580026626587, 3.3580174446105957
1.2885873317718506, -1.3806317488299769, -1.3834808508502405, -1.9553521315204065, 1.5735441446304321, 3.3580052852630615
1.2885993719100952, -1.380655590687887, -1.3834570089923304, -1.9553163687335413, 1.5735681056976318, 3.357980966567993
1.2886472940444946, -1.3806918303119105, -1.3834570089923304, -1.9553402105914515, 1.5735560655593872, 3.3580174446105957
1.2886112928390503, -1.380655590687887, -1.3834689299212855, -1.9553521315204065, 1.5736041069030762, 3.357957124710083
1.288623332977295, -1.380667511616842, -1.3834808508502405, -1.9553402105914515, 1.573580026626587, 3.3579933643341064
1.2885993719100952, -1.380643669758932, -1.3834927717791956, -1.9553402105914515, 1.5735920667648315, 3.357969045639038
1.2885993719100952, -1.380667511616842, -1.3834808508502405, -1.9553402105914515, 1.5735681056976318, 3.3580052852630615
1.2886112928390503, -1.380643669758932, -1.383432690297262, -1.9553282896624964, 1.573580026626587, 3.357980966567993
1.2886112928390503, -1.380667511616842, -1.3834808508502405, -1.9553402105914515, 1.5735920667648315, 3.357969045639038
1.2886112928390503, -1.380667511616842, -1.3834689299212855, -1.9553759733783167, 1.5735920667648315, 3.3579933643341064
1.2886112928390503, -1.3806918303119105, -1.3834450880633753, -1.9553402105914515, 1.5735560655593872, 3.357980966567993
1.288623332977295, -1.380655590687887, -1.3834808508502405, -1.9552801291095179, 1.573580026626587, 3.357969045639038
1.2886112928390503, -1.3806918303119105, -1.3834808508502405, -1.9553640524493616, 1.5735681056976318, 3.3579933643341064
1.288623332977295, -1.3806794325457972, -1.3834808508502405, -1.9553282896624964, 1.5735560655593872, 3.357957124710083
1.2886112928390503, -1.380643669758932, -1.3834808508502405, -1.9553402105914515, 1.573580026626587, 3.3580052852630615
1.2885873317718506, -1.3806918303119105, -1.3834808508502405, -1.9553282896624964, 1.5735560655593872, 3.357957124710083
1.288623332977295, -1.3806794325457972, -1.3834927717791956, -1.9553402105914515, 1.5735681056976318, 3.3580174446105957
