-0.6940191427813929, -2.5696213881122034, -1.3422139326678675, -0.8013151327716272, 1.5644140243530273, 2.708080291748047
-0.694042984639303, -2.569585625325338, -1.3422258535968226, -0.8013752142535608, 1.5644500255584717, 2.708080291748047
-0.6940553824054163, -2.569585625325338, -1.3422616163836878, -0.8013270537005823, 1.564437985420227, 2.708080291748047
-0.694042984639303, -2.5695975462542933, -1.3422258535968226, -0.8013270537005823, 1.564426064491272, 2.708080291748047
-0.6940553824054163, -2.5695975462542933, -1.3422377745257776, -0.8013394514666956, 1.5644500255584717, 2.70809268951416
-0.6940792242633265, -2.5695975462542933, -1.3422020117389124, -0.8013270537005823, 1.564437985420227, 2.708080291748047
-0.694031063710348, -2.569573704396383, -1.3422258535968226, -0.8013270537005823, 1.5644140243530273, 2.7081046104431152
-0.694042984639303, -2.5696094671832483, -1.3422020117389124, -0.8013752142535608, 1.564426064491272, 2.7081284523010254
-0.6940553824054163, -2.569585625325338, -1.3422139326678675, -0.8013032118426722, 1.5644500255584717, 2.7081165313720703
-0.6940553824054163, -2.569561783467428, -1.3422139326678675, -0.8013394514666956, 1.564437985420227, 2.708080291748047
-0.6940673033343714, -2.569585625325338, -1.3422258535968226, -0.8013394514666956, 1.5644140243530273, 2.7080562114715576
-0.6940191427813929, -2.569573704396383, -1.3422139326678675, -0.8013513723956507, 1.564497947692871, 2.7080323696136475
-0.6940553824054163, -2.5696094671832483, -1.3422377745257776, -0.8013513723956507, 1.5645458698272705, 2.707984447479248
-0.6940673033343714, -2.569573704396383, -1.3421295324908655, -0.8014710585223597, 1.5645458698272705, 2.708068370819092
-0.694031063710348, -2.569573704396383, -1.3420818487750452, -0.8014949003802698, 1.5645338296890259, 2.707984447479248
-0.6940792242633265, -2.5696094671832483, -1.3421295324908655, -0.8015192190753382, 1.5645458698272705, 2.707984447479248
-0.6940673033343714, -2.569669548665182, -1.3421295324908655, -0.8014710585223597, 1.5645098686218262, 2.7080202102661133
-0.6940553824054163, -2.5698373953448694, -1.3421662489520472, -0.8014710585223597, 1.564378023147583, 2.7080323696136475
-0.6940553824054163, -2.5701969305621546, -1.3421056906329554, -0.8013270537005823, 1.5643900632858276, 2.70809268951416
-0.6941631476031702, -2.5705087820636194, -1.3421056906329554, -0.8008959929095667, 1.5644739866256714, 2.7080442905426025
-0.6941631476031702, -2.570808235798971, -1.3420937697040003, -0.8005006949054163, 1.5645219087600708, 2.70809268951416
-0.6941393057452601, -2.571024243031637, -1.3420699278460901, -0.80023700395693, 1.5645338296890259, 2.707984447479248
-0.6941631476031702, -2.5712159315692347, -1.3420937697040003, -0.8000453154193323, 1.56459379196167, 2.7079484462738037
-0.6942232290851038, -2.5713236967669886, -1.34204608598818, -0.8000815550433558, 1.5647135972976685, 2.7080202102661133
-0.694247070943014, -2.5713475386248987, -1.341949764882223, -0.8000453154193323, 1.5647375583648682, 2.707888603210449
-0.694247070943014, -2.571239773427145, -1.3418062368976038, -0.7997940222369593, 1.5647971630096436, 2.707984447479248
-0.6942709128009241, -2.5711796919452112, -1.3417580763446253, -0.7997458616839808, 1.5648930072784424, 2.708008289337158
-0.6942709128009241, -2.5709999243365687, -1.3417580763446253, -0.7998059431659144, 1.5649769306182861, 2.7078046798706055
-0.6942709128009241, -2.570592705403463, -1.34204608598818, -0.7999137083636683, 1.5654683113098145, 2.70786452293396
-0.694247070943014, -2.5709880034076136, -1.3420699278460901, -0.8003209272967737, 1.565875768661499, 2.7078285217285156
-0.6943071524249476, -2.5711920897113245, -1.3421056906329554, -0.8002012411700647, 1.5674692392349243, 2.707672357559204
-0.6943190733539026, -2.5711920897113245, -1.3420937697040003, -0.8000214735614222, 1.567421317100525, 2.7078046798706055
-0.6943429152118128, -2.571575943623678, -1.3421295324908655, -0.8000572363482874, 1.567325472831726, 2.707852602005005
-0.694366757069723, -2.5717676321612757, -1.34239370027651, -0.7999494711505335, 1.5669180154800415, 2.707972288131714
-0.6944029966937464, -2.571659866963522, -1.3424895445453089, -0.7999852339373987, 1.5666303634643555, 2.7080442905426025
-0.6943429152118128, -2.571359459553854, -1.342274014149801, -0.8002608458148401, 1.566522479057312, 2.707768678665161
-0.6942952314959925, -2.571132008229391, -1.3420575300799769, -0.800453011189596, 1.5662951469421387, 2.7076964378356934
-0.694258991871969, -2.571132008229391, -1.3420699278460901, -0.8001411596881312, 1.566211223602295, 2.707852602005005
-0.6943071524249476, -2.571132008229391, -1.3421056906329554, -0.8000214735614222, 1.5662472248077393, 2.707852602005005
-0.6942952314959925, -2.5711920897113245, -1.3420937697040003, -0.799997631703512, 1.5662232637405396, 2.7078166007995605
-0.6943071524249476, -2.5711796919452112, -1.3420818487750452, -0.7999137083636683, 1.566271185874939, 2.7079365253448486
-0.6942828337298792, -2.5711920897113245, -1.3420818487750452, -0.7999852339373987, 1.5662592649459839, 2.7079124450683594
-0.6943190733539026, -2.571143929158346, -1.3421295324908655, -0.7999613920794886, 1.5662472248077393, 2.7079124450683594
-0.6943071524249476, -2.571167771016256, -1.3420818487750452, -0.7999613920794886, 1.5662592649459839, 2.7079365253448486
-0.6942828337298792, -2.5711796919452112, -1.3420699278460901, -0.8000934759723108, 1.5662232637405396, 2.708080291748047
-0.6942709128009241, -2.571155850087301, -1.3420336882220667, -0.8000572363482874, 1.5662353038787842, 2.7079005241394043
-0.6942709128009241, -2.571167771016256, -1.3420818487750452, -0.8000572363482874, 1.5662353038787842, 2.707780599594116
-0.6942952314959925, -2.571167771016256, -1.3420818487750452, -0.8000095526324671, 1.5662472248077393, 2.707852602005005
-0.694258991871969, -2.571167771016256, -1.3420699278460901, -0.799997631703512, 1.5662353038787842, 2.707732677459717
-0.6942709128009241, -2.571155850087301, -1.3420575300799769, -0.7999613920794886, 1.566211223602295, 2.707768678665161
-0.694258991871969, -2.571143929158346, -1.3420217672931116, -0.7999733130084437, 1.5662353038787842, 2.7078166007995605
-0.6942828337298792, -2.571143929158346, -1.3420336882220667, -0.8000214735614222, 1.5662232637405396, 2.7080202102661133
-0.6943071524249476, -2.5711920897113245, -1.3420217672931116, -0.8000095526324671, 1.566211223602295, 2.7079243659973145
-0.6942828337298792, -2.571167771016256, -1.3420098463641565, -0.8000095526324671, 1.566211223602295, 2.70786452293396
-0.6942828337298792, -2.5711920897113245, -1.34204608598818, -0.8000095526324671, 1.566211223602295, 2.707888603210449
-0.6943071524249476, -2.5711796919452112, -1.3420336882220667, -0.7999733130084437, 1.5661872625350952, 2.7079005241394043
-0.6942828337298792, -2.571155850087301, -1.3420098463641565, -0.7999852339373987, 1.566211223602295, 2.7079005241394043
-0.6943071524249476, -2.571167771016256, -1.3419979254352015, -0.7999261061297815, 1.5661753416061401, 2.7079243659973145
-0.6942952314959925, -2.5712040106402796, -1.3420217672931116, -0.7999017874347132, 1.5661872625350952, 2.708008289337158
-0.6943190733539026, -2.5711796919452112, -1.3420098463641565, -0.799877945576803, 1.5661753416061401, 2.7079005241394043
-0.6942828337298792, -2.5712516943561, -1.34204608598818, -0.7999613920794886, 1.5661993026733398, 2.7078046798706055
-0.6943071524249476, -2.571239773427145, -1.34204608598818, -0.8000333944903772, 1.5661633014678955, 2.707684278488159
-0.694258991871969, -2.5712159315692347, -1.3420098463641565, -0.8007405439959925, 1.5647735595703125, 2.707648515701294
-0.6943071524249476, -2.5711796919452112, -1.3420217672931116, -0.8002131620990198, 1.5647495985031128, 2.7079243659973145
-0.6942952314959925, -2.5711920897113245, -1.3420575300799769, -0.8002012411700647, 1.5647615194320679, 2.7079243659973145
-0.694258991871969, -2.5711081663714808, -1.3420575300799769, -0.8002250830279749, 1.5648090839385986, 2.7079124450683594
-0.694258991871969, -2.5710838476764124, -1.3420336882220667, -0.8002489248858851, 1.5649409294128418, 2.707888603210449
-0.6942232290851038, -2.571048084889547, -1.3420217672931116, -0.8000815550433558, 1.5650248527526855, 2.707876443862915
-0.6942351500140589, -2.5714553038226526, -1.3420336882220667, -0.7999380270587366, 1.5651087760925293, 2.707852602005005
-0.694258991871969, -2.5714195410357874, -1.3420575300799769, -0.7999494711505335, 1.5650967359542847, 2.7078404426574707
-0.6942113081561487, -2.5714314619647425, -1.3420217672931116, -0.7999494711505335, 1.5650967359542847, 2.70786452293396
-0.6942113081561487, -2.571371857319967, -1.3420217672931116, -0.8000095526324671, 1.5651087760925293, 2.70786452293396
-0.6941993872271937, -2.5712159315692347, -1.34204608598818, -0.8001292387591761, 1.5650848150253296, 2.707888603210449
-0.6942232290851038, -2.5711920897113245, -1.3420336882220667, -0.8000934759723108, 1.5650848150253296, 2.7079124450683594
-0.6942113081561487, -2.5711920897113245, -1.3420575300799769, -0.800117317830221, 1.5650608539581299, 2.707876443862915
-0.6941869894610804, -2.5711920897113245, -1.3420699278460901, -0.8001530806170862, 1.5650608539581299, 2.7079005241394043
-0.6941750685321253, -2.5712159315692347, -1.34204608598818, -0.8001292387591761, 1.5651087760925293, 2.707876443862915
-0.6941869894610804, -2.5711796919452112, -1.3420699278460901, -0.8000934759723108, 1.5650848150253296, 2.707852602005005
-0.6941993872271937, -2.5711796919452112, -1.34204608598818, -0.800117317830221, 1.5650967359542847, 2.707852602005005
