-0.6157611052142542, -2.106016461049215, -1.2173736731158655, -1.3218959013568323, 1.4941167831420898, 2.2265024185180664
-0.6157010237323206, -2.1057761351214808, -1.2173975149737757, -1.32243520418276, 1.4946197271347046, 2.226574182510376
-0.6157129446612757, -2.105656448994772, -1.217086140309469, -1.3213446776019495, 1.4942965507507324, 2.226802110671997
-0.6156290213214319, -2.105320755635397, -1.2169058958636683, -1.3219674269305628, 1.4946317672729492, 2.2269341945648193
-0.6156528631793421, -2.105668369923727, -1.2173493544207972, -1.321751896535055, 1.4941167831420898, 2.226789951324463
-0.6156528631793421, -2.105704132710592, -1.2173975149737757, -1.3219078222857874, 1.4940928220748901, 2.226694107055664
-0.615640942250387, -2.1057284514056605, -1.2173975149737757, -1.321979824696676, 1.4942007064819336, 2.226694107055664
-0.6156528631793421, -2.1057165304767054, -1.2173617521869105, -1.3220036665545862, 1.4942606687545776, 2.2267301082611084
-0.6156290213214319, -2.1057165304767054, -1.2173617521869105, -1.3219435850726526, 1.4942365884780884, 2.226694107055664
-0.615640942250387, -2.1057403723346155, -1.2173975149737757, -1.3220036665545862, 1.4942725896835327, 2.226682186126709
-0.6156528631793421, -2.105584446583883, -1.2171338240252894, -1.3216684500323694, 1.4942725896835327, 2.2269461154937744
-0.6156771818744105, -2.105584446583883, -1.2171700636493128, -1.3215249220477503, 1.4942365884780884, 2.2269461154937744
-0.6156528631793421, -2.105572525654928, -1.2171219030963343, -1.3216565291034144, 1.4942965507507324, 2.2269222736358643
-0.6156528631793421, -2.105572525654928, -1.2171576658831995, -1.3215726057635706, 1.4942725896835327, 2.22688627243042
-0.6156652609454554, -2.105584446583883, -1.2171815077411097, -1.3216446081744593, 1.4942846298217773, 2.2269821166992188
-0.6156528631793421, -2.1056082884417933, -1.2171219030963343, -1.3215726057635706, 1.4942606687545776, 2.2269222736358643
-0.6156528631793421, -2.1056082884417933, -1.2171457449542444, -1.3215726057635706, 1.4942365884780884, 2.22691011428833
-0.6156528631793421, -2.105584446583883, -1.2171457449542444, -1.3215845266925257, 1.4942725896835327, 2.22691011428833
-0.6156528631793421, -2.105584446583883, -1.2171338240252894, -1.3215845266925257, 1.494248628616333, 2.2269341945648193
-0.6156528631793421, -2.1056206862079065, -1.2171457449542444, -1.321620289479391, 1.494248628616333, 2.226898193359375
-0.6156652609454554, -2.105596367512838, -1.2171576658831995, -1.321608845387594, 1.4942846298217773, 2.22691011428833
-0.6156771818744105, -2.105584446583883, -1.2171457449542444, -1.3215845266925257, 1.494248628616333, 2.2269461154937744
-0.6156528631793421, -2.105596367512838, -1.2171700636493128, -1.3215726057635706, 1.4942606687545776, 2.2269341945648193
-0.6156891028033655, -2.1056206862079065, -1.2171338240252894, -1.3215964476214808, 1.494248628616333, 2.2269222736358643
-0.6156652609454554, -2.1056206862079065, -1.2171338240252894, -1.3215845266925257, 1.494248628616333, 2.22691011428833
-0.615640942250387, -2.1056082884417933, -1.2171457449542444, -1.3215964476214808, 1.4942365884780884, 2.22691011428833
-0.6156652609454554, -2.1056082884417933, -1.2171700636493128, -1.3215845266925257, 1.4942606687545776, 2.2269222736358643
-0.6156528631793421, -2.1056326071368616, -1.2171576658831995, -1.321620289479391, 1.4942246675491333, 2.2269461154937744
-0.6156771818744105, -2.1056326071368616, -1.2171576658831995, -1.321620289479391, 1.4942606687545776, 2.2269222736358643
-0.6156528631793421, -2.105584446583883, -1.2171457449542444, -1.321620289479391, 1.4942725896835327, 2.22691011428833
-0.6156290213214319, -2.105596367512838, -1.2171338240252894, -1.3215964476214808, 1.494248628616333, 2.22691011428833
-0.6156771818744105, -2.105596367512838, -1.2170980612384241, -1.3215964476214808, 1.4942606687545776, 2.2269341945648193
-0.6156771818744105, -2.1056082884417933, -1.2171457449542444, -1.3215726057635706, 1.4942606687545776, 2.2269461154937744
-0.6156771818744105, -2.1056206862079065, -1.2171457449542444, -1.321608845387594, 1.4942246675491333, 2.2269461154937744
-0.6156771818744105, -2.1056082884417933, -1.2171576658831995, -1.3216326872455042, 1.4942365884780884, 2.2269461154937744
-0.6156771818744105, -2.105560604725973, -1.2171338240252894, -1.3216326872455042, 1.4942007064819336, 2.2269341945648193
-0.615640942250387, -2.105668369923727, -1.217193905507223, -1.3218477408038538, 1.4942007064819336, 2.2269341945648193
-0.6156290213214319, -2.1057403723346155, -1.2172778288470667, -1.3255494276629847, 1.4943325519561768, 2.2268259525299072
-0.6156290213214319, -2.1059206167804163, -1.2175658384906214, -1.3505004088031214, 1.4941407442092896, 2.2268259525299072
-0.6156652609454554, -2.105884377156393, -1.2174456755267542, -1.354201618825094, 1.4939130544662476, 2.2268500328063965
-0.6156652609454554, -2.1062563101397913, -1.2175176779376429, -1.335635010396139, 1.4918521642684937, 2.22691011428833
-0.6156771818744105, -2.109229866658346, -1.2175658384906214, -1.3327844778644007, 1.4818356037139893, 2.227006196975708
-0.6156771818744105, -2.1204174200641077, -1.217865292225973, -1.3326528708087366, 1.4798226356506348, 2.2271978855133057
-0.6156771818744105, -2.1281278769122522, -1.217889134083883, -1.3284361998187464, 1.479666829109192, 2.22723388671875
-0.6156051794635218, -2.1293872038470667, -1.217889134083883, -1.3220036665545862, 1.4799903631210327, 2.22725772857666
-0.6155813376056116, -2.1387274901019495, -1.217949692402975, -1.3181589285479944, 1.4799903631210327, 2.227329730987549
-0.6156171003924769, -2.1597841421710413, -1.2179134527789515, -1.3136313597308558, 1.4860773086547852, 2.227329730987549
-0.6156051794635218, -2.1634886900531214, -1.2178533712970179, -1.3005269209491175, 1.4962252378463745, 2.227245807647705
-0.6156290213214319, -2.16356069246401, -1.2178176085101526, -1.2922619024859827, 1.4958661794662476, 2.2271499633789062
-0.6156652609454554, -2.163548771535055, -1.217889134083883, -1.292776886616842, 1.4938172101974487, 2.2270660400390625
-0.6157010237323206, -2.163572613392965, -1.217949692402975, -1.2960589567767542, 1.4903185367584229, 2.2269341945648193
-0.6156528631793421, -2.163524929677145, -1.2178533712970179, -1.3069356123553675, 1.489683747291565, 2.2269582748413086
-0.6156528631793421, -2.163452927266256, -1.2178414503680628, -1.3076298872577112, 1.4941048622131348, 2.227006196975708
-0.6156171003924769, -2.163452927266256, -1.2177932898150843, -1.307713810597555, 1.497243881225586, 2.227006196975708
-0.615640942250387, -2.163320843373434, -1.2178052107440394, -1.3076661268817347, 1.4967526197433472, 2.22691011428833
-0.6156051794635218, -2.163308922444479, -1.2177451292621058, -1.3076661268817347, 1.4970881938934326, 2.2269222736358643
-0.6156290213214319, -2.163344685231344, -1.2178176085101526, -1.3077018896686, 1.49690842628479, 2.2269341945648193
-0.6156771818744105, -2.163320843373434, -1.2177451292621058, -1.3075102011310022, 1.4963451623916626, 2.22691011428833
-0.6156891028033655, -2.163356606160299, -1.2177813688861292, -1.3075221220599573, 1.4958781003952026, 2.2268500328063965
-0.6156771818744105, -2.163332764302389, -1.2177813688861292, -1.307246510182516, 1.489755630493164, 2.2268378734588623
-0.6156771818744105, -2.163356606160299, -1.217757527028219, -1.3067439238177698, 1.4837766885757446, 2.22691011428833
-0.6156771818744105, -2.1632970015155237, -1.2177212874041956, -1.3038209120379847, 1.4842556715011597, 2.2269821166992188
-0.6156290213214319, -2.1632970015155237, -1.2177813688861292, -1.2989814917193812, 1.484075903892517, 2.2269701957702637
-0.615640942250387, -2.163308922444479, -1.2177451292621058, -1.2917583624469202, 1.4840998649597168, 2.227006196975708
-0.6156528631793421, -2.163320843373434, -1.2177813688861292, -1.291722599660055, 1.4840399026870728, 2.22691011428833
-0.6156528631793421, -2.163344685231344, -1.2177694479571741, -1.29173452058901, 1.4838721752166748, 2.2269222736358643
-0.6156528631793421, -2.163356606160299, -1.2177694479571741, -1.2917583624469202, 1.4839919805526733, 2.22691011428833
-0.6156051794635218, -2.163344685231344, -1.2177336851703089, -1.2917464415179651, 1.4842796325683594, 2.22691011428833
-0.615640942250387, -2.163308922444479, -1.2177451292621058, -1.291614834462301, 1.4843635559082031, 2.2269582748413086
-0.6156528631793421, -2.163248840962545, -1.2177212874041956, -1.2915666739093226, 1.4844114780426025, 2.227018117904663
-0.6156528631793421, -2.1632970015155237, -1.2177336851703089, -1.2915785948382776, 1.4844954013824463, 2.2269701957702637
-0.6156771818744105, -2.1632970015155237, -1.2177451292621058, -1.2915785948382776, 1.484471321105957, 2.227018117904663
-0.6156290213214319, -2.163308922444479, -1.2177336851703089, -1.2916024366961878, 1.4844954013824463, 2.2269701957702637
-0.615640942250387, -2.1632846037494105, -1.2176974455462855, -1.2915547529803675, 1.4844954013824463, 2.227030038833618
-0.6156171003924769, -2.163308922444479, -1.2177212874041956, -1.291590992604391, 1.4844833612442017, 2.227018117904663
-0.6156771818744105, -2.1632846037494105, -1.2177336851703089, -1.291590992604391, 1.4844354391098022, 2.227030038833618
-0.6156528631793421, -2.1632846037494105, -1.217757527028219, -1.2915428320514124, 1.4844954013824463, 2.2269701957702637
-0.615640942250387, -2.1632970015155237, -1.2177212874041956, -1.2915785948382776, 1.4844833612442017, 2.227018117904663
-0.6156771818744105, -2.163248840962545, -1.2177694479571741, -1.291590992604391, 1.4844833612442017, 2.227030038833618
-0.615640942250387, -2.1632726828204554, -1.2177093664752405, -1.2915785948382776, 1.484471321105957, 2.2269821166992188
-0.6156528631793421, -2.1632726828204554, -1.2177212874041956, -1.2915785948382776, 1.484459400177002, 2.2269701957702637
-0.6156528631793421, -2.1632970015155237, -1.2177336851703089, -1.291590992604391, 1.4845073223114014, 2.227018117904663
-0.6156290213214319, -2.163248840962545, -1.2177451292621058, -1.2915666739093226, 1.4845073223114014, 2.227018117904663
-0.6156771818744105, -2.1632846037494105, -1.2177212874041956, -1.291590992604391, 1.4845073223114014, 2.226994037628174
-0.615640942250387, -2.1632970015155237, -1.2177093664752405, -1.2916267553912562, 1.484471321105957, 2.227006196975708
-0.6156171003924769, -2.1632846037494105, -1.2177451292621058, -1.291614834462301, 1.484459400177002, 2.227006196975708
-0.6156771818744105, -2.163308922444479, -1.2177212874041956, -1.2915666739093226, 1.4845073223114014, 2.2270541191101074
-0.6156528631793421, -2.1632726828204554, -1.2176974455462855, -1.2915428320514124, 1.484471321105957, 2.227006196975708
-0.615640942250387, -2.1632846037494105, -1.2177336851703089, -1.291590992604391, 1.484471321105957, 2.227030038833618
-0.6156891028033655, -2.1632970015155237, -1.2177093664752405, -1.2915785948382776, 1.484459400177002, 2.2269821166992188
-0.6156528631793421, -2.1632607618915003, -1.2177451292621058, -1.291614834462301, 1.4844833612442017, 2.227018117904663
-0.6156652609454554, -2.1632846037494105, -1.2176974455462855, -1.2915666739093226, 1.484471321105957, 2.227018117904663
-0.6156290213214319, -2.1632846037494105, -1.2177212874041956, -1.291614834462301, 1.484459400177002, 2.227030038833618
-0.6156652609454554, -2.1632607618915003, -1.2177093664752405, -1.2915547529803675, 1.4844833612442017, 2.2270419597625732
-0.6156652609454554, -2.1632846037494105, -1.2177212874041956, -1.2915785948382776, 1.484471321105957, 2.2269821166992188
-0.615640942250387, -2.163248840962545, -1.2177336851703089, -1.2915666739093226, 1.4845073223114014, 2.227018117904663
-0.6156771818744105, -2.163248840962545, -1.2177212874041956, -1.291590992604391, 1.484459400177002, 2.227006196975708
-0.6156171003924769, -2.1632607618915003, -1.2176855246173304, -1.291590992604391, 1.4844473600387573, 2.227018117904663
-0.6156290213214319, -2.1632970015155237, -1.2177336851703089, -1.291590992604391, 1.4844954013824463, 2.227030038833618
-0.615640942250387, -2.1632970015155237, -1.2177212874041956, -1.2915666739093226, 1.4844833612442017, 2.227030038833618
-0.6156171003924769, -2.1632846037494105, -1.2177336851703089, -1.2915785948382776, 1.4844833612442017, 2.226994037628174
-0.6156771818744105, -2.1632846037494105, -1.2177451292621058, -1.2915666739093226, 1.484459400177002, 2.227018117904663
-0.6156771818744105, -2.16323692003359, -1.2177212874041956, -1.2915785948382776, 1.484519362449646, 2.227018117904663
-0.6156528631793421, -2.1632846037494105, -1.2177212874041956, -1.2916024366961878, 1.4844473600387573, 2.227006196975708
-0.6156528631793421, -2.163308922444479, -1.2177451292621058, -1.2915785948382776, 1.4844954013824463, 2.227006196975708
-0.6156528631793421, -2.163320843373434, -1.2177336851703089, -1.2915785948382776, 1.484459400177002, 2.227018117904663
-0.6156771818744105, -2.1632726828204554, -1.2177093664752405, -1.2916267553912562, 1.484459400177002, 2.227018117904663
-0.615640942250387, -2.1632726828204554, -1.2177212874041956, -1.2915428320514124, 1.4844954013824463, 2.227006196975708
-0.6156891028033655, -2.1632726828204554, -1.2177336851703089, -1.2916024366961878, 1.4845073223114014, 2.227006196975708
-0.6156528631793421, -2.163320843373434, -1.2177212874041956, -1.291590992604391, 1.484471321105957, 2.227018117904663
-0.6156171003924769, -2.1632846037494105, -1.2177212874041956, -1.2915666739093226, 1.484459400177002, 2.227018117904663
-0.6156290213214319, -2.1632726828204554, -1.2177336851703089, -1.2915666739093226, 1.4844954013824463, 2.227018117904663
-0.6156528631793421, -2.1632607618915003, -1.217757527028219, -1.2915428320514124, 1.4844954013824463, 2.227018117904663
-0.6156528631793421, -2.1632726828204554, -1.2177451292621058, -1.2916024366961878, 1.4844954013824463, 2.227006196975708
-0.6156528631793421, -2.1632970015155237, -1.2176974455462855, -1.2915309111224573, 1.484471321105957, 2.227006196975708
-0.615640942250387, -2.1632726828204554, -1.2177093664752405, -1.291590992604391, 1.484459400177002, 2.226994037628174
-0.615640942250387, -2.1632846037494105, -1.2177451292621058, -1.2916024366961878, 1.4844954013824463, 2.227018117904663
-0.6156652609454554, -2.1632846037494105, -1.2177212874041956, -1.2915785948382776, 1.4844833612442017, 2.227018117904663
-0.615640942250387, -2.163308922444479, -1.2177212874041956, -1.2915785948382776, 1.484459400177002, 2.2270541191101074
-0.6156290213214319, -2.1632970015155237, -1.2177212874041956, -1.2915785948382776, 1.4845073223114014, 2.227018117904663
-0.6156891028033655, -2.1632846037494105, -1.2177212874041956, -1.2916024366961878, 1.4844954013824463, 2.227030038833618
-0.6156528631793421, -2.1632726828204554, -1.2177451292621058, -1.2915785948382776, 1.4844833612442017, 2.227006196975708
-0.615640942250387, -2.1632726828204554, -1.2177212874041956, -1.2916024366961878, 1.484471321105957, 2.227018117904663
-0.6156290213214319, -2.1632970015155237, -1.2177093664752405, -1.2915547529803675, 1.4844833612442017, 2.227018117904663
-0.6156528631793421, -2.1632607618915003, -1.2176855246173304, -1.2915785948382776, 1.4844954013824463, 2.227006196975708
-0.615640942250387, -2.1632846037494105, -1.2176855246173304, -1.291614834462301, 1.484471321105957, 2.227030038833618
-0.6156528631793421, -2.1632970015155237, -1.2177212874041956, -1.2915785948382776, 1.484471321105957, 2.227018117904663
-0.6156652609454554, -2.1632726828204554, -1.217757527028219, -1.2916024366961878, 1.4844833612442017, 2.227006196975708
-0.6156290213214319, -2.1632726828204554, -1.2177212874041956, -1.291590992604391, 1.484459400177002, 2.227018117904663
-0.6156652609454554, -2.1632846037494105, -1.2177451292621058, -1.291590992604391, 1.484471321105957, 2.2270419597625732
-0.6156528631793421, -2.1632846037494105, -1.2176974455462855, -1.2915428320514124, 1.4845073223114014, 2.2270541191101074
-0.6156528631793421, -2.163308922444479, -1.2177212874041956, -1.2916024366961878, 1.4844954013824463, 2.227018117904663
-0.6156528631793421, -2.1632726828204554, -1.217757527028219, -1.291590992604391, 1.4844954013824463, 2.227018117904663
-0.6156528631793421, -2.1632970015155237, -1.2177336851703089, -1.2915785948382776, 1.484471321105957, 2.227030038833618
-0.6156528631793421, -2.163308922444479, -1.2176974455462855, -1.2915785948382776, 1.484519362449646, 2.2270419597625732
-0.6156528631793421, -2.1632846037494105, -1.2176855246173304, -1.291614834462301, 1.4844954013824463, 2.2270419597625732
-0.6156290213214319, -2.1632607618915003, -1.2177451292621058, -1.2915785948382776, 1.4844954013824463, 2.227018117904663
-0.615640942250387, -2.1632970015155237, -1.2177451292621058, -1.2915666739093226, 1.484471321105957, 2.227030038833618
-0.6156528631793421, -2.163248840962545, -1.2177212874041956, -1.2915547529803675, 1.484459400177002, 2.227006196975708
-0.6156528631793421, -2.1632607618915003, -1.2176974455462855, -1.2915785948382776, 1.4845073223114014, 2.2269821166992188
-0.6156891028033655, -2.1632726828204554, -1.2177336851703089, -1.2915666739093226, 1.484459400177002, 2.227030038833618
-0.615640942250387, -2.1632607618915003, -1.2176974455462855, -1.2916024366961878, 1.4844833612442017, 2.227006196975708
-0.6156652609454554, -2.1632726828204554, -1.2176974455462855, -1.291590992604391, 1.484471321105957, 2.2270419597625732
-0.6156290213214319, -2.1632970015155237, -1.2177093664752405, -1.2915547529803675, 1.484914779663086, 2.227030038833618
-0.6156051794635218, -2.1632846037494105, -1.2177212874041956, -1.291590992604391, 1.4848308563232422, 2.226994037628174
-0.6156652609454554, -2.1632607618915003, -1.217757527028219, -1.2916024366961878, 1.4848788976669312, 2.227006196975708
-0.6156652609454554, -2.1632726828204554, -1.2177212874041956, -1.291614834462301, 1.4848668575286865, 2.2270419597625732
-0.6156528631793421, -2.1632970015155237, -1.2176974455462855, -1.2915547529803675, 1.4849627017974854, 2.2270419597625732
-0.6156171003924769, -2.163308922444479, -1.2177212874041956, -1.2915309111224573, 1.485046625137329, 2.227030038833618
-0.6156771818744105, -2.1632846037494105, -1.2177694479571741, -1.2915547529803675, 1.4849627017974854, 2.227030038833618
-0.6156528631793421, -2.1632607618915003, -1.2177336851703089, -1.2915785948382776, 1.4849268198013306, 2.227018117904663
-0.6156528631793421, -2.1632607618915003, -1.2177093664752405, -1.291518513356344, 1.484986662864685, 2.227030038833618
-0.6156171003924769, -2.1632846037494105, -1.217757527028219, -1.2914946714984339, 1.48497474193573, 2.2270541191101074
-0.6156528631793421, -2.1632846037494105, -1.2177212874041956, -1.2915785948382776, 1.485046625137329, 2.2270419597625732
-0.6156652609454554, -2.1632846037494105, -1.2177451292621058, -1.2915309111224573, 1.4849507808685303, 2.226994037628174
-0.615640942250387, -2.163332764302389, -1.2177093664752405, -1.2915428320514124, 1.484986662864685, 2.2270419597625732
-0.6156771818744105, -2.1632607618915003, -1.2177212874041956, -1.2915309111224573, 1.4849387407302856, 2.227030038833618
-0.615640942250387, -2.1632607618915003, -1.2176736036883753, -1.2915785948382776, 1.48497474193573, 2.2269821166992188
-0.6156528631793421, -2.1632726828204554, -1.2177336851703089, -1.291518513356344, 1.4849987030029297, 2.2270419597625732
-0.6156652609454554, -2.1632970015155237, -1.2177336851703089, -1.2915666739093226, 1.4849268198013306, 2.227006196975708
-0.6156528631793421, -2.1632846037494105, -1.2177212874041956, -1.2915428320514124, 1.4850106239318848, 2.227006196975708
-0.6156652609454554, -2.1632607618915003, -1.2177093664752405, -1.2915070692645472, 1.484986662864685, 2.227018117904663
-0.6156528631793421, -2.163308922444479, -1.2177093664752405, -1.2915309111224573, 1.4848908185958862, 2.226994037628174
-0.6156771818744105, -2.1632726828204554, -1.2177093664752405, -1.2915309111224573, 1.485046625137329, 2.2270541191101074
-0.615640942250387, -2.163308922444479, -1.2176855246173304, -1.291518513356344, 1.4850585460662842, 2.226994037628174
-0.6156528631793421, -2.163248840962545, -1.2177093664752405, -1.291518513356344, 1.485142469406128, 2.227018117904663
-0.6156528631793421, -2.1632607618915003, -1.2177093664752405, -1.2915309111224573, 1.4851185083389282, 2.227006196975708
-0.615640942250387, -2.1632846037494105, -1.2177336851703089, -1.291518513356344, 1.4850945472717285, 2.2270419597625732
-0.6156528631793421, -2.1632846037494105, -1.2177093664752405, -1.2915070692645472, 1.4850585460662842, 2.226994037628174
-0.615640942250387, -2.1632970015155237, -1.2177093664752405, -1.2915309111224573, 1.4850945472717285, 2.226994037628174
-0.6156528631793421, -2.1632846037494105, -1.2177212874041956, -1.2915428320514124, 1.4851065874099731, 2.227018117904663
-0.615640942250387, -2.1632607618915003, -1.2177336851703089, -1.2915666739093226, 1.4851065874099731, 2.2270419597625732
-0.6156528631793421, -2.1632970015155237, -1.2177212874041956, -1.2915309111224573, 1.4850945472717285, 2.2270419597625732
-0.6156528631793421, -2.1632726828204554, -1.2177451292621058, -1.2914946714984339, 1.4850585460662842, 2.2270779609680176
-0.615640942250387, -2.1632726828204554, -1.2177093664752405, -1.2915309111224573, 1.4850826263427734, 2.227006196975708
-0.6156528631793421, -2.1632846037494105, -1.2177212874041956, -1.291518513356344, 1.4851065874099731, 2.227030038833618
-0.6156290213214319, -2.1632846037494105, -1.2177212874041956, -1.2915785948382776, 1.4851065874099731, 2.227030038833618
-0.6156290213214319, -2.1632846037494105, -1.2177336851703089, -1.2915547529803675, 1.4851305484771729, 2.227030038833618
-0.6156528631793421, -2.16323692003359, -1.2177212874041956, -1.2915070692645472, 1.4850826263427734, 2.2270419597625732
-0.6156652609454554, -2.1632970015155237, -1.2177212874041956, -1.2915309111224573, 1.4850945472717285, 2.227006196975708
-0.6156051794635218, -2.1632607618915003, -1.2177093664752405, -1.291518513356344, 1.4851065874099731, 2.227030038833618
-0.6156528631793421, -2.163248840962545, -1.2177212874041956, -1.2914827505694788, 1.4851065874099731, 2.2270419597625732
-0.6156290213214319, -2.1632726828204554, -1.2177212874041956, -1.2915547529803675, 1.4850585460662842, 2.2270419597625732
-0.6156652609454554, -2.163308922444479, -1.2176974455462855, -1.2915428320514124, 1.4850826263427734, 2.227018117904663
-0.615640942250387, -2.1632726828204554, -1.2177451292621058, -1.2915428320514124, 1.4850705862045288, 2.2270541191101074
-0.6156528631793421, -2.1632846037494105, -1.217757527028219, -1.2915070692645472, 1.4850945472717285, 2.227030038833618
-0.6156771818744105, -2.1632607618915003, -1.2177212874041956, -1.2915428320514124, 1.4851305484771729, 2.2270541191101074
-0.615640942250387, -2.1632846037494105, -1.2177212874041956, -1.2915428320514124, 1.4851185083389282, 2.2269582748413086
-0.6156771818744105, -2.1632726828204554, -1.2177093664752405, -1.2914946714984339, 1.4850826263427734, 2.227006196975708
-0.6156652609454554, -2.1632970015155237, -1.2177093664752405, -1.2915309111224573, 1.4850945472717285, 2.2270419597625732
-0.6156171003924769, -2.1632726828204554, -1.2177093664752405, -1.2914946714984339, 1.4850945472717285, 2.227030038833618
-0.6156652609454554, -2.163248840962545, -1.2177451292621058, -1.2915428320514124, 1.4851185083389282, 2.226994037628174
-0.6156771818744105, -2.1632607618915003, -1.2177932898150843, -1.2915309111224573, 1.4850945472717285, 2.227006196975708
-0.615640942250387, -2.1632846037494105, -1.217757527028219, -1.2915070692645472, 1.4850705862045288, 2.227018117904663
-0.6156528631793421, -2.1632607618915003, -1.2177093664752405, -1.2915309111224573, 1.4851065874099731, 2.227030038833618
-0.6156171003924769, -2.1632726828204554, -1.2177336851703089, -1.2915309111224573, 1.4851065874099731, 2.2270419597625732
-0.6156528631793421, -2.163248840962545, -1.2177451292621058, -1.291518513356344, 1.4851305484771729, 2.2270419597625732
-0.6156171003924769, -2.1632726828204554, -1.2177212874041956, -1.2915070692645472, 1.4852863550186157, 2.2270541191101074
-0.615640942250387, -2.163248840962545, -1.2177212874041956, -1.2914946714984339, 1.4855738878250122, 2.227030038833618
-0.615640942250387, -2.163248840962545, -1.2177093664752405, -1.2915428320514124, 1.4864248037338257, 2.2270419597625732
-0.6156891028033655, -2.1632846037494105, -1.2177212874041956, -1.2915785948382776, 1.4864248037338257, 2.2269821166992188
-0.6156290213214319, -2.1632970015155237, -1.2176974455462855, -1.2913873831378382, 1.4864847660064697, 2.2269821166992188
-0.615640942250387, -2.1632726828204554, -1.2177212874041956, -1.2914469877826136, 1.486568570137024, 2.2270419597625732
-0.615640942250387, -2.1632607618915003, -1.2176974455462855, -1.2914231459247034, 1.4866045713424683, 2.227018117904663
-0.615640942250387, -2.1632607618915003, -1.2176974455462855, -1.2914355436908167, 1.4865326881408691, 2.227030038833618
-0.6156652609454554, -2.1632846037494105, -1.2177451292621058, -1.2914589087115687, 1.4866045713424683, 2.2270419597625732
-0.6156528631793421, -2.1632726828204554, -1.2177093664752405, -1.2914112249957483, 1.4866045713424683, 2.2270419597625732
-0.6156528631793421, -2.1632970015155237, -1.2177093664752405, -1.2914469877826136, 1.4866524934768677, 2.227030038833618
-0.6156528631793421, -2.163248840962545, -1.2176855246173304, -1.2914231459247034, 1.4865206480026245, 2.227018117904663
-0.6156891028033655, -2.1632726828204554, -1.2177336851703089, -1.2914469877826136, 1.4865806102752686, 2.227006196975708
-0.615640942250387, -2.1632726828204554, -1.2177212874041956, -1.2914112249957483, 1.4865925312042236, 2.227018117904663
-0.6156528631793421, -2.163248840962545, -1.2177093664752405, -1.2914231459247034, 1.4866045713424683, 2.227006196975708
-0.6156652609454554, -2.163248840962545, -1.2177093664752405, -1.2913993040667933, 1.4865925312042236, 2.226994037628174
-0.615640942250387, -2.163248840962545, -1.2177336851703089, -1.2914469877826136, 1.4865566492080688, 2.227006196975708
-0.6156290213214319, -2.1632726828204554, -1.2176974455462855, -1.2914355436908167, 1.4865566492080688, 2.227006196975708
-0.6156771818744105, -2.163248840962545, -1.2177093664752405, -1.2914112249957483, 1.4865806102752686, 2.227018117904663
-0.615640942250387, -2.1632607618915003, -1.2176974455462855, -1.2914355436908167, 1.4865925312042236, 2.2270419597625732
-0.6156528631793421, -2.16323692003359, -1.2177093664752405, -1.2914827505694788, 1.4865806102752686, 2.227006196975708
-0.6156290213214319, -2.163248840962545, -1.2177212874041956, -1.2914355436908167, 1.486568570137024, 2.227030038833618
-0.615640942250387, -2.1632726828204554, -1.2177451292621058, -1.2914231459247034, 1.4865566492080688, 2.227018117904663
-0.615640942250387, -2.1632846037494105, -1.217757527028219, -1.291375462208883, 1.4865806102752686, 2.226994037628174
-0.615640942250387, -2.1632726828204554, -1.2177212874041956, -1.2914355436908167, 1.486628532409668, 2.227018117904663
-0.615640942250387, -2.163104836140768, -1.2176497618304651, -1.2915070692645472, 1.4866164922714233, 2.227018117904663
-0.6156652609454554, -2.1628292242633265, -1.2172897497760218, -1.2914112249957483, 1.4865566492080688, 2.227030038833618
-0.615640942250387, -2.1631529966937464, -1.217541519795553, -1.2913034597979944, 1.4865566492080688, 2.226994037628174
-0.615640942250387, -2.163320843373434, -1.2177813688861292, -1.291363541279928, 1.4865566492080688, 2.227018117904663
-0.6156051794635218, -2.1632970015155237, -1.2177813688861292, -1.2913392225848597, 1.4865566492080688, 2.227030038833618
-0.615640942250387, -2.1632846037494105, -1.2177813688861292, -1.2913392225848597, 1.4865446090698242, 2.227006196975708
-0.6156171003924769, -2.163320843373434, -1.2177813688861292, -1.2913273016559046, 1.4865806102752686, 2.227030038833618
-0.615640942250387, -2.163320843373434, -1.217757527028219, -1.2913392225848597, 1.486568570137024, 2.2270419597625732
-0.615640942250387, -2.163308922444479, -1.2177694479571741, -1.2913153807269495, 1.4865566492080688, 2.2270419597625732
-0.615640942250387, -2.163308922444479, -1.217757527028219, -1.2913034597979944, 1.4865925312042236, 2.2270419597625732
-0.6156171003924769, -2.163320843373434, -1.2177451292621058, -1.2913153807269495, 1.486568570137024, 2.227018117904663
-0.6156652609454554, -2.163320843373434, -1.2177932898150843, -1.2913034597979944, 1.486568570137024, 2.2270419597625732
-0.615640942250387, -2.163308922444479, -1.2177451292621058, -1.2913273016559046, 1.4866045713424683, 2.226994037628174
-0.6156528631793421, -2.163332764302389, -1.2177813688861292, -1.291351620350973, 1.4866045713424683, 2.227006196975708
-0.615640942250387, -2.163320843373434, -1.2177932898150843, -1.2913153807269495, 1.4865446090698242, 2.227018117904663
-0.6156528631793421, -2.1632970015155237, -1.2177813688861292, -1.2913273016559046, 1.4866045713424683, 2.227018117904663
-0.615640942250387, -2.163320843373434, -1.2177451292621058, -1.291363541279928, 1.4865566492080688, 2.2270541191101074
-0.6156171003924769, -2.163308922444479, -1.217757527028219, -1.2913273016559046, 1.4866045713424683, 2.227006196975708
-0.6156290213214319, -2.163320843373434, -1.217757527028219, -1.2913873831378382, 1.4865566492080688, 2.226994037628174
-0.6156290213214319, -2.163308922444479, -1.217757527028219, -1.2913273016559046, 1.4865326881408691, 2.227030038833618
-0.6156171003924769, -2.163332764302389, -1.2177336851703089, -1.2913873831378382, 1.4865925312042236, 2.2270419597625732
-0.6156652609454554, -2.163308922444479, -1.2177451292621058, -1.2913392225848597, 1.486568570137024, 2.227018117904663
-0.6156652609454554, -2.163308922444479, -1.217757527028219, -1.291351620350973, 1.4865806102752686, 2.2270541191101074
-0.615640942250387, -2.1632970015155237, -1.2177813688861292, -1.291351620350973, 1.4865806102752686, 2.2270419597625732
-0.6156051794635218, -2.1632970015155237, -1.2177336851703089, -1.2913273016559046, 1.4865925312042236, 2.227018117904663
-0.6156528631793421, -2.1632846037494105, -1.2177932898150843, -1.291363541279928, 1.486568570137024, 2.227006196975708
-0.6156051794635218, -2.1632846037494105, -1.2177694479571741, -1.2913153807269495, 1.4865806102752686, 2.2270779609680176
-0.6156652609454554, -2.163332764302389, -1.2177813688861292, -1.2913392225848597, 1.486568570137024, 2.2270541191101074
-0.6156528631793421, -2.163332764302389, -1.2177694479571741, -1.291375462208883, 1.4865806102752686, 2.227030038833618
-0.6156652609454554, -2.1632970015155237, -1.2177813688861292, -1.291351620350973, 1.4865566492080688, 2.2269821166992188
-0.615640942250387, -2.163308922444479, -1.2177451292621058, -1.2913273016559046, 1.4865806102752686, 2.227030038833618
-0.6156051794635218, -2.163308922444479, -1.2177694479571741, -1.2913392225848597, 1.486568570137024, 2.227018117904663
-0.6156290213214319, -2.163308922444479, -1.217757527028219, -1.2913153807269495, 1.4865925312042236, 2.227030038833618
-0.615640942250387, -2.1632846037494105, -1.2177451292621058, -1.2913392225848597, 1.486568570137024, 2.226994037628174
-0.615640942250387, -2.163320843373434, -1.2177694479571741, -1.2913392225848597, 1.4866045713424683, 2.226994037628174
-0.6156891028033655, -2.163308922444479, -1.217757527028219, -1.2913392225848597, 1.4865806102752686, 2.227018117904663
-0.6156528631793421, -2.163308922444479, -1.2177451292621058, -1.2913034597979944, 1.4865446090698242, 2.227006196975708
-0.615640942250387, -2.1632970015155237, -1.217757527028219, -1.2913392225848597, 1.4866045713424683, 2.2270419597625732
-0.615640942250387, -2.1632726828204554, -1.217757527028219, -1.291363541279928, 1.4865566492080688, 2.2270419597625732
-0.6157010237323206, -2.163332764302389, -1.217757527028219, -1.2913873831378382, 1.4865925312042236, 2.227018117904663
-0.6156290213214319, -2.1632970015155237, -1.2177451292621058, -1.291363541279928, 1.4865806102752686, 2.227018117904663
-0.6156652609454554, -2.163308922444479, -1.217757527028219, -1.291351620350973, 1.4865925312042236, 2.227018117904663
-0.6156171003924769, -2.1632846037494105, -1.217757527028219, -1.291351620350973, 1.486568570137024, 2.227030038833618
-0.6156528631793421, -2.163320843373434, -1.2177813688861292, -1.291363541279928, 1.4865925312042236, 2.2270660400390625
-0.6156290213214319, -2.1632846037494105, -1.2177451292621058, -1.2913873831378382, 1.4863648414611816, 2.227006196975708
-0.615640942250387, -2.163320843373434, -1.2177694479571741, -1.2913153807269495, 1.4866764545440674, 2.227006196975708
-0.615640942250387, -2.163332764302389, -1.2177694479571741, -1.291363541279928, 1.486568570137024, 2.2270419597625732
-0.615640942250387, -2.163308922444479, -1.217757527028219, -1.2913273016559046, 1.486628532409668, 2.227018117904663
-0.615640942250387, -2.163308922444479, -1.2177093664752405, -1.2913873831378382, 1.4864847660064697, 2.227006196975708
-0.6156652609454554, -2.163344685231344, -1.2177694479571741, -1.291351620350973, 1.4865446090698242, 2.2270541191101074
-0.615640942250387, -2.163356606160299, -1.2177336851703089, -1.291363541279928, 1.4865566492080688, 2.2269821166992188
-0.6156528631793421, -2.163308922444479, -1.2177451292621058, -1.2913392225848597, 1.486568570137024, 2.2270660400390625
-0.615640942250387, -2.163344685231344, -1.217757527028219, -1.291351620350973, 1.4865087270736694, 2.227018117904663
-0.6156771818744105, -2.1632970015155237, -1.2177336851703089, -1.291363541279928, 1.4865206480026245, 2.227006196975708
-0.6155932585345667, -2.163368527089254, -1.2177694479571741, -1.2912076155291956, 1.487107515335083, 2.2270779609680176
-0.6156652609454554, -2.163356606160299, -1.2177212874041956, -1.2913993040667933, 1.4864368438720703, 2.227030038833618
-0.6156891028033655, -2.163344685231344, -1.2177451292621058, -1.2913993040667933, 1.4857896566390991, 2.227018117904663
-0.6145013014422815, -2.16589862505068, -1.2133916060077112, -1.2928126494037073, 1.4865806102752686, 2.22808575630188
-0.6100509802447718, -2.175671402608053, -1.1973679701434534, -1.2993529478656214, 1.4864487648010254, 2.2325966358184814
-0.6022546927081507, -2.193429772053854, -1.1681974569903772, -1.3116067091571253, 1.4858136177062988, 2.2405877113342285
-0.5917952696429651, -2.218849484120504, -1.1261332670794886, -1.329705540333883, 1.4851903915405273, 2.2511696815490723
-0.5784567038165491, -2.2529142538653772, -1.0683415571795862, -1.3542850653277796, 1.4850226640701294, 2.2644991874694824
-0.5641229788409632, -2.2937901655780237, -0.997725788746969, -1.385369125996725, 1.4833332300186157, 2.2787528038024902
-0.5502689520465296, -2.3376978079425257, -0.9215658346759241, -1.4189565817462366, 1.4837048053741455, 2.292886734008789
-0.5371587912188929, -2.3849504629718226, -0.8370898405658167, -1.457191292439596, 1.4827580451965332, 2.306180953979492
-0.5245049635516565, -2.4369376341449183, -0.7425478140460413, -1.5006735960589808, 1.482314944267273, 2.3191514015197754
-0.512918774281637, -2.496044937764303, -0.6334756056415003, -1.5518935362445276, 1.477198839187622, 2.3313775062561035
-0.5077131430255335, -2.5202153364764612, -0.587804142628805, -1.5718501249896448, 1.468847632408142, 2.335973024368286
-0.5064895788775843, -2.521305863057272, -0.5853331724749964, -1.5680769125567835, 1.4249742031097412, 2.3361048698425293
-0.5073650519000452, -2.521426026021139, -0.5853689352618616, -1.5681007544146937, 1.4215354919433594, 2.335937023162842
-0.5083845297442835, -2.521461788808004, -0.5856569449054163, -1.5695622603045862, 1.4184327125549316, 2.3358891010284424
-0.5061653296100062, -2.521437946950094, -0.5855611006366175, -1.5692270437823694, 1.4225660562515259, 2.335984945297241
-0.5085528532611292, -2.521449867879049, -0.5857527891742151, -1.5705207029925745, 1.4178577661514282, 2.335721015930176
-0.5070050398456019, -2.5214737097369593, -0.5856450239764612, -1.5699456373797815, 1.42062509059906, 2.336045026779175
-0.5067651907550257, -2.5215099493609827, -0.5857408682452601, -1.5693944136248987, 1.423680305480957, 2.3361048698425293
-0.5085886160479944, -2.5215099493609827, -0.5857766310321253, -1.57092792192568, 1.417558193206787, 2.335841178894043
-0.5063093344317835, -2.521545712147848, -0.5856331030475062, -1.5697177092181605, 1.421715259552002, 2.3360090255737305
-0.5081566015826624, -2.5214856306659144, -0.585728947316305, -1.5703046957599085, 1.4198700189590454, 2.335817337036133
-0.5076049009906214, -2.5214975515948694, -0.5856927076922815, -1.5701492468463343, 1.4193195104599, 2.3359971046447754
-0.5065496603595179, -2.5215099493609827, -0.5856927076922815, -1.5693944136248987, 1.4235244989395142, 2.336176872253418
-0.5086725393878382, -2.5214975515948694, -0.5857527891742151, -1.5707724730121058, 1.4174023866653442, 2.3356850147247314
-0.5066331068622034, -2.521521870289938, -0.5856927076922815, -1.5692151228534144, 1.4215234518051147, 2.336068868637085
-0.5074971357928675, -2.5214856306659144, -0.5857170263873499, -1.5693109671222132, 1.4228054285049438, 2.335949182510376
-0.508216683064596, -2.5214856306659144, -0.5857170263873499, -1.570484463368551, 1.4182409048080444, 2.3357808589935303
-0.5069692770587366, -2.5214975515948694, -0.585728947316305, -1.5700295607196253, 1.4211163520812988, 2.3359012603759766
-0.5071371237384241, -2.5214737097369593, -0.5857647101031702, -1.5699217955218714, 1.4203253984451294, 2.335829257965088
-0.5074012915240687, -2.5214856306659144, -0.5857170263873499, -1.5699217955218714, 1.4205530881881714, 2.3358652591705322
-0.5073888937579554, -2.521461788808004, -0.5857170263873499, -1.569981877003805, 1.4205291271209717, 2.3359131813049316
-0.5074012915240687, -2.5214737097369593, -0.5857408682452601, -1.5699217955218714, 1.4205291271209717, 2.3358891010284424
-0.5074012915240687, -2.5215099493609827, -0.5857408682452601, -1.5699337164508265, 1.4203733205795288, 2.335937023162842
-0.50732928911318, -2.5214975515948694, -0.5857170263873499, -1.569885555897848, 1.4204453229904175, 2.3359971046447754
-0.5073531309710901, -2.521533791218893, -0.5857170263873499, -1.5698979536639612, 1.4204572439193726, 2.3360209465026855
-0.5073888937579554, -2.521521870289938, -0.585728947316305, -1.5699575583087366, 1.4204812049865723, 2.3359971046447754
-0.5074370543109339, -2.5214737097369593, -0.585728947316305, -1.5699575583087366, 1.4204572439193726, 2.335984945297241
-0.5074251333819788, -2.5214856306659144, -0.585728947316305, -1.5699575583087366, 1.4204572439193726, 2.335984945297241
-0.5074370543109339, -2.5214737097369593, -0.585728947316305, -1.5699694792376917, 1.420493245124817, 2.3359971046447754
-0.5074132124530237, -2.5214975515948694, -0.5857051054583948, -1.5699575583087366, 1.4204692840576172, 2.3359971046447754
-0.5074251333819788, -2.5215099493609827, -0.5857051054583948, -1.5699456373797815, 1.420505166053772, 2.335937023162842
-0.507448975239889, -2.5215099493609827, -0.585728947316305, -1.5699456373797815, 1.4204453229904175, 2.335984945297241
-0.507448975239889, -2.5215099493609827, -0.5857408682452601, -1.5699575583087366, 1.4204812049865723, 2.3360209465026855
-0.507460896168844, -2.5214856306659144, -0.585728947316305, -1.5699694792376917, 1.4204692840576172, 2.3360090255737305
-0.5074370543109339, -2.521521870289938, -0.585728947316305, -1.5699217955218714, 1.4204692840576172, 2.3360209465026855
-0.5074370543109339, -2.5214975515948694, -0.5857051054583948, -1.569981877003805, 1.4204692840576172, 2.3360209465026855
-0.5074370543109339, -2.5214856306659144, -0.5857170263873499, -1.569981877003805, 1.4204572439193726, 2.3360090255737305
