[[0. 0. 0. 0. 0. 0.]]
[[-0.00137068 -0.00245636  0.00578932  0.00040385  0.0015563   0.00055294]]
[[-0.00075447 -0.00235184  0.00278092  0.00077319  0.00085062  0.00047745]]
[[ 0.00057694 -0.00253349  0.00220682  0.00097013  0.00129005  0.00067431]]
[[ 0.00084398 -0.00493896  0.00114967  0.00209872  0.00109982  0.00152003]]
[[ 0.00146797 -0.00535386 -0.00095901  0.00254504  0.00074513  0.00173149]]
[[ 0.00057102 -0.00636658 -0.00109016  0.00301066  0.00031867  0.001972  ]]
[[ 1.67646941e-03 -5.68128378e-03 -3.46704469e-03  2.99030594e-03
   2.46817680e-05  1.87465749e-03]]
[[ 0.00444455 -0.00651692 -0.00518521  0.00354263  0.00068629  0.00250893]]
[[ 0.00835586 -0.00617068 -0.00582794  0.00347707  0.00218039  0.0028207 ]]
[[ 0.01108892 -0.00775881 -0.00973628  0.00464673  0.00207594  0.0035848 ]]
[[ 0.01830832 -0.00777595 -0.0131367   0.00508956  0.00406173  0.00448115]]
[[ 0.02338082 -0.00791248 -0.01778547  0.00569445  0.00472763  0.00506164]]
[[ 0.0266466  -0.00708487 -0.01918724  0.00554727  0.00567347  0.00512029]]
[[ 0.03381981 -0.0043122  -0.02369201  0.00495715  0.00724536  0.00500863]]
[[ 0.04211733 -0.00629105 -0.03033609  0.00657256  0.00863909  0.00667268]]
[[ 0.04941067 -0.00462141 -0.03394747  0.00634436  0.01056226  0.00700971]]
[[ 0.05765333 -0.00428199 -0.03857226  0.00676531  0.01253319  0.0078373 ]]
[[ 0.06629149 -0.0049448  -0.04133584  0.00746473  0.01527553  0.00902425]]
[[ 0.07502679 -0.00360714 -0.04712002  0.00761597  0.01712573  0.00957446]]
[[ 0.08317659 -0.00284004 -0.05144278  0.00782151  0.019116    0.01022939]]
[[ 0.09313795 -0.00029105 -0.05529807  0.00724638  0.02203596  0.01053211]]
[[ 0.10500745  0.00156667 -0.05997917  0.0070535   0.02554175  0.01133545]]
[[ 0.11735304  0.00227435 -0.06472248  0.00740883  0.02915245  0.0125207 ]]
[[ 0.12795124  0.00483708 -0.06869963  0.00681892  0.03226157  0.01290209]]
[[ 0.13722046  0.00265436 -0.07841593  0.00890297  0.0329581   0.014756  ]]
[[ 0.14666581  0.00498077 -0.08230524  0.00844232  0.03562341  0.01513054]]
[[ 0.15915475  0.00406255 -0.08815975  0.00955108  0.0389288   0.01692277]]
[[ 0.17150378  0.00339675 -0.09442534  0.01057203  0.04204174  0.0185574 ]]
[[ 0.18366704  0.00413694 -0.10130016  0.01108944  0.04487755  0.01967473]]
[[ 0.19735783  0.00458688 -0.10598361  0.01147004  0.04905225  0.021073  ]]
[[ 0.20740589  0.00768039 -0.11147682  0.01083989  0.05140942  0.02115333]]
[[ 0.21978107  0.00860897 -0.11731008  0.01121063  0.05463386  0.02225902]]
[[ 0.23177611  0.00936029 -0.12562499  0.01193499  0.05686382  0.0233401 ]]
[[ 0.24180058  0.00957793 -0.13140232  0.01252637  0.05912453  0.0244442 ]]
[[ 0.25207347  0.01233723 -0.13434211  0.01169649  0.06239939  0.02469885]]
[[ 0.26213418  0.01449382 -0.13873675  0.01134699  0.06514588  0.02509754]]
[[ 0.27259702  0.0149843  -0.14379411  0.01177229  0.06782208  0.02606789]]
[[ 0.28275693  0.01696587 -0.14898724  0.01153329  0.07032877  0.02662197]]
[[ 0.29368904  0.01842498 -0.15444208  0.0115751   0.07305818  0.02733871]]
[[ 0.30342611  0.02064301 -0.16013616  0.01136349  0.07516656  0.0277043 ]]
[[ 0.31430447  0.02336754 -0.16342202  0.01060367  0.07857932  0.028059  ]]
[[ 0.32594494  0.02644874 -0.16876895  0.00995663  0.08161211  0.02831159]]
[[ 0.33777846  0.03030922 -0.17045239  0.0085934   0.08593162  0.02825367]]
[[ 0.34936731  0.03071487 -0.17238351  0.0086518   0.09006257  0.02933214]]
[[ 0.3601878   0.03510795 -0.17493003  0.00701158  0.09371221  0.02918424]]
[[ 0.37039476  0.03864171 -0.17512394  0.00555678  0.09786842  0.02912401]]
[[ 0.38154125  0.04131382 -0.1764742   0.00459749  0.10196489  0.0294943 ]]
[[ 0.39064721  0.04183782 -0.18015036  0.00478953  0.10448893  0.03040499]]
[[ 0.39944302  0.0438263  -0.18286646  0.00426408  0.1071714   0.03077436]]
[[ 0.40731072  0.0471261  -0.18693246  0.00327023  0.10900476  0.03057398]]
[[ 0.41580968  0.0511815  -0.18804309  0.00168766  0.11209731  0.03008006]]
[[ 0.42486887  0.05377812 -0.19187638  0.00103696  0.11452159  0.03024517]]
[[ 0.43253726  0.05526863 -0.19587231  0.00085736  0.1163467   0.03060399]]
[[ 4.43040455e-01  5.83037658e-02 -1.98382972e-01 -1.01379561e-04
   1.19841295e-01  3.06891353e-02]]
[[ 0.45078277  0.05711852 -0.20274636  0.00086841  0.12159466  0.03198602]]
[[ 0.45997484  0.0585406  -0.20474864  0.00051302  0.12472264  0.03245503]]
[[ 0.4714039   0.06195136 -0.20811125 -0.00062188  0.12833219  0.03259991]]
[[ 0.48078422  0.06339344 -0.21160545 -0.00086858  0.13101917  0.03308477]]
[[ 0.48919188  0.06491335 -0.21433328 -0.0012514   0.1335931   0.03348064]]
[[ 0.49763539  0.06986379 -0.21749048 -0.00303662  0.13600974  0.03268246]]
[[ 0.50671187  0.07183007 -0.21993319 -0.00365882  0.13898302  0.03300506]]
[[ 0.51430053  0.0760001  -0.22252731 -0.00517521  0.14118916  0.03244181]]
[[ 0.52367546  0.08003388 -0.22730383 -0.00638151  0.14343377  0.03213068]]
[[ 0.53327292  0.08311458 -0.23054928 -0.00732016  0.14627077  0.03212835]]
[[ 0.5421378   0.08867178 -0.23145681 -0.00957315  0.14965002  0.03128712]]
[[ 0.55133247  0.09133511 -0.2332953  -0.01053283  0.15282507  0.03131306]]
[[ 0.5626155   0.09691098 -0.23768518 -0.01239188  0.15601279  0.03056857]]
[[ 0.57121625  0.09692012 -0.24052737 -0.01210188  0.15860684  0.03149046]]
[[ 0.58097379  0.10003773 -0.24499562 -0.01291197  0.16113515  0.03150262]]
[[ 0.59029283  0.10067026 -0.24673466 -0.01297232  0.16441444  0.03226335]]
[[ 0.60153167  0.1038     -0.2501938  -0.01391086  0.16790844  0.03240362]]
[[ 0.60873545  0.10452107 -0.25488002 -0.01371185  0.16936027  0.03293851]]
[[ 0.61874193  0.10821342 -0.2587292  -0.01483655  0.17215341  0.03282852]]
[[ 0.62883222  0.11040403 -0.26173576 -0.01541088  0.17534592  0.03323893]]
[[ 0.63734008  0.11177395 -0.26708528 -0.01541661  0.17707066  0.0337349 ]]
[[ 0.64578362  0.11429627 -0.27114756 -0.01602862  0.17922999  0.03385227]]
[[ 0.65105185  0.11342935 -0.27436652 -0.01527127  0.18026359  0.03478813]]
[[ 0.65571296  0.11740624 -0.27866365 -0.01646394  0.18071185  0.03399217]]
[[ 0.66039459  0.11925784 -0.28070311 -0.01695776  0.18197441  0.03379702]]
[[ 0.66382733  0.11855679 -0.28362786 -0.01634126  0.18237335  0.03444001]]
[[ 0.66516521  0.11808024 -0.28633761 -0.01584172  0.18200208  0.03474589]]
[[ 0.66899615  0.11921956 -0.29081854 -0.01581528  0.18206773  0.03477822]]
[[ 0.67285348  0.11955922 -0.29387485 -0.01558457  0.18264092  0.03514551]]
[[ 0.67648751  0.11786064 -0.29632165 -0.01456694  0.18333501  0.03609622]]
[[ 0.67933241  0.11783244 -0.29667348 -0.01445119  0.18439351  0.03632423]]
[[ 0.68258444  0.11815446 -0.29816497 -0.01437048  0.18523923  0.03664324]]
[[ 0.68262987  0.11843838 -0.3013698  -0.01411041  0.18417547  0.03658233]]
[[ 0.68260818  0.11977355 -0.30339383 -0.01440487  0.18347477  0.03615875]]
[[ 0.6821424   0.12027402 -0.3046967  -0.01445446  0.1828432   0.03593259]]
[[ 0.68227939  0.11825    -0.30773789 -0.01323799  0.18188392  0.03665426]]
[[ 0.68186544  0.11673795 -0.30790297 -0.01256786  0.1816365   0.03709822]]
[[ 0.68320526  0.11636175 -0.31009536 -0.01211964  0.18140676  0.03745694]]
[[ 0.68251085  0.11521194 -0.31118148 -0.01148094  0.18075914  0.03774383]]
[[ 0.68410585  0.11521395 -0.31190214 -0.0113656   0.18117058  0.03801669]]
[[ 0.68409461  0.11395655 -0.313321   -0.01068894  0.18066801  0.03848671]]
[[ 0.68463615  0.11275981 -0.3130335  -0.01020482  0.18097263  0.03900817]]
[[ 0.684977    0.11264609 -0.31030685 -0.01043206  0.18199469  0.03904249]]
[[ 0.68578862  0.1124198  -0.31133391 -0.01018989  0.18194019  0.03921409]]
[[ 0.68567966  0.11243517 -0.31152702 -0.0101774   0.1818208   0.03912985]]
