[[ 0.  0. -3.  0.  0.  0.]]
[[ 9.45424826e-03 -8.68079987e-03 -2.98323628e+00 -4.72719180e-04
   9.59329287e-03  5.08902538e-03]]
[[ 1.00641557e-02 -9.65064835e-03 -2.98194396e+00 -3.92206880e-04
   1.02659416e-02  5.60122120e-03]]
[[ 1.23608067e-02 -1.19623970e-02 -2.97800466e+00 -3.33983978e-04
   1.25335886e-02  6.93013773e-03]]
[[ 1.30463160e-02 -1.42276980e-02 -2.97388772e+00 -3.39279086e-04
   1.42674141e-02  7.91293459e-03]]
[[ 1.12019925e-02 -1.90748831e-02 -2.97089557e+00  9.66755915e-04
   1.45531467e-02  9.32199866e-03]]
[[ 7.00665522e-03 -1.98187100e-02 -2.96812405e+00  6.36909312e-04
   1.38601425e-02  8.76807616e-03]]
[[ 6.89839632e-03 -1.99802774e-02 -2.96637288e+00  3.31254246e-04
   1.44348836e-02  8.86595200e-03]]
[[ 8.31544242e-03 -2.01988670e-02 -2.96176002e+00 -5.94777018e-04
   1.66358930e-02  9.20300926e-03]]
[[ 6.05531470e-03 -2.10463756e-02 -2.96031857e+00 -5.14808701e-04
   1.62435228e-02  9.11692763e-03]]
[[ 3.12622030e-03 -2.01214648e-02 -2.95855350e+00 -1.25807308e-03
   1.57221852e-02  8.18119116e-03]]
[[ 5.38354721e-04 -2.07278185e-02 -2.95597321e+00 -1.59550958e-03
   1.56347653e-02  7.85743269e-03]]
[[-2.81883662e-03 -2.17633441e-02 -2.95496430e+00 -1.39510660e-03
   1.46729664e-02  7.55994973e-03]]
[[-4.63178549e-03 -2.07707913e-02 -2.95141030e+00 -2.49068041e-03
   1.52240474e-02  6.84486338e-03]]
[[-8.36975455e-03 -2.35650670e-02 -2.94973944e+00 -1.71896035e-03
   1.43140278e-02  7.04135686e-03]]
[[-1.23438632e-02 -2.36495057e-02 -2.94759447e+00 -2.13986662e-03
   1.34782838e-02  6.30850799e-03]]
[[-1.74996885e-02 -2.41618376e-02 -2.94606759e+00 -2.23491743e-03
   1.19497533e-02  5.39887234e-03]]
[[-0.02254849 -0.02202558 -2.94561981 -0.00316829  0.01011016  0.003653  ]]
[[-2.68387868e-02 -2.14242006e-02 -2.94161665e+00 -4.17856543e-03
   9.81980370e-03  2.61932691e-03]]
[[-3.27195741e-02 -1.88769052e-02 -2.93901717e+00 -5.68917705e-03
   8.38300180e-03  5.52836839e-04]]
[[-3.89782349e-02 -1.69097963e-02 -2.93954076e+00 -6.30885646e-03
   5.62496825e-03 -1.35653952e-03]]
[[-4.77245626e-02 -1.57008140e-02 -2.94022963e+00 -6.59881778e-03
   1.87707373e-03 -3.48076142e-03]]
[[-5.48787089e-02 -1.41410361e-02 -2.93913749e+00 -7.38498901e-03
  -6.17355027e-04 -5.36101917e-03]]
[[-0.06285989 -0.0092011  -2.9376265  -0.00966304 -0.00323697 -0.00861989]]
[[-0.06983249 -0.0084484  -2.93590266 -0.01022457 -0.00545213 -0.01024907]]
[[-0.07923697 -0.00668593 -2.93451402 -0.01113296 -0.00874004 -0.01268156]]
[[-0.08724289 -0.00345358 -2.93501539 -0.0122689  -0.01212503 -0.01520306]]
[[-9.61464215e-02 -1.00399026e-03 -2.93684843e+00 -1.28206029e-02
  -1.63582143e-02 -1.76406350e-02]]
[[-1.04049650e-01 -3.28212013e-04 -2.93535119e+00 -1.32633947e-02
  -1.90014280e-02 -1.93020839e-02]]
[[-1.11076079e-01 -1.45149283e-05 -2.93097816e+00 -1.41475579e-02
  -2.03252673e-02 -2.06932526e-02]]
[[-1.17737139e-01  2.40884064e-03 -2.93039050e+00 -1.51511449e-02
  -2.27978433e-02 -2.27388605e-02]]
[[-0.12856664  0.00363307 -2.93138536 -0.01535854 -0.02752935 -0.02507075]]
[[-0.13732337  0.00588101 -2.93157949 -0.0161591  -0.03119623 -0.02735888]]
[[-0.14583812  0.00703595 -2.93234494 -0.01640533 -0.03490967 -0.02925792]]
[[-0.15287066  0.00889502 -2.93253049 -0.01702254 -0.0377851  -0.03119713]]
[[-0.16158877  0.01161765 -2.93140034 -0.01824583 -0.04095041 -0.03362785]]
[[-0.16942307  0.01144139 -2.93218984 -0.01795259 -0.04441412 -0.03495117]]
[[-0.17549533  0.01510682 -2.93323311 -0.01913662 -0.04729849 -0.03719423]]
[[-0.18219332  0.01763841 -2.93288546 -0.02010933 -0.04992276 -0.03920798]]
[[-0.19032754  0.02042891 -2.93498763 -0.02071909 -0.05397776 -0.04144905]]
[[-0.19826803  0.02304698 -2.93470825 -0.02175278 -0.05715559 -0.04365066]]
[[-0.20502629  0.02636011 -2.9358027  -0.02280834 -0.06030431 -0.04582595]]
[[-0.21142249  0.02872978 -2.93556815 -0.02369104 -0.06287432 -0.04758777]]
[[-0.21954912  0.03080962 -2.93778082 -0.02403214 -0.0670209  -0.04955066]]
[[-0.22475818  0.03380357 -2.94081928 -0.0246506  -0.07022549 -0.05132052]]
[[-0.23131387  0.03693633 -2.94004465 -0.02597487 -0.07268598 -0.05334533]]
[[-0.23620288  0.038078   -2.94202634 -0.02606651 -0.0754365  -0.05438134]]
[[-0.24132405  0.0390774  -2.9434673  -0.02618046 -0.07815704 -0.05543786]]
[[-0.244802    0.04100008 -2.94148773 -0.02725295 -0.07901107 -0.05650528]]
[[-0.25334504  0.0431594  -2.94105122 -0.02818757 -0.08245139 -0.05851501]]
[[-0.25639412  0.04567997 -2.93818926 -0.02966669 -0.08280436 -0.05968649]]
[[-0.26236242  0.04847898 -2.93740926 -0.03084048 -0.08505339 -0.06144527]]
[[-0.26905901  0.0501488  -2.93296248 -0.03225322 -0.08639511 -0.06301789]]
[[-0.27558027  0.05097786 -2.92927993 -0.03321747 -0.08790328 -0.06410349]]
[[-0.28363576  0.05373581 -2.92650768 -0.03477864 -0.09039377 -0.06614129]]
[[-0.2906697   0.05530617 -2.92283285 -0.03598844 -0.09217784 -0.06755453]]
[[-0.29459711  0.05855031 -2.92054387 -0.03770299 -0.09315474 -0.06911156]]
[[-0.30137569  0.05895608 -2.91451045 -0.03890558 -0.09402    -0.07008463]]
[[-0.30606714  0.06219657 -2.91164108 -0.04065881 -0.09512886 -0.07167645]]
[[-0.3145685   0.06429663 -2.90785802 -0.04212056 -0.09741324 -0.07350076]]
[[-0.32039654  0.06765928 -2.90720174 -0.04359953 -0.09972058 -0.07528953]]
[[-0.327898    0.07179859 -2.90164357 -0.04618305 -0.10107186 -0.07760558]]
[[-0.33490499  0.07468084 -2.89833758 -0.04781945 -0.1029496  -0.07941591]]
[[-0.34053219  0.07823632 -2.89576873 -0.04965946 -0.10456315 -0.08123936]]
[[-0.34715948  0.07960789 -2.89329167 -0.05058297 -0.10665377 -0.08239821]]
[[-0.35284558  0.0827011  -2.88988524 -0.05234651 -0.10801961 -0.08407202]]
[[-0.35954239  0.08591235 -2.8878948  -0.05391307 -0.11025526 -0.08595164]]
[[-0.36668214  0.08795251 -2.88633237 -0.05494846 -0.11284211 -0.08741965]]
[[-0.37552094  0.08861153 -2.88335822 -0.0556607  -0.11560361 -0.08865557]]
[[-0.38305033  0.09158866 -2.87952286 -0.05742996 -0.11753203 -0.09047022]]
[[-0.39004331  0.09474117 -2.87781657 -0.05896397 -0.11999789 -0.09224353]]
[[-0.39738799  0.09902104 -2.87548903 -0.06105618 -0.12240295 -0.09446548]]
[[-0.40491253  0.10427748 -2.87382573 -0.06344862 -0.12513139 -0.09708939]]
[[-0.4109256   0.10637399 -2.87262819 -0.06439452 -0.12737873 -0.09831707]]
[[-0.41744318  0.11080088 -2.87386992 -0.06593701 -0.13065595 -0.10042225]]
[[-0.42400674  0.11544509 -2.87396065 -0.06780629 -0.1335171  -0.10261083]]
[[-0.43062626  0.11904236 -2.87329984 -0.06929377 -0.13616492 -0.10448921]]
[[-0.43827816  0.12340654 -2.87111355 -0.07136202 -0.13874508 -0.1066933 ]]
[[-0.44622169  0.12632871 -2.87089399 -0.07248509 -0.1421398  -0.10838606]]
[[-0.45335103  0.12846825 -2.87189148 -0.07316848 -0.14557443 -0.10973601]]
[[-0.45733763  0.13205558 -2.87064379 -0.07478835 -0.14691276 -0.11114267]]
[[-0.46491898  0.13720104 -2.87036616 -0.07687272 -0.15014433 -0.11359765]]
[[-0.47300211  0.14191851 -2.8710264  -0.07867708 -0.15392409 -0.11594107]]
[[-0.47847084  0.14750173 -2.8701337  -0.08106297 -0.15599908 -0.11821114]]
[[-0.48703512  0.15210192 -2.87013822 -0.08289391 -0.1597036  -0.12048061]]
[[-0.49596117  0.15636848 -2.87112849 -0.0844456  -0.16388862 -0.12272376]]
[[-0.50384355  0.16129496 -2.87377356 -0.08604239 -0.16823354 -0.12509223]]
[[-0.51169191  0.16556135 -2.87378948 -0.087748   -0.17164382 -0.12714429]]
[[-0.51770434  0.1708394  -2.87643621 -0.08947881 -0.17518795 -0.12923609]]
[[-0.5248268   0.17300351 -2.87583842 -0.09035955 -0.17810228 -0.13049633]]
[[-0.53060856  0.17823763 -2.87558693 -0.09247567 -0.18060948 -0.1326545 ]]
[[-0.53691483  0.18207379 -2.87666336 -0.09384892 -0.18380264 -0.13427678]]
[[-0.54596464  0.18711743 -2.88014993 -0.09545733 -0.18891752 -0.13672455]]
[[-0.55427021  0.19363712 -2.88073858 -0.09804053 -0.19272167 -0.13952095]]
[[-0.55984403  0.19990679 -2.88222128 -0.10042298 -0.19574026 -0.14185682]]
[[-0.56705566  0.20501301 -2.8856267  -0.10202793 -0.20009967 -0.14397607]]
[[-0.57183506  0.21151663 -2.88538225 -0.10465033 -0.20222448 -0.14631211]]
[[-0.57882776  0.21705539 -2.88639819 -0.10678323 -0.20568693 -0.14850964]]
[[-0.58732433  0.2227873  -2.89059619 -0.10860619 -0.21081162 -0.1509985 ]]
[[-0.59222834  0.22942997 -2.89043273 -0.11137002 -0.21302514 -0.15332625]]
[[-0.59823621  0.23541767 -2.8906963  -0.11376701 -0.21586198 -0.15554716]]
[[-0.60388058  0.23835368 -2.89144206 -0.11479139 -0.21870724 -0.15672695]]
[[-0.61109331  0.24295993 -2.89434075 -0.11629543 -0.22288769 -0.15857302]]
[[-0.62004118  0.24614561 -2.89522868 -0.1174776  -0.22713313 -0.16024213]]
[[-0.62665666  0.25356199 -2.89444603 -0.12063085 -0.22986604 -0.16296726]]
[[-0.63281365  0.26136569 -2.89570165 -0.12365333 -0.23309526 -0.16573987]]
[[-0.63913703  0.26733423 -2.89394611 -0.12627987 -0.23538444 -0.16806419]]
[[-0.64610494  0.27504704 -2.89589402 -0.12929248 -0.23924646 -0.17093772]]
[[-0.65363359  0.27711547 -2.89430883 -0.13028084 -0.24204716 -0.17198933]]
[[-0.65953776  0.28152692 -2.89184448 -0.13236971 -0.24390839 -0.17365201]]
[[-0.66402939  0.2827632  -2.88815233 -0.13327367 -0.24476807 -0.17415931]]
[[-0.66754637  0.2889441  -2.88488063 -0.13626158 -0.24541045 -0.17622445]]
[[-0.67651888  0.29251814 -2.88067819 -0.13824551 -0.24796129 -0.17808279]]
[[-0.67901104  0.29732652 -2.87559828 -0.14085337 -0.24745081 -0.1796636 ]]
[[-0.6832557   0.29906794 -2.86950196 -0.14228752 -0.2473495  -0.18042537]]
[[-0.68671463  0.30194843 -2.86332069 -0.14419557 -0.24688997 -0.18153953]]
[[-0.68869705  0.3040677  -2.85670227 -0.14581441 -0.24567675 -0.18216667]]
[[-0.69246211  0.30809056 -2.84877653 -0.14838965 -0.24477807 -0.18374907]]
[[-0.69526126  0.3108882  -2.84163967 -0.15033589 -0.24371144 -0.18491727]]
[[-0.69841996  0.31088562 -2.83728975 -0.15082473 -0.24374181 -0.1850797 ]]
[[-0.70041313  0.31474696 -2.83194531 -0.15302309 -0.24293375 -0.18652262]]
[[-0.70268834  0.315163   -2.82585086 -0.15383684 -0.24194914 -0.18693281]]
[[-0.70395495  0.31616955 -2.82121797 -0.154822   -0.24101698 -0.18736288]]
[[-0.7058215   0.3152998  -2.81686026 -0.15491766 -0.24044307 -0.18731536]]
[[-0.70566404  0.31804451 -2.81318634 -0.15644943 -0.23926248 -0.18825189]]
[[-0.70587108  0.31820527 -2.80909726 -0.15693774 -0.23806286 -0.18829176]]
[[-0.70703918  0.31478468 -2.80897978 -0.1555114  -0.23858361 -0.18720036]]
[[-0.70671361  0.3147874  -2.80849221 -0.15556864 -0.23836428 -0.18722087]]
[[-0.70848644  0.31316825 -2.80777063 -0.15493412 -0.23896159 -0.18683219]]
[[-0.70639326  0.31242158 -2.80844521 -0.15451868 -0.23841312 -0.18631265]]
[[-0.70676648  0.31126985 -2.80833317 -0.15402897 -0.2385608  -0.18598276]]
[[-0.70433489  0.31254047 -2.80777984 -0.15456405 -0.23745204 -0.18620266]]
[[-0.70375234  0.31133561 -2.80793877 -0.15400243 -0.23731195 -0.18567197]]
[[-0.70289542  0.3123574  -2.80766193 -0.1544097  -0.23688012 -0.18595753]]
[[-0.70132204  0.31118951 -2.80879608 -0.15375985 -0.23668383 -0.18532661]]
[[-0.70087686  0.31220848 -2.81072258 -0.15391686 -0.23715776 -0.18562184]]
[[-0.69926776  0.31492372 -2.80560138 -0.1544062  -0.23213473 -0.18628869]]
[[-0.69854589  0.31672623 -2.80777325 -0.15338452 -0.22927521 -0.18685228]]
[[-0.69833324  0.31606945 -2.80898938 -0.15133833 -0.22612566 -0.18663619]]
[[-0.69851676  0.31431797 -2.81184915 -0.14868651 -0.22358369 -0.18602955]]
[[-0.69884814  0.31346034 -2.8138688  -0.14654899 -0.22090348 -0.18577079]]
[[-0.6968744   0.31372726 -2.8154459  -0.14485761 -0.21724036 -0.18571695]]
[[-0.69600398  0.31335302 -2.81889902 -0.14267423 -0.21444495 -0.18548829]]
[[-0.69547185  0.30951976 -2.82128237 -0.13931038 -0.21144108 -0.18410592]]
[[-0.69530755  0.30937706 -2.82190264 -0.13766619 -0.20820049 -0.18402291]]
[[-0.69536116  0.30929012 -2.8211851  -0.13622911 -0.20465011 -0.18401917]]
[[-0.69212051  0.30697521 -2.82058297 -0.13393047 -0.19982603 -0.18276601]]
[[-0.68880583  0.30766626 -2.8163822  -0.13313939 -0.19379151 -0.18264051]]
[[-0.68649287  0.30554059 -2.81184254 -0.1313977  -0.18808433 -0.18164618]]
[[-0.68803526  0.30492954 -2.80913735 -0.13006067 -0.18435948 -0.18145461]]
[[-0.68503571  0.30699779 -2.80596428 -0.1296139  -0.17886073 -0.18180851]]
[[-0.68467274  0.30898317 -2.8021987  -0.12919881 -0.17398988 -0.18240977]]
[[-0.68498949  0.31091461 -2.79681772 -0.12902715 -0.16899896 -0.18315243]]
[[-0.68478246  0.31176838 -2.794222   -0.12806021 -0.16454035 -0.1833955 ]]
[[-0.6845496   0.31386418 -2.79159894 -0.12751641 -0.16017439 -0.18400321]]
[[-0.68169983  0.31555485 -2.78526879 -0.12720704 -0.15364558 -0.1842471 ]]
[[-0.68294407  0.31765607 -2.78154388 -0.12675004 -0.14940247 -0.18516966]]
[[-0.68425496  0.31772665 -2.77953761 -0.12553023 -0.14578629 -0.1853567 ]]
[[-0.68330677  0.31855238 -2.77549221 -0.12471278 -0.14076836 -0.18557647]]
[[-0.6843595   0.31791346 -2.77349619 -0.12310059 -0.13690334 -0.18546254]]
[[-0.68669481  0.31768873 -2.77086342 -0.12179344 -0.13336343 -0.18559736]]
[[-0.68413061  0.31756569 -2.76751404 -0.1205554  -0.12817513 -0.18527917]]
[[-0.68433598  0.31718089 -2.76661398 -0.11893927 -0.12437819 -0.1851519 ]]
[[-0.68368876  0.31810617 -2.76382847 -0.11794819 -0.11976404 -0.18537498]]
[[-0.68433966  0.31883362 -2.7632388  -0.11663605 -0.11634013 -0.18564419]]
[[-0.6856946   0.32015456 -2.76231105 -0.11554729 -0.11298931 -0.18626023]]
[[-0.68671217  0.32162009 -2.75981814 -0.11469934 -0.10905583 -0.1869579 ]]
[[-0.68754103  0.32077869 -2.75972402 -0.11295058 -0.105814   -0.1866766 ]]
[[-0.68764096  0.32090683 -2.75937727 -0.11141311 -0.10223018 -0.18662851]]
[[-0.6849593   0.31891074 -2.75798164 -0.10949428 -0.09760972 -0.18568129]]
[[-0.68416149  0.31854082 -2.76360968 -0.10793749 -0.09748762 -0.18543369]]
[[-0.68615048  0.3194549  -2.7596651  -0.10876514 -0.09693891 -0.18602776]]
[[-0.68511003  0.31841934 -2.75610883 -0.10895471 -0.09542184 -0.18552378]]
[[-0.68472123  0.32016797 -2.75523458 -0.10956437 -0.09503649 -0.18605935]]
[[-0.68543363  0.32145705 -2.75623028 -0.10985077 -0.09549507 -0.18655045]]
[[-0.6853017   0.32281954 -2.75653708 -0.11018072 -0.09553071 -0.18697635]]
[[-0.68537334  0.32382749 -2.75678608 -0.11044657 -0.09563385 -0.18734038]]
[[-0.68497065  0.32627053 -2.75633584 -0.11111746 -0.09537187 -0.18811326]]
[[-0.68572226  0.32647434 -2.75674775 -0.11113716 -0.09566576 -0.18833682]]
[[-0.68643902  0.32655608 -2.75852001 -0.11093481 -0.09644808 -0.18848091]]
[[-0.68652369  0.32472269 -2.75772154 -0.1105773  -0.09617144 -0.18777413]]
[[-0.68479201  0.32354889 -2.75558042 -0.11049355 -0.09503289 -0.18721979]]
[[-0.68435643  0.32404631 -2.75656311 -0.1104608  -0.09529685 -0.18737455]]
[[-0.68262467  0.32464569 -2.75499053 -0.11076602 -0.09437633 -0.18743328]]
[[-0.68256017  0.32409376 -2.75362193 -0.11076513 -0.09391193 -0.18722282]]
[[-0.68012599  0.3249834  -2.75316961 -0.11104293 -0.09313679 -0.18716036]]
[[-0.68042833  0.32345425 -2.7521689  -0.11076761 -0.09290689 -0.18670664]]
[[-0.6790059   0.32321184 -2.75373352 -0.11049394 -0.09311085 -0.1864528 ]]
[[-0.67830422  0.32370486 -2.75485001 -0.11047789 -0.0933157  -0.18659029]]
[[-0.67814364  0.32436596 -2.7554629  -0.11057075 -0.09348638 -0.18675015]]
[[-0.67948543  0.32468209 -2.75604122 -0.11055448 -0.09402013 -0.18697402]]
[[-0.67874127  0.32458499 -2.75746202 -0.11036744 -0.09436584 -0.18685633]]
[[-0.67705528  0.32461516 -2.75788338 -0.11029828 -0.09410209 -0.18665252]]
[[-0.67631782  0.32266608 -2.7588543  -0.10964817 -0.09424723 -0.18593167]]
[[-0.67469915  0.32216286 -2.75743067 -0.10963481 -0.09334439 -0.18561669]]
[[-0.67358715  0.3225374  -2.75843456 -0.10957275 -0.09342075 -0.1856292 ]]
[[-0.67241139  0.32251073 -2.76029241 -0.10939605 -0.0937529  -0.18547729]]
[[-0.6690635   0.3224293  -2.75869694 -0.10948702 -0.09238716 -0.18513566]]
[[-0.66948261  0.32217378 -2.76251057 -0.10897755 -0.09381089 -0.18503055]]
[[-0.66845768  0.32105844 -2.76158726 -0.1087748  -0.09332151 -0.18459051]]
[[-0.66717832  0.32229427 -2.76355916 -0.10885847 -0.0937014  -0.18479993]]
[[-0.66443184  0.32134538 -2.76234871 -0.10871355 -0.09261389 -0.184172  ]]
[[-0.66295361  0.32034801 -2.76228864 -0.10846369 -0.09228855 -0.18362957]]
[[-0.66162189  0.32073769 -2.76599582 -0.10813272 -0.09328261 -0.18357073]]
[[-0.66028252  0.31922865 -2.76626753 -0.10768672 -0.09304869 -0.18297824]]
[[-0.66038379  0.31860448 -2.76713968 -0.10739015 -0.09340604 -0.18274236]]
[[-0.65964894  0.31702428 -2.76728841 -0.10697541 -0.0932802  -0.18208856]]
[[-0.66027901  0.31731099 -2.77029118 -0.10672396 -0.09449288 -0.1822568 ]]
[[-0.66140574  0.3169598  -2.77254439 -0.10638033 -0.09557735 -0.18214658]]
[[-0.65860357  0.31547267 -2.7731807  -0.10597734 -0.09512727 -0.18135527]]
[[-0.65760016  0.3164315  -2.77580591 -0.10593205 -0.09582102 -0.18156307]]
[[-0.65865904  0.31513694 -2.77673717 -0.10550998 -0.0964737  -0.18122321]]
[[-0.65777391  0.31588745 -2.77804059 -0.10548544 -0.09670341 -0.18135913]]
[[-0.6565837   0.31465563 -2.77896033 -0.10503969 -0.09677047 -0.18079438]]
[[-0.65528784  0.31632071 -2.77997787 -0.10530939 -0.09679129 -0.18122286]]
[[-0.6560182   0.31564801 -2.78155956 -0.10495495 -0.09747116 -0.18103628]]
[[-0.65515037  0.31491708 -2.78484098 -0.10439214 -0.09839739 -0.18068525]]
[[-0.65335904  0.31467615 -2.78502087 -0.10428136 -0.09804022 -0.18041834]]
[[-0.65170312  0.31365361 -2.78650935 -0.10383838 -0.09816776 -0.17994582]]
[[-0.64959423  0.31350898 -2.7872853  -0.1036692  -0.09791529 -0.17971698]]
[[-0.64731239  0.31385383 -2.78664455 -0.10380118 -0.09716877 -0.17957062]]
[[-0.6456022   0.31468654 -2.7884295  -0.10380836 -0.09735053 -0.17961132]]
[[-0.64510058  0.31307949 -2.78891022 -0.10332219 -0.09738106 -0.17901555]]
[[-0.64546374  0.311354   -2.78879376 -0.10289925 -0.09743039 -0.17849636]]
[[-0.64671176  0.31236439 -2.79088017 -0.10293412 -0.09844227 -0.17892105]]
[[-0.64562466  0.31261379 -2.79178754 -0.10287251 -0.09850413 -0.17889071]]
[[-0.64483444  0.31285942 -2.79230829 -0.10286408 -0.09848745 -0.17886509]]
[[-0.64397263  0.31064046 -2.79459672 -0.10202845 -0.09907754 -0.17795595]]
[[-0.64169319  0.31179578 -2.79583937 -0.10218862 -0.09888934 -0.17812995]]
[[-0.6407618   0.31114387 -2.79613937 -0.10198911 -0.09875029 -0.17781384]]
[[-0.64256327  0.31230125 -2.79876212 -0.10201091 -0.10014112 -0.17842214]]
[[-0.64432363  0.31472945 -2.800323   -0.10247143 -0.10111339 -0.1794696 ]]
[[-0.64321325  0.31519493 -2.80093161 -0.10249331 -0.1010143  -0.17955694]]
[[-0.64243358  0.31453798 -2.80367686 -0.10200252 -0.10171363 -0.17920305]]
[[-0.64041821  0.31515003 -2.80294153 -0.10222595 -0.10096966 -0.17917792]]
[[-0.64029603  0.31417263 -2.80606595 -0.10163165 -0.10198963 -0.17879291]]
[[-0.6409557   0.31368092 -2.80803951 -0.1012901  -0.10278432 -0.17871088]]
[[-0.64162417  0.31386808 -2.80843475 -0.10127497 -0.10307143 -0.17884351]]
[[-0.64155024  0.31302156 -2.81063343 -0.1008061  -0.103778   -0.17847145]]
[[-0.64385962  0.31285038 -2.81490794 -0.10031338 -0.10575317 -0.17867789]]
[[-0.64356751  0.31098323 -2.81719183 -0.09957959 -0.10638478 -0.17802251]]
[[-0.64401553  0.31138588 -2.81877066 -0.09947446 -0.10697791 -0.17823213]]
[[-0.64314169  0.31114413 -2.82101765 -0.09914389 -0.10747084 -0.17806388]]
[[-0.64126806  0.3132301  -2.82276733 -0.09941844 -0.10760233 -0.17857897]]
[[-0.64240343  0.31404953 -2.82611121 -0.09921413 -0.10898335 -0.17897395]]
[[-0.64328849  0.31419916 -2.83095201 -0.0987368  -0.11080294 -0.17911356]]
[[-0.64167811  0.31585084 -2.83138218 -0.09913949 -0.11054217 -0.17952789]]
[[-0.64360379  0.31575646 -2.83400813 -0.09877091 -0.11185251 -0.17970676]]
[[-0.64357994  0.31360855 -2.83447218 -0.09816957 -0.11202499 -0.17895341]]
[[-0.64387975  0.31329351 -2.83686501 -0.09784072 -0.1128326  -0.17881669]]
[[-0.643666    0.31260597 -2.8370652  -0.09764757 -0.11283066 -0.17861087]]
[[-0.64315909  0.31164723 -2.83806338 -0.09732475 -0.11303639 -0.17818167]]
[[-0.64022597  0.31132135 -2.83459521 -0.09758744 -0.11116669 -0.17777516]]
[[-0.63962679  0.31080128 -2.83378614 -0.09747829 -0.11071745 -0.17757074]]
[[-0.63919469  0.30898064 -2.83523275 -0.09684395 -0.11106438 -0.17686544]]
[[-0.63993106  0.30926961 -2.83394945 -0.09704763 -0.11082723 -0.17710818]]
[[-0.64116532  0.30791748 -2.83429812 -0.09668137 -0.11123236 -0.17684904]]
[[-0.64390815  0.30889201 -2.83358605 -0.09702906 -0.11166577 -0.17748237]]
[[-0.64322895  0.30729938 -2.8323426  -0.09677274 -0.11106795 -0.17679349]]
[[-0.64330566  0.30829793 -2.8311842  -0.0971933  -0.11073369 -0.17714705]]
[[-0.64093711  0.30906837 -2.82834999 -0.09769418 -0.10920772 -0.17712666]]
[[-0.64159708  0.30952574 -2.82760485 -0.09794796 -0.1091097  -0.17738788]]
[[-0.64028879  0.30987595 -2.82694328 -0.09815553 -0.10855877 -0.17740578]]
[[-0.64044246  0.30964408 -2.82640173 -0.09819559 -0.10841199 -0.17740404]]
[[-0.64231227  0.31061445 -2.8291604  -0.09820109 -0.10983057 -0.17793375]]
[[-0.64209126  0.31047687 -2.82654529 -0.09847882 -0.10889394 -0.17786439]]
[[-0.64330567  0.31049792 -2.82592724 -0.09857995 -0.10897868 -0.17795436]]
[[-0.64459725  0.31131673 -2.82354398 -0.09911238 -0.10854542 -0.17828706]]
[[-0.64370929  0.3123228  -2.82278423 -0.09947247 -0.10812076 -0.17856602]]
[[-0.64430214  0.3134708  -2.82177398 -0.09986555 -0.10794211 -0.1790017 ]]
[[-0.64516093  0.31495924 -2.82041589 -0.1004069  -0.10776948 -0.17964943]]
[[-0.64275411  0.31393418 -2.81743871 -0.10052924 -0.10622329 -0.17894224]]
[[-0.64159079  0.31326211 -2.81281376 -0.10088791 -0.10443136 -0.17859145]]
[[-0.64168458  0.31460056 -2.81040959 -0.10153419 -0.10368156 -0.17906497]]
[[-0.64181377  0.31597766 -2.80817967 -0.10216477 -0.10296344 -0.179543  ]]
[[-0.64185267  0.31612663 -2.80637632 -0.10247548 -0.10240827 -0.17957463]]
[[-0.641523    0.31607491 -2.80255661 -0.1029081  -0.10109418 -0.17955425]]
[[-0.64177948  0.31511354 -2.80038992 -0.10291095 -0.1004984  -0.17924228]]
[[-0.64067346  0.31560204 -2.79921962 -0.10319084 -0.09989759 -0.17928448]]
[[-0.64215124  0.31660785 -2.79741253 -0.10368384 -0.09968536 -0.17979204]]
[[-0.6435916   0.31729317 -2.79718677 -0.10392459 -0.10003607 -0.18020491]]
[[-0.64333986  0.31614426 -2.79560499 -0.10383683 -0.0994644  -0.17979004]]
[[-0.64419715  0.31673386 -2.79311455 -0.10429618 -0.09891053 -0.18009655]]
[[-0.64184556  0.31607023 -2.78787298 -0.10467283 -0.09658422 -0.17963932]]
[[-0.64183518  0.31554493 -2.7863575  -0.10473545 -0.09613585 -0.17948506]]
[[-0.64373617  0.3164191  -2.78605825 -0.10501162 -0.09657777 -0.17996867]]
[[-0.64384706  0.31726521 -2.78418448 -0.10543291 -0.09600426 -0.18032112]]
[[-0.6420402   0.31624662 -2.78184532 -0.10541674 -0.09481056 -0.17978423]]
[[-0.64047045  0.31624879 -2.7797707  -0.10566718 -0.09379067 -0.17964426]]
[[-0.6403369   0.31642454 -2.77765971 -0.1059784  -0.09310898 -0.17968581]]
[[-0.63943636  0.3145288  -2.77670561 -0.1056083  -0.09263751 -0.17889955]]
[[-0.6384339   0.31510241 -2.77362582 -0.10610718 -0.09139672 -0.17904715]]
[[-0.63713552  0.31416855 -2.76959835 -0.10638054 -0.08977437 -0.1786407 ]]
[[-0.63524456  0.31510235 -2.76770174 -0.10684299 -0.08871929 -0.17870466]]
[[-0.63459311  0.3155484  -2.76640458 -0.10712706 -0.08814024 -0.17874964]]
[[-0.63586342  0.31578835 -2.76405688 -0.10751831 -0.08769949 -0.17905006]]
[[-0.63453374  0.31546988 -2.76227584 -0.10766848 -0.08681191 -0.17881398]]
[[-0.63581934  0.3163619  -2.75844585 -0.1083751  -0.08588699 -0.17920833]]
[[-0.63528726  0.3177725  -2.75482376 -0.10918479 -0.08460899 -0.1795737 ]]
[[-0.63644754  0.31864433 -2.75133645 -0.10984752 -0.08378749 -0.17999365]]
[[-0.63581018  0.31740142 -2.74988422 -0.10972528 -0.08319174 -0.17945443]]
[[-0.63565144  0.31907821 -2.74347905 -0.11089135 -0.08105538 -0.18007718]]
[[-0.63489026  0.32017783 -2.74044465 -0.11157632 -0.07990667 -0.18034829]]
[[-0.63454578  0.319469   -2.73680617 -0.11186506 -0.07866566 -0.18000746]]
[[-0.63206809  0.32230383 -2.73291409 -0.11306422 -0.07676276 -0.18069974]]
[[-0.63136554  0.32223675 -2.72985544 -0.11345939 -0.07560788 -0.18053436]]
[[-0.63193561  0.32257893 -2.72664311 -0.1139616  -0.07468429 -0.18070369]]
[[-0.63115861  0.32489542 -2.72479983 -0.11476768 -0.07391513 -0.18141803]]
[[-0.63462815  0.32472674 -2.72238377 -0.11506409 -0.07402137 -0.18179693]]
[[-0.63701706  0.32490581 -2.71904375 -0.11551136 -0.07354951 -0.18213996]]
[[-0.63593929  0.32446124 -2.71277433 -0.1161276  -0.0712435  -0.18186776]]
[[-0.63682866  0.32494389 -2.71079229 -0.11651615 -0.07081809 -0.18214139]]
[[-0.63805421  0.32518136 -2.70658268 -0.11707505 -0.06976448 -0.18239395]]
[[-0.63746501  0.32558542 -2.70354907 -0.1175547  -0.06858272 -0.18245938]]
[[-0.63741019  0.32559515 -2.70378334 -0.11763211 -0.06868846 -0.18248432]]
[[-0.63625855  0.32584327 -2.70151977 -0.11799422 -0.06765058 -0.18240583]]
[[-0.63587482  0.32622369 -2.69873293 -0.11842962 -0.06666059 -0.18253952]]
[[-0.63644372  0.32601811 -2.69902854 -0.1183846  -0.06690968 -0.18254341]]
[[-0.63658068  0.32425229 -2.69928374 -0.117947   -0.06707238 -0.18197074]]
[[-0.63624815  0.32315518 -2.69867269 -0.11780235 -0.06679763 -0.18161117]]
[[-0.63672178  0.32345594 -2.69897592 -0.11787259 -0.06707378 -0.18177547]]
[[-0.63594828  0.32519227 -2.69816825 -0.11841398 -0.06664527 -0.18221366]]
[[-0.63633635  0.32426471 -2.69881866 -0.11815724 -0.06697019 -0.18201048]]
[[-0.63930377  0.32300327 -2.70034538 -0.11771458 -0.06822627 -0.18189678]]
[[-0.63887079  0.32252692 -2.69992509 -0.11769814 -0.06802797 -0.18166729]]
[[-0.63944401  0.32305445 -2.69822445 -0.11805792 -0.06764985 -0.1819164 ]]
[[-0.63890748  0.32349159 -2.69754505 -0.11828632 -0.06727752 -0.18196319]]
[[-0.63940533  0.32435037 -2.6952076  -0.11875242 -0.06664724 -0.18236528]]
