[[0. 0. 0. 0. 0. 0.]]
[[0. 0. 0. 0. 0. 0.]]
[[0. 0. 0. 0. 0. 0.]]
[[0. 0. 0. 0. 0. 0.]]
[[0. 0. 0. 0. 0. 0.]]
[[0. 0. 0. 0. 0. 0.]]
[[0. 0. 0. 0. 0. 0.]]
[[0. 0. 0. 0. 0. 0.]]
[[0. 0. 0. 0. 0. 0.]]
[[0. 0. 0. 0. 0. 0.]]
[[0. 0. 0. 0. 0. 0.]]
[[0. 0. 0. 0. 0. 0.]]
[[0. 0. 0. 0. 0. 0.]]
[[0. 0. 0. 0. 0. 0.]]
[[0. 0. 0. 0. 0. 0.]]
[[0. 0. 0. 0. 0. 0.]]
[[0. 0. 0. 0. 0. 0.]]
[[0. 0. 0. 0. 0. 0.]]
[[0. 0. 0. 0. 0. 0.]]
[[0. 0. 0. 0. 0. 0.]]
[[0. 0. 0. 0. 0. 0.]]
[[0. 0. 0. 0. 0. 0.]]
[[0. 0. 0. 0. 0. 0.]]
[[0. 0. 0. 0. 0. 0.]]
[[0. 0. 0. 0. 0. 0.]]
[[0. 0. 0. 0. 0. 0.]]
[[0. 0. 0. 0. 0. 0.]]
[[0. 0. 0. 0. 0. 0.]]
[[0. 0. 0. 0. 0. 0.]]
[[0. 0. 0. 0. 0. 0.]]
[[0. 0. 0. 0. 0. 0.]]
[[0. 0. 0. 0. 0. 0.]]
[[0. 0. 0. 0. 0. 0.]]
[[0. 0. 0. 0. 0. 0.]]
[[0. 0. 0. 0. 0. 0.]]
[[0. 0. 0. 0. 0. 0.]]
[[0. 0. 0. 0. 0. 0.]]
[[0. 0. 0. 0. 0. 0.]]
[[0. 0. 0. 0. 0. 0.]]
[[0. 0. 0. 0. 0. 0.]]
[[0. 0. 0. 0. 0. 0.]]
[[0. 0. 0. 0. 0. 0.]]
[[0. 0. 0. 0. 0. 0.]]
[[0. 0. 0. 0. 0. 0.]]
[[0. 0. 0. 0. 0. 0.]]
[[0. 0. 0. 0. 0. 0.]]
[[0. 0. 0. 0. 0. 0.]]
[[0. 0. 0. 0. 0. 0.]]
[[0. 0. 0. 0. 0. 0.]]
[[0. 0. 0. 0. 0. 0.]]
[[0. 0. 0. 0. 0. 0.]]
[[0. 0. 0. 0. 0. 0.]]
[[0. 0. 0. 0. 0. 0.]]
[[0. 0. 0. 0. 0. 0.]]
[[0. 0. 0. 0. 0. 0.]]
[[0. 0. 0. 0. 0. 0.]]
[[0. 0. 0. 0. 0. 0.]]
[[0. 0. 0. 0. 0. 0.]]
[[0. 0. 0. 0. 0. 0.]]
[[0. 0. 0. 0. 0. 0.]]
[[0. 0. 0. 0. 0. 0.]]
[[0. 0. 0. 0. 0. 0.]]
[[0. 0. 0. 0. 0. 0.]]
[[0. 0. 0. 0. 0. 0.]]
[[0. 0. 0. 0. 0. 0.]]
[[0. 0. 0. 0. 0. 0.]]
[[0. 0. 0. 0. 0. 0.]]
[[0. 0. 0. 0. 0. 0.]]
[[0. 0. 0. 0. 0. 0.]]
[[0. 0. 0. 0. 0. 0.]]
[[0. 0. 0. 0. 0. 0.]]
[[0. 0. 0. 0. 0. 0.]]
[[0. 0. 0. 0. 0. 0.]]
[[0. 0. 0. 0. 0. 0.]]
[[0. 0. 0. 0. 0. 0.]]
[[0. 0. 0. 0. 0. 0.]]
[[0. 0. 0. 0. 0. 0.]]
[[0. 0. 0. 0. 0. 0.]]
[[0. 0. 0. 0. 0. 0.]]
[[0. 0. 0. 0. 0. 0.]]
[[0. 0. 0. 0. 0. 0.]]
[[0. 0. 0. 0. 0. 0.]]
[[0. 0. 0. 0. 0. 0.]]
[[0. 0. 0. 0. 0. 0.]]
[[0. 0. 0. 0. 0. 0.]]
[[0. 0. 0. 0. 0. 0.]]
[[0. 0. 0. 0. 0. 0.]]
[[0. 0. 0. 0. 0. 0.]]
[[0. 0. 0. 0. 0. 0.]]
[[0. 0. 0. 0. 0. 0.]]
[[0. 0. 0. 0. 0. 0.]]
[[0. 0. 0. 0. 0. 0.]]
[[0. 0. 0. 0. 0. 0.]]
[[0. 0. 0. 0. 0. 0.]]
[[0. 0. 0. 0. 0. 0.]]
[[0. 0. 0. 0. 0. 0.]]
[[0. 0. 0. 0. 0. 0.]]
[[0. 0. 0. 0. 0. 0.]]
[[0. 0. 0. 0. 0. 0.]]
[[0. 0. 0. 0. 0. 0.]]
[[0. 0. 0. 0. 0. 0.]]
[[0. 0. 0. 0. 0. 0.]]
[[0. 0. 0. 0. 0. 0.]]
[[0. 0. 0. 0. 0. 0.]]
[[0. 0. 0. 0. 0. 0.]]
[[0. 0. 0. 0. 0. 0.]]
[[0. 0. 0. 0. 0. 0.]]
[[0. 0. 0. 0. 0. 0.]]
[[0. 0. 0. 0. 0. 0.]]
[[0. 0. 0. 0. 0. 0.]]
[[0. 0. 0. 0. 0. 0.]]
[[0. 0. 0. 0. 0. 0.]]
[[0. 0. 0. 0. 0. 0.]]
[[0. 0. 0. 0. 0. 0.]]
[[0. 0. 0. 0. 0. 0.]]
[[0. 0. 0. 0. 0. 0.]]
[[0. 0. 0. 0. 0. 0.]]
[[0. 0. 0. 0. 0. 0.]]
[[0. 0. 0. 0. 0. 0.]]
[[0. 0. 0. 0. 0. 0.]]
[[0. 0. 0. 0. 0. 0.]]
[[0. 0. 0. 0. 0. 0.]]
[[0. 0. 0. 0. 0. 0.]]
[[0. 0. 0. 0. 0. 0.]]
[[0. 0. 0. 0. 0. 0.]]
[[0. 0. 0. 0. 0. 0.]]
[[0. 0. 0. 0. 0. 0.]]
[[0. 0. 0. 0. 0. 0.]]
[[0. 0. 0. 0. 0. 0.]]
[[0. 0. 0. 0. 0. 0.]]
[[0. 0. 0. 0. 0. 0.]]
[[0. 0. 0. 0. 0. 0.]]
[[0. 0. 0. 0. 0. 0.]]
[[0. 0. 0. 0. 0. 0.]]
[[0. 0. 0. 0. 0. 0.]]
[[0. 0. 0. 0. 0. 0.]]
[[0. 0. 0. 0. 0. 0.]]
[[0. 0. 0. 0. 0. 0.]]
[[0. 0. 0. 0. 0. 0.]]
[[0. 0. 0. 0. 0. 0.]]
[[0. 0. 0. 0. 0. 0.]]
[[0. 0. 0. 0. 0. 0.]]
[[0. 0. 0. 0. 0. 0.]]
[[0. 0. 0. 0. 0. 0.]]
[[0. 0. 0. 0. 0. 0.]]
[[0. 0. 0. 0. 0. 0.]]
[[0. 0. 0. 0. 0. 0.]]
[[0. 0. 0. 0. 0. 0.]]
[[0. 0. 0. 0. 0. 0.]]
[[0. 0. 0. 0. 0. 0.]]
[[0. 0. 0. 0. 0. 0.]]
[[0. 0. 0. 0. 0. 0.]]
[[0. 0. 0. 0. 0. 0.]]
[[0. 0. 0. 0. 0. 0.]]
[[0. 0. 0. 0. 0. 0.]]
[[0. 0. 0. 0. 0. 0.]]
[[0. 0. 0. 0. 0. 0.]]
[[0. 0. 0. 0. 0. 0.]]
[[0. 0. 0. 0. 0. 0.]]
[[0. 0. 0. 0. 0. 0.]]
[[0. 0. 0. 0. 0. 0.]]
[[0. 0. 0. 0. 0. 0.]]
[[0. 0. 0. 0. 0. 0.]]
[[0. 0. 0. 0. 0. 0.]]
[[0. 0. 0. 0. 0. 0.]]
[[0. 0. 0. 0. 0. 0.]]
[[0. 0. 0. 0. 0. 0.]]
[[0. 0. 0. 0. 0. 0.]]
[[0. 0. 0. 0. 0. 0.]]
[[0. 0. 0. 0. 0. 0.]]
[[0. 0. 0. 0. 0. 0.]]
[[0. 0. 0. 0. 0. 0.]]
[[0. 0. 0. 0. 0. 0.]]
[[0. 0. 0. 0. 0. 0.]]
[[0. 0. 0. 0. 0. 0.]]
[[0. 0. 0. 0. 0. 0.]]
[[0. 0. 0. 0. 0. 0.]]
[[0. 0. 0. 0. 0. 0.]]
[[0. 0. 0. 0. 0. 0.]]
[[0. 0. 0. 0. 0. 0.]]
[[0. 0. 0. 0. 0. 0.]]
[[0. 0. 0. 0. 0. 0.]]
[[0. 0. 0. 0. 0. 0.]]
[[0. 0. 0. 0. 0. 0.]]
[[0. 0. 0. 0. 0. 0.]]
[[0. 0. 0. 0. 0. 0.]]
[[0. 0. 0. 0. 0. 0.]]
[[0. 0. 0. 0. 0. 0.]]
[[0. 0. 0. 0. 0. 0.]]
[[0. 0. 0. 0. 0. 0.]]
[[0. 0. 0. 0. 0. 0.]]
[[-1.05730477  1.04780502 -0.12346424 -0.57745355 -0.59977956 -0.14504312]]
[[-2.14592921  0.90251206 -0.97192401 -0.28353064 -1.13703182 -0.42981574]]
[[-2.41832954  1.05942913 -1.08822461 -0.34573541 -1.28088394 -0.47867289]]
[[-1.78778523  0.62054196 -0.91166331 -0.07949714 -0.88886503 -0.44912879]]
[[0. 0. 0. 0. 0. 0.]]
[[0. 0. 0. 0. 0. 0.]]
[[0. 0. 0. 0. 0. 0.]]
[[0. 0. 0. 0. 0. 0.]]
[[0. 0. 0. 0. 0. 0.]]
[[0. 0. 0. 0. 0. 0.]]
[[0. 0. 0. 0. 0. 0.]]
[[0. 0. 0. 0. 0. 0.]]
[[0. 0. 0. 0. 0. 0.]]
[[0. 0. 0. 0. 0. 0.]]
[[0. 0. 0. 0. 0. 0.]]
[[0. 0. 0. 0. 0. 0.]]
[[0. 0. 0. 0. 0. 0.]]
[[0. 0. 0. 0. 0. 0.]]
[[0. 0. 0. 0. 0. 0.]]
[[0. 0. 0. 0. 0. 0.]]
[[0. 0. 0. 0. 0. 0.]]
[[0. 0. 0. 0. 0. 0.]]
[[0. 0. 0. 0. 0. 0.]]
[[0. 0. 0. 0. 0. 0.]]
[[0. 0. 0. 0. 0. 0.]]
[[0. 0. 0. 0. 0. 0.]]
[[0. 0. 0. 0. 0. 0.]]
[[0. 0. 0. 0. 0. 0.]]
[[0. 0. 0. 0. 0. 0.]]
[[0. 0. 0. 0. 0. 0.]]
[[0. 0. 0. 0. 0. 0.]]
[[0. 0. 0. 0. 0. 0.]]
[[0. 0. 0. 0. 0. 0.]]
[[0. 0. 0. 0. 0. 0.]]
[[0. 0. 0. 0. 0. 0.]]
[[0. 0. 0. 0. 0. 0.]]
[[0. 0. 0. 0. 0. 0.]]
[[0. 0. 0. 0. 0. 0.]]
[[0. 0. 0. 0. 0. 0.]]
[[0. 0. 0. 0. 0. 0.]]
[[0. 0. 0. 0. 0. 0.]]
[[0. 0. 0. 0. 0. 0.]]
[[0. 0. 0. 0. 0. 0.]]
[[0. 0. 0. 0. 0. 0.]]
[[0. 0. 0. 0. 0. 0.]]
[[0. 0. 0. 0. 0. 0.]]
[[0. 0. 0. 0. 0. 0.]]
[[0. 0. 0. 0. 0. 0.]]
[[0. 0. 0. 0. 0. 0.]]
[[0. 0. 0. 0. 0. 0.]]
[[0. 0. 0. 0. 0. 0.]]
[[ 0.21534675 -1.52372749 -0.72225649  1.11936729  0.25282652 -0.19963353]]
[[ 0.23811098 -1.88186274 -0.9204934   1.39054898  0.30082186 -0.25529837]]
[[ 0.26583111 -2.13264962 -1.05873702  1.57934454  0.34111372 -0.29056993]]
[[ 0.29657356 -2.32121257 -1.16436668  1.72101631  0.37741089 -0.31402734]]
[[ 0.25809258 -2.43518163 -1.27920576  1.82172725  0.37486825 -0.34607255]]
[[ 0.20445699 -2.50911099 -1.38513448  1.89605305  0.36206483 -0.37599204]]
[[ 0.20118563 -2.63533884 -1.49019435  2.00007794  0.37847842 -0.3992982 ]]
[[ 0.1613815  -2.69748369 -1.58343114  2.06316859  0.37154858 -0.42268274]]
[[ 0.14765797 -2.72482447 -1.6388123   2.09368469  0.37324683 -0.43194871]]
[[ 0.12836627 -2.7148077  -1.67542246  2.09667242  0.36845826 -0.43639819]]
[[ 0.09957223 -2.65931527 -1.68861347  2.06593564  0.35418321 -0.43596419]]
[[ 0.07110131 -2.57507707 -1.68142206  2.01248478  0.33651106 -0.43026176]]
[[ 0.07678683 -2.46908013 -1.63185203  1.93325247  0.33105326 -0.40993221]]
[[ 0.14927691 -2.21642491 -1.42763983  1.72148418  0.33643136 -0.34231113]]
[[ 0.23751916 -1.71041714 -1.02484135  1.30267093  0.31576638 -0.22509135]]
[[ 0.28812217 -1.3354611  -0.73246003  0.9947467   0.29301522 -0.14294547]]
[[ 0.6950505  -0.72389373 -0.00113767  0.41249296  0.39590856  0.09467731]]
[[0. 0. 0. 0. 0. 0.]]
[[0. 0. 0. 0. 0. 0.]]
[[0. 0. 0. 0. 0. 0.]]
[[0. 0. 0. 0. 0. 0.]]
[[0. 0. 0. 0. 0. 0.]]
[[0. 0. 0. 0. 0. 0.]]
[[0. 0. 0. 0. 0. 0.]]
[[0. 0. 0. 0. 0. 0.]]
[[-0.59082114 -0.5686648   0.80002036  0.06797962 -0.47718239 -0.28898394]]
[[-1.32599044 -1.2691508   0.27680612  0.6345695  -0.80414146 -0.64718108]]
[[-1.54113983 -1.46940764  0.36643413  0.72017563 -0.94263415 -0.75108311]]
[[-1.71052913 -1.62290403  0.43938173  0.78468122 -1.05235131 -0.83218093]]
[[-1.82348458 -1.72041232  0.46040482  0.83392183 -1.12083134 -0.88541309]]
[[-1.89754168 -1.78006898  0.4413251   0.87440844 -1.16012979 -0.91969522]]
[[-1.91254791 -1.78380384  0.36857867  0.90026561 -1.15640236 -0.92515894]]
[[-1.81956998 -1.68877549  0.24563301  0.88580539 -1.08222876 -0.87877643]]
[[-1.33053811 -1.22895522  0.13765459  0.65796632 -0.7842123  -0.64155178]]
[[-0.549386   -0.50345407  0.66832026  0.07256868 -0.42991011 -0.26420234]]
[[0. 0. 0. 0. 0. 0.]]
[[0. 0. 0. 0. 0. 0.]]
[[0. 0. 0. 0. 0. 0.]]
[[0. 0. 0. 0. 0. 0.]]
[[0. 0. 0. 0. 0. 0.]]
[[0. 0. 0. 0. 0. 0.]]
[[0. 0. 0. 0. 0. 0.]]
[[0. 0. 0. 0. 0. 0.]]
[[0. 0. 0. 0. 0. 0.]]
[[0. 0. 0. 0. 0. 0.]]
[[ 0.61948259  0.56740098 -0.75372915 -0.08163221  0.48486792  0.29791179]]
[[ 1.68690727  0.03441048 -1.1342926   0.34583264  1.16066666  0.54952901]]
[[ 1.94699581  0.16169528 -1.39311435  0.35676141  1.35281444  0.65562219]]
[[ 2.20902742  0.24501092 -1.63108897  0.38627846  1.54154969  0.75470819]]
[[ 2.32391226  0.30550642 -1.76067996  0.39403349  1.62709202  0.80240949]]
[[ 2.07604901  0.52307101 -1.74174814  0.26497825  1.48077782  0.76053463]]
[[ 1.2546725   1.22732242 -1.6229088  -0.17108922  0.99344573  0.61902263]]
[[ 1.22577738  1.20859766 -1.60105721 -0.16636217  0.9721811   0.60650725]]
[[ 1.32611981  1.31783158 -1.74936329 -0.1790582   1.05367264  0.65801681]]
[[ 2.92036991  1.42687355 -0.99214532 -0.48298233  1.81576527  1.18972529]]
[[ 3.41019729  1.69112669 -0.98205397 -0.63394523  2.08748272  1.39332406]]
[[ 3.7542812   1.88481594 -0.9265276  -0.75923889  2.26836904  1.53806734]]
[[ 3.92194387  2.05219415 -0.88383105 -0.86562993  2.35264021  1.62148918]]
[[ 3.97261936  2.19321829 -0.89016105 -0.94127989  2.37986286  1.66285868]]
[[ 4.00906375  2.24661909 -0.88859203 -0.9703428   2.39769248  1.68416499]]
[[ 3.8242302   2.3197365  -0.90358749 -1.00501385  2.29500678  1.63836563]]
[[ 3.69687726  2.37914442 -0.89375202 -1.03995091  2.22022814  1.608581  ]]
[[ 2.88871411  3.00791313 -0.85498961 -1.40103151  1.76189666  1.46487462]]
[[ 2.84578245  2.98779212 -0.85810485 -1.38748414  1.73731981  1.44769306]]
[[ 2.80350857  2.97030508 -0.88639191 -1.36732894  1.71771867  1.43145497]]
[[ 2.64200343  2.83039225 -0.9226451  -1.27701761  1.6336603   1.3548162 ]]
[[ 1.92748724  2.08739512 -0.76663024 -0.91352548  1.20810278  0.99262864]]
[[ 1.31856303  1.4412282  -0.59691909 -0.60888708  0.83932236  0.68149784]]
[[ 0.49288609  0.60632887 -0.93170927 -0.04100276  0.44387403  0.26716912]]
[[0. 0. 0. 0. 0. 0.]]
[[0. 0. 0. 0. 0. 0.]]
[[0. 0. 0. 0. 0. 0.]]
[[0. 0. 0. 0. 0. 0.]]
[[0. 0. 0. 0. 0. 0.]]
[[0. 0. 0. 0. 0. 0.]]
[[0. 0. 0. 0. 0. 0.]]
[[0. 0. 0. 0. 0. 0.]]
[[0. 0. 0. 0. 0. 0.]]
[[0. 0. 0. 0. 0. 0.]]
[[0. 0. 0. 0. 0. 0.]]
[[0. 0. 0. 0. 0. 0.]]
[[0. 0. 0. 0. 0. 0.]]
[[0. 0. 0. 0. 0. 0.]]
[[0. 0. 0. 0. 0. 0.]]
[[0. 0. 0. 0. 0. 0.]]
[[0. 0. 0. 0. 0. 0.]]
[[0. 0. 0. 0. 0. 0.]]
[[0. 0. 0. 0. 0. 0.]]
[[0. 0. 0. 0. 0. 0.]]
[[0. 0. 0. 0. 0. 0.]]
[[0. 0. 0. 0. 0. 0.]]
[[0. 0. 0. 0. 0. 0.]]
[[0. 0. 0. 0. 0. 0.]]
[[0. 0. 0. 0. 0. 0.]]
[[0. 0. 0. 0. 0. 0.]]
[[0. 0. 0. 0. 0. 0.]]
[[0. 0. 0. 0. 0. 0.]]
[[ 0.84409838 -0.80076319 -0.07563262  0.46615214  0.48012817  0.11911922]]
[[ 3.17735507 -0.40637463  1.40822175 -0.21999289  1.49603056  0.92808138]]
[[ 4.24494639 -0.96150308  3.15308191 -0.46412246  1.76462836  1.16294808]]
[[ 4.83902734 -0.98716665  3.56059951 -0.57858748  2.01773451  1.3457399 ]]
[[ 4.28087116 -1.09224603  2.91862003 -0.31800941  1.82731641  1.15028212]]
[[ 4.07620892 -1.09799309  3.38316483 -0.46152391  1.62876417  1.08467658]]
[[ 3.49542378 -0.50867405  1.50778044 -0.19498752  1.65303617  1.00970974]]
[[ 2.65633895 -0.6285814   0.98894849  0.03498582  1.28509087  0.72283847]]
[[ 2.10691487 -0.72526119  0.63730819  0.19937522  1.0463444   0.53162092]]
[[ 1.29514236 -1.22855946 -0.11651487  0.71528751  0.73671924  0.18277294]]
[[ 1.22172973 -1.15894888 -0.10995266  0.67477414  0.69496904  0.1724201 ]]
[[ 1.18778089 -1.12669048 -0.10693407  0.65598314  0.6756421   0.16762393]]
[[ 1.17768021 -1.11719038 -0.10600945  0.65044446  0.66989067  0.16621298]]
[[ 1.18432703 -1.12344148 -0.10654624  0.65407822  0.67367508  0.16713865]]
[[ 1.19984895 -1.13808368 -0.10789833  0.66258648  0.68249187  0.16933374]]
[[ 1.21700124 -1.15435233 -0.10946083  0.6720818   0.69227048  0.17175414]]
[[ 1.23491433 -1.17142874 -0.11107663  0.68201506  0.70245063  0.1742878 ]]
[[ 1.2527849  -1.18840791 -0.11268571  0.6919111   0.7126284   0.17679745]]
[[ 1.26730633 -1.20212639 -0.11409448  0.69988949  0.72086346  0.17884642]]
[[ 1.2798929  -1.2140938  -0.11518587  0.70686966  0.72804255  0.18062567]]
[[ 1.28921524 -1.22302627 -0.11600775  0.71205315  0.73333096  0.1819426 ]]
[[ 1.29800057 -1.23127132 -0.11685832  0.71685482  0.73831965  0.18318052]]
[[ 1.3024327  -1.23541636 -0.11719096  0.71926798  0.74084954  0.18380676]]
[[ 1.30746454 -1.24009959 -0.117573    0.7219977   0.74372383  0.1845217 ]]
[[ 1.31128971 -1.24393763 -0.11797112  0.72422596  0.74588849  0.18505623]]
[[ 1.31378637 -1.24624647 -0.11821512  0.72557303  0.74730699  0.18541838]]
[[ 1.3132945  -1.24571906 -0.11818907  0.72526842  0.74702708  0.18533994]]
[[ 1.31269708 -1.24527262 -0.11820595  0.72501686  0.74668743  0.18525377]]
[[ 1.31021748 -1.24283029 -0.11793612  0.72359426  0.74528211  0.1849023 ]]
[[ 1.30554349 -1.23830768 -0.11753277  0.72096112  0.74261971  0.1842414 ]]
[[ 1.30031962 -1.23356008 -0.11698535  0.71818409  0.73964797  0.18351585]]
[[ 1.29500432 -1.22854743 -0.11670197  0.71530146  0.73663516  0.18274974]]
[[ 1.28756986 -1.22143584 -0.11581492  0.71113471  0.73240891  0.18171349]]
[[ 1.28065737 -1.21481958 -0.11523372  0.70727579  0.72846366  0.18072864]]
[[ 1.27417619 -1.20861343 -0.11466948  0.70367372  0.72478473  0.17981901]]
[[ 1.26680637 -1.20165166 -0.11398664  0.69961537  0.72059032  0.17878102]]
[[ 1.25960115 -1.19487442 -0.1133822   0.69567019  0.71648811  0.17774967]]
[[ 1.25209989 -1.18778822 -0.11270869  0.69154177  0.71221704  0.1767066 ]]
[[ 1.24837141 -1.1841931  -0.11239021  0.68945391  0.7100987   0.17617698]]
[[ 1.24175255 -1.17783063 -0.11168819  0.68574271  0.70634171  0.17523663]]
[[ 1.23684745 -1.1732627  -0.11123027  0.68307791  0.70354855  0.17455594]]
[[ 1.23366554 -1.17021601 -0.11092198  0.68129098  0.70172871  0.17409569]]
[[ 1.22966398 -1.16639158 -0.11068306  0.67908803  0.69945844  0.17353744]]
[[ 1.22447929 -1.16150123 -0.11029919  0.67625146  0.69650846  0.17280708]]
[[ 1.2198192  -1.15722098 -0.10976533  0.67374072  0.69385688  0.17215024]]
[[ 1.21445253 -1.15204639 -0.10925813  0.67072639  0.69080632  0.17137802]]
[[ 1.20959493 -1.14741044 -0.10875895  0.66802716  0.68805114  0.17070049]]
[[ 1.20442643 -1.1425904  -0.10829837  0.66521448  0.6851057   0.16996291]]
[[ 1.19943281 -1.13777056 -0.10796453  0.66242141  0.68225949  0.16927055]]
[[ 1.19235803 -1.13105983 -0.10732772  0.65851688  0.67823797  0.16827116]]
[[ 1.18941853 -1.12840743 -0.10703044  0.65696493  0.67656489  0.16785326]]
[[ 1.18382981 -1.12299748 -0.10648309  0.65381245  0.67338706  0.16707538]]
[[ 1.17873266 -1.11810768 -0.10604174  0.65097054  0.67049032  0.16634821]]
[[ 1.17555366 -1.11517341 -0.10575939  0.64926153  0.66868146  0.16590464]]
[[ 1.16941593 -1.10924341 -0.10522139  0.64581451  0.66519219  0.16503984]]
[[ 1.16453932 -1.10469824 -0.10480555  0.64316431  0.66241175  0.16435237]]
[[ 1.16063955 -1.10099878 -0.10435904  0.64100352  0.66020065  0.16379912]]
[[ 1.15628026 -1.09688948 -0.10400677  0.63861175  0.65771735  0.16317124]]
[[ 1.15144062 -1.09219332 -0.10352836  0.63588004  0.65497128  0.16249501]]
[[ 1.14722918 -1.0883038  -0.10326867  0.63362608  0.65257005  0.16190641]]
[[ 1.14250682 -1.08384931 -0.10273081  0.63102129  0.64988832  0.16124784]]
[[ 1.138831   -1.08031099 -0.10254833  0.62897145  0.64778628  0.16071985]]
[[ 1.13481018 -1.07644466 -0.10209024  0.6267088   0.64550043  0.16015278]]
[[ 1.13092726 -1.07273622 -0.10179674  0.62455795  0.64329282  0.15959347]]
[[ 1.12594316 -1.06808507 -0.10131342  0.62184855  0.64046098  0.15890596]]
[[ 1.122633   -1.06486773 -0.10097508  0.61996731  0.63857497  0.15843406]]
[[ 1.11665168 -1.05922057 -0.10056775  0.61669718  0.63517182  0.15759411]]
[[ 1.11228983 -1.05513392 -0.1000667   0.61431126  0.63270102  0.15697392]]
[[ 1.10972889 -1.05272926 -0.09987388  0.6129123   0.63123957  0.15661873]]
[[ 1.10606559 -1.04920321 -0.09946908  0.61085001  0.62915701  0.15609499]]
[[ 1.10335979 -1.04671229 -0.09933942  0.60940495  0.62760834  0.15570406]]
[[ 1.10176609 -1.04517589 -0.09923056  0.60851161  0.62669817  0.15547272]]
[[ 1.09814007 -1.0417613  -0.09883303  0.60651898  0.62464024  0.15497611]]
