[[0. 0. 0. 0. 0. 0.]]
[[0. 0. 0. 0. 0. 0.]]
[[0. 0. 0. 0. 0. 0.]]
[[0. 0. 0. 0. 0. 0.]]
[[0. 0. 0. 0. 0. 0.]]
[[0. 0. 0. 0. 0. 0.]]
[[0. 0. 0. 0. 0. 0.]]
[[0. 0. 0. 0. 0. 0.]]
[[0. 0. 0. 0. 0. 0.]]
[[0. 0. 0. 0. 0. 0.]]
[[0. 0. 0. 0. 0. 0.]]
[[0. 0. 0. 0. 0. 0.]]
[[0. 0. 0. 0. 0. 0.]]
[[0. 0. 0. 0. 0. 0.]]
[[ 3.40891051  2.86513998  0.49178133 -1.34185715  1.7025816  -0.61788372]]
[[ 8.51110622  7.15032319  1.22642954 -3.34919151  4.25107485 -1.54206522]]
[[10.95384966 14.30116637  4.58213851 -6.98650885  6.6024231  -3.90498533]]
[[13.65565472 18.93479876  6.36876174 -9.28931933  8.47676897 -5.28425752]]
[[ 15.21247739  22.10207672   7.69142088 -10.7848161    9.51131286
   -6.00097123]]
[[ 15.99350406  23.52224731   8.25575864 -11.48418726  10.05699713
   -6.40653154]]
[[ 16.47909591  23.94998039   8.33205505 -11.67978525  10.29243325
   -6.4847475 ]]
[[ 15.72170642  25.4569535    5.40414007 -11.9497589    8.84649048
   -7.14602115]]
[[ 15.41864956  24.55242851   4.325982   -11.40069996   8.30664615
   -6.85043375]]
[[ 14.76276836  22.93070981   2.87414971 -10.48805434   7.47730265
   -6.34447086]]
[[13.76291806 20.65331844  1.07052229 -9.23999895  6.36755529 -5.64437704]]
[[14.26044406 16.23235874 -2.47427346 -6.88701682  5.41277751 -4.18295388]]
[[11.91925261 14.58267583 -3.16113208 -6.06003522  4.11236128 -3.87894558]]
[[ 9.98333881 13.09248345 -3.58946115 -5.3390315   3.08969411 -3.57981068]]
[[ 8.24280189 11.60310943 -3.82498108 -4.64482896  2.2264972  -3.25547082]]
[[ 6.22011953  8.54402271 -2.65977323 -3.44206789  1.76602009 -2.37657779]]
[[ 4.86798816  6.4134843  -1.78745249 -2.61221362  1.49306776 -1.75694645]]
[[ 4.60041644  3.86804896  0.66608628 -1.81166269  2.29832535 -0.83417449]]
[[ 3.82565515  3.21639124  0.5540156  -1.50641139  1.91124018 -0.69363688]]
[[ 3.29601585  2.77103325  0.4772057  -1.29781497  1.64660613 -0.5976073 ]]
[[ 2.95050613  2.48062177  0.42751321 -1.16180321  1.47406861 -0.53495236]]
[[ 2.705686    2.27483954  0.39170198 -1.06544647  1.3517116  -0.49058571]]
[[ 2.52577902  2.12352894  0.36565588 -0.99459332  1.26184626 -0.45792808]]
[[ 2.39020133  2.00949806  0.34624858 -0.94116329  1.19414066 -0.43336953]]
[[0. 0. 0. 0. 0. 0.]]
[[0. 0. 0. 0. 0. 0.]]
[[0. 0. 0. 0. 0. 0.]]
[[0. 0. 0. 0. 0. 0.]]
[[0. 0. 0. 0. 0. 0.]]
[[0. 0. 0. 0. 0. 0.]]
[[0. 0. 0. 0. 0. 0.]]
[[0. 0. 0. 0. 0. 0.]]
[[0. 0. 0. 0. 0. 0.]]
[[0. 0. 0. 0. 0. 0.]]
[[0. 0. 0. 0. 0. 0.]]
[[0. 0. 0. 0. 0. 0.]]
[[0. 0. 0. 0. 0. 0.]]
