[[0. 0. 0. 0. 0. 0.]]
[[ 0.00204188 -0.00151941  0.00782337 -0.000704    0.00532003  0.0012347 ]]
[[ 0.00108733 -0.00092328  0.0076153  -0.00090238  0.00489806  0.00069603]]
[[ 0.0014556  -0.00084128  0.00787145 -0.00098315  0.00521718  0.00069555]]
[[ 0.00063779 -0.00222006  0.00973893 -0.00073507  0.00596263  0.00134202]]
[[ 0.00203347 -0.00155905  0.01220147 -0.00133928  0.00784567  0.00117083]]
[[ 0.00244512 -0.00284074  0.01204508 -0.00082218  0.00792687  0.00193568]]
[[ 0.00397291 -0.0031522   0.01498091 -0.00115962  0.01013296  0.00233416]]
[[ 0.00196714 -0.00256852  0.01724014 -0.00171579  0.01059214  0.00179217]]
[[ 0.00299119 -0.00173351  0.01829985 -0.00214067  0.01152939  0.00152716]]
[[ 2.86492980e-03  3.55523716e-05  1.96867478e-02 -3.04498984e-03
   1.22611602e-02  4.74030749e-04]]
[[ 0.00265477 -0.00066346  0.02300852 -0.003296    0.01396946  0.0007768 ]]
[[ 0.00245578 -0.00111079  0.02669292 -0.00361123  0.01586534  0.00104925]]
[[ 0.00103441 -0.00282135  0.03089994 -0.00360941  0.01763187  0.00178694]]
[[ 0.00106058 -0.00445794  0.03286843 -0.00328943  0.01870881  0.00271674]]
[[-0.00768144 -0.01563826  0.04203744 -0.00038398  0.02048441  0.0076286 ]]
[[-0.02455615 -0.08055639  0.04993019  0.02190383  0.01882331  0.04073265]]
[[ 0.03345772 -0.15598359  0.1693236   0.03471382  0.10597265  0.08941956]]
[[ 0.23241087 -0.48058292  0.18218489  0.15484008  0.18818781  0.3025185 ]]
[[ 0.87684568 -1.24860469  0.12677895  0.45025618  0.39726581  0.83287194]]
[[ 2.44758139 -3.07444612 -0.06733104  1.15735213  0.85667294  2.10363249]]
[[ 3.45815968 -4.45505289 -0.47065994  1.73210561  1.00246331  3.04082932]]
[[ 3.87447255 -5.16914911 -0.52908525  2.00955994  1.11380119  3.51433828]]
[[ 4.63188495 -6.30800041 -0.65501069  2.44565254  1.30647133  4.26790119]]
[[ 6.2394253  -8.02380248 -1.12077927  3.14910244  1.62852569  5.47505446]]
[[ 8.17760482 -9.87733001 -1.62160323  3.91264474  2.06404772  6.80380097]]
[[  9.23869189 -11.17778924  -2.08896836   4.45521337   2.19124248
    7.67452136]]
[[  9.04025054 -11.14972972  -2.24291551   4.46308695   2.0400409
    7.60974604]]
[[ 6.8842382  -8.50785577 -1.64874864  3.39530656  1.58796538  5.79116814]]
[[ 4.69340296 -5.78453845 -1.12333238  2.31070675  1.08317862  3.93900809]]
[[ 3.17354869 -3.92473531 -0.79230565  1.57340953  0.71397561  2.67043237]]
[[ 2.16263378 -2.68495392 -0.57237734  1.0821361   0.46819475  1.82512085]]
[[ 1.45942244 -1.82582753 -0.42276927  0.7423432   0.29535893  1.23892334]]
[[ 0.9827511  -1.24713504 -0.32363355  0.51385498  0.17683646  0.84354593]]
[[ 0.66189101 -0.85575082 -0.25904861  0.35980422  0.09581917  0.57638766]]
[[ 0.45034625 -0.60115594 -0.22028691  0.26020988  0.04022295  0.40205536]]
[[ 0.29762542 -0.41671232 -0.19502227  0.18857655 -0.00151419  0.27580959]]
[[ 0.19499564 -0.29269579 -0.17553323  0.14003501 -0.02825118  0.19090242]]
[[ 0.12393402 -0.20648863 -0.16317796  0.10655168 -0.04744171  0.13189564]]
[[ 0.07862885 -0.15293539 -0.15708778  0.08607376 -0.0607137   0.09505053]]
[[ 0.04773062 -0.11641862 -0.14910206  0.07150256 -0.06769861  0.0697867 ]]
[[ 0.02667485 -0.09339457 -0.14284414  0.06223347 -0.07204474  0.0536774 ]]
[[ 0.01324516 -0.07489465 -0.13785439  0.0547582  -0.07429976  0.04124611]]
[[ 0.00819852 -0.06611428 -0.13456073  0.05110597 -0.07441056  0.03547719]]
[[ 0.00284338 -0.05645746 -0.12792863  0.04648653 -0.07278857  0.02928914]]
[[-0.00287539 -0.05243539 -0.12399051  0.04443041 -0.07281665  0.02619181]]
[[-0.00630734 -0.04954521 -0.11835065  0.04244925 -0.0710047   0.02402287]]
[[-0.00690663 -0.04702819 -0.113671    0.04074431 -0.0686684   0.02253834]]
[[-0.00461098 -0.04498278 -0.11393823  0.04001333 -0.06798499  0.02178658]]
[[-0.00150984 -0.04301086 -0.10643827  0.03801549 -0.06278459  0.02117414]]
[[ 0.00032666  0.02669354  0.24054987 -0.03633939  0.11868305 -0.01461943]]
[[ 0.1455839   0.08393281  0.41474431 -0.08116859  0.2602978  -0.02396147]]
[[ 0.11543121  0.10083536  0.42837003 -0.08973839  0.2621319  -0.03845504]]
[[ 0.191629    0.05938942  0.37534835 -0.06736302  0.26890219 -0.00152317]]
[[ 0.31768823 -0.29934938  0.92871781 -0.01110486  0.57581899  0.24317838]]
[[ 0.73647834 -1.28918663  2.58094137  0.09313034  1.41907289  0.89365744]]
[[ 0.8062539  -1.5053339   4.77888954 -0.18629709  2.34167079  1.08190533]]
[[ 0.32131585 -0.99899427  6.35881594 -0.64580246  2.76735656  0.79046814]]
[[ 0.40878575 -0.97859591  7.42806988 -0.85592315  3.1826143   0.85677254]]
[[ 1.03682304 -1.70574915  8.17617757 -0.72757592  3.68863455  1.40456703]]
[[ 1.1200943  -1.7429362   8.89769064 -0.86354903  4.03446149  1.46044169]]
[[ 1.39655704 -1.8762526   9.74135923 -0.98909356  4.52198     1.59710313]]
[[ 1.41423304 -1.72172494 10.5691083  -1.22607567  4.91708496  1.52882308]]
[[ 1.04512725 -1.17024197  9.55765675 -1.27724858  4.38936712  1.11818046]]
[[ 0.99004129 -0.86410829  6.50095252 -0.82832579  3.07308837  0.84763102]]
[[ 0.68259113 -0.58122112  4.42216115 -0.55055048  2.09182909  0.57507989]]
[[ 0.54143711 -0.45144854  3.16038643 -0.36334225  1.54601961  0.43208718]]
[[ 0.92409427 -0.82633309  2.14201687 -0.01911469  1.27718277  0.66575802]]
[[ 2.84635466 -2.77886204 -0.2727451   1.21944251  0.84687141  2.03684898]]
[[ 6.01211751 -4.61455654 -2.54176597  2.37737789  0.97676572  3.55992155]]
[[ 8.82411939 -6.36425465 -4.17973879  3.38195903  1.27673419  4.98594949]]
[[11.40442646 -7.97252631 -5.21075035  4.21642889  1.78029408  6.30352718]]
[[13.03583623 -8.86362982 -5.55768206  4.63711777  2.24377905  7.08162612]]
[[14.0658429  -9.32479169 -5.28144738  4.7644965   2.77461477  7.52850948]]
[[14.70546623 -9.58619767 -4.62741097  4.73172914  3.33305737  7.78815329]]
[[14.91571811 -9.72657072 -3.74482131  4.59426512  3.8303766   7.89830627]]
[[12.41268509 -8.33227508 -2.53205191  3.78600525  3.45726154  6.70186952]]
[[ 8.44986447 -5.73790879 -1.52467175  2.54942721  2.41708825  4.60710212]]
[[ 4.93117654 -4.08418335  0.36429748  1.49379208  1.96868162  3.04903231]]
[[ 1.5908102  -3.06599243  4.03450585  0.29192117  2.40864306  1.81820429]]
[[ 0.24493507 -2.51542783  7.2343523  -0.6522545   3.36460508  1.25079082]]
[[-0.42270596 -2.13124827 10.02457137 -1.45222128  4.41092176  0.92093046]]
[[-0.78370014 -1.9237125  12.58009772 -2.12291195  5.4839494   0.74388395]]
[[-1.1139007  -1.89811884 15.03498142 -2.67774358  6.54563294  0.65954245]]
[[-1.66936854 -1.99737166 16.95797327 -3.06722077  7.29075343  0.57905552]]
[[-1.93699644 -2.09297509 18.45101741 -3.38480899  7.95442767  0.56332489]]
[[-2.04482813 -2.1272775  19.36892482 -3.58847255  8.41721959  0.5588935 ]]
[[-2.14318587 -2.14038965 19.97078326 -3.74632806  8.73918888  0.54594762]]
[[-2.3571999  -2.16760706 20.48273632 -3.85067514  8.97790957  0.51612635]]
[[-2.63880063 -2.24464105 20.96587042 -3.94824733  9.1791702   0.49288685]]
[[-2.97819745 -2.36528309 21.29180728 -4.00201954  9.28161469  0.47571195]]
[[-3.40966167 -2.51720977 21.46468126 -3.99712694  9.27168446  0.45512995]]
[[-3.71085075 -2.67633573 21.55451033 -4.00345196  9.27041817  0.46420299]]
[[-3.81137375 -2.77897549 21.58309581 -4.03243301  9.31977174  0.49135034]]
[[-3.72226344 -2.80268782 21.45786355 -4.02318996  9.37090285  0.53098829]]
[[-3.55683234 -2.78096943 21.19223882 -4.00594187  9.37897359  0.56521482]]
[[-3.42419292 -2.90170596 20.8827426  -3.90889994  9.34935066  0.66786422]]
[[-3.18863151 -2.85474263 19.61990197 -3.64557383  8.86712915  0.71007299]]
[[-2.20044971 -1.99736794 14.407545   -2.72144199  6.62028394  0.51152952]]
[[-1.3746828  -1.2794823   9.85050407 -1.85623036  4.61665104  0.3466748 ]]
[[-0.86192407 -0.80107029  6.83396516 -1.29803865  3.2669738   0.22179409]]
[[-0.41964025 -0.33158378  4.77171742 -0.99092813  2.37991139  0.07568029]]
[[ 0.09610165  0.47069613  3.28758236 -0.99212451  1.81394505 -0.25176862]]
[[ 2.12504839  2.56836907  2.62184382 -1.74821254  2.37187834 -0.95893122]]
[[ 4.74387882  5.07487936  3.46135917 -3.00042449  4.01072378 -1.73853474]]
[[ 7.0789139   7.37823611  4.42958454 -4.19155236  5.5876977  -2.48059672]]
[[ 9.33599265  9.10620416  4.87733936 -5.04646753  6.85883149 -2.94426033]]
[[11.1530162  10.8933861   5.11652744 -5.88982901  7.81954041 -3.54108491]]
[[13.2887644  13.14204735  5.02471863 -6.91067769  8.78031412 -4.3219958 ]]
[[15.17914575 15.04145646  4.41072466 -7.65411155  9.32566234 -4.96897155]]
[[16.87814885 16.58246132  3.86290475 -8.20866275  9.77668571 -5.46779296]]
[[18.07641031 17.59885182  3.51864384 -8.53102225 10.07150991 -5.78620222]]
[[18.75659387 17.98667397  3.48943222 -8.62494685 10.2910423  -5.87247648]]
[[18.85417014 17.92280831  3.43590395 -8.5315624  10.2510821  -5.83531521]]
[[18.39152004 17.54401054  3.50954981 -8.32559564 10.03073268 -5.73742721]]
[[17.81746495 17.053925    3.49043844 -8.08854014  9.74868061 -5.60470523]]
[[17.17706999 16.52035666  3.53477736 -7.80610439  9.43628415 -5.46227294]]
[[16.49661742 15.9186911   3.58778569 -7.49133244  9.10815481 -5.29424473]]
[[15.69819643 15.23117085  3.61337994 -7.17853626  8.75392335 -5.10418643]]
[[14.35642754 14.16283564  3.4846149  -6.68149862  8.07102671 -4.80995547]]
[[10.78823369 10.57904569  2.63392175 -4.99677524  6.05459088 -3.59299711]]
[[ 7.41858501  7.39497699  1.69230747 -3.43851645  4.06848639 -2.53390215]]
[[ 5.44810122  5.27278575  0.78048794 -2.36063018  2.73017819 -1.77978022]]
[[ 6.28551309  2.7253553  -1.56848381 -0.90463997  1.9172048  -0.38325455]]
[[ 8.32595177 -0.0906382  -3.9466497   0.62937999  1.61406153  1.27888074]]
[[10.17577807 -2.41512541 -5.53504745  1.84369703  1.60875259  2.69192187]]
[[11.42859398 -4.08733638 -6.33559114  2.67014507  1.72581802  3.70699929]]
[[11.96220334 -5.17556074 -6.52812827  3.1554646   1.83306233  4.33080191]]
[[12.09900577 -5.8277993  -6.38918736  3.40427577  1.93041724  4.68238476]]
[[12.09938003 -6.18166167 -6.16773021  3.51309369  2.00550665  4.8695929 ]]
[[12.02238885 -6.31719102 -5.94165391  3.52837307  2.05111918  4.93863516]]
[[12.04653862 -6.36270833 -5.87385612  3.53338975  2.0635729   4.98048977]]
[[11.87249164 -6.22017094 -5.74091747  3.45241146  2.0272295   4.90330108]]
[[11.62435088 -5.88428444 -5.58602114  3.29311239  1.97180799  4.72533852]]
[[ 9.92964818 -4.80365139 -4.79175293  2.72890115  1.65399931  3.94412923]]
[[ 6.8750566  -3.11419092 -3.47641535  1.8420462   1.06103815  2.64678531]]
[[ 4.78516894 -2.02810634 -2.35940397  1.22570137  0.76254401  1.78979505]]
[[ 3.66176576 -1.33460539 -2.20160728  0.93344888  0.39939153  1.27161284]]
[[ 2.84108649 -0.64934634 -2.04303176  0.64219848  0.14512125  0.81088393]]
[[ 2.5660951  -0.16443472 -2.33941822  0.51792803 -0.10961789  0.54277016]]
[[ 2.53711914  0.21643897 -2.41147347  0.39379032 -0.16816304  0.36551929]]
[[ 1.80070423  0.2149708  -1.77602382  0.27357495 -0.15577308  0.22676014]]
[[ 1.16460912  0.24320069 -1.465901    0.20161073 -0.25142966  0.09429443]]
[[ 0.69905739  0.26571948 -1.24749568  0.14929841 -0.32308911 -0.00262285]]
[[ 0.37969493  0.27930627 -1.10423688  0.11421923 -0.37452723 -0.06754921]]
[[ 0.16967194  0.28303993 -1.01017531  0.09249889 -0.40942436 -0.10742706]]
[[ 0.02115336  0.28712303 -0.962304    0.07884937 -0.44376668 -0.13594305]]
[[-0.07851977  0.29058163 -0.93086938  0.06885034 -0.46842879 -0.15529743]]
[[-0.15461001  0.29172483 -0.91693947  0.06370992 -0.49264745 -0.16926875]]
[[-0.20399943  0.29193856 -0.91265446  0.06092557 -0.51190389 -0.17818286]]
[[-0.23882339  0.29023604 -0.91949896  0.06048745 -0.53143179 -0.18370844]]
[[-0.26108293  0.28668554 -0.92558476  0.06125381 -0.54594169 -0.18636526]]
[[-0.27627339  0.2824129  -0.92763689  0.06091248 -0.55628588 -0.18718403]]
[[-0.28618614  0.28396938 -0.93227794  0.05926419 -0.56604811 -0.19011021]]
[[-0.2882431   0.27894534 -0.93905937  0.06139001 -0.57363998 -0.18877168]]
[[-0.29134139  0.27249238 -0.94648056  0.06413487 -0.58116502 -0.18659113]]
[[-0.29211721  0.27109125 -0.95507224  0.06476502 -0.58833981 -0.18630821]]
[[-0.292785    0.27072753 -0.96156129  0.06512688 -0.59502237 -0.18680003]]
[[-0.29023333  0.26619562 -0.96498749  0.06664063 -0.5989543  -0.18469577]]
[[-0.29547619  0.2623347  -0.97348577  0.06862958 -0.60846118 -0.18412885]]
[[-0.29419051  0.25845348 -0.97853078  0.07063901 -0.61379532 -0.1826942 ]]
[[-0.30128964  0.25386216 -0.99070271  0.07364801 -0.62634219 -0.18207891]]
[[-0.29957204  0.245606   -1.00150445  0.07751257 -0.63495973 -0.17814173]]
[[-0.29733254  0.24211539 -1.00127435  0.07822897 -0.63773067 -0.17665109]]
[[-0.29695571  0.23704335 -1.00129017  0.07967417 -0.64145879 -0.1746232 ]]
[[-0.29620241  0.2317505  -1.00445966  0.08187974 -0.6463896  -0.17233196]]
[[-0.29105241  0.2221742  -1.01265091  0.0862438  -0.65268198 -0.16723242]]
[[-0.29093788  0.2125773  -1.01451495  0.08914114 -0.65741003 -0.16260375]]
[[-0.29009304  0.21136934 -1.01397298  0.08895987 -0.6600957  -0.16230133]]
[[-0.28634986  0.20934954 -1.01654498  0.08978649 -0.66254796 -0.16099208]]
[[-0.28272033  0.19883499 -1.02429647  0.09462976 -0.66784444 -0.15513291]]
[[-0.2786711   0.18993398 -1.02412524  0.09745812 -0.66900351 -0.14999337]]
[[-0.2808445   0.19000331 -1.02365555  0.09679477 -0.6717834  -0.15051747]]
[[-0.27722786  0.18362837 -1.02658678  0.09963663 -0.67335697 -0.1466125 ]]
[[-0.27053826  0.17441932 -1.03290186  0.10372094 -0.67569405 -0.14062314]]
[[-0.26774018  0.16132313 -1.03572     0.10744072 -0.6779723  -0.13275316]]
[[-0.26425323  0.15680607 -1.02565333  0.1071486  -0.67188061 -0.12969575]]
[[-0.2659171   0.15876832 -1.02880469  0.10661076 -0.67454596 -0.13094437]]
[[-0.25615327  0.14441107 -1.03301231  0.11251044 -0.67414797 -0.12153152]]
[[-0.25265534  0.1387106  -1.03004657  0.11388055 -0.67177322 -0.11774024]]
[[-0.25345097  0.13721331 -1.03089564  0.11409642 -0.67268407 -0.11693386]]
[[-0.24554201  0.13119907 -1.03361935  0.11628691 -0.67170791 -0.11234475]]
[[-0.24190906  0.11956996 -1.03789439  0.12012354 -0.67268581 -0.10498207]]
[[-0.24008417  0.11995167 -1.0354076   0.11976053 -0.670302   -0.10492194]]
[[-0.23806015  0.12139973 -1.04476655  0.12076026 -0.67479905 -0.10545148]]
[[-0.23116176  0.10432942 -1.04244551  0.12620575 -0.67103455 -0.09478343]]
[[-0.23070027  0.103073   -1.04542853  0.12628755 -0.67234431 -0.09375852]]
[[-0.22357278  0.09544128 -1.03942452  0.12795407 -0.66638087 -0.08833665]]
[[-0.22613788  0.09180287 -1.04327723  0.12937162 -0.66924422 -0.0865497 ]]
[[-0.21950854  0.08425312 -1.04520757  0.1321162  -0.66785133 -0.08127235]]
[[-0.21780805  0.0792387  -1.04905674  0.13431257 -0.66933415 -0.07818019]]
[[-0.21394476  0.07350247 -1.04798854  0.13515541 -0.66739785 -0.07406299]]
[[-0.21474265  0.07009565 -1.05320685  0.13701671 -0.67033075 -0.07219452]]
[[-0.21250013  0.06052814 -1.05021438  0.13993099 -0.66777325 -0.06639707]]
[[-0.21130308  0.05539381 -1.05684746  0.14265031 -0.67101973 -0.06323031]]
[[-0.2094906   0.0458089  -1.05671424  0.14602585 -0.67005195 -0.05753296]]
[[-0.21011629  0.03978031 -1.06258151  0.14957935 -0.67323793 -0.05435458]]
[[-0.20705136  0.03396546 -1.05804393  0.15107998 -0.66928914 -0.05053772]]
[[-0.20948798  0.03014714 -1.06466519  0.15307676 -0.67371251 -0.04864246]]
[[-0.2077784   0.0245224  -1.06409925  0.15453895 -0.67245509 -0.04498827]]
[[-0.21138736  0.01786799 -1.06428806  0.15653719 -0.67369356 -0.04166842]]
[[-0.21115646  0.01215646 -1.06310608  0.15845603 -0.67278693 -0.03844045]]
[[-0.20821342  0.00760214 -1.06518732  0.16045941 -0.67275292 -0.03544248]]
[[-0.20859246  0.00207406 -1.06247586  0.16176909 -0.67116783 -0.03224593]]
[[-0.20986822 -0.00365134 -1.05433299  0.16262975 -0.66704166 -0.02925971]]
[[-0.21048011 -0.00776478 -1.05686205  0.1646344  -0.668361   -0.0270484 ]]
[[-0.20665501 -0.01651802 -1.05322576  0.16744019 -0.66489397 -0.02155046]]
[[-0.20978516 -0.01822382 -1.05453578  0.1683435  -0.66652116 -0.02098133]]
[[-0.21410947 -0.02185644 -1.05841553  0.17018558 -0.66979864 -0.01947043]]
[[-0.21481784 -0.02757777 -1.05321256  0.17144157 -0.66666329 -0.01643596]]
[[-0.21619416 -0.03028371 -1.05336163  0.17263243 -0.66692707 -0.01516238]]
[[-0.21871926 -0.03740336 -1.0480986   0.17455593 -0.66467331 -0.01161855]]
[[-0.22029723 -0.04281028 -1.04616442  0.17618521 -0.66414261 -0.00875954]]
[[-0.2228093  -0.0448737  -1.04476221  0.17668466 -0.66416664 -0.00801091]]
[[-0.22557209 -0.05255616 -1.03813318  0.17825367 -0.66100458 -0.0040473 ]]
[[-2.26241180e-01 -5.92677909e-02 -1.02951761e+00  1.79454398e-01
  -6.56005891e-01 -3.54801602e-04]]
[[-0.22909858 -0.06496487 -1.02128342  0.1803405  -0.65253111  0.00247359]]
[[-0.23227795 -0.06933135 -1.01218224  0.18096784 -0.64848931  0.00431508]]
[[-0.23378065 -0.07668641 -1.00185658  0.18243081 -0.64316154  0.0080596 ]]
[[-0.24240872 -0.07765161 -0.9983445   0.18248418 -0.64418369  0.00721811]]
[[-0.24661215 -0.07975459 -0.99614648  0.18418228 -0.64364447  0.00740769]]
[[-0.24568635 -0.08189924 -0.98704079  0.18469172 -0.63743411  0.00832179]]
[[-0.2420493  -0.0769748  -0.97622192  0.18239702 -0.63017907  0.00588728]]
[[-0.24867123 -0.07595603 -0.97460891  0.18276721 -0.63128758  0.00403041]]
[[-0.24621817 -0.07980282 -0.96162203  0.18282363 -0.62305141  0.00648426]]
[[-0.25086159 -0.07669681 -0.95271487  0.18075499 -0.61980899  0.00382635]]
[[-0.25073056 -0.07635371 -0.94450711  0.18000021 -0.61548238  0.00351992]]
[[-0.25224744 -0.07581527 -0.9341569   0.1788492  -0.60998612  0.00279784]]
[[-0.25103321 -0.07585219 -0.9267419   0.17769941 -0.60552146  0.00302486]]
[[-0.2482338  -0.07805705 -0.91795401  0.17738378 -0.59960687  0.00460823]]
[[-0.25170776 -0.07286888 -0.91262176  0.17502212 -0.59809627  0.00110111]]
[[-0.24898842 -0.07243517 -0.90719324  0.17411043 -0.59401629  0.00122939]]
[[-0.24733506 -0.07417285 -0.9057328   0.17441142 -0.59273454  0.00243165]]
[[-0.24741686 -0.06733705 -0.89211334  0.16988524 -0.58542931 -0.00134875]]
[[-0.25159546 -0.06147493 -0.89320562  0.16771602 -0.58772266 -0.00513555]]
[[-0.20597817 -0.07984115 -0.74089263  0.14883574 -0.48300862  0.01332012]]
[[-0.09533178 -0.30034919 -0.60987872  0.2113879  -0.36814431  0.15846199]]
[[-0.23261633 -0.73071123  0.01727867  0.27580473 -0.07404767  0.38250382]]
[[-0.34327859 -1.07689909  0.6083902   0.3088212   0.20724402  0.56139352]]
[[-0.4496226  -1.26522571  1.04552845  0.3087101   0.40849328  0.65088893]]
[[-0.59955853 -1.29983486  1.28577055  0.2838621   0.48960431  0.65057607]]
[[-0.4774409  -0.92603987  0.67425691  0.24530932  0.1958278   0.45686475]]
[[-0.39946341 -0.6238929   0.19509482  0.21015039 -0.0414242   0.29538847]]
[[-0.34822195 -0.41310511 -0.12517902  0.18272865 -0.19995708  0.18256775]]
[[-0.31439677 -0.2822394  -0.33527831  0.1671748  -0.30396905  0.11281283]]
[[-0.28847865 -0.1897575  -0.49368042  0.15685544 -0.38155447  0.06402344]]
[[-0.27288276 -0.11844326 -0.58896156  0.14507485 -0.42868524  0.02574592]]
[[-2.63892386e-01 -7.06049006e-02 -6.55144153e-01  1.37352795e-01
  -4.61819267e-01 -3.52975033e-04]]
[[-0.26327284 -0.0324464  -0.69912188  0.12991065 -0.48596138 -0.02198209]]
[[-0.25611868 -0.00612238 -0.72723389  0.12442938 -0.49889163 -0.03593665]]
[[-0.25586578  0.00627281 -0.74818046  0.12312849 -0.51042796 -0.043121  ]]
[[-0.24885917  0.02401108 -0.75949108  0.11786131 -0.51416977 -0.05188246]]
[[-0.24499779  0.03898825 -0.77109973  0.1141979  -0.51905598 -0.05983001]]
[[-0.24381208  0.04528045 -0.77294217  0.1121357  -0.51993883 -0.06321236]]
[[-0.24222118  0.05432627 -0.77585404  0.10955023 -0.52103086 -0.06815232]]
[[-0.24269501  0.06170806 -0.77518507  0.10691038 -0.52085467 -0.07246869]]
[[-0.2767765  -0.05387125 -0.37794699  0.09000557 -0.31495673 -0.0120298 ]]
[[-0.15706415 -0.21940427  0.18884131  0.06046435  0.03316817  0.10220671]]
[[-0.05948408 -0.21268429  0.70076257 -0.01892689  0.3427458   0.12279969]]
[[ 0.15604622 -0.18415705  1.01092009 -0.07425425  0.58571119  0.15003694]]
[[ 0.35915803 -0.22616938  1.23480384 -0.09231164  0.77439669  0.20783488]]
[[ 0.4632665  -0.27241418  1.36758664 -0.09416904  0.88139664  0.25044779]]
[[ 0.41404006 -0.30315766  1.31830606 -0.0728126   0.83924071  0.2596069 ]]
[[ 0.4049071  -0.28281296  1.13812616 -0.04845747  0.7428646   0.24874694]]
[[ 0.55005772 -0.26849626  0.91290053 -0.01532922  0.67992284  0.26632717]]
[[ 0.75657078 -0.27034439  0.66856097  0.02540231  0.62991041  0.30196527]]
[[ 1.02665955 -0.35002269  0.58322609  0.06714262  0.68070418  0.38866612]]
[[ 1.21490364 -0.43845876  0.56103145  0.10103375  0.73301819  0.4656546 ]]
[[ 1.25579672 -0.4718429   0.47636774  0.12662633  0.70473465  0.48951289]]
[[ 1.43433934 -0.51477934  0.44176883  0.14629336  0.74874943  0.54159081]]
[[ 1.53895592 -0.80345837  1.04636246  0.15374569  1.09918789  0.70662826]]
[[ 1.71324321 -1.71272311  4.17030249 -0.01280914  2.76993515  1.20792408]]
[[ 1.62926604 -2.65239212  9.0809612  -0.46137469  5.2310664   1.67712078]]
[[ 1.59602054 -3.2045356  14.02458273 -1.08296777  7.68254404  1.95138398]]
[[ 1.48453729 -3.47068016 17.62160884 -1.62251004  9.39568889  2.0616406 ]]
[[ 1.47443171 -3.75151522 20.11368543 -1.98555268 10.57575351  2.19189981]]
[[ 1.69220123 -3.97332594 21.89577746 -2.26344214 11.48528315  2.33347864]]
[[ 2.13416255 -4.17155363 23.2422165  -2.49362976 12.24504246  2.50232084]]
[[ 2.59135586 -4.3748935  23.40708201 -2.51260001 12.42242522  2.67979318]]
[[ 3.25592921 -4.46812046 22.38693433 -2.34556519 12.11542422  2.85134339]]
[[ 1.77986314 -3.36223932 18.28427615 -2.06151778  9.50270964  2.02544878]]
[[ 0.90060511 -2.15142676 12.54882124 -1.51325102  6.39630316  1.25830783]]
[[ 0.73338106 -1.37220537  9.04753451 -1.18716094  4.70565676  0.84417044]]
[[ 1.00309718 -1.08396922  6.40051724 -0.77858546  3.57568091  0.75864107]]
[[ 2.93693444 -1.80017479  4.84226924 -0.16160854  3.68266616  1.50758528]]
[[ 4.08368071 -2.53785178  3.90335436  0.32148452  3.75856963  2.10925014]]
[[ 4.36924324 -2.44887878  2.94342493  0.46148474  3.41995286  2.12759619]]
[[ 4.32833043 -2.20250925  2.04469737  0.52317643  2.94336422  2.00478314]]
[[ 4.37299519 -1.91835313  1.26194062  0.55292829  2.55725221  1.88081871]]
[[ 4.14774808 -1.74455637  0.67161928  0.59562098  2.14810766  1.74435615]]
[[ 4.05662668 -1.62155022  0.115953    0.65739261  1.81571431  1.65641217]]
[[ 4.13040081 -1.68429824 -0.33693288  0.77571188  1.60702411  1.69030325]]
[[ 3.99244048 -1.76793191 -0.71221462  0.88568575  1.34881366  1.6923027 ]]
[[ 3.63801179 -1.93903648 -0.91095904  0.99409001  1.08929575  1.69170038]]
[[ 3.39077109 -1.96976054 -1.09647539  1.04354281  0.88500708  1.65425399]]
[[ 3.26478549 -2.11001982 -1.27304796  1.13127015  0.73654026  1.68935395]]
[[ 3.10917916 -2.24608542 -1.43499694  1.21536885  0.58496279  1.72138549]]
[[ 2.98550639 -2.30333055 -1.58114925  1.26467742  0.45382315  1.72519108]]
[[ 2.91652175 -2.30024029 -1.728136    1.2923473   0.34644285  1.71461479]]
[[ 3.05707107 -2.14394757 -1.99324995  1.28636016  0.26753795  1.68014769]]
[[ 2.26004592 -1.41310027 -1.73939571  0.94146371  0.06632986  1.16012248]]
[[ 1.50745919 -0.85633877 -1.47344491  0.66330139 -0.11135498  0.73094849]]
[[ 1.05947799 -0.45277761 -1.61612569  0.5388977  -0.3630896   0.44075295]]
[[ 0.63579607 -0.33242368 -3.4698133   0.88419279 -1.41570008  0.27854615]]
[[ 1.08108026 -0.12572197 -6.93473916  1.52850401 -2.93065413  0.25706146]]
[[  1.96702673   0.06143078 -10.46434301   2.17244979  -4.35236399
    0.33634708]]
[[ 2.67672431e+00  1.97618378e-03 -1.31934918e+01  2.71203245e+00
  -5.43565987e+00  4.93705522e-01]]
[[  3.28153219  -0.20523158 -15.36249869   3.16955091  -6.24912857
    0.69784687]]
[[  3.99443801  -0.48887435 -16.88769214   3.50670672  -6.68142407
    0.95610279]]
[[  4.59430723  -0.72196172 -17.74636788   3.70060796  -6.82842025
    1.16774088]]
[[  4.87313707  -0.98282032 -17.45077991   3.67712059  -6.53942464
    1.32894372]]
[[  3.90887895  -0.94961001 -13.91430847   2.98715604  -5.16742468
    1.13675872]]
[[ 2.64091957 -0.56573615 -9.54985522  1.99783326 -3.53356978  0.72283098]]
[[ 1.8156029  -0.36498527 -6.44621006  1.32835511 -2.39902433  0.47877878]]
[[ 1.08803576 -2.69907381 -4.30800393  1.67814808 -1.67931239  1.38158899]]
[[ 0.89910658 -6.21063466 -2.89602945  2.54772551 -1.10101889  2.95959466]]
[[  0.20808507 -10.91537236  -1.26698535   3.76753099  -0.57272032
    5.03002238]]
[[ -0.57228931 -13.73369723   0.05609619   4.4688459   -0.21150159
    6.22615851]]
[[ -0.741731   -10.53762667   0.04562382   3.46688086  -0.26177595
    4.75363705]]
