[[0. 0. 0. 0. 0. 0.]]
[[0. 0. 0. 0. 0. 0.]]
[[0. 0. 0. 0. 0. 0.]]
[[0. 0. 0. 0. 0. 0.]]
[[0. 0. 0. 0. 0. 0.]]
[[0. 0. 0. 0. 0. 0.]]
[[0. 0. 0. 0. 0. 0.]]
[[0. 0. 0. 0. 0. 0.]]
[[0. 0. 0. 0. 0. 0.]]
[[0. 0. 0. 0. 0. 0.]]
[[0. 0. 0. 0. 0. 0.]]
[[0. 0. 0. 0. 0. 0.]]
[[0. 0. 0. 0. 0. 0.]]
[[0. 0. 0. 0. 0. 0.]]
[[0. 0. 0. 0. 0. 0.]]
[[0. 0. 0. 0. 0. 0.]]
[[0. 0. 0. 0. 0. 0.]]
[[0. 0. 0. 0. 0. 0.]]
[[0. 0. 0. 0. 0. 0.]]
[[0. 0. 0. 0. 0. 0.]]
[[0. 0. 0. 0. 0. 0.]]
[[0. 0. 0. 0. 0. 0.]]
[[0. 0. 0. 0. 0. 0.]]
[[0. 0. 0. 0. 0. 0.]]
[[0. 0. 0. 0. 0. 0.]]
[[ 0.94002471 -1.5796354   2.68102033  0.33983026  1.42834429  0.72241689]]
[[ 1.22417806 -2.057249    3.49148271  0.44266664  1.86013481  0.94082026]]
[[ 1.33767279 -2.24870393  3.81565501  0.48390874  2.03281613  1.02836605]]
[[ 1.01980177 -1.71435758  2.90925039  0.36881987  1.54986419  0.7840158 ]]
[[0. 0. 0. 0. 0. 0.]]
[[0. 0. 0. 0. 0. 0.]]
[[0. 0. 0. 0. 0. 0.]]
[[0. 0. 0. 0. 0. 0.]]
[[0. 0. 0. 0. 0. 0.]]
[[0. 0. 0. 0. 0. 0.]]
[[0. 0. 0. 0. 0. 0.]]
[[0. 0. 0. 0. 0. 0.]]
[[0. 0. 0. 0. 0. 0.]]
[[0. 0. 0. 0. 0. 0.]]
[[0. 0. 0. 0. 0. 0.]]
[[0. 0. 0. 0. 0. 0.]]
[[0. 0. 0. 0. 0. 0.]]
[[0. 0. 0. 0. 0. 0.]]
[[0. 0. 0. 0. 0. 0.]]
[[0. 0. 0. 0. 0. 0.]]
[[ 0.90204053 -1.51665462  2.57412576  0.3262534   1.37120064  0.69357295]]
[[ 0.96086172 -1.615659    2.74161214  0.347573    1.46045515  0.73884554]]
[[ 1.03420175 -1.73837189  2.95024426  0.37396841  1.57170711  0.79500288]]
[[ 1.10021305 -1.8495679   3.13865217  0.39792425  1.67204858  0.84582992]]
[[ 1.13477342 -1.90727067  3.23695505  0.41031571  1.7244636   0.87224056]]
[[ 1.14721531 -1.9290015   3.27349167  0.41505189  1.74379408  0.88212459]]
[[ 1.15421891 -1.94066622  3.29334503  0.4174938   1.75434586  0.88746259]]
[[ 1.15335616 -1.93920859  3.29072345  0.41725158  1.75299601  0.8867914 ]]
[[ 1.1415244  -1.9195192   3.2572016   0.41300022  1.73511702  0.87779049]]
[[ 1.07024611 -1.79960506  3.05406778  0.38713144  1.62683497  0.82294655]]
[[ 1.00822436 -1.69523571  2.87689573  0.36464216  1.53252715  0.77526398]]
[[ 0.9515792  -1.60022936  2.71554796  0.34427025  1.44650379  0.73176296]]
[[ 0.86790199 -1.45927235  2.47654951  0.31395419  1.31922232  0.66730876]]
[[0. 0. 0. 0. 0. 0.]]
[[0. 0. 0. 0. 0. 0.]]
[[0. 0. 0. 0. 0. 0.]]
[[0. 0. 0. 0. 0. 0.]]
[[0. 0. 0. 0. 0. 0.]]
[[0. 0. 0. 0. 0. 0.]]
[[0. 0. 0. 0. 0. 0.]]
[[0. 0. 0. 0. 0. 0.]]
[[0. 0. 0. 0. 0. 0.]]
[[0. 0. 0. 0. 0. 0.]]
[[0. 0. 0. 0. 0. 0.]]
[[0. 0. 0. 0. 0. 0.]]
[[0. 0. 0. 0. 0. 0.]]
[[0. 0. 0. 0. 0. 0.]]
[[0. 0. 0. 0. 0. 0.]]
[[0. 0. 0. 0. 0. 0.]]
[[0. 0. 0. 0. 0. 0.]]
[[0. 0. 0. 0. 0. 0.]]
[[0. 0. 0. 0. 0. 0.]]
[[0. 0. 0. 0. 0. 0.]]
[[0. 0. 0. 0. 0. 0.]]
[[0. 0. 0. 0. 0. 0.]]
[[0. 0. 0. 0. 0. 0.]]
[[ 2.42127416  2.03616509  0.35051829 -0.95366746  1.2096317  -0.43911958]]
[[ 2.5481819   2.14294366  0.36909442 -1.0036587   1.27305172 -0.46213973]]
[[ 2.59123932  2.1790434   0.37511895 -1.02055218  1.29450233 -0.46993581]]
[[ 2.42994234  2.04355285  0.35170057 -0.95711913  1.21393723 -0.4407175 ]]
[[0. 0. 0. 0. 0. 0.]]
[[0. 0. 0. 0. 0. 0.]]
[[0. 0. 0. 0. 0. 0.]]
[[0. 0. 0. 0. 0. 0.]]
[[ 2.2929688   1.92836512  0.33205599 -0.90318116  1.14556274 -0.41588472]]
[[ 2.29459273  1.92963647  0.33235926 -0.90376978  1.14637646 -0.41613483]]
[[ 2.32114312  1.95201007  0.33617191 -0.91423179  1.15961433 -0.42096323]]
[[0. 0. 0. 0. 0. 0.]]
[[0. 0. 0. 0. 0. 0.]]
[[0. 0. 0. 0. 0. 0.]]
[[ 2.2928793   1.92815009  0.33217979 -0.90306038  1.14552397 -0.41584014]]
[[ 2.30387406  1.93743839  0.3335203  -0.90741078  1.15096111 -0.41783386]]
[[ 2.33320723  1.96210445  0.3376568  -0.91897662  1.16560698 -0.42315076]]
[[ 2.34217891  1.96955726  0.33920716 -0.9224586   1.170134   -0.42476358]]
[[ 2.35553698  1.98093261  0.34100308 -0.92778454  1.17677357 -0.42720538]]
[[ 2.36352408  1.98760029  0.34211947 -0.93092355  1.18077387 -0.42864053]]
[[ 2.33065837  1.95986623  0.33731808 -0.91792193  1.16433417 -0.42267753]]
[[0. 0. 0. 0. 0. 0.]]
[[0. 0. 0. 0. 0. 0.]]
[[0. 0. 0. 0. 0. 0.]]
[[0. 0. 0. 0. 0. 0.]]
[[0. 0. 0. 0. 0. 0.]]
[[0. 0. 0. 0. 0. 0.]]
[[0. 0. 0. 0. 0. 0.]]
[[0. 0. 0. 0. 0. 0.]]
[[0. 0. 0. 0. 0. 0.]]
[[0. 0. 0. 0. 0. 0.]]
[[0. 0. 0. 0. 0. 0.]]
[[0. 0. 0. 0. 0. 0.]]
[[0. 0. 0. 0. 0. 0.]]
[[0. 0. 0. 0. 0. 0.]]
[[0. 0. 0. 0. 0. 0.]]
[[0. 0. 0. 0. 0. 0.]]
[[0. 0. 0. 0. 0. 0.]]
[[0. 0. 0. 0. 0. 0.]]
