[[0. 0. 0. 0. 0. 0.]]
[[-8.51172164e-04 -2.64984977e-03  1.19005412e-02 -1.54905395e-04
   1.69947357e-05  2.32435221e-05]]
[[ 2.79259252e-04 -2.40902272e-03  1.44026467e-02 -2.02128209e-04
  -8.34449957e-06 -4.58357291e-05]]
[[ 1.17125897e-03 -2.15438477e-03  1.49693935e-02 -7.98839766e-06
   4.26584972e-06 -6.32321994e-06]]
[[ 2.88300964e-03 -2.24020717e-03  1.64096540e-02  3.14896739e-05
  -4.70091062e-06 -1.00627999e-05]]
[[ 4.11096423e-03 -4.83634676e-03  2.25800705e-02 -9.53457110e-05
   1.10310837e-04 -6.16313883e-05]]
[[ 4.49653592e-03 -2.43318677e-03  2.26443644e-02  1.07746461e-04
   1.34064946e-04 -3.66841074e-05]]
[[ 4.13707895e-03 -9.12681827e-04  2.56250647e-02  1.56412691e-04
   1.34856662e-04 -5.69885699e-05]]
[[ 2.93548240e-03 -6.62202093e-04  2.95075301e-02 -1.09781868e-05
   1.58170331e-04 -7.72681264e-05]]
[[ 4.48962498e-03 -1.67810062e-04  3.29932444e-02 -6.96746161e-05
   1.71143124e-04 -6.85309997e-05]]
[[ 9.45822802e-03  4.19204385e-03  2.82953492e-02  1.78545891e-04
  -4.49884159e-05 -1.77930966e-05]]
[[ 7.41314081e-03 -8.46188736e-05  3.19873954e-02  2.61960652e-04
   1.28526853e-04 -3.76016432e-05]]
[[ 8.23894902e-03  1.33499673e-04  3.52680127e-02  2.21230682e-04
   7.75820054e-05 -1.78314149e-05]]
[[ 7.90107706e-03 -6.74395648e-04  3.53509735e-02  2.27401036e-04
   6.20368575e-05  1.63953458e-05]]
[[8.53171378e-03 8.77517934e-04 3.81969052e-02 3.43302151e-04
  9.87338248e-05 4.43087206e-05]]
[[ 7.43180398e-03  2.73371116e-03  4.15799096e-02  3.24422474e-04
   1.21831812e-04 -1.00598821e-06]]
[[ 9.06480751e-03  5.87409175e-03  4.43979672e-02  4.00858826e-04
   2.44811786e-05 -2.13759889e-06]]
[[ 5.27201289e-03  3.72826100e-03 -4.99414466e+01  2.38993692e-04
   3.56757723e-04 -5.48855331e-05]]
[[-1.11102965e-02  3.52399089e-03 -4.99381606e+01  4.92081387e-04
   1.29308746e-04  1.36158391e-04]]
[[-2.75727162e-02  6.90650820e-03 -4.99337392e+01  1.07830395e-03
  -4.36537964e-04  3.63183690e-04]]
[[-3.78950524e-02  5.60693789e-03 -4.99325318e+01  9.63796701e-04
  -1.10611162e-03  5.02587451e-04]]
[[-4.07239084e-02  1.15099883e-02 -4.99485752e+01  2.07455991e-03
  -1.78101284e-03  7.69219764e-04]]
[[-4.61926537e-02  1.28816059e-02 -4.99567598e+01  2.35601791e-03
  -2.14769330e-03  7.96015889e-04]]
[[-4.58269496e-02  1.24914726e-02 -4.99541917e+01  2.63949144e-03
  -2.79113161e-03  9.13521374e-04]]
[[-0.05208928  0.0084319   0.04956758  0.00247841 -0.00272562  0.00086023]]
[[-0.05099308  0.00777871  0.03168331  0.00321309 -0.00316165  0.00100181]]
[[-0.04721517  0.00991922  0.01707513  0.00400129 -0.0037641   0.00117091]]
[[-0.05055757  0.01072463  0.01549868  0.00410215 -0.00407188  0.00124523]]
[[-0.05444848  0.01257759  0.01822314  0.00432754 -0.00424458  0.00130253]]
[[-0.05766533  0.01329392  0.01820084  0.0043841  -0.00426079  0.00131386]]
[[-0.0568197   0.01614578  0.01954274  0.00447786 -0.00439225  0.0013868 ]]
[[-0.05987474  0.01565486  0.0246115   0.00431936 -0.00442464  0.00132589]]
[[-0.06082576  0.01857019  0.02633824  0.0044469  -0.00435552  0.00141682]]
[[-0.06401196  0.01957349  0.02636984  0.00446877 -0.0044596   0.00137623]]
[[-0.06633935  0.01842509  0.02944541  0.00434303 -0.00446109  0.00143412]]
[[-0.068661    0.01804517  0.03005038  0.00437515 -0.00441528  0.00143157]]
[[-0.06813384  0.01873154  0.03036902  0.00442403 -0.00442253  0.00145135]]
[[-0.0671995   0.01925317  0.032437    0.00438403 -0.00446958  0.00145523]]
[[-0.06681627  0.0205877   0.03459925  0.00436655 -0.00442594  0.00143697]]
[[-0.06618408  0.01928476  0.03354221  0.00438694 -0.00444398  0.00150267]]
[[-0.06537979  0.02009741  0.03521847  0.00448944 -0.00439328  0.00149082]]
[[-0.06509624  0.01631909  0.03631439  0.00440953 -0.00440427  0.00152747]]
[[-0.06327609  0.01387193  0.0384395   0.0040697  -0.0045376   0.00140487]]
[[-0.06058482  0.01110632  0.03682702  0.00375978 -0.00468571  0.00132032]]
[[-0.05136123  0.0151495   0.03040528  0.00498762 -0.00426035  0.00133099]]
[[-0.04319354  0.00651851  0.03495317  0.00392115 -0.00471247  0.00105824]]
[[-0.0341545   0.00659802  0.03809346  0.00412423 -0.00452201  0.00110467]]
[[-0.02503961  0.00842576  0.03355919  0.00496801 -0.00423345  0.00111598]]
[[-0.01017667  0.01100001  0.02599387  0.00573003 -0.00429185  0.00142344]]
[[ 0.00794484  0.01222398  0.01854017  0.0063235  -0.00486613  0.00115041]]
[[ 0.01822467  0.01198184  0.01552497  0.00709659 -0.00430906  0.00129692]]
[[ 0.03118177  0.01478772  0.00718375  0.00769858 -0.00449526  0.00159831]]
[[ 0.03879638  0.0233525  -0.0033134   0.00945867 -0.00423617  0.00131931]]
[[ 0.05111306  0.02053586 -0.00636159  0.00987641 -0.00418423  0.00147166]]
[[ 0.07072078  0.03381074 -0.03041762  0.01196464 -0.00503645  0.00165799]]
[[ 0.08893143  0.03212063 -0.03057863  0.01152267 -0.00576413  0.00173764]]
[[ 0.10036076  0.04428411 -0.04745427  0.0140033  -0.00527413  0.00177303]]
[[ 0.12147665  0.05218831 -0.06246035  0.01580338 -0.00534929  0.00227085]]
[[ 0.14146906  0.06707595 -0.08735946  0.01817078 -0.00588234  0.00215443]]
[[ 0.16299072  0.06918238 -0.09757442  0.01909755 -0.00613961  0.00240878]]
[[ 0.1775356   0.07770279 -0.11266578  0.02131519 -0.00603015  0.00255203]]
[[ 0.20320953  0.09460793 -0.14610125  0.02418771 -0.00709922  0.00308746]]
[[ 0.21042352  0.1017778  -0.15697141  0.02634581 -0.00629724  0.00307093]]
[[ 0.22415834  0.09440812 -0.16751691  0.02749785 -0.00768203  0.00317   ]]
[[ 0.23914638  0.09906632 -0.19431083  0.03014134 -0.00854163  0.00352531]]
[[ 0.24524838  0.10324404 -0.20093342  0.03213081 -0.00788331  0.0036462 ]]
[[ 0.26873019  0.10728424 -0.22174799  0.03343445 -0.00878308  0.00372891]]
[[ 0.28664989  0.12266074 -0.24955341  0.03682624 -0.00902664  0.00400845]]
[[ 0.3069425   0.13260171 -0.27842124  0.03879964 -0.00972432  0.00413751]]
[[ 0.31427483  0.13642432 -0.28996372  0.04095396 -0.00883165  0.00428936]]
[[ 0.33258147  0.13799049 -0.3023145   0.04138163 -0.0098091   0.00407363]]
[[ 0.34854241  0.1483059  -0.32579953  0.0436907  -0.01004126  0.00440604]]
[[ 0.36955352  0.16616616 -0.36573423  0.0464554  -0.01063781  0.00464336]]
[[ 0.37712102  0.17432056 -0.36983025  0.04778278 -0.01007823  0.00474509]]
[[ 0.39277923  0.18553576 -0.39425525  0.04918303 -0.01085075  0.00487343]]
[[ 0.40291726  0.20447515 -0.41978775  0.05157883 -0.01057725  0.00518874]]
[[ 0.41587899  0.21634716 -0.44064401  0.05325152 -0.01140789  0.00538814]]
[[ 0.42396109  0.23177363 -0.47071784  0.05577097 -0.01162822  0.00573315]]
[[ 0.43096656  0.24864741 -0.50203493  0.05788582 -0.01207248  0.00606732]]
[[ 0.43350271  0.26172349 -0.52448129  0.05980254 -0.01193892  0.00650331]]
[[ 0.44380857  0.27600597 -0.54839377  0.06125863 -0.01289104  0.00670461]]
[[ 0.44266172  0.29191008 -0.57129145  0.06326364 -0.01241837  0.00710141]]
[[ 0.44641969  0.30420581 -0.58481255  0.06460365 -0.01280176  0.0073172 ]]
[[ 0.44443898  0.31572886 -0.59700053  0.06580955 -0.01287893  0.00757214]]
[[ 0.44574129  0.3334421  -0.62190426  0.06785087 -0.01342116  0.00798649]]
[[ 0.44153638  0.35072251 -0.65612853  0.07068157 -0.01366632  0.00856616]]
[[ 0.43733805  0.36509805 -0.68011453  0.07236738 -0.01424851  0.00914765]]
[[ 0.42686862  0.38490618 -0.70998645  0.07487592 -0.0144537   0.0095713 ]]
[[ 0.41756388  0.401794   -0.73151987  0.07656272 -0.01492065  0.00986241]]
[[ 0.40367952  0.41832426 -0.75427289  0.07864708 -0.0150069   0.01061487]]
[[ 0.39614714  0.43539481 -0.78606422  0.08031565 -0.01570702  0.01095508]]
[[ 0.38433156  0.448535   -0.79843855  0.08164746 -0.01570169  0.0113417 ]]
[[ 0.38162135  0.46404358 -0.81788021  0.08261771 -0.01614376  0.01155467]]
[[ 0.37878818  0.48693329 -0.85825442  0.08557455 -0.01606806  0.01190321]]
[[ 0.38567566  0.50296905 -0.88875305  0.08723977 -0.01641441  0.01239673]]
[[ 0.38467408  0.51227431 -0.90596007  0.08954273 -0.01604452  0.01228694]]
[[ 0.38604581  0.50918843 -0.92024274  0.09105482 -0.0164485   0.01253347]]
[[ 0.39963721  0.51182786 -0.94871007  0.0934088  -0.01781121  0.01263812]]
[[ 0.40269305  0.51079896 -0.96352225  0.09570638 -0.01739997  0.012725  ]]
[[ 0.40188513  0.51273623 -0.97155681  0.09722853 -0.01699316  0.0124669 ]]
[[ 0.41490291  0.52299857 -1.00717714  0.09962706 -0.01736673  0.0125742 ]]
[[ 0.43299544  0.54201187 -1.04268253  0.10230647 -0.0180508   0.01307774]]
[[ 0.44373843  0.55211379 -1.06279353  0.10342101 -0.01829583  0.0130572 ]]
[[ 0.46093072  0.57272183 -1.10220244  0.10637064 -0.01870927  0.01325468]]
[[ 0.4646834   0.57564975 -1.1087009   0.10740389 -0.01804508  0.01319651]]
[[ 0.47852492  0.58438304 -1.13090207  0.10903825 -0.01848506  0.01320684]]
[[ 0.48729073  0.60929131 -1.17186293  0.11240874 -0.01794046  0.01354184]]
[[ 0.50156088  0.61862803 -1.19142928  0.11402064 -0.01814516  0.01386063]]
[[ 0.51715266  0.6366395  -1.22274526  0.11611463 -0.01816912  0.01398716]]
[[ 0.52819235  0.64377127 -1.23583943  0.11680468 -0.01804368  0.01400741]]
[[ 0.54454771  0.66806471 -1.27569803  0.11960522 -0.01840763  0.01392803]]
[[ 0.55852991  0.68044775 -1.29634425  0.12074659 -0.01836666  0.01398657]]
[[ 0.56674498  0.69643062 -1.3143251   0.12293955 -0.01698278  0.01377578]]
[[ 0.58421329  0.71454532 -1.3415318   0.12453317 -0.01766374  0.01385633]]
[[ 0.60897188  0.73352504 -1.38637748  0.12752405 -0.01842458  0.01384983]]
[[ 0.62492359  0.73827135 -1.38941651  0.12820377 -0.01833479  0.01388103]]
[[ 0.6367447   0.75132947 -1.41681218  0.13083557 -0.01787919  0.01362386]]
[[ 0.64558516  0.74957648 -1.43182447  0.13299198 -0.01739109  0.01366794]]
[[ 0.65696372  0.75120297 -1.45461449  0.13511456 -0.01783523  0.01355259]]
[[ 0.67056692  0.75612297 -1.4719966   0.13670654 -0.01800207  0.0135808 ]]
[[ 0.67689234  0.76352326 -1.48812286  0.13875944 -0.01728887  0.01328511]]
[[ 0.69657433  0.77732485 -1.52735591  0.14115899 -0.01830243  0.01334925]]
[[ 0.70710669  0.79372568 -1.55237644  0.14356977 -0.01787442  0.01369882]]
[[ 0.71603554  0.80046761 -1.56369928  0.14421861 -0.01780323  0.01359805]]
[[ 0.72034789  0.8187282  -1.58841134  0.1464394  -0.01718781  0.0135518 ]]
[[ 0.7295513   0.82727679 -1.61871387  0.14890787 -0.01720742  0.01327783]]
[[ 0.74073178  0.84037698 -1.64840304  0.1509958  -0.01765135  0.01362462]]
[[ 0.74289611  0.84086647 -1.65311109  0.15177403 -0.01723989  0.01341814]]
[[ 0.75352525  0.85216061 -1.68048359  0.15362534 -0.0176999   0.01344806]]
[[ 0.73827983  0.81081004 -1.68252302  0.15762294 -0.01833211  0.01321604]]
[[ 0.71331775  0.73720794 -1.67732912  0.16229935 -0.01977057  0.0132179 ]]
[[ 0.68204982  0.66091507 -1.63645224  0.16412924 -0.01948346  0.01312141]]
[[ 0.66394518  0.58885335 -1.6367796   0.16929494 -0.02104806  0.01294742]]
[[ 0.63870185  0.53128915 -1.63577763  0.1734663  -0.02118081  0.01291324]]
[[ 0.62458256  0.49607905 -1.64425363  0.17639421 -0.02199684  0.01283018]]
[[ 0.61632058  0.46386821 -1.63235517  0.1781364  -0.0220597   0.01258335]]
[[ 0.61166125  0.44640174 -1.65902675  0.1813938  -0.02231334  0.01250537]]
[[ 0.61252483  0.42989073 -1.67722648  0.18395364 -0.02367629  0.01270914]]
[[ 0.59422251  0.41331672 -1.6735663   0.18558072 -0.0218565   0.01218181]]
[[ 0.60078514  0.41545386 -1.70567199  0.18830156 -0.0227456   0.01234389]]
[[ 0.59789012  0.41149452 -1.71294739  0.189951   -0.02251308  0.01232926]]
[[ 0.59531222  0.4109407  -1.72963727  0.19192675 -0.02236105  0.01215985]]
[[ 0.59487647  0.41754465 -1.75768212  0.19449795 -0.02187256  0.01258036]]
[[ 0.59810933  0.42624585 -1.79191005  0.19663209 -0.02236125  0.01256657]]
[[ 0.59607863  0.43281374 -1.80176966  0.19782202 -0.0219432   0.01281727]]
[[ 0.59311448  0.44142395 -1.81922056  0.19890839 -0.02193588  0.01269652]]
[[ 0.59559     0.46397844 -1.85974432  0.20228038 -0.02128744  0.01300292]]
[[ 0.59519555  0.47999859 -1.8893394   0.2046016  -0.02135003  0.01292381]]
[[ 0.5957966   0.49403998 -1.92118626  0.20656773 -0.02155866  0.0131466 ]]
[[ 0.59503262  0.50286589 -1.92835638  0.20756016 -0.02099007  0.01299848]]
[[ 0.59782208  0.51664767 -1.9585534   0.20940908 -0.02130916  0.01303985]]
[[ 0.59892682  0.5281917  -1.98491026  0.21149643 -0.02143755  0.01298732]]
[[ 0.59742251  0.53215616 -2.00849514  0.21335667 -0.02117272  0.01292717]]
[[ 0.59182284  0.53058672 -2.01895529  0.21512244 -0.02063794  0.01257804]]
[[ 0.5958436   0.55012444 -2.07641975  0.21919146 -0.02087154  0.01289667]]
[[ 0.59113234  0.55096739 -2.08547252  0.22045714 -0.02103067  0.01274493]]
[[ 0.58399492  0.55518183 -2.09379504  0.22170611 -0.0202058   0.01258262]]
[[ 0.57771197  0.56961434 -2.1348558   0.22364067 -0.02006428  0.01269159]]
[[ 0.57275652  0.57296329 -2.16022198  0.22390284 -0.02044432  0.01265677]]
[[ 0.56409794  0.59013144 -2.19584553  0.22587211 -0.01986572  0.01281022]]
[[ 0.55265759  0.60332795 -2.22494351  0.22757037 -0.01929729  0.01293648]]
[[ 0.5409935   0.61562958 -2.25336994  0.22903495 -0.01913519  0.01311067]]
[[ 0.53024463  0.62885768 -2.28308649  0.23049079 -0.0190716   0.01323889]]
[[ 0.51205096  0.64625949 -2.31084684  0.23258599 -0.01818487  0.01322498]]
[[ 0.50771435  0.66166096 -2.33851282  0.23411713 -0.018401    0.01379515]]
[[ 0.49727546  0.67703598 -2.37178781  0.23567899 -0.01880554  0.01355506]]
[[ 0.48386766  0.69275373 -2.39965295  0.23756284 -0.01826822  0.01373141]]
[[ 0.4772951   0.69887121 -2.41397291  0.23831153 -0.01857595  0.0142406 ]]
[[ 0.45893275  0.71182932 -2.43982346  0.24021141 -0.01773492  0.01395078]]
[[ 0.44449937  0.73281946 -2.47876506  0.24308004 -0.01712342  0.01441955]]
[[ 0.44319111  0.73900766 -2.49749116  0.2433533  -0.01849887  0.01462693]]
[[ 0.42493228  0.76286285 -2.53471873  0.24611755 -0.01771893  0.01448518]]
[[ 0.41003698  0.77385962 -2.56452072  0.24786105 -0.01676391  0.01485882]]
[[ 0.40617729  0.78470714 -2.59248941  0.24892818 -0.01817887  0.01514723]]
[[ 0.38768046  0.79533801 -2.6152753   0.25039284 -0.01766083  0.01487612]]
[[ 0.36999313  0.80531068 -2.6366177   0.25204286 -0.01612393  0.01531386]]
[[ 0.36118998  0.82280158 -2.67591968  0.25428657 -0.01658966  0.01547128]]
[[ 0.35048455  0.83440488 -2.701804    0.25591268 -0.01616403  0.0156818 ]]
[[ 0.33522393  0.85013897 -2.7289661   0.2577404  -0.015447    0.01549244]]
[[ 0.32452393  0.8602616  -2.74546337  0.25893329 -0.01517618  0.01563756]]
[[ 0.32544914  0.87103059 -2.77225762  0.26028091 -0.01613526  0.01609864]]
[[ 0.32069045  0.87890668 -2.79036324  0.26137322 -0.01608845  0.01609073]]
[[ 0.31185471  0.88592131 -2.80289229  0.26233525 -0.01530232  0.01611028]]
[[ 0.30809882  0.89933692 -2.8252551   0.26392191 -0.01493267  0.01609637]]
[[ 0.31037157  0.91457306 -2.85914468  0.26556645 -0.01625872  0.01590028]]
[[ 0.30814023  0.91640996 -2.8617992   0.26586102 -0.01598897  0.01590209]]
[[ 0.31350905  0.92545388 -2.87783487  0.26720283 -0.01601906  0.01611887]]
[[ 0.31538037  0.92562652 -2.88209328  0.26717151 -0.01615735  0.01568529]]
[[ 0.3177703   0.93278304 -2.88982777  0.26763027 -0.01677464  0.01567382]]
[[ 0.31021086  0.94159977 -2.89395307  0.26888807 -0.0148666   0.01555086]]
[[ 0.31958598  0.94671669 -2.9030087   0.2691499  -0.01582452  0.01565178]]
[[ 0.32426045  0.94799718 -2.90809708  0.26928883 -0.01650822  0.01567879]]
[[ 0.3242434   0.94624607 -2.90585555  0.26927071 -0.0162192   0.01578798]]
[[ 0.32970099  0.94738925 -2.90568213  0.26934459 -0.01649328  0.01569499]]
[[ 0.33291397  0.94851329 -2.90874002  0.26947278 -0.01655913  0.01570149]]
[[ 0.33615064  0.94812929 -2.90942751  0.26955211 -0.01664073  0.0157206 ]]
[[ 0.33644347  0.94677807 -2.90731501  0.26948609 -0.01678676  0.01570147]]
[[ 0.3367102   0.9497479  -2.9077161   0.2695423  -0.01674905  0.01569703]]
[[ 0.33995806  0.95138762 -2.90707045  0.26959991 -0.01675483  0.01570896]]
[[ 0.34277944  0.95425792 -2.9054772   0.26957833 -0.01680069  0.01573489]]
[[ 0.34431967  0.95578382 -2.90317228  0.26957647 -0.01677325  0.01572546]]
[[ 0.34663153  0.95620841 -2.89988141  0.26960622 -0.01660745  0.01571961]]
[[ 0.34737141  0.95699964 -2.89971405  0.26969364 -0.01663149  0.01561558]]
[[ 0.3484808   0.95559726 -2.89642632  0.26961914 -0.01660662  0.0155752 ]]
[[ 0.35059814  0.95881578 -2.89514312  0.26962017 -0.01667303  0.01562421]]
[[ 0.35337128  0.9617985  -2.89389194  0.26974487 -0.01664575  0.01566853]]
[[ 0.35531171  0.96158134 -2.89150719  0.2697185  -0.01656649  0.01564742]]
[[ 0.35572674  0.96259926 -2.88675337  0.26968988 -0.01653154  0.01556494]]
[[ 0.35799811  0.96487884 -2.88687984  0.26978517 -0.01651058  0.01556431]]
[[ 0.35803254  0.96332867 -2.88400947  0.26973066 -0.01644111  0.01561545]]
[[ 0.36039008  0.96396895 -2.88094864  0.26965792 -0.01647995  0.01557747]]
[[ 0.36138155  0.96510329 -2.88029755  0.26970935 -0.01646381  0.01556981]]
[[ 0.36248286  0.96822598 -2.87981337  0.2697369  -0.01638695  0.01558047]]
[[ 0.36237446  0.96921491 -2.87704482  0.26967542 -0.01644061  0.01559627]]
[[ 0.36293484  0.97010992 -2.87592402  0.26971949 -0.01639842  0.01557899]]
[[ 0.36320251  0.97085732 -2.87469243  0.2697213  -0.0163682   0.0155217 ]]
[[ 0.36342177  0.97126252 -2.87434764  0.26971464 -0.01626427  0.01542854]]
[[ 0.36513964  0.97027899 -2.8760315   0.26977479 -0.01639283  0.01543922]]
[[ 0.36654211  0.96996415 -2.87380228  0.26965439 -0.01645478  0.01550564]]
[[ 0.36713287  0.97087378 -2.8726554   0.26970068 -0.01641488  0.01547259]]
[[ 0.36838932  0.97021922 -2.87224863  0.26973452 -0.01637831  0.0154964 ]]
[[ 0.36949472  0.97153294 -2.8686868   0.26967058 -0.01638663  0.01545551]]
[[ 0.37055243  0.97344628 -2.86689239  0.26970594 -0.0163706   0.01542355]]
[[ 0.37035284  0.97237338 -2.86672448  0.26982354 -0.0163541   0.01546396]]
[[ 0.37065067  0.97274635 -2.86441193  0.26971257 -0.01641346  0.01543661]]
[[ 0.37342714  0.9729568  -2.86410266  0.269711   -0.0164605   0.01542582]]
[[ 0.37561956  0.9754578  -2.86320631  0.26968871 -0.01641883  0.01539562]]
[[ 0.37640509  0.97647128 -2.86153054  0.26972162 -0.01639185  0.01536928]]
[[ 0.37724441  0.97602455 -2.8595153   0.26971635 -0.01638151  0.01527941]]
[[ 0.37668523  0.97584631 -2.85812604  0.26966715 -0.01636824  0.01529372]]
[[ 0.37863678  0.9755291  -2.85780086  0.26970849 -0.01643038  0.01528152]]
[[ 0.37754732  0.97329849 -2.84787025  0.26924004 -0.01645716  0.01518743]]
[[ 0.37729874  0.97285423 -2.84702047  0.26942288 -0.01644663  0.0152071 ]]
[[ 0.38001686  0.97443291 -2.84232479  0.26948396 -0.01642977  0.01521339]]
[[ 0.37786564  0.9768318  -2.84214726  0.26962067 -0.01622282  0.01523151]]
[[ 0.38226321  0.98473749 -2.85003739  0.27020064 -0.01661993  0.01530327]]
[[ 0.37857323  0.9863939  -2.84479336  0.27014031 -0.01626822  0.01539798]]
[[ 0.37811496  0.98428201 -2.84687022  0.27000697 -0.01674003  0.01536209]]
[[ 0.3791014   0.99011563 -2.85341889  0.27063687 -0.01647989  0.01539836]]
[[ 0.37844488  0.98730146 -2.84433066  0.27024385 -0.01651327  0.01529924]]
[[ 0.3788715   0.99099175 -2.84898825  0.27052307 -0.01655611  0.0153272 ]]
[[ 0.3779354   0.99327827 -2.85309132  0.27095627 -0.01638513  0.01538963]]
[[ 0.37686464  0.99538922 -2.85148076  0.27111702 -0.01606716  0.01540855]]
[[ 0.37928698  0.99592727 -2.84465066  0.27076943 -0.01654401  0.01531815]]
[[ 0.37543833  0.99797974 -2.84511562  0.27113538 -0.01624129  0.0153308 ]]
[[ 0.37960822  1.00407865 -2.84811912  0.2714242  -0.01683858  0.01538472]]
[[ 3.78172519e-01  1.00257467e+00  1.71563187e+01  2.71065338e-01
  -1.64554723e-02  1.53034804e-02]]
[[ 3.77171084e-01  1.00254750e+00  1.71623626e+01  2.71093511e-01
  -1.61610707e-02  1.53178385e-02]]
[[ 3.79288566e-01  9.97261537e-01  1.71702262e+01  2.70691519e-01
  -1.59532096e-02  1.53196204e-02]]
[[ 3.79966224e-01  1.00394719e+00  1.71606098e+01  2.71575599e-01
  -1.64508015e-02  1.54132363e-02]]
[[ 3.78888055e-01  9.97611008e-01  1.71807723e+01  2.70670536e-01
  -1.63701455e-02  1.53860775e-02]]
[[ 3.80217433e-01  9.99679251e-01  1.71752800e+01  2.71194284e-01
  -1.66823129e-02  1.54395729e-02]]
[[ 3.76170365e-01  1.00140447e+00  1.71794846e+01  2.71157774e-01
  -1.63360532e-02  1.53381898e-02]]
[[ 0.37932051  0.9932898  -2.79929925  0.2701113  -0.01712034  0.01533305]]
[[ 0.37598545  0.99569313 -2.80557439  0.27063427 -0.01642084  0.01539088]]
[[ 0.37780475  0.99463648 -2.80046443  0.27017013 -0.01658345  0.01542765]]
[[ 0.37856843  0.99385521 -2.80315135  0.27024601 -0.01644871  0.01536319]]
[[ 0.38078639  0.99600714 -2.80697111  0.27033334 -0.01683483  0.01545095]]
[[ 0.3770474   0.99489518 -2.80287672  0.27038012 -0.01622683  0.01534216]]
[[ 0.37981984  0.9965916  -2.80439218  0.27021896 -0.01683497  0.01537169]]
[[ 0.37918696  0.99864154 -2.80508995  0.27054065 -0.01650809  0.01536616]]
[[ 0.38069857  1.00004313 -2.80637192  0.2704678  -0.016495    0.01542539]]
[[ 0.38042742  1.00204575 -2.80403081  0.27048151 -0.01637016  0.01540288]]
[[ 0.3823624   1.00310991 -2.80506674  0.27054779 -0.01639786  0.01535091]]
[[ 0.38190583  1.0007302  -2.80279359  0.27058331 -0.01643639  0.01536093]]
[[ 0.3807431   1.00190428 -2.7975809   0.27052891 -0.0163646   0.0154421 ]]
[[ 0.38224238  1.00314682 -2.80032706  0.27059273 -0.01640585  0.01546208]]
[[ 0.37966243  1.00332612 -2.79729669  0.27063213 -0.01643848  0.01542736]]
[[ 0.38033197  1.00403244 -2.79571187  0.27067084 -0.01636867  0.0154198 ]]
[[ 0.38131683  1.00282597 -2.79190799  0.27057911 -0.01631408  0.01542663]]
[[ 0.38318123  1.00519968 -2.79309324  0.2706776  -0.01627285  0.01540232]]
[[ 0.3829256   1.00815808 -2.78910801  0.27069861 -0.01621774  0.01538983]]
[[ 0.38234969  1.0086884  -2.78523471  0.27058317 -0.01628409  0.01533466]]
[[ 0.38340203  1.00891859 -2.78600594  0.2706537  -0.01629239  0.01536318]]
[[ 0.38429096  1.01182285 -2.78534677  0.27071319 -0.01626695  0.01538644]]
[[ 0.38467626  1.01156651 -2.78175833  0.27063478 -0.01620194  0.01536007]]
[[ 0.38530072  1.01132537 -2.78002756  0.27063192 -0.01622133  0.01534252]]
[[ 0.38630073  1.0132994  -2.77834677  0.27066846 -0.01623576  0.01535207]]
[[ 0.38502271  1.01366927 -2.77708963  0.27068014 -0.01629869  0.01539727]]
[[ 0.38582257  1.01315775 -2.77201204  0.27058198 -0.01627317  0.01536746]]
[[ 0.38601305  1.01195564 -2.77155228  0.27066027 -0.01627451  0.01537309]]
[[ 0.38553376  1.0142743  -2.77204446  0.27071254 -0.01627209  0.01537004]]
[[ 0.38544508  1.01585846 -2.76711535  0.27064397 -0.01630241  0.01536653]]
[[ 0.38768208  1.01765352 -2.7671854   0.2706358  -0.01630933  0.01538636]]
[[ 0.38431111  1.01719912 -2.76549261  0.2706628  -0.01628605  0.01536909]]
[[ 0.38556841  1.01667248 -2.76737948  0.27069899 -0.01636739  0.015382  ]]
[[ 0.38406337  1.0157203  -2.76580001  0.27067274 -0.01635221  0.0153339 ]]
[[ 0.38432171  1.01531743 -2.7638784   0.27066233 -0.01640482  0.01530442]]
[[ 0.38379019  1.01681305 -2.76567009  0.27072216 -0.01649002  0.0153166 ]]
[[ 0.38421899  1.01692469 -2.76339287  0.27063513 -0.0164696   0.01529344]]
[[ 0.38356242  1.01693422 -2.76260459  0.27064025 -0.0164476   0.01524539]]
[[ 0.38321199  1.01722653 -2.76150031  0.2707279  -0.01639456  0.01526369]]
[[ 0.38217754  1.01646082 -2.75979135  0.27076471 -0.01651214  0.01531495]]
[[ 0.38258931  1.0151084  -2.75637803  0.27070297 -0.01646256  0.01530508]]
[[ 0.38405619  1.01694675 -2.7535303   0.27069304 -0.01648673  0.01524847]]
[[ 0.38537364  1.01831526 -2.75163937  0.27075214 -0.0164385   0.01526554]]
[[ 0.38312403  1.02103847 -2.74942741  0.27081796 -0.01633737  0.01525241]]
[[ 0.37926524  1.02399805 -2.74547755  0.27106239 -0.01572788  0.01526034]]
[[ 0.38081301  1.02691072 -2.74238681  0.27106622 -0.01545964  0.01520134]]
[[ 0.39320461  1.02847947 -2.7415857   0.27083567 -0.01634837  0.01526169]]
[[ 0.40361406  1.02786176 -2.73546437  0.27027998 -0.01649714  0.01523828]]
[[ 0.40852001  1.03034355 -2.72868271  0.27046029 -0.01525602  0.01496013]]
[[ 0.42478264  1.0290471  -2.72246727  0.26991755 -0.01567256  0.01495259]]
[[ 0.44463199  1.03043209 -2.71469474  0.2697741  -0.01555254  0.01508932]]
[[ 0.46281847  1.03384367 -2.70079537  0.26956903 -0.015639    0.01464825]]
[[ 0.48484927  1.03055783 -2.68750421  0.26840024 -0.01589099  0.01461934]]
[[ 0.50201576  1.03715549 -2.68735076  0.26893712 -0.01549633  0.01430773]]
[[ 0.52188837  1.03229811 -2.66257949  0.26802645 -0.01416977  0.01416116]]
[[ 0.54169018  1.03599425 -2.65024753  0.26811349 -0.01341759  0.01392427]]
[[ 0.56707127  1.02148101 -2.61595508  0.26592711 -0.01339784  0.01369864]]
[[ 0.59450133  1.02885834 -2.61192231  0.26619773 -0.01386087  0.01369381]]
[[ 0.61642125  1.02047452 -2.58353021  0.2646559  -0.01311821  0.01345794]]
[[ 0.6313069   1.01844462 -2.56327032  0.26451918 -0.01110595  0.01306413]]
[[ 0.65796136  1.00478444 -2.52618253  0.2622131  -0.01119207  0.0128041 ]]
[[ 0.68799547  0.9971451  -2.49424936  0.26092056 -0.01141279  0.01269713]]
[[ 0.706764    0.9913301  -2.46871445  0.26013631 -0.01068634  0.01233643]]
[[ 0.71172754  0.99312068 -2.4486118   0.26088919 -0.00797701  0.01218955]]
[[ 0.73208172  0.98053972 -2.41333395  0.25881561 -0.00853553  0.01256378]]
[[ 0.74266103  0.95974645 -2.37481183  0.25623579 -0.00863775  0.01241392]]
[[ 0.74480668  0.95715691 -2.36131705  0.25623349 -0.00746531  0.01232672]]
[[ 0.74444768  0.93797076 -2.31748711  0.25459199 -0.00589903  0.01212923]]
[[ 0.75490298  0.92904121 -2.30002057  0.25421919 -0.00591682  0.01226447]]
[[ 0.75123883  0.91032398 -2.25812833  0.25238395 -0.00420817  0.01231789]]
[[ 0.75106929  0.89621769 -2.22005515  0.25092752 -0.00368854  0.01208861]]
[[ 0.75875343  0.89464083 -2.21122506  0.25134306 -0.00377705  0.0122662 ]]
[[ 0.75830518  0.87400402 -2.16770108  0.24969251 -0.00287147  0.01223585]]
[[ 7.50370998e-01  8.67465108e-01 -2.15007857e+00  2.49817027e-01
  -1.29699752e-03  1.22762085e-02]]
[[ 7.48962300e-01  8.43840340e-01 -2.10391966e+00  2.47360369e-01
  -1.08198338e-03  1.21430863e-02]]
[[ 7.42321168e-01  8.33088062e-01 -2.07789994e+00  2.47417239e-01
   1.78955501e-04  1.26432906e-02]]
[[ 7.41969379e-01  8.15223179e-01 -2.04730743e+00  2.46163838e-01
   2.55247974e-04  1.26820268e-02]]
[[ 7.29618936e-01  7.95708137e-01 -2.00661545e+00  2.44696516e-01
   1.94552564e-03  1.25023686e-02]]
[[ 0.72509008  0.78853414 -1.98425416  0.24481424  0.00225752  0.01259237]]
[[ 7.24970598e-01  7.69447004e-01 -1.95258304e+00  2.43228694e-01
   1.86473930e-03  1.25740615e-02]]
[[ 0.7171721   0.75223716 -1.91884367  0.24217988  0.00292041  0.01281666]]
[[ 0.71079003  0.73286052 -1.87950806  0.24053562  0.0032115   0.01265857]]
[[ 0.70171213  0.72141975 -1.85008492  0.23997671  0.00383778  0.01296704]]
[[ 0.69112384  0.70468691 -1.81462415  0.23871826  0.00423646  0.01251375]]
[[ 0.68267005  0.68969886 -1.78375959  0.23785578  0.00467058  0.01278577]]
[[ 0.66706559  0.67587619 -1.75627492  0.23747389  0.00583287  0.01287407]]
[[ 0.64359227  0.65546051 -1.71738775  0.23666014  0.0079197   0.0125315 ]]
[[ 0.64016773  0.63591277 -1.68900815  0.23471353  0.00655203  0.01306252]]
[[ 0.62183548  0.62097098 -1.65517414  0.23388371  0.00749862  0.01289793]]
[[ 0.60412944  0.6111211  -1.62877706  0.2338507   0.00873419  0.0129665 ]]
[[ 0.59576142  0.59243805 -1.59656556  0.23200416  0.00805769  0.01319189]]
[[ 0.56588061  0.58036319 -1.56224031  0.2320937   0.01059229  0.01333724]]
[[ 0.55233284  0.56088733 -1.52902602  0.23045258  0.01009185  0.01315959]]
[[ 0.53427419  0.54664687 -1.49315581  0.22964508  0.01086513  0.01336734]]
[[ 0.51046526  0.52590092 -1.45653834  0.22852547  0.01164018  0.01328912]]
[[ 0.48706123  0.51142281 -1.42529274  0.22757399  0.01225176  0.01323942]]
[[ 0.46711032  0.49158138 -1.39146382  0.22627135  0.01273751  0.0134419 ]]
[[ 0.44429468  0.47796644 -1.35188745  0.22571981  0.01375978  0.01363629]]
[[ 0.42208579  0.46830571 -1.32537204  0.22541237  0.01452119  0.01351789]]
[[ 0.40403352  0.44875166 -1.29228109  0.22377225  0.01434087  0.01337924]]
[[ 0.38251955  0.4348202  -1.25398492  0.22321406  0.01542864  0.01383528]]
[[ 0.36188484  0.42354354 -1.22262805  0.22238363  0.01592348  0.01380597]]
[[ 0.34040903  0.40864899 -1.18699044  0.2213826   0.01667868  0.0138774 ]]
[[ 0.32390581  0.39726753 -1.1577011   0.22049194  0.01701247  0.01396759]]
[[ 0.30400797  0.37952357 -1.11992003  0.21885678  0.0169008   0.01401895]]
[[ 0.2784191   0.36741413 -1.08474616  0.21802271  0.0175259   0.01402079]]
[[ 0.25231242  0.35728601 -1.05774626  0.21732414  0.01802695  0.01369089]]
[[ 0.23244884  0.34215066 -1.02525799  0.21597545  0.01793724  0.01368588]]
[[ 0.207761    0.33049036 -0.99049929  0.21539033  0.01913652  0.01395093]]
[[ 0.18094752  0.31694523 -0.95371785  0.21404791  0.01998037  0.01413966]]
[[ 0.1594146   0.30816068 -0.92839103  0.21373439  0.02020182  0.01386093]]
[[ 0.13885943  0.29239501 -0.89109976  0.21242822  0.02070256  0.01404719]]
[[ 0.11458313  0.28112343 -0.86043324  0.21205428  0.02167375  0.01401279]]
[[ 0.09618499  0.26791374 -0.82726469  0.21109314  0.02214533  0.01396311]]
[[ 0.07866601  0.25104549 -0.78515277  0.20938898  0.02225294  0.01385202]]
[[ 0.05260624  0.24182417 -0.75329413  0.20921105  0.0232382   0.0137972 ]]
[[ 0.03106393  0.22996636 -0.71711023  0.20799935  0.02326593  0.013755  ]]
[[ 0.01068732  0.21210935 -0.67803262  0.20603477  0.0230642   0.01373461]]
[[-0.01806077  0.20917319 -0.64961421  0.20620448  0.02457686  0.01374743]]
[[-0.04932967  0.19705433 -0.6073176   0.20519703  0.02561979  0.01370925]]
[[-0.06489591  0.18877363 -0.58088103  0.20440788  0.02515493  0.013819  ]]
[[-0.0990045   0.17827223 -0.54338109  0.20396238  0.02689494  0.01363333]]
[[-0.11407785  0.16327556 -0.50581243  0.20193195  0.02601604  0.01373568]]
[[-0.14894908  0.15879174 -0.47339274  0.20206121  0.02801122  0.01374037]]
[[-0.16867903  0.14712347 -0.44392679  0.20047554  0.02725292  0.01377383]]
[[-0.20232265  0.13874535 -0.40904089  0.19991037  0.02840524  0.01380971]]
[[-0.235176    0.12864313 -0.37010804  0.19926774  0.02955645  0.01385303]]
[[-0.2583314   0.12060244 -0.33882432  0.19818638  0.02956608  0.01383957]]
[[-0.27929251  0.11384397 -0.31467721  0.19733132  0.02900662  0.01388399]]
[[-0.31213961  0.10631424 -0.28005815  0.19671617  0.02993197  0.01380556]]
[[-0.34540098  0.09532975 -0.24405326  0.19567646  0.03053721  0.01387049]]
[[-0.37355842  0.08525345 -0.20747319  0.19431276  0.03056338  0.01381746]]
[[-0.40886883  0.07826452 -0.1744134   0.19376488  0.03195953  0.0138319 ]]
[[-0.43486739  0.07462446 -0.14583647  0.19321139  0.03166136  0.01391461]]
[[-0.46247386  0.06415797 -0.11067348  0.1916916   0.03188377  0.01387688]]
[[-0.4981537   0.06204616 -0.08073202  0.19153673  0.03332789  0.01397575]]
[[-0.5283882   0.05293931 -0.04147392  0.1896311   0.03341644  0.0139275 ]]
[[-0.55460826  0.05110968 -0.01643972  0.18904514  0.03360479  0.01404722]]
[[-0.58488726  0.04389202  0.01933348  0.1873347   0.0335925   0.0140015 ]]
[[-0.6144367   0.04018504  0.04304824  0.18683455  0.03390502  0.01414066]]
[[-0.64857231  0.03476143  0.07937926  0.18614076  0.03495459  0.01408651]]
[[-0.67768435  0.03097431  0.11253374  0.18530134  0.03542793  0.01406345]]
[[-0.71799134  0.0217717   0.15594261  0.18426775  0.03708776  0.01387904]]
[[-0.74256475  0.02155608  0.18259475  0.1837635   0.03705355  0.01397395]]
[[-0.76432547  0.01765794  0.21269459  0.18238529  0.03663454  0.01422372]]
[[-0.79868775  0.0173379   0.24150307  0.18167786  0.03766062  0.01429253]]
[[-0.82698185  0.0179855   0.27349318  0.18020162  0.03814925  0.01423511]]
[[-0.85404677  0.02470931  0.28971874  0.17963338  0.03873955  0.01442106]]
[[-0.88280886  0.02259559  0.32518357  0.17804318  0.03905675  0.01460902]]
[[-0.91608564  0.01844411  0.35718725  0.17663834  0.03963802  0.01435047]]
[[-0.94965289  0.01376639  0.3961848   0.1754698   0.04068849  0.01441312]]
[[-0.9801694   0.01636998  0.42192486  0.17513332  0.04147737  0.01448423]]
[[-1.00769078  0.015351    0.45498549  0.17381042  0.04163089  0.01433678]]
[[-1.04156143  0.00693495  0.49733336  0.17218159  0.04324909  0.01429659]]
[[-1.05956418  0.01667904  0.50705387  0.17162746  0.042341    0.0144699 ]]
[[-1.09464324  0.01589356  0.54139396  0.17110195  0.04377001  0.0145591 ]]
[[-1.12091601  0.02006567  0.56265352  0.17080402  0.0439519   0.01436852]]
[[-1.15640755  0.00844764  0.6082663   0.16862595  0.04494115  0.01440109]]
[[-1.18238834  0.00837598  0.63436571  0.16778426  0.04501647  0.01452687]]
[[-1.21967173  0.00861578  0.67098802  0.16704272  0.04602407  0.01447836]]
[[-1.24531427  0.00970556  0.69419304  0.16622548  0.04619504  0.01427207]]
[[-1.27556757  0.0076916   0.72870246  0.16518589  0.04692152  0.01422553]]
[[-1.30551098  0.00134555  0.76812206  0.16373252  0.04776234  0.01439009]]
[[-1.3319001  -0.00358824  0.80090191  0.16219495  0.04783649  0.0142359 ]]
[[-1.35710065e+00 -2.28166044e-04  8.25636212e-01  1.61781974e-01
   4.83138948e-02  1.41392342e-02]]
[[-1.37980056  0.00313487  0.84881312  0.16113134  0.04826004  0.01393334]]
[[-1.40915359  0.00179403  0.8826752   0.16045341  0.04925924  0.01408947]]
[[-1.44741051  0.00214518  0.9292927   0.15988807  0.05094368  0.0137777 ]]
[[-1.46565603  0.00707505  0.94615428  0.1587675   0.05051613  0.01363052]]
[[-1.49088716  0.00790636  0.98048417  0.15699084  0.05132572  0.0139255 ]]
[[-1.5116641   0.01316066  0.99725425  0.15588513  0.05131772  0.0137159 ]]
[[-1.54624241  0.01443772  1.03981606  0.15486492  0.05263432  0.01340737]]
[[-1.56474744  0.01233774  1.06057311  0.15349447  0.0523279   0.01372822]]
[[-1.60478843  0.01340962  1.10137812  0.15268757  0.05405953  0.01344649]]
[[-1.62811108  0.01636663  1.13139299  0.15163538  0.05415315  0.01308762]]
[[-1.65007351  0.02246038  1.15503242  0.15134726  0.05511989  0.01321478]]
[[-1.67669682  0.02872115  1.18711533  0.14955489  0.05602072  0.01310001]]
[[-1.69474351  0.04468356  1.20376941  0.14920709  0.05649333  0.01316768]]
[[-1.71764398  0.04833089  1.23603664  0.14784205  0.0572157   0.01309106]]
[[-1.74312205  0.05101302  1.26775841  0.14625934  0.05791772  0.01284466]]
[[-1.76421332  0.06019769  1.29063113  0.14669173  0.05890762  0.01337501]]
[[-1.79588196  0.0541646   1.33719919  0.14407634  0.05960352  0.01254622]]
[[-1.82212155  0.05337975  1.37325999  0.14311076  0.06064281  0.01250286]]
[[-1.8463055   0.05478166  1.40484451  0.1416435   0.06133757  0.01202473]]
[[-1.86334018  0.06749734  1.42445095  0.14090859  0.06169082  0.01242121]]
[[-1.89198997  0.07156454  1.46024959  0.13951351  0.06294056  0.01239805]]
[[-1.90534422  0.08080116  1.4701846   0.13925651  0.06296227  0.01245647]]
[[-1.93282886  0.08182042  1.50787236  0.13794713  0.06401407  0.01186622]]
[[-1.96013798  0.0829495   1.5445819   0.13682029  0.0650584   0.01195903]]
[[-1.97925361  0.08172512  1.57466617  0.13523284  0.0654183   0.01168293]]
[[-2.00475904  0.08498781  1.60964795  0.13420285  0.06652852  0.01113572]]
[[-2.0242857   0.0836613   1.63912925  0.13331349  0.06720428  0.01079947]]
[[-2.04272794  0.09095657  1.67137331  0.13280525  0.06762417  0.01063574]]
[[-2.0636282   0.09272495  1.69779255  0.13195437  0.06855988  0.01070813]]
[[-2.08819515  0.09302965  1.73852211  0.13066977  0.06950405  0.01038516]]
[[-2.10862632  0.0978919   1.76605726  0.13026272  0.0700639   0.01020612]]
[[-2.13496952  0.09636221  1.80295311  0.1286389   0.07059689  0.00971084]]
[[-2.1490414   0.09724789  1.82806614  0.12769413  0.07060424  0.00958583]]
[[-2.18183927  0.1025571   1.86455848  0.12727028  0.07211522  0.0090469 ]]
[[-2.1996121   0.1040418   1.88809791  0.12596818  0.07237655  0.00913196]]
[[-2.22246473  0.10438478  1.91839993  0.12505384  0.07334098  0.00874576]]
[[-2.24663287  0.10790025  1.95082575  0.12449215  0.0743208   0.00849546]]
[[-2.27036073  0.10165363  1.98258601  0.1224865   0.07457614  0.00793368]]
[[-2.2964252   0.10506229  2.01251033  0.12218201  0.07545175  0.00793724]]
[[-2.31868905  0.10507627  2.04267338  0.12076768  0.07616279  0.00748699]]
[[-2.34016378  0.11502869  2.06090932  0.12148884  0.07715921  0.00737816]]
[[-2.35688925  0.10819092  2.10129663  0.11910044  0.07706372  0.00699311]]
[[-2.37771646  0.10576247  2.13341658  0.11744787  0.07768273  0.00655361]]
[[-2.40096521  0.10920869  2.16583315  0.11666068  0.0786491   0.00631416]]
[[-2.42165975  0.11180365  2.18709417  0.1158621   0.07929325  0.00581431]]
[[-2.43778944  0.11373107  2.20988393  0.11492812  0.07949965  0.00587475]]
[[-2.45586189  0.1167791   2.23274479  0.1143607   0.08007026  0.00539633]]
[[-2.47756806  0.11606975  2.26732516  0.11307866  0.08114634  0.00522601]]
[[-2.48895067  0.11917559  2.28517358  0.1127383   0.08149895  0.00487317]]
[[-2.49461077  0.1205655   2.29628974  0.11189993  0.08136559  0.00522845]]
[[-2.50939773  0.12384809  2.31545651  0.11163065  0.08204116  0.00459641]]
[[-2.52513101  0.12389518  2.33959181  0.11099245  0.08299776  0.0046969 ]]
[[-2.54310173  0.12220624  2.36282507  0.10979803  0.08355594  0.00416306]]
[[-2.55174356  0.12141083  2.37472137  0.10944543  0.0838524   0.00433796]]
[[-2.55431032  0.12538328  2.37603311  0.11003915  0.08375679  0.00436111]]
[[-2.56544018  0.12351588  2.38981535  0.10942522  0.08447701  0.00400574]]
[[-2.56841538  0.11921515  2.40118396  0.1084913   0.0844681   0.00394827]]
[[-2.57376093  0.1193121   2.41190941  0.10832486  0.08473     0.00386542]]
[[-2.57843683  0.1198708   2.41897012  0.10848767  0.08507471  0.00383109]]
[[-2.58167927  0.12116326  2.42620671  0.10852278  0.0852501   0.00382253]]
[[-2.58259452  0.11809847  2.43495385  0.10810395  0.08525763  0.00372598]]
[[-2.58414342  0.12035424  2.43715186  0.10840154  0.08537739  0.00381366]]
[[-2.58323444  0.12140283  2.44002192  0.1083655   0.08539983  0.0037924 ]]
[[-2.58555316  0.1214102   2.44200911  0.108488    0.08550747  0.00385373]]
[[-2.58524292  0.12077109  2.44712605  0.10846864  0.08554193  0.0038803 ]]
[[-2.5851739   0.12202561  2.45049332  0.1085428   0.08559881  0.00388378]]
[[-2.58863547  0.12453249  2.45512222  0.10853994  0.0856681   0.0038659 ]]
[[-2.58846966  0.124474    2.45813957  0.10849403  0.08563692  0.00380692]]
[[-2.58783729  0.12359376  2.46055627  0.10842282  0.0856101   0.00382652]]
[[-2.59008067  0.12591428  2.4628633   0.10855359  0.08560868  0.00391149]]
[[-2.59049575  0.12551278  2.46663781  0.10846946  0.08558234  0.00382735]]
[[-2.59120265  0.12481248  2.47089966  0.10837212  0.08556136  0.00373759]]
[[-2.59102826  0.12660305  2.47532359  0.10839211  0.08562518  0.00371652]]
[[-2.58916087  0.12792669  2.47429643  0.10848769  0.08557923  0.00381005]]
[[-2.59064985  0.12826235  2.47779276  0.10844719  0.08558305  0.0038308 ]]
[[-2.59208117  0.12791135  2.48024931  0.10839909  0.08556193  0.00378112]]
[[-2.59290739  0.12910943  2.48317744  0.10849605  0.08559221  0.00384792]]
[[-2.59107359  0.1307206   2.48680628  0.10859444  0.08562116  0.00381994]]
[[-2.59082442  0.13062935  2.4906929   0.1085171   0.08559466  0.00375494]]
[[-2.5920736   0.12839028  2.49468598  0.10845503  0.08562183  0.00381611]]
[[-2.59369966  0.13032577  2.49690669  0.10851035  0.08563057  0.00380509]]
[[-2.59152395  0.13233332  2.4979229   0.1085321   0.08562923  0.00387958]]
[[-2.58948326  0.12947885  2.5014625   0.10848853  0.08559956  0.00384148]]
[[-2.58848777  0.12843788  2.5024982   0.10847691  0.08561623  0.00382354]]
[[-2.58666984  0.12646266  2.50571622  0.10848598  0.08562792  0.00378533]]
[[-2.58616811  0.13039677  2.50856905  0.10864678  0.08568037  0.00388873]]
[[-2.58663363  0.12878825  2.51322594  0.1083724   0.08561509  0.00386624]]
[[-2.58613453  0.13153583  2.51405238  0.10853423  0.08566072  0.00388225]]
[[-2.58440189  0.13439906  2.51663254  0.10865692  0.08565927  0.00390959]]
[[-2.58389932  0.13135766  2.52168796  0.1083768   0.08559883  0.00388113]]
[[-2.58546898  0.13134943  2.52332173  0.10825078  0.08553683  0.00386189]]
[[-2.58581936  0.13288571  2.52479201  0.10836585  0.08553938  0.00385052]]
[[-2.58302033  0.13027403  2.52532463  0.10830214  0.08552596  0.00380658]]
[[-2.58222526  0.13101458  2.52673954  0.10856903  0.08549734  0.00386674]]
[[-2.58343636  0.13010154  2.53146107  0.10849439  0.08562249  0.00386484]]
[[-2.57999753  0.13414734  2.52968391  0.10877387  0.08543703  0.00396843]]
[[-2.57835381  0.12771426  2.53762917  0.10768222  0.08539607  0.003752  ]]
[[-2.5781758   0.13100307  2.53743125  0.10804079  0.08546986  0.00384678]]
[[-2.57887628  0.13403982  2.53874912  0.10852618  0.08567973  0.00396366]]
[[-2.57852297  0.1332549   2.54314259  0.10842872  0.08567987  0.00392499]]
[[-2.57969831  0.13347415  2.54396582  0.10859846  0.08570165  0.00395604]]
[[-2.58031822  0.13362582  2.54560444  0.10850024  0.08569936  0.0039438 ]]
[[-2.57834055  0.13617447  2.54721904  0.10868503  0.08573278  0.00391535]]
[[-2.58039417  0.13713855  2.54898867  0.10878259  0.08572607  0.00394764]]
[[-2.5786257   0.13629837  2.55238734  0.10864896  0.08573176  0.00394699]]
[[-2.57720902  0.13475589  2.55608134  0.1085842   0.08575349  0.00395795]]
[[-2.57786307  0.13658192  2.55708584  0.10859993  0.08571557  0.00401767]]
[[-2.57538794  0.13644521  2.55802816  0.10838142  0.08551353  0.00401141]]
[[-2.57919691  0.13622365  2.56005162  0.10849655  0.08574833  0.00391819]]
[[-2.55171384  0.12118532  2.55057139  0.10335858  0.08147311  0.00343379]]
[[-2.49754429  0.17743724  2.44347458  0.11455813  0.0738568   0.00477812]]
[[-2.42962025  0.18112691  2.29080925  0.10105995  0.05808602 -0.0056302 ]]
[[-2.53279061  0.24783187  2.34260079  0.09200433  0.05923178 -0.01930525]]
[[-2.56479751  0.25752547  2.31386994  0.07575005  0.05584328 -0.02509796]]
[[-2.41602708  0.10850366  2.21831299  0.04641712  0.04230758 -0.01949953]]
[[-2.39355559  0.04978313  2.17703456  0.04557133  0.04560092 -0.01466479]]
[[-2.31270437  0.07741271  1.82290646  0.05416891  0.03740909 -0.01275514]]
[[-2.37666258  0.14838214  1.6926743   0.05405135  0.03566702 -0.01925065]]
[[-2.29504204  0.1803691   1.34630682  0.04816092  0.01807818 -0.02238996]]
[[-2.36901053  0.18594346  1.36824077  0.06038157  0.03072754 -0.01686869]]
[[-2.46310236  0.27269903  1.35453319  0.06211725  0.03428586 -0.02000028]]
[[-2.27452645  0.43331251  0.6661521   0.08978437  0.0054653  -0.02115469]]
[[-2.38448034  0.4303973   1.01438806  0.11896427  0.03420832 -0.01658636]]
[[-2.48597586  0.35957156  1.52820674  0.12611046  0.0573865  -0.00999144]]
[[-2.51923843  0.28580535  1.88429803  0.12007     0.06592526 -0.00590865]]
[[-2.54394347  0.19657902  2.2208702   0.10033208  0.06900197 -0.00660741]]
[[-2.6409915   0.17553818  2.5301754   0.10404038  0.08496433 -0.00428665]]
[[-2.68066203e+00  1.87693207e-01  2.60959038e+00  1.14144562e-01
   9.33983249e-02 -1.22357986e-03]]
[[-2.71419655e+00  1.50999856e-01  2.65687052e+00  1.11714755e-01
   1.01141929e-01 -2.38726720e-04]]
[[-2.79398896e+00  7.09103557e-02  2.80808189e+00  9.51748302e-02
   1.13653352e-01 -2.36727908e-03]]
[[-2.84646901e+00  1.59415137e-01  2.86424255e+00  1.14620088e-01
   1.25394411e-01  1.96297322e-03]]
[[-2.75470102  0.17865589  2.7720032   0.11190556  0.11342814  0.00305977]]
[[-2.76141972  0.2366003   2.86016726  0.12291988  0.11387385  0.00586405]]
[[-2.82249795  0.20742389  3.1686186   0.11464197  0.11957928  0.00717551]]
[[-2.74220925  0.15827109  3.18637523  0.10226136  0.1072242   0.00906827]]
[[-2.67416582  0.1779876   2.990236    0.10266993  0.09965892  0.00799265]]
[[-2.63733093  0.19170951  2.85908723  0.10371646  0.09576692  0.00715454]]
[[-2.60974418  0.20092375  2.77798988  0.1039796   0.0926792   0.00655832]]
[[-2.65102967  0.26057197  2.76307941  0.12368708  0.10093888  0.00918567]]
[[-2.87693764  0.33286316  2.96329162  0.14500641  0.13065363  0.00773687]]
[[-2.91247949e+00  3.56054012e-01  2.80208720e+00  1.46263592e-01
   1.31924243e-01  2.88260962e-03]]
[[-2.92172253e+00  3.64952595e-01  2.67328103e+00  1.46551746e-01
   1.33264685e-01  9.30309043e-04]]
[[-2.92560938e+00  3.73363225e-01  2.65219995e+00  1.44565394e-01
   1.32464981e-01 -6.08299284e-04]]
[[-2.80651167e+00  3.34347969e-01  2.61938509e+00  1.33953745e-01
   1.18230387e-01  1.51406020e-03]]
[[-2.724637    0.30475259  2.6145275   0.12514724  0.10834315  0.00288626]]
[[-2.67054361  0.28438137  2.60768298  0.11919457  0.10172541  0.00374552]]
[[-2.63161978  0.27056999  2.60517361  0.11537873  0.09724963  0.00443145]]
[[-2.60774083  0.25867173  2.60520584  0.11248477  0.09420252  0.00478579]]
[[-2.59095611  0.25328554  2.61021457  0.11060551  0.09218654  0.00514378]]
[[-2.5783415   0.25118248  2.61146589  0.10937759  0.09071686  0.0053494 ]]
[[-2.56866512  0.24934337  2.61184053  0.10855405  0.08976088  0.0054828 ]]
[[-2.56306933  0.24754937  2.61539404  0.10776872  0.0890844   0.00551522]]
[[-2.55881431  0.24355463  2.61868682  0.10731502  0.08865139  0.00553969]]
[[-2.55585346  0.24261972  2.61792794  0.10718958  0.08838334  0.00565474]]
[[-2.55399904  0.24191841  2.61558413  0.10692672  0.08809858  0.00569851]]
[[-2.55101037  0.2397965   2.6179085   0.10674824  0.08799091  0.00567407]]
[[-2.54891507  0.23978739  2.62064439  0.1066411   0.08789629  0.00568414]]
[[-2.54809528  0.24272095  2.62164845  0.10670053  0.08783108  0.00572425]]
[[-2.54903758  0.24155347  2.62551329  0.10654139  0.08780213  0.00574135]]
[[-2.55062889  0.24073587  2.62773102  0.1064793   0.08775742  0.00572769]]
[[-2.55010011  0.24246782  2.62864946  0.10653229  0.08775647  0.00580139]]
[[-2.54666059  0.24295246  2.63208619  0.10661488  0.08776263  0.00587488]]
[[-2.54845712  0.24364523  2.63676281  0.10650504  0.08773318  0.00580408]]
[[-2.54820298  0.24372467  2.63666618  0.10650788  0.08771609  0.0057457 ]]
[[-2.54548312  0.2437692   2.63862704  0.10662113  0.08767888  0.00578887]]
[[-2.54742287  0.24592908  2.63891813  0.10656798  0.08767525  0.00576813]]
[[-2.54575975  0.24509984  2.64031375  0.10643551  0.08768799  0.00570849]]
[[-2.54563631  0.24580288  2.64176271  0.10660555  0.08768031  0.00567851]]
[[-2.54518473  0.2456      2.63849442  0.10661109  0.08765342  0.00570726]]
[[-2.54482335  0.24637191  2.64181646  0.10645233  0.08762987  0.00564475]]
[[-2.54616542  0.24540655  2.64273985  0.1064713   0.08763781  0.00563282]]
[[-2.54483492  0.24890208  2.64476441  0.10659722  0.08764357  0.00563393]]
[[-2.5432032   0.2493214   2.64535812  0.10655312  0.08763061  0.00563977]]
[[-2.54165576  0.24554914  2.64662452  0.10646521  0.087631    0.00566558]]
[[-2.54180064  0.24775136  2.64954218  0.10658276  0.08765761  0.00564111]]
[[-2.5401486   0.24898678  2.64794501  0.10661113  0.08768896  0.00568099]]
[[-2.53932694  0.24657861  2.65051562  0.10652612  0.08764486  0.00568967]]
[[-2.54100773  0.24573155  2.65129428  0.10649417  0.08760751  0.00572855]]
[[-2.54212296  0.24689584  2.65093236  0.10662421  0.08766175  0.00571614]]
[[-2.53936091  0.24641225  2.65403542  0.10657794  0.08768619  0.00570367]]
[[-2.53792933  0.24532412  2.65855671  0.10637576  0.08762862  0.00566528]]
[[-2.53644962  0.24732854  2.66057837  0.10657336  0.08762564  0.00572355]]
[[-2.53535567  0.24897293  2.66600357  0.10658711  0.08767009  0.00569595]]
[[-2.53564043  0.24750889  2.66869752  0.10645078  0.0877108   0.00570618]]
[[-2.57581462  0.20580066  2.82558631  0.09894151  0.09146212  0.00569858]]
[[-2.88948854  0.1462143   3.38032143  0.06674732  0.12143139 -0.01806933]]
[[-3.3131402  -0.01220404  4.13865445  0.01345161  0.15420628 -0.05527698]]
[[-3.57683006 -0.2509513   4.73804323 -0.05849678  0.17288542 -0.08514653]]
[[-4.06609013 -0.47194004  5.83689004 -0.14514883  0.22020977 -0.10463001]]
[[-4.24688955 -0.7309389   6.42845606 -0.27070515  0.22498895 -0.10053935]]
[[-4.11149703 -0.94307446  6.29134397 -0.34978115  0.21145883 -0.07681917]]
[[-4.00203363 -1.1587153   6.47815513 -0.42214495  0.22652076 -0.04513341]]
[[-3.77102612 -0.34047712  5.63160998 -0.31985456  0.23038935 -0.02312936]]
[[-3.29689158e+00  4.06874864e-01  4.38641344e+00 -1.98452955e-01
   1.95346978e-01 -4.83675371e-04]]
[[-3.0290622   0.85353762  3.78575457 -0.13467448  0.17338882  0.01078783]]
[[-3.25065357e+00  1.08650132e+00  4.29097633e+00 -1.24961653e-01
   2.03214705e-01  2.21069172e-03]]
[[-3.64048003  1.13417759  5.21275852 -0.15403036  0.25346747 -0.00704918]]
[[-3.94853633  1.41464304  5.77962155 -0.07874555  0.31020114  0.00851378]]
[[-3.36894601  1.54355745  4.56990644 -0.03110311  0.24676332  0.0212666 ]]
[[-2.31274117  1.13138553  2.27397943 -0.00874772  0.10159164  0.03254809]]
[[-2.55048195  1.00938747  2.43314922  0.0126076   0.11005586  0.0272884 ]]
[[-2.56276412e+00  8.24373925e-01  2.27536670e+00 -1.85766924e-03
   9.70933587e-02  2.13239045e-02]]
[[-2.0993257   0.69500547  1.21172367  0.02086907  0.02253412  0.02976626]]
[[-2.12127634  0.56635859  1.09088501  0.02697079  0.02550044  0.03426251]]
[[-2.29299744  0.5738496   1.49027957  0.03779405  0.03969412  0.03101405]]
[[-2.51657286  0.65072987  1.80775654  0.06555808  0.06468656  0.02838234]]
[[-2.79317458  0.53134461  2.23212387  0.04161348  0.10802021  0.02591567]]
[[-2.67256473  0.67632659  1.79037753  0.08878718  0.10515711  0.03606882]]
[[-2.35668991  0.52922436  1.3071867   0.06270928  0.06728774  0.03449123]]
[[-2.47851442  0.64535319  1.59055773  0.07576803  0.07569227  0.03112613]]
[[-2.56837769  0.70748221  1.84372253  0.0807785   0.08176189  0.02919194]]
[[-2.62978716  0.75329048  2.009224    0.08486831  0.08600118  0.0280505 ]]
[[-2.66757561  0.78014953  2.1234318   0.08699338  0.08873063  0.02718212]]
[[-2.69597094  0.7983429   2.19649317  0.08872422  0.09060709  0.02657561]]
[[-2.71617208  0.81450707  2.25349017  0.08996466  0.09198274  0.02621287]]
[[-2.72744647  0.82614129  2.2910877   0.09079523  0.0928447   0.02598085]]
[[-2.73522565  0.83194275  2.31870569  0.09130588  0.093463    0.02581644]]
[[-2.74231536  0.83717326  2.33736232  0.09162201  0.09391274  0.02568109]]
[[-2.74291369  0.84222201  2.35082289  0.09198912  0.09426634  0.02567189]]
[[-2.74480849  0.844172    2.36006898  0.09214121  0.09453938  0.02554804]]
[[-2.74424692  0.84541123  2.36676462  0.09218096  0.09464892  0.0255439 ]]
[[-2.74628582  0.84612154  2.37058848  0.09227862  0.09470446  0.02551276]]
[[-2.74783164  0.84681023  2.37442619  0.0925071   0.09479411  0.02546892]]
[[-2.74866655  0.8460229   2.3741571   0.092388    0.09474236  0.02547552]]
[[-2.75008004  0.84616415  2.37621471  0.09232476  0.0947622   0.0254611 ]]
[[-2.74989807  0.84655966  2.37746352  0.09244584  0.09482066  0.02546315]]
[[-2.74922181  0.84741032  2.37955156  0.09248972  0.09489145  0.0254933 ]]
[[-2.74878857  0.84718328  2.38238484  0.09237173  0.094871    0.02548232]]
[[-2.74664871  0.84968788  2.38474065  0.09232779  0.09489131  0.02543709]]
[[-2.74564355  0.84987324  2.38685248  0.09239649  0.0948807   0.02544541]]
[[-2.74441843  0.85085957  2.38964725  0.0923709   0.09495764  0.02544315]]
[[-2.74516111  0.85233695  2.39209142  0.09228735  0.09493576  0.02540117]]
[[-2.7446955   0.85304669  2.3938861   0.09218017  0.0949724   0.02541316]]
[[-2.74280204  0.85287756  2.3959572   0.0923711   0.09503457  0.02546343]]
[[-2.7418118   0.8527667   2.39625527  0.0923404   0.09501368  0.0254659 ]]
[[-2.74240976  0.85297161  2.39731744  0.09224706  0.09496743  0.02548289]]
[[-2.74052676  0.85388601  2.39947541  0.0923311   0.09501988  0.02549449]]
[[-2.73860845  0.85536282  2.40129746  0.09233973  0.09498803  0.02549601]]
[[-2.74078274  0.85649072  2.40216497  0.09232839  0.09497835  0.0254185 ]]
[[-2.73998087  0.85592558  2.40405535  0.09230849  0.09500248  0.02539408]]
[[-2.73917185  0.85627448  2.40420328  0.09239623  0.09499088  0.0253778 ]]
[[-2.73610726  0.85772252  2.4056872   0.09235315  0.09499902  0.0254421 ]]
[[-2.73636061  0.85594428  2.40788336  0.09228879  0.09490568  0.02544268]]
[[-2.73853893  0.85492369  2.40807587  0.09238631  0.0949507   0.02544415]]
[[-2.74032291  0.85431469  2.40695373  0.09230544  0.09485114  0.02542088]]
[[-2.73862214  0.85603167  2.40953355  0.09225757  0.09479035  0.0254085 ]]
[[-2.7393233   0.85589299  2.41321616  0.09227366  0.0948976   0.02543458]]
[[-2.73803475  0.8559644   2.41376129  0.09234093  0.09490567  0.02550752]]
[[-2.73714438  0.85711516  2.41525543  0.09239704  0.09487404  0.02553617]]
[[-2.73703197  0.85766817  2.41687821  0.09234242  0.09487376  0.02546486]]
[[-2.73575129  0.85665538  2.42132046  0.09233968  0.09487879  0.02549335]]
[[-2.73759737  0.85753072  2.42413644  0.09236589  0.09481786  0.02550608]]
[[-2.73953536  0.85930357  2.42647031  0.09239393  0.09478004  0.02546122]]
[[-2.73962585  0.85982801  2.42962988  0.09224501  0.09473927  0.02551119]]
[[-2.74001654  0.86054821  2.43098218  0.09236959  0.09478932  0.02551525]]
[[-2.73935321  0.86063686  2.43493851  0.0923845   0.09474896  0.02553193]]
[[-2.73778141  0.86078566  2.43758069  0.09234891  0.09477948  0.02550921]]
[[-2.73586264  0.86317475  2.4392918   0.09234975  0.09480563  0.02554773]]
[[-2.73426465  0.86142832  2.43859942  0.09243835  0.09476018  0.02556068]]
[[-2.73540498  0.86107729  2.44047337  0.09247642  0.09476083  0.02547613]]
[[-2.7330482   0.86054587  2.44351403  0.0923707   0.09473695  0.02552509]]
[[-2.73416318  0.86221179  2.44715296  0.09241464  0.09476375  0.02556374]]
[[-2.73411395  0.86373355  2.44891338  0.09249918  0.09471017  0.02561755]]
[[-2.7350139   0.86440699  2.44965681  0.09244541  0.09470086  0.02565691]]
[[-2.73355361  0.86537875  2.45257699  0.09249227  0.09471886  0.02565229]]
[[-2.73310709  0.86592462  2.45741882  0.09249368  0.09478459  0.02567372]]
[[-2.73470298  0.86642573  2.45851175  0.09253614  0.09474045  0.02566491]]
[[-2.73295777  0.86747347  2.4609013   0.09247321  0.09473311  0.02563142]]
[[-2.73159136  0.8688979   2.46436431  0.09250474  0.09472088  0.02559995]]
[[-2.73111581  0.8685326   2.46605619  0.09256506  0.09469374  0.02567037]]
[[-2.73278549  0.86796072  2.46910887  0.09262044  0.09470759  0.02565991]]
[[-2.73312544  0.86920602  2.47373343  0.09258945  0.09467557  0.02568623]]
[[-2.73301093  0.8695769   2.47499629  0.09258792  0.0946956   0.02568811]]
[[-2.73448544  0.86907316  2.47753186  0.09263617  0.09463766  0.02566739]]
[[-2.73343026  0.8705965   2.48105095  0.09261357  0.09462153  0.02565177]]
[[-2.73473669  0.87063283  2.48178844  0.09261623  0.09458584  0.02564633]]
[[-2.7350122   0.87185608  2.48542422  0.09268501  0.09455951  0.02567321]]
[[-2.73664799  0.8727618   2.48611138  0.0927724   0.09453419  0.02570961]]
[[-2.73769033  0.87450965  2.49008523  0.09273752  0.09451256  0.02565038]]
[[-2.73865268  0.87403078  2.49216155  0.09275373  0.09450167  0.02574386]]
[[-2.7389311   0.87462383  2.49495884  0.09275655  0.094448    0.02571341]]
[[-2.73862338  0.87512     2.49621227  0.09270924  0.09441901  0.0257606 ]]
[[-2.7388542   0.87562253  2.49955672  0.09270039  0.09440501  0.02578155]]
[[-2.73885022  0.87400614  2.50349377  0.09280574  0.09443819  0.0257529 ]]
[[-2.73648607  0.87435131  2.50614767  0.09280476  0.09440353  0.02577554]]
[[-2.73971525  0.87274081  2.50970516  0.09278275  0.09438737  0.02575549]]
[[-2.73914158  0.8735972   2.51046488  0.09289081  0.09439544  0.02580714]]
[[-2.73924171  0.87419235  2.51503437  0.09295051  0.09442858  0.02576274]]
[[-2.73969032  0.87490099  2.5193493   0.09288924  0.09441577  0.02578749]]
[[-2.73867475  0.87591887  2.52382317  0.09284303  0.09440769  0.02581405]]
[[-2.73882342  0.87839113  2.52331618  0.09292859  0.09440443  0.0258142 ]]
[[-2.73807889  0.87954253  2.526836    0.09293418  0.09439998  0.02582056]]
[[-2.73859048  0.87862759  2.52916769  0.09289738  0.09433933  0.02573105]]
[[-2.74062989  0.88063667  2.52974653  0.09291061  0.09430715  0.02569218]]
[[-2.73690854  0.88100499  2.53176104  0.09304323  0.0943789   0.02571014]]
[[-2.7365429   0.87990717  2.53440143  0.09295866  0.09438525  0.02569556]]
[[-2.73766117  0.88046901  2.53513121  0.0928989   0.0943606   0.02575112]]
[[-2.7370431   0.88269073  2.53775052  0.09299402  0.09441133  0.02576119]]
[[-2.73813341  0.88389019  2.53914172  0.09300907  0.09440594  0.02582764]]
[[-2.73880179  0.88296347  2.54338001  0.09286499  0.09439651  0.0258355 ]]
[[-2.73929602  0.88369028  2.54385639  0.09296981  0.09435677  0.02583812]]
[[-2.73813178  0.88313349  2.54445031  0.0930635   0.09439634  0.02588359]]
[[-2.73852008  0.88142172  2.54901996  0.09295665  0.09440569  0.02583539]]
[[-2.73559405  0.88200031  2.55161496  0.09296137  0.09442232  0.02578323]]
[[-2.73540604  0.8848854   2.5528024   0.09305435  0.09438844  0.02576239]]
[[-2.73540751  0.88250522  2.55516452  0.09299057  0.0943944   0.02584736]]
[[-2.73725435  0.88236424  2.55857682  0.09299101  0.09439677  0.02583524]]
[[-2.73874803  0.88443134  2.56048597  0.09294902  0.09439298  0.02583305]]
[[-2.73756524  0.88663703  2.56317915  0.09298453  0.09441733  0.02589655]]
[[-2.73528651  0.88837126  2.56494221  0.09293474  0.09442744  0.02584434]]
[[-2.73577853  0.88700676  2.56634613  0.09285249  0.09444092  0.02577691]]
[[-2.73537776  0.8863914   2.56665345  0.09294256  0.09445387  0.02578028]]
[[-2.73585909  0.88832252  2.57017835  0.09303082  0.09446206  0.02577585]]
[[-2.73433071  0.88705362  2.57296088  0.09287436  0.09441269  0.02569737]]
[[-2.73669692  0.88738002  2.57516129  0.09285261  0.09438384  0.02574867]]
[[-2.73518762  0.88858055  2.57576543  0.09286685  0.09438321  0.02575858]]
[[-2.73732745  0.88991236  2.57856528  0.09293765  0.0944302   0.02583076]]
[[-2.73550827  0.8898443   2.58145597  0.09277069  0.09442714  0.02574603]]
[[-2.73311585  0.88948325  2.5853818   0.09278854  0.09453181  0.02577387]]
[[-2.73253888  0.88944037  2.58611824  0.09293827  0.09454909  0.02572716]]
[[-2.73240998  0.89055865  2.58783892  0.09287851  0.09451818  0.02576325]]
[[-2.73369892  0.89267646  2.59113341  0.09271137  0.09446446  0.02576895]]
[[-2.7339752   0.89182486  2.59512145  0.09278637  0.09445994  0.02571623]]
[[-2.7327774   0.89391631  2.59611354  0.09286426  0.09450837  0.02574627]]
[[-2.73347171  0.89516747  2.59715502  0.09274037  0.09449526  0.02570121]]
[[-2.73414502  0.89721517  2.60083343  0.09270212  0.09446955  0.02575028]]
[[-2.73367209  0.89813568  2.60168578  0.09279762  0.09452226  0.02578404]]
[[-2.73108006  0.89650689  2.60384648  0.09284996  0.09452815  0.0258245 ]]
[[-2.73215423  0.89670881  2.60715848  0.0927451   0.09452804  0.02571869]]
[[-2.73168013  0.89770873  2.610274    0.0928575   0.09454806  0.02573611]]
[[-2.7319985   0.89989124  2.61098598  0.0930068   0.09457884  0.02578738]]
[[-2.73178208  0.90083362  2.61387262  0.09295286  0.09457156  0.02581085]]
[[-2.73050868  0.9004983   2.61513527  0.0928915   0.09457593  0.02583745]]
[[-2.73282457  0.90326642  2.61829892  0.09300617  0.09456789  0.02588887]]
[[-2.73271721  0.90469484  2.62100703  0.09303812  0.09467303  0.0259739 ]]
[[-2.7355922   0.90583401  2.62384786  0.09278313  0.09465872  0.0260459 ]]
[[-2.73743186  0.90935804  2.6239295   0.09277936  0.09462688  0.02612919]]
[[-2.73702619  0.91090382  2.62483113  0.0929284   0.09474264  0.0261677 ]]
[[-2.73464675  0.91258819  2.62870306  0.09284131  0.09471808  0.02614251]]
[[-2.7361025   0.91124913  2.6304848   0.09271211  0.09474103  0.02622498]]
[[-2.73827097  0.91108118  2.62936049  0.09280314  0.09472827  0.02625204]]
[[-2.73811632  0.91267197  2.63086991  0.09274482  0.0946585   0.02630762]]
[[-2.73885115  0.91241679  2.63290598  0.09269119  0.09472317  0.02630346]]
[[-2.73912182  0.91353734  2.63653118  0.09256527  0.09471415  0.02630197]]
[[-2.74226778  0.91651938  2.63515954  0.09263773  0.09477633  0.02641979]]
[[-2.74448761  0.92299144  2.63251866  0.0924454   0.0948249   0.02664516]]
[[-2.74626262  0.92364636  2.63372349  0.09229892  0.09487393  0.0268459 ]]
[[-2.7464366   0.92592747  2.63689185  0.09224019  0.09493368  0.02691739]]
[[-2.74734583  0.9282804   2.63618474  0.09229463  0.09490606  0.02696557]]
[[-2.74916363  0.93000999  2.63882066  0.09224089  0.09492831  0.02698323]]
[[-2.74909552  0.928914    2.63980897  0.09211706  0.09489334  0.02699783]]
[[-2.75070108  0.93031759  2.63975524  0.09223823  0.09489085  0.02698611]]
[[-2.75068654  0.93082761  2.64270742  0.09219273  0.09489546  0.02701062]]
[[-2.75194048  0.93140146  2.64255824  0.09223886  0.09487305  0.02700714]]
[[-2.75432429  0.93323109  2.64378409  0.09214531  0.09486586  0.02697826]]
[[-2.75526439  0.93381257  2.64551643  0.09221903  0.09487549  0.02694166]]
[[-2.75365183  0.93362605  2.64474658  0.09221211  0.09487422  0.02695789]]
[[-2.75419524  0.93255156  2.64440214  0.0920374   0.09486899  0.02694418]]
[[-2.75277006  0.93233537  2.6461566   0.09208646  0.09492387  0.02690146]]
[[-2.75467573  0.93555916  2.64537622  0.09229561  0.09496545  0.0269841 ]]
[[-2.75424349  0.93336275  2.64591588  0.0921072   0.0949494   0.02703383]]
[[-2.75399654  0.93123327  2.64917618  0.09201479  0.09497671  0.02700272]]
[[-2.75481911  0.93149595  2.64999923  0.09208     0.09494041  0.02707628]]
[[-2.75081233  0.93171988  2.65333661  0.09210627  0.09499426  0.02705735]]
[[-2.74805219  0.93359445  2.65457514  0.09207409  0.09498589  0.02700596]]
[[-2.74876098  0.93231224  2.6588315   0.09191713  0.09503919  0.02693014]]
[[-2.74745509  0.93381595  2.66000696  0.09210283  0.09508852  0.02700048]]
[[-2.74887896  0.93205334  2.66009218  0.09209512  0.09510724  0.02699918]]
[[-2.74925206  0.93192387  2.65988513  0.09196199  0.0950857   0.02697389]]
[[-2.74970147  0.93385822  2.66119192  0.09200058  0.09508121  0.0269568 ]]
[[-2.74872465  0.93549415  2.6636577   0.09209068  0.09512841  0.02695012]]
[[-2.74908728  0.93876481  2.66715142  0.09203862  0.09513312  0.02691624]]
[[-2.74973147  0.93892805  2.66908098  0.09189866  0.0951351   0.0268684 ]]
[[-2.74982303  0.93863182  2.67132842  0.09196728  0.09517496  0.02694091]]
[[-2.7497573   0.93864016  2.67230619  0.09197978  0.09519398  0.0269632 ]]
[[-2.74950441  0.94018631  2.67083342  0.09199288  0.09517459  0.02696322]]
[[-2.74990004  0.93877051  2.67317682  0.09185716  0.09512008  0.026971  ]]
[[-2.75007533  0.94012016  2.67370174  0.09196826  0.09513982  0.02698476]]
[[-2.74829528  0.94000122  2.67380553  0.09199682  0.09516871  0.02700572]]
[[-2.74764173  0.93944067  2.67836126  0.09193733  0.09516791  0.0269455 ]]
[[-2.74844249  0.94211587  2.68069234  0.09195091  0.09522344  0.02695528]]
[[-2.74564346  0.94116873  2.68105581  0.09203799  0.09523011  0.02698398]]
[[-2.74391379  0.93910904  2.68058616  0.09204551  0.09514554  0.02697664]]
[[-2.73898073  0.93412532  2.68648642  0.09213231  0.09513316  0.02683779]]
[[-2.73383464  0.92846938  2.69396803  0.09232642  0.09495292  0.02653624]]
[[-2.73017008  0.92616489  2.7000091   0.09249095  0.0950328   0.02637289]]
[[-2.72635114  0.92177019  2.70638931  0.09242224  0.09495675  0.02622895]]
[[-2.72051628  0.91501001  2.71634018  0.09251007  0.09480307  0.02587061]]
[[-2.70027021  0.894274    2.73754542  0.09339602  0.09450314  0.02469114]]
[[-2.69988068  0.89242287  2.7440972   0.09340987  0.09448598  0.02460743]]
[[-2.70072507  0.89313893  2.74358563  0.09314943  0.09446377  0.0246535 ]]
[[-2.70232451  0.89398682  2.74216161  0.09316913  0.09448875  0.02466759]]
[[-2.70303483  0.8962809   2.74322883  0.09318254  0.09456811  0.02485515]]
[[-2.70544188  0.89824174  2.7427393   0.09309467  0.09461555  0.02500433]]
[[-2.70732247  0.90029587  2.74435545  0.09298526  0.09462457  0.02505436]]
[[-2.70927456  0.90168662  2.74659877  0.0930023   0.09466437  0.02513502]]
[[-2.70923869  0.90338218  2.74742845  0.09307174  0.09470344  0.02517456]]
[[-2.70872697  0.90414876  2.7488274   0.09300343  0.0947184   0.02522119]]
[[-2.70986876  0.90491443  2.75007883  0.09293915  0.09469792  0.02520974]]
[[-2.70902827  0.90509616  2.75142919  0.09288571  0.09477455  0.02526679]]
[[-2.7099333   0.90693744  2.75086977  0.09305141  0.0947838   0.02531708]]
[[-2.70896986  0.90689543  2.75149358  0.09281996  0.09473932  0.02530174]]
[[-2.70870618  0.90704539  2.75504669  0.09276617  0.09477768  0.02530431]]
[[-2.7095181   0.90881727  2.75440787  0.09291946  0.0947984   0.02529641]]
[[-2.70843996  0.9089553   2.75264186  0.09282833  0.09476211  0.02524142]]
[[-2.70920375  0.90818935  2.754178    0.09263882  0.09475593  0.0252471 ]]
[[-2.7093659   0.90864049  2.75472907  0.09266263  0.09474488  0.02521629]]
[[-2.70924441  0.90997751  2.75408476  0.09275969  0.09476364  0.02524883]]
[[-2.71070067  0.9091794   2.75715851  0.09258834  0.09471132  0.02519468]]
[[-2.71290792  0.90936131  2.76153049  0.09257878  0.09474062  0.02515731]]
[[-2.7119117   0.90890006  2.76171752  0.09270905  0.09473014  0.02521508]]
[[-2.71105974  0.90901694  2.76378895  0.09268277  0.09472132  0.02515289]]
[[-2.71286764  0.90958481  2.76578229  0.09261547  0.09475372  0.02518999]]
[[-2.71515547  0.9086543   2.76664058  0.09256521  0.09477874  0.02516702]]
[[-2.71458155  0.91092937  2.7660511   0.09261644  0.09479062  0.02515508]]
[[-2.71329801  0.90968324  2.76635023  0.09257919  0.09472918  0.0251975 ]]
[[-2.71285567  0.91138633  2.77231632  0.09234545  0.09474601  0.02513797]]
[[-2.71167104  0.91144198  2.77315312  0.09238836  0.09477741  0.02516474]]
[[-2.71171487  0.9113129   2.77603537  0.09248762  0.09484781  0.02518149]]
[[-2.7137324   0.91403966  2.77624965  0.09237277  0.09478319  0.0250952 ]]
[[-2.71369727  0.91348493  2.77520357  0.09231055  0.09473918  0.02508742]]
[[-2.71402176  0.91316711  2.77702664  0.09242779  0.09482223  0.02515017]]
[[-2.71259949  0.91397169  2.77743039  0.09242953  0.09479653  0.02519978]]
[[-2.71103638  0.91261082  2.78165121  0.09238366  0.09478513  0.02519216]]
[[-2.71099264  0.91179261  2.78518212  0.09239641  0.09486631  0.02519482]]
[[-2.71029089  0.91525034  2.78386937  0.09263999  0.09483088  0.0252292 ]]
[[-2.71110186  0.91453863  2.78339204  0.09245036  0.09483809  0.0252426 ]]
[[-2.71211271  0.91515758  2.78793454  0.09225604  0.09486473  0.02512798]]
[[-2.71347686  0.91733222  2.78972488  0.09231361  0.09483679  0.02514856]]
