[[0. 0. 0. 0. 0. 0.]]
[[ 3.44038395e-03 -2.83578744e-03 -6.30323583e-03  1.36531343e-04
   1.76970026e-05 -5.91862192e-05]]
[[ 8.03718279e-04 -2.96663005e-03 -7.92520126e-03  1.81921293e-04
  -1.61314321e-05 -4.00676942e-05]]
[[ 3.07768493e-03 -2.29069673e-03 -9.41309922e-03  2.25896396e-04
  -6.39390065e-05 -5.80053581e-05]]
[[ 3.95781722e-03 -3.12795418e-03 -1.12041590e-02  1.40345587e-04
   3.91592753e-05 -3.20728434e-05]]
[[ 3.81461939e-03 -2.14803736e-03 -1.19788033e-02  6.81871575e-05
   4.98202113e-05 -4.44348747e-05]]
[[ 5.64081096e-03 -1.27941007e-03 -1.28416475e-02  1.71806939e-04
   1.13280159e-06 -1.50363773e-05]]
[[ 5.65019430e-03 -2.84365588e-04 -1.27921722e-02  3.33227253e-04
  -8.40587388e-05 -1.14484611e-04]]
[[ 6.17333570e-03 -2.00491909e-03 -1.20328394e-02  1.72755796e-04
  -7.19638447e-05 -5.23224629e-05]]
[[ 5.49155071e-03 -2.75586780e-03 -1.19144200e-02  1.50350888e-04
  -2.10009556e-05 -1.32502982e-05]]
[[ 4.85044322e-03 -4.62130556e-03 -1.10645960e-02  1.12556388e-04
  -6.90765521e-05 -4.36519124e-05]]
[[ 4.33708715e-03 -4.64007753e-03 -1.11154608e-02  2.37700490e-04
  -1.62178826e-04 -2.53279588e-05]]
[[ 3.69696535e-03 -4.50024053e-03 -8.11616981e-03  2.52042959e-04
  -2.52830559e-04 -2.75872223e-05]]
[[ 0.00606362 -0.00557061 -0.00838377  0.00029417 -0.00126015 -0.00010816]]
[[ 0.01191028 -0.00708477 -0.00957195 -0.00201416 -0.00538363 -0.00023327]]
[[ 0.00615871  0.00304637 -0.00821487  0.00643651 -0.0014006  -0.0032759 ]]
[[-0.00088428 -0.00575841 -0.00785662 -0.00601201  0.00206278  0.0004214 ]]
[[-0.00300744  0.00173759 -0.00959483  0.00442271 -0.00456715 -0.0021473 ]]
[[-0.01405855  0.00322245 -0.00829025  0.00456425  0.00140926  0.00117736]]
[[-0.00621814 -0.00386513 -0.00592667  0.00257379 -0.00978369  0.00118981]]
[[-0.01564677  0.00073585 -0.01004507  0.0056263  -0.00257145  0.00109722]]
[[-0.02352204 -0.00027188 -0.01410206 -0.00277037  0.00582333 -0.00156622]]
[[-0.0189201   0.00335562 -0.01809092  0.00566039 -0.00385949 -0.00161015]]
[[-0.01572413  0.00465625 -0.01967596  0.00603745 -0.00514014 -0.00183826]]
[[-1.48909549e-02  2.58773624e-05 -1.91739969e-02  3.48534862e-03
  -5.74059847e-03 -9.72345189e-04]]
[[-0.02348489 -0.01446415 -0.01519283 -0.01301773  0.00623408  0.00110149]]
[[-0.01179298  0.0004147  -0.02241541  0.00644628 -0.00807602 -0.00093591]]
[[-0.00817475  0.00310438 -0.01938173  0.00617107 -0.0101069  -0.00186179]]
[[-0.0271665  -0.00609243 -0.01535647  0.00260828  0.00406219  0.00171731]]
[[-0.01657795 -0.01892976 -0.01190774 -0.0175179   0.00075812  0.00079052]]
[[-0.01520971  0.00219957 -0.0130954   0.00567041 -0.00509486 -0.00021906]]
[[-0.02005485  0.00250404 -0.01054979  0.00444865 -0.0008238  -0.00122063]]
[[-0.02181242 -0.02637384 -0.01067151 -0.02573922  0.00884804  0.00152347]]
[[-0.02670035 -0.0086895  -0.01063545 -0.00561729  0.00650645  0.00161302]]
[[-0.01662949 -0.004545   -0.0170225  -0.00191759 -0.00311523  0.00137849]]
[[-0.01652341 -0.014169   -0.0177928  -0.01445768 -0.00127358  0.00171244]]
[[-0.02039049 -0.0182427  -0.01996048 -0.01826908  0.00163166  0.00119816]]
[[-0.01859298 -0.00099884 -0.01984281  0.00019601 -0.00370283 -0.00017206]]
[[-0.02232366 -0.00103071 -0.01923436 -0.01049412  0.00435267  0.00074507]]
[[-0.01787232 -0.00418788 -0.02190707 -0.01464675  0.00452588  0.00275326]]
[[-0.01390755 -0.00463996 -0.02230809 -0.0116844  -0.00021146  0.00208233]]
[[-0.01764131  0.00680996 -0.02309219 -0.00626097  0.00531946 -0.00034792]]
[[-0.01897539 -0.01055106 -0.01258366 -0.01125554  0.0075235   0.00248445]]
[[-0.00875754 -0.01826995 -0.01968446 -0.0292403   0.00489942  0.00227621]]
[[-0.00818955 -0.01446612 -0.01833096 -0.01070561 -0.00351462  0.00211905]]
[[-0.02123129 -0.01256225 -0.0171159  -0.00690433  0.00513153 -0.00076457]]
[[-0.01433587 -0.03444947 -0.01641798 -0.02950582  0.00786354  0.00307054]]
[[-0.01242854 -0.01660272 -0.02137376 -0.02001836  0.00209164  0.00149235]]
[[-0.00546201 -0.01805407 -0.0181183  -0.01324441 -0.00464644  0.00284807]]
[[-0.01262073 -0.03017075 -0.01511564 -0.01748199 -0.00100797  0.00075482]]
[[-0.01515199 -0.03420027 -0.02030228 -0.02697957  0.0046339   0.00292231]]
[[-0.00671691 -0.01617373 -0.00435506 -0.01837564  0.00011533  0.0004492 ]]
[[ 0.00174022 -0.02218063 -0.03214054 -0.00867244 -0.01365228  0.00182791]]
[[-0.00694368 -0.02729864 -0.02910171 -0.02471355  0.00098086  0.00229943]]
[[-0.0034932  -0.04593717 -0.0276755  -0.0300704  -0.00243387  0.00404086]]
[[-0.00461602 -0.02041423 -0.02970225 -0.00990223 -0.00591801 -0.00060323]]
[[-0.00278877 -0.02041362 -0.03346911 -0.01163528 -0.00786931  0.00035285]]
[[-0.00295316 -0.03705965 -0.02811998 -0.02825652 -0.00391447  0.0013592 ]]
[[-0.00408317 -0.0478854  -0.03133337 -0.04884073  0.00435308  0.00462756]]
[[-0.00512618 -0.01559018 -0.0297924  -0.00473556 -0.00424338 -0.00080583]]
[[-0.00689622 -0.03314314 -0.03331202 -0.01873332 -0.0022302   0.00116012]]
[[ 0.00910243 -0.07260799 -0.02698269 -0.06321941 -0.00578712  0.00337762]]
[[ 0.003378   -0.04339818 -0.03203429 -0.03125384 -0.00713198  0.00063871]]
[[ 0.00384767 -0.01200483 -0.02767868 -0.01014596 -0.01294392 -0.00135736]]
[[-0.01092241 -0.04627258 -0.02746996 -0.03429617  0.00262313  0.00136542]]
[[-0.00650198 -0.07503858 -0.0240187  -0.06295493  0.00520968  0.00358808]]
[[ 0.00315609 -0.01922431 -0.03169305 -0.01418992 -0.01260223  0.00082643]]
[[ 0.00586537 -0.03271424 -0.0252632  -0.01754798 -0.01656867  0.00074551]]
[[-0.00727052 -0.06456307 -0.02696355 -0.05586258  0.00632708  0.00268041]]
[[-0.00933138 -0.06145227 -0.02997016 -0.04879512  0.00800577  0.00348361]]
[[-0.00234273 -0.00998025 -0.02738031 -0.00408314 -0.00856555 -0.00146436]]
[[-0.01069491 -0.04401688 -0.02633558 -0.03404962  0.00489387  0.00263723]]
[[-0.01251314 -0.08375919 -0.02448567 -0.06539012  0.01470933  0.00421759]]
[[-0.00152406 -0.05287024 -0.0278066  -0.04533523  0.00428479  0.00331013]]
[[-0.00424805 -0.01007475 -0.02075832  0.00469782 -0.00929614 -0.00207119]]
[[-0.01909856 -0.0599733  -0.01866729 -0.04201559  0.01483688  0.00268597]]
[[-0.01431032 -0.11495002 -0.02040208 -0.10304706  0.02930506  0.00705877]]
[[-0.0115739  -0.03480472 -0.03047135 -0.01260035 -0.00224415  0.00188018]]
[[-0.01812415 -0.00668484 -0.02176465  0.01313284 -0.00617282 -0.00205233]]
[[-0.02595105 -0.1113005  -0.01614969 -0.09003388  0.02820097  0.00697498]]
[[-0.02783569 -0.10423317 -0.01012384 -0.09347732  0.03246668  0.01062625]]
[[-0.02147311 -0.00271178 -0.01137186  0.02062339 -0.00536093 -0.00033711]]
[[-1.20471885e-02 -1.98380495e-02 -2.60993723e-02  2.85541805e-03
  -1.08220185e-02  7.02764720e-05]]
[[-0.01847421 -0.13301631 -0.01516793 -0.11739185  0.03206497  0.01018882]]
[[ 0.02076316 -0.09226548 -0.04821852 -0.08040277 -0.01432775  0.00843228]]
[[-0.03510685  0.00909362 -0.13846292 -0.00737191  0.03133963  0.00826568]]
[[-0.07251566 -0.06065398 -0.5084298  -0.17876292  0.13034396  0.04779712]]
[[ 0.06047666 -0.1187226  -1.02111413 -0.31875461  0.03214591  0.09340276]]
[[ 0.08861173 -0.02435943 -1.38562641 -0.22092022 -0.02429168  0.08600725]]
[[ 0.05415683  0.03389309 -1.60918445 -0.16784967 -0.01562869  0.07788243]]
[[ 0.07442425  0.03092481 -1.91294476 -0.17096548 -0.0738229   0.07857207]]
[[ 9.93227058e-02  2.79438794e-04 -2.17084487e+00 -1.83675184e-01
  -1.47927854e-01  7.55145597e-02]]
[[ 0.12309707 -0.04157567 -2.35828722 -0.25355804 -0.18002313  0.07849994]]
[[ 0.1336998  -0.09391323 -2.41588642 -0.30540999 -0.19947974  0.08775861]]
[[ 0.11313396 -0.13067692 -2.38285839 -0.35526914 -0.17086708  0.08472822]]
[[ 0.06936899 -0.1533131  -2.36486267 -0.39603084 -0.11458405  0.08831647]]
[[ 0.0701691  -0.16430613 -2.37281396 -0.42189659 -0.1094132   0.09334997]]
[[ 0.08523682 -0.19759016 -2.40920727 -0.45374003 -0.12310129  0.10613598]]
[[ 0.10851871 -0.22210959 -2.4556105  -0.49506808 -0.13472189  0.12093891]]
[[ 0.14628994 -0.23816137 -2.49241936 -0.50704714 -0.17260672  0.13729392]]
[[ 0.16494259 -0.21846962 -2.52820062 -0.46275152 -0.21001377  0.14767621]]
[[ 0.18259637 -0.20251353 -2.55255062 -0.44846948 -0.23204641  0.15469291]]
[[ 0.20648875 -0.22215705 -2.58215849 -0.46363569 -0.25790244  0.1681658 ]]
[[ 0.22647558 -0.25648732 -2.59026167 -0.50133034 -0.27036407  0.18372098]]
[[ 0.22532704 -0.24834285 -2.56872999 -0.49792732 -0.26701686  0.19440363]]
[[ 0.24112376 -0.25814193 -2.54389398 -0.48356171 -0.28712704  0.20698632]]
[[ 0.28581299 -0.26150016 -2.50830478 -0.47816229 -0.32778599  0.21517586]]
[[ 0.32372849 -0.25716407 -2.4220527  -0.48061007 -0.3524827   0.21312859]]
[[ 0.34360827 -0.29557245 -2.22997853 -0.47678121 -0.38376836  0.19895077]]
[[ 0.33224354 -0.31462144 -1.9930637  -0.45220352 -0.40170105  0.17729574]]
[[ 0.26624339 -0.32494716 -1.7662771  -0.42204868 -0.37450614  0.15163076]]
[[ 0.21970073 -0.32485822 -1.66924015 -0.39121729 -0.36566037  0.1219242 ]]
[[ 0.1895142  -0.33598706 -1.6076469  -0.38606528 -0.35662133  0.1109988 ]]
[[ 0.16210699 -0.33316702 -1.55844918 -0.37313143 -0.34222364  0.10520012]]
[[ 0.15964016 -0.34259378 -1.52509016 -0.37747142 -0.34258403  0.1002579 ]]
[[ 0.16041863 -0.32864949 -1.46937782 -0.33912619 -0.35794006  0.08626779]]
[[ 0.17768079 -0.29484341 -1.41103138 -0.28751322 -0.39487643  0.076914  ]]
[[ 0.18165099 -0.29597216 -1.34302226 -0.27341718 -0.40039179  0.07033979]]
[[ 0.19752271 -0.30817305 -1.29715824 -0.31156729 -0.39271357  0.07403538]]
[[ 0.18818923 -0.33054447 -1.24215236 -0.32643329 -0.3715448   0.07158957]]
[[ 0.19069779 -0.3421079  -1.1685512  -0.35323886 -0.34786949  0.07012591]]
[[ 0.18545258 -0.31361265 -1.04257859 -0.34904744 -0.31187662  0.06173055]]
[[ 0.15500611 -0.23396194 -0.71639459 -0.25746803 -0.24246135  0.04763723]]
[[ 0.10179273 -0.17932593 -0.4769489  -0.21489531 -0.14833687  0.03433448]]
[[ 0.07859754 -0.11699643 -0.34038016 -0.14802327 -0.11831808  0.0220094 ]]
[[ 0.07784933 -0.08958837 -0.21734206 -0.10449829 -0.10613183  0.01484473]]
[[ 0.05307128 -0.07521664 -0.14255271 -0.10082027 -0.06633451  0.01124728]]
[[ 0.02920872 -0.04471527 -0.1049833  -0.07754366 -0.04314061  0.00859067]]
[[ 0.02525318 -0.03844656 -0.07608997 -0.06749002 -0.03491024  0.0085126 ]]
[[ 0.01654374 -0.03115297 -0.05392968 -0.06292372 -0.02535375  0.00649347]]
[[ 0.00628322 -0.03245657 -0.04136965 -0.0595927  -0.01482525  0.00658467]]
[[-0.01212847 -0.03400057 -0.02875403 -0.05141093  0.00043514  0.00511628]]
[[-0.00301434 -0.00605785 -0.0233582  -0.03196406 -0.0129909   0.0034652 ]]
[[-0.00720186 -0.01543927 -0.01466298 -0.04007903 -0.00725917  0.00340853]]
[[-0.00160148 -0.04738995 -0.01481104 -0.07126101 -0.00591953  0.00525003]]
[[-0.00349991 -0.00951766 -0.0189672  -0.03598258 -0.01074024  0.00365695]]
[[ 0.00610949 -0.01766775 -0.0191543  -0.04242808 -0.01818504  0.00577407]]
[[-0.01059436 -0.02029896 -0.00291688 -0.05160101  0.00078138  0.00353972]]
[[-0.01516332 -0.02774723 -0.00286452 -0.05395454  0.0042462   0.00516829]]
[[-0.00381237  0.00708769 -0.00991788 -0.02398718 -0.01286597 -0.00036953]]
[[ 0.00317867 -0.01166268 -0.00363858 -0.0406764  -0.01458237  0.00473863]]
[[-0.00330945 -0.01780001 -0.00271234 -0.04535904 -0.00779838  0.00233719]]
[[-0.00396906 -0.02013093  0.00052117 -0.04269135 -0.00663065  0.00248804]]
[[ 0.00409088 -0.00369831  0.00168671 -0.02694365 -0.01611086  0.00256243]]
[[ 0.00210658 -0.01240301 -0.00063663 -0.03840871 -0.0117221   0.00218857]]
[[-0.00497029 -0.01185202  0.00060059 -0.03419904 -0.00730738  0.0032999 ]]
[[-0.0024971  -0.00919339 -0.00093602 -0.02467734 -0.01254345  0.00110894]]
[[ 0.01089064  0.00422639  0.00652557 -0.02249042 -0.02247375 -0.00018017]]
[[ 0.00314643 -0.00962369  0.00569992 -0.0328833  -0.01391911  0.00076274]]
[[-1.35639760e-02 -2.10508219e-02  4.18575944e-03 -3.40068288e-02
   3.44414692e-05  3.11818142e-03]]
[[-0.0050744  -0.00162656  0.00104708 -0.02251253 -0.01043031 -0.0006409 ]]
[[-0.00239149  0.01507332  0.00637859 -0.00620035 -0.01642186  0.00074548]]
[[-0.00904698 -0.01609542  0.01219146 -0.02784276 -0.00457171  0.00158453]]
[[-0.01525296 -0.02202511  0.0065803  -0.03987641  0.007042    0.00242314]]
[[ 0.00235025  0.01533059 -0.00780073 -0.00352488 -0.01670597 -0.00011996]]
[[ 0.00503151  0.02210117 -0.00120261 -0.00035042 -0.01824271  0.00016737]]
[[-0.00034511 -0.02190343 -0.00239542 -0.0455968  -0.00110496  0.00153681]]
[[ 0.01151259 -0.01152069 -0.00528561 -0.03353972 -0.01304562  0.00129174]]
[[ 0.00933281  0.04418399 -0.00943462  0.02217006 -0.02609911 -0.00170023]]
[[-0.00142128  0.01506952 -0.00477528 -0.0039773  -0.0120889   0.00096631]]
[[-0.00777738 -0.02891361 -0.00089784 -0.03878071  0.0036765   0.00411463]]
[[ 0.00378315  0.00562217 -0.01013401 -0.01395433 -0.011387   -0.00100964]]
[[ 0.01352173  0.05722228 -0.01471207  0.0414308  -0.03285543 -0.0052874 ]]
[[ 1.34484273e-03  1.15492391e-02 -8.02358276e-04 -8.97150530e-05
  -1.28866231e-02  6.12981460e-04]]
[[-0.00497825 -0.04476518 -0.00860737 -0.05369069  0.00309281  0.00475059]]
[[ 0.02130738  0.03081873 -0.02142483  0.01399616 -0.03370306 -0.00187517]]
[[ 0.01591889  0.06725307 -0.00509034  0.05613043 -0.04000561 -0.0041184 ]]
[[-0.00033352 -0.02938013 -0.01530158 -0.03810727 -0.00176094  0.00445752]]
[[ 0.0113878  -0.03142143 -0.02328723 -0.05244888 -0.00522843  0.00214353]]
[[ 0.02291844  0.05881516 -0.01973946  0.05835404 -0.04554938 -0.00587237]]
[[ 0.00705234  0.03027109 -0.01023804  0.02543597 -0.02343807 -0.00157186]]
[[-0.00029067 -0.05521128 -0.00707377 -0.05431526  0.00624565  0.00367405]]
[[ 0.02220967  0.02313651  0.01076233  0.03381902 -0.03418445 -0.01106115]]
[[ 0.06834963  0.13723069  0.06315949  0.17732039 -0.11394211 -0.02823185]]
[[ 0.08156382  0.13152864  0.14405242  0.20116123 -0.13146982 -0.03915791]]
[[ 0.06305552  0.12726641  0.20962805  0.22541527 -0.12373649 -0.04893852]]
[[ 0.09037034  0.22185396  0.20829886  0.34633242 -0.18408763 -0.0693201 ]]
[[ 0.09279324  0.26626569  0.21770651  0.38196916 -0.19617006 -0.07292191]]
[[ 0.05213346  0.19704499  0.27793291  0.30748532 -0.13924994 -0.07342507]]
[[ 0.03510077  0.14873902  0.30456698  0.23410596 -0.09811273 -0.07744879]]
[[ 0.01191927  0.13442287  0.33519671  0.18465303 -0.04723082 -0.08647122]]
[[-0.00607746  0.14776947  0.35793017  0.18228924 -0.01975246 -0.09530912]]
[[-0.01170636  0.14246086  0.36550221  0.14899204  0.00474288 -0.09936288]]
[[-0.01826909  0.11163729  0.35703271  0.1071317   0.02826214 -0.09644016]]
[[-0.00681539  0.0424162   0.39965217  0.01037339  0.05731191 -0.08482584]]
[[ 0.01038041  0.00470734  0.41487252 -0.05104535  0.06792963 -0.07821996]]
[[ 0.03909456 -0.02121321  0.43871348 -0.08475563  0.0567779  -0.07548675]]
[[ 0.08266966 -0.02808203  0.44874254 -0.10920161  0.02931008 -0.07491873]]
[[ 0.13019509 -0.10502939  0.45068264 -0.20778539  0.01662626 -0.06661202]]
[[ 0.17197352 -0.1669106   0.46062867 -0.29560625  0.01019619 -0.0592682 ]]
[[ 0.18661443 -0.1502591   0.45442323 -0.26561849 -0.01259894 -0.06802806]]
[[ 0.18846239 -0.09038467  0.45515711 -0.19318459 -0.03059166 -0.08409241]]
[[ 0.19305576 -0.02192371  0.44945198 -0.10898548 -0.05349634 -0.10636905]]
[[ 0.19398389 -0.00506782  0.43382206 -0.08001487 -0.0675243  -0.11228258]]
[[ 0.1949952  -0.01256065  0.43141526 -0.10969318 -0.05640398 -0.10961541]]
[[ 0.20746798 -0.04977478  0.43145827 -0.15160493 -0.05734167 -0.10042153]]
[[ 0.20997841 -0.06546421  0.39296584 -0.15459694 -0.06869828 -0.09045245]]
[[ 0.22119457 -0.04429296  0.30156789 -0.11964578 -0.10240359 -0.07792393]]
[[ 0.22423973 -0.03071667  0.24901485 -0.09207318 -0.12402999 -0.06875774]]
[[ 0.25086818 -0.03584296  0.20340549 -0.08712846 -0.15976777 -0.05934987]]
[[ 0.26755077 -0.05756241  0.15022008 -0.10948941 -0.17725676 -0.04610838]]
[[ 0.23431383 -0.01838668  0.082957   -0.03880323 -0.18659838 -0.03090627]]
[[ 0.17806105 -0.01060499  0.0287225  -0.0203424  -0.15326057 -0.02135076]]
[[ 0.13101694 -0.01678655  0.01009616 -0.02451869 -0.11201388 -0.01442445]]
[[ 0.0998094  -0.00343618 -0.00328467 -0.00754108 -0.09188559 -0.01132447]]
[[ 0.08787055  0.00294343 -0.0619857  -0.00025837 -0.09895422 -0.00583913]]
[[ 0.10324963 -0.05305035 -0.20449398 -0.05742776 -0.12907907  0.01216971]]
[[ 0.10118314 -0.07383414 -0.34769077 -0.06802975 -0.15350997  0.01787947]]
[[ 0.10193847 -0.11755288 -0.56521615 -0.12965798 -0.16705939  0.02832625]]
[[ 0.13927489 -0.15765285 -1.04820448 -0.20985688 -0.22494818  0.03858   ]]
[[ 0.1822461  -0.1814938  -1.70661427 -0.28321832 -0.3091222   0.04476119]]
[[ 0.26313618 -0.24944777 -2.64802373 -0.40901849 -0.45332349  0.05396253]]
[[ 0.33543002 -0.31123188 -4.0504442  -0.55078086 -0.64334616  0.06017479]]
[[ 0.41893789 -0.39204714 -5.90936036 -0.74389384 -0.88051772  0.06556338]]
[[ 0.49603239 -0.4844156  -7.68146794 -0.94252695 -1.10642306  0.07232581]]
[[ 0.55278476 -0.52953346 -9.15557108 -1.06316066 -1.30655117  0.06152307]]
[[ 0.53135581 -0.50206103 -9.83362169 -1.0780503  -1.35071427  0.03184821]]
[[ 0.50595119 -0.48927043 -9.8157356  -1.07502982 -1.31462621  0.01947179]]
[[ 4.44658649e-01 -3.77451299e-01 -8.97732128e+00 -8.63425007e-01
  -1.21437760e+00  2.32035077e-03]]
[[ 3.43602357e-01 -3.24389634e-01 -7.94062418e+00 -7.43806610e-01
  -1.05555343e+00  3.38579742e-03]]
[[ 0.29553377 -0.41862158 -6.8834525  -0.8391593  -0.85474688  0.02529383]]
[[ 0.1438473  -0.3105522  -5.82999107 -0.67771806 -0.62671726  0.04514957]]
[[ 0.18459598 -0.39014175 -5.26570267 -0.72278792 -0.61284035  0.05593939]]
[[ 0.14457203 -0.30394865 -4.69711597 -0.53657819 -0.59904904  0.05022931]]
[[ 0.11013692 -0.28398186 -4.35658865 -0.42809148 -0.59673169  0.0509369 ]]
[[ 0.0987603  -0.25143291 -4.19646414 -0.30464278 -0.63778913  0.04035831]]
[[ 0.06975089 -0.27703928 -4.17726934 -0.28748581 -0.65178814  0.0506859 ]]
[[ 0.05784505 -0.2629802  -4.08830809 -0.23107807 -0.66875511  0.04464885]]
[[ 0.05259425 -0.19853697 -4.02524494 -0.10343519 -0.72074074  0.02780672]]
[[ 5.49973600e-02 -8.90295378e-02 -3.97537774e+00  9.02802654e-02
  -7.92506935e-01 -3.21009215e-03]]
[[ 0.09632474 -0.18618832 -3.89353505 -0.00738316 -0.79412577  0.00818103]]
[[ 3.32263655e-02 -1.12231664e-01 -3.58052883e+00  6.89271312e-02
  -6.99553624e-01  2.56995256e-03]]
[[ 6.58172603e-02 -8.07923742e-02 -3.35177752e+00  8.38887030e-02
  -6.84058066e-01  1.50852099e-03]]
[[ 0.10636145 -0.13340115 -3.45619419 -0.01215714 -0.6870628   0.0197472 ]]
[[ 0.032699   -0.04851675 -2.83988809  0.01310879 -0.48042592 -0.00286401]]
[[ 0.05700216 -0.01660657 -1.97094549  0.03033367 -0.36822389 -0.00559538]]
[[ 0.03724451 -0.00510129 -1.34518675  0.02477683 -0.24627043 -0.00415971]]
[[ 0.03707584 -0.00165903 -0.95304745  0.02541346 -0.18415106 -0.00464018]]
[[ 0.02117999 -0.01025611 -0.65909966  0.01067054 -0.1236231  -0.00307001]]
[[ 0.02620229  0.03367225 -0.47537947  0.0481144  -0.10408888 -0.00613243]]
[[ 0.02963935  0.02720952 -0.34958594  0.03771309 -0.08705941 -0.00522595]]
[[ 0.02704902 -0.00534894 -0.26178577  0.00088133 -0.06073364 -0.00205833]]
[[ 0.0335787   0.00581356 -0.20426007  0.01271625 -0.05763242 -0.00339849]]
[[ 0.04163671  0.03098917 -0.16578352  0.03722069 -0.06530935 -0.00586689]]
[[ 0.03906012  0.0183547  -0.13497823  0.01633347 -0.05370557 -0.00389221]]
[[ 0.04000443 -0.00142923 -0.11607304 -0.0033632  -0.0448472  -0.00216966]]
[[ 0.04529307  0.01394497 -0.10320392  0.01014962 -0.04878108 -0.00344214]]
[[ 0.0468785   0.02865643 -0.09299354  0.02346519 -0.052903   -0.00460365]]
[[ 0.0422701   0.01588316 -0.0818132   0.01214011 -0.04673305 -0.00361232]]
[[ 0.03854166  0.00676778 -0.07485621  0.00137951 -0.04076871 -0.00264391]]
[[ 0.03927136  0.02274077 -0.07130395  0.01521335 -0.04550513 -0.00383403]]
[[ 0.03975618  0.03370484 -0.06644304  0.02252792 -0.04749999 -0.00448334]]
[[ 0.03565418  0.02201992 -0.06310292  0.01038906 -0.04094336 -0.00328691]]
[[ 0.03391609  0.02084696 -0.05882242  0.00787063 -0.03824408 -0.00304187]]
[[ 0.03555434  0.03672946 -0.05406971  0.02154709 -0.04311084 -0.00426251]]
[[ 0.03632768  0.03902078 -0.05048641  0.02363912 -0.04311727 -0.00435459]]
[[ 0.03242883  0.02835112 -0.04688026  0.01206479 -0.03766637 -0.00325162]]
[[ 0.03217224  0.02864967 -0.04277507  0.01224008 -0.03708933 -0.00324826]]
[[ 0.03562792  0.0412952  -0.04235705  0.02318814 -0.04186515 -0.00425969]]
[[ 0.03603442  0.04094977 -0.03823923  0.02227963 -0.04137098 -0.00414402]]
[[ 0.03147664  0.03135351 -0.03626215  0.01240843 -0.0368151  -0.00335072]]
[[ 0.03399088  0.03720714 -0.03429901  0.01454121 -0.03792289 -0.00358065]]
[[ 0.03708654  0.05048428 -0.0324552   0.02332073 -0.04176136 -0.00443047]]
[[ 0.03739252  0.0467576  -0.03266134  0.01991634 -0.04096587 -0.00404495]]
