[[0. 0. 0. 0. 0. 0.]]
[[ 0.00324203  0.01244294 -0.11012353  0.00222403 -0.00369137  0.00027627]]
[[-0.00201468  0.01607612 -0.11707449  0.00275259 -0.00253984  0.00018507]]
[[ 0.00274974  0.01679417 -0.11641832  0.00260194 -0.00342052  0.00026736]]
[[ 0.00067016  0.01708133 -0.11600615  0.00271485 -0.00305114  0.00033369]]
[[ 0.00204529  0.01902702 -0.12325545  0.00318001 -0.0033046   0.00032851]]
[[ 0.00770356  0.01361921 -0.11256361  0.00240077 -0.00438746  0.00040146]]
[[ 0.00049587  0.01584276 -0.11776981  0.00300961 -0.00278683  0.00029084]]
[[ 0.00590982  0.02204813 -0.12656636  0.00356447 -0.00318535  0.00034092]]
[[ 0.00487546  0.018493   -0.11767729  0.00325354 -0.00294376  0.00036166]]
[[ 0.00206824  0.0188021  -0.11767958  0.00336576 -0.00241537  0.00035291]]
[[ 0.00355868  0.0198439  -0.10980879  0.00323081 -0.00287332  0.00040558]]
[[ 0.00528198  0.02638607 -0.12335096  0.00406032 -0.00281577  0.00050913]]
[[ 0.0060977   0.02376576 -0.11331548  0.00357808 -0.00308818  0.00048468]]
[[ 0.002983    0.02323028 -0.10257491  0.00331699 -0.00275155  0.00042649]]
[[ 0.00339431  0.02658277 -0.11128944  0.00393546 -0.00285169  0.00047232]]
[[ 0.00510415  0.02748589 -0.10499397  0.00375842 -0.00315783  0.00050343]]
[[ 0.00206605  0.02764676 -0.10499791  0.00388543 -0.00265252  0.00055085]]
[[ 0.00105051  0.02696775 -0.09612666  0.00371812 -0.00260385  0.00057713]]
[[ 0.00117934  0.02527156 -0.09396536  0.00360917 -0.00273026  0.00062147]]
[[ 0.00965711  0.01178792 -0.06758952  0.00261372 -0.00266257  0.00025749]]
[[ 0.05079961 -0.02344791 -0.01705646  0.00148716 -0.00390499 -0.00120549]]
[[ 0.09064052 -0.06361058  0.04422138 -0.00190361 -0.00657224 -0.00244035]]
[[ 0.1300586  -0.0941988   0.07743966 -0.00438276 -0.01060005 -0.00319347]]
[[ 0.1621845  -0.13243747  0.1437481  -0.00892385 -0.01377955 -0.00391273]]
[[ 0.21610208 -0.18141245  0.21561838 -0.01649162 -0.02236445 -0.00427694]]
[[ 0.24635369 -0.23990151  0.31254308 -0.02463208 -0.02697519 -0.0048208 ]]
[[ 0.26184751 -0.31749779  0.52978804 -0.03517195 -0.01655325 -0.00513957]]
[[ 0.32502916 -0.39754067  0.65384651 -0.04727703 -0.02644242 -0.00562129]]
[[ 0.39834457 -0.48183911  0.7483782  -0.06028436 -0.04485125 -0.00636686]]
[[ 0.4667064  -0.59608279  0.89661159 -0.07775083 -0.06323192 -0.00748292]]
[[ 0.54883056 -0.71415036  1.02807834 -0.09546502 -0.08317972 -0.00884137]]
[[ 0.63103444 -0.83583259  1.1714708  -0.11257996 -0.10177584 -0.01053227]]
[[ 0.72213998 -0.9871495   1.36057804 -0.13427388 -0.12160695 -0.01277875]]
[[ 0.82684614 -1.15024905  1.55479032 -0.15658757 -0.14313203 -0.01556713]]
[[ 0.93474433 -1.32104307  1.7369808  -0.18059482 -0.16597128 -0.01893385]]
[[ 1.03822328 -1.5117829   1.96359823 -0.20571841 -0.18692649 -0.02249512]]
[[ 1.16209369 -1.70073555  2.18201834 -0.23141752 -0.20911583 -0.02672048]]
[[ 1.29014532 -1.89495831  2.39546766 -0.25823913 -0.23117867 -0.03155247]]
[[ 1.4203825  -2.09509651  2.6173153  -0.28461484 -0.2533018  -0.03697423]]
[[ 1.54145639 -2.29901376  2.82276018 -0.3108428  -0.2744368  -0.04279417]]
[[ 1.66709576 -2.52942783  3.06493773 -0.34028306 -0.2981596  -0.04900894]]
[[ 1.77981911 -2.75127013  3.27809237 -0.36701971 -0.32205663 -0.05588944]]
[[ 1.87190005 -2.96972963  3.46380263 -0.39276899 -0.34189033 -0.06252484]]
[[ 1.97202526 -3.22104468  3.69145636 -0.4222718  -0.36477866 -0.06986848]]
[[ 2.07695138 -3.47911531  3.91645686 -0.45199547 -0.38923238 -0.07834252]]
[[ 2.15212299 -3.73841694  4.13880008 -0.47975426 -0.40769682 -0.08603391]]
[[ 2.24107881 -3.95653071  4.29352857 -0.50448475 -0.43004488 -0.09405652]]
[[ 2.32617247 -4.21195415  4.50913984 -0.53236408 -0.44988761 -0.10221808]]
[[ 2.41751989 -4.43899865  4.68570058 -0.5572298  -0.47038701 -0.11078448]]
[[ 2.51104023 -4.65810658  4.83824309 -0.582013   -0.49049628 -0.11900668]]
[[ 2.57900284 -4.86284797  5.00069167 -0.60396558 -0.50547387 -0.12597265]]
[[ 2.64610128 -5.05524733  5.13648884 -0.6249348  -0.52018154 -0.13331434]]
[[ 2.7140568  -5.23949637  5.2864807  -0.64422743 -0.53434561 -0.13941021]]
[[ 2.78543734 -5.39414036  5.39334404 -0.66134569 -0.54912349 -0.14575372]]
[[ 2.83948547 -5.54704096  5.51229882 -0.67781715 -0.56101748 -0.15152392]]
[[ 2.89072082 -5.67372274  5.60735708 -0.69109681 -0.57148997 -0.15605296]]
[[ 2.92595503 -5.80527001  5.721497   -0.70436322 -0.57906352 -0.15968963]]
[[ 2.96847693 -5.87359011  5.75641014 -0.71186136 -0.58690593 -0.16306306]]
[[ 2.99923964 -5.95107296  5.82700191 -0.72074333 -0.59379362 -0.16566227]]
[[ 3.02514725 -6.02070422  5.90065703 -0.72802632 -0.59804939 -0.1668623 ]]
[[ 3.04078736 -6.06234781  5.95291462 -0.7330128  -0.60134575 -0.16790881]]
[[ 3.05134074 -6.08760984  5.99195319 -0.73639477 -0.60375881 -0.16806705]]
[[ 3.05182107 -6.07643516  6.00061444 -0.73593002 -0.60294217 -0.16659134]]
[[ 3.04012821 -6.05562125  6.01761413 -0.73439379 -0.60019524 -0.16441344]]
[[ 3.02732225 -6.00581655  6.00440242 -0.73102072 -0.59864734 -0.16179941]]
[[ 3.00227163 -5.92561097  5.97486253 -0.72498167 -0.59523957 -0.15790216]]
[[ 2.9778245  -5.84799924  5.9444389  -0.71957969 -0.59167955 -0.15372971]]
[[ 2.93604895 -5.70596441  5.86030717 -0.70663996 -0.58296084 -0.14764507]]
[[ 2.89460788 -5.57701446  5.80223557 -0.69626841 -0.57274785 -0.14097296]]
[[ 2.85799573 -5.39280214  5.68121922 -0.68106736 -0.56491087 -0.13410347]]
[[ 2.79332004 -5.20270431  5.56228372 -0.66391058 -0.55107727 -0.1258813 ]]
[[ 2.71674201 -4.99264175  5.42307386 -0.64457915 -0.53620174 -0.11704108]]
[[ 2.63980553 -4.7504982   5.24035472 -0.62134326 -0.52079027 -0.10776188]]
[[ 2.55059727 -4.5204354   5.08010365 -0.59917199 -0.50256434 -0.0985198 ]]
[[ 2.44646589 -4.24027187  4.86509016 -0.57087602 -0.48103789 -0.08832592]]
[[ 2.37044822 -3.96720181  4.63119638 -0.54393114 -0.4634299  -0.07901135]]
[[ 2.27847911 -3.6805807   4.39184856 -0.51424963 -0.44124051 -0.06993157]]
[[ 2.18147473 -3.39156029  4.12905096 -0.48287754 -0.41852083 -0.06102881]]
[[ 2.05116533 -3.11643189  3.88393321 -0.45125588 -0.39062466 -0.05253146]]
[[ 1.94282177 -2.81654766  3.56833518 -0.41601001 -0.36774301 -0.04510083]]
[[  1.83887277  -2.54909279 -16.7038378   -0.38479179  -0.34294154
   -0.03819656]]
[[  1.70717553  -2.26232683 -17.02819013  -0.34774322  -0.31447923
   -0.03178093]]
[[  1.58340641  -2.0199012  -17.2972406   -0.31572358  -0.28819702
   -0.02661279]]
[[  1.47465346  -1.78697644 -17.58302403  -0.28438443  -0.26369298
   -0.02200526]]
[[  1.34904214  -1.53848776 -17.89719732  -0.24950842  -0.23775953
   -0.01814255]]
[[ 1.24395113e+00 -1.31358314e+00 -1.82057016e+01 -2.17318351e-01
  -2.15793889e-01 -1.51145814e-02]]
[[ 1.12832438e+00 -1.12884111e+00 -1.84522303e+01 -1.87934287e-01
  -1.90064646e-01 -1.30975079e-02]]
[[ 1.02218017e+00 -9.60440125e-01 -1.86851387e+01 -1.60897677e-01
  -1.67672233e-01 -1.17118149e-02]]
[[ 9.38872305e-01 -7.91732796e-01 -1.89373379e+01 -1.34457853e-01
  -1.49596715e-01 -1.06228019e-02]]
[[ 8.46693851e-01 -6.48380420e-01 -1.91460178e+01 -1.09220186e-01
  -1.28964903e-01 -1.02468161e-02]]
[[ 7.82102615e-01 -5.33635659e-01 -1.93201759e+01 -8.79065941e-02
  -1.12686816e-01 -1.03611775e-02]]
[[ 7.15096123e-01 -4.14984567e-01 -1.95075537e+01 -6.62219558e-02
  -9.62917002e-02 -1.05447351e-02]]
[[ 6.83088710e-01 -3.51348369e-01 -1.96303487e+01 -4.84938590e-02
  -8.26518222e-02 -1.20868338e-02]]
[[ 6.78035660e-01 -3.08165424e-01 -1.97309771e+01 -3.17925582e-02
  -7.09832543e-02 -1.41794656e-02]]
[[ 6.66342884e-01 -2.66951142e-01 -1.98129552e+01 -1.82840166e-02
  -6.07668782e-02 -1.58174225e-02]]
[[ 6.49217077e-01 -2.34039199e-01 -1.98797874e+01 -7.44265627e-03
  -5.24762308e-02 -1.70411406e-02]]
[[ 6.49653296e-01 -2.13966993e-01 -1.99360431e+01  1.87774288e-03
  -4.63917028e-02 -1.87553718e-02]]
[[ 6.40105364e-01 -1.95568794e-01 -1.99738750e+01  9.09309133e-03
  -4.00568262e-02 -1.96284389e-02]]
[[ 6.32645061e-01 -1.86045990e-01 -1.99932178e+01  1.37453285e-02
  -3.59250231e-02 -2.03458899e-02]]
[[ 6.25961623e-01 -1.75925851e-01 -2.00133273e+01  1.75723955e-02
  -3.27744116e-02 -2.08512148e-02]]
[[ 6.25203115e-01 -1.72958622e-01 -2.00042046e+01  1.92252023e-02
  -3.10700908e-02 -2.12238120e-02]]
[[  0.61597716  -0.17112792 -20.00880157   0.0205133   -0.02932225
   -0.02139026]]
[[  0.61733575  -0.14932329 -20.04649938   0.02476028  -0.02834093
   -0.02156151]]
[[  0.61376641  -0.14728747 -20.03993786   0.0251207   -0.0270581
   -0.02174408]]
[[  0.61439264  -0.13961403 -20.05803299   0.02630328  -0.02720197
   -0.02182975]]
[[  0.61329594  -0.13076725 -20.06940013   0.02766728  -0.02679197
   -0.02193196]]
[[  0.61278335  -0.12350994 -20.08720514   0.02920328  -0.02598061
   -0.02197451]]
[[  0.61119858  -0.11986163 -20.09596881   0.02986027  -0.02609097
   -0.02198311]]
[[  0.60764713  -0.11554169 -20.10462902   0.03076849  -0.02600179
   -0.0219362 ]]
[[  0.60170814  -0.11189973 -20.10885113   0.03179604  -0.02594838
   -0.02180889]]
[[  0.60258201  -0.11512101 -20.09495432   0.0311814   -0.02625775
   -0.02179884]]
[[  0.60965248  -0.10582862 -20.10311572   0.03269329  -0.02567364
   -0.0219519 ]]
[[  0.61770742  -0.0996748  -20.12484182   0.0346628   -0.02542514
   -0.02221719]]
[[  0.62401787  -0.09566903 -20.13219624   0.03586038  -0.02538794
   -0.02247394]]
[[  0.62729383  -0.09402386 -20.14509189   0.03725207  -0.02467424
   -0.02270252]]
[[  0.63219315  -0.09091115 -20.14225703   0.03760448  -0.02479676
   -0.02286412]]
[[  0.63383424  -0.08799158 -20.14749149   0.0382342   -0.02500567
   -0.02291803]]
[[  0.63969293  -0.07800351 -20.16814374   0.0400191   -0.02491044
   -0.0230577 ]]
[[  0.63485154  -0.07673045 -20.16905295   0.04066782  -0.02423532
   -0.02308189]]
[[  0.63580553  -0.07314565 -20.17715334   0.04151017  -0.02480317
   -0.02305811]]
[[  0.63300442  -0.07199421 -20.17876607   0.04207131  -0.02436749
   -0.02307156]]
[[  0.63403374  -0.06518644 -20.19252646   0.04338897  -0.02423701
   -0.0230221 ]]
[[  0.62273775  -0.06807727 -20.18669977   0.04282775  -0.02452578
   -0.0229765 ]]
[[  0.62035256  -0.04888249 -20.28835991   0.04923854  -0.02969691
   -0.02281543]]
[[  0.68196473  -0.04188712 -20.52719166   0.06628941  -0.04672608
   -0.02385645]]
[[  0.8487035   -0.12556664 -20.82386584   0.09724113  -0.07140959
   -0.02890177]]
[[  1.09936723  -0.28188033 -21.13642852   0.13843775  -0.09514842
   -0.03725106]]
[[  1.31565731  -0.39684741 -21.45192746   0.17802095  -0.11354729
   -0.04412669]]
[[  1.72558336  -0.66805498 -22.01623688   0.26199876  -0.14200744
   -0.0583123 ]]
[[  2.29100398  -1.02370328 -22.75709062   0.38624359  -0.173221
   -0.07709478]]
[[  3.04111556  -1.38138059 -23.32822371   0.5525414   -0.18408417
   -0.09995264]]
[[  3.59814897  -1.59257805 -24.21991256   0.69697118  -0.17033294
   -0.11765884]]
[[  4.1015065   -1.6263678  -25.00612932   0.84029494  -0.14246816
   -0.13148405]]
[[  4.5478318   -1.61947698 -25.52065704   0.96476043  -0.11158176
   -0.14279006]]
[[  4.91133872  -1.66884074 -25.11435778   1.06085103  -0.07885491
   -0.15269732]]
[[  5.36319089  -1.70470638 -24.04706795   1.16728768  -0.04562926
   -0.16323163]]
[[ 5.80505735e+00 -1.66295374e+00 -2.30729162e+01  1.27054098e+00
  -1.79364548e-02 -1.72082121e-01]]
[[ 6.23082899e+00 -1.55373603e+00 -2.21008091e+01  1.37462132e+00
   5.42625520e-03 -1.79481350e-01]]
[[ 6.14221395e+00 -1.66753335e+00 -2.17234073e+01  1.35542416e+00
   9.72822090e-03 -1.79542145e-01]]
[[ 5.96220008e+00 -1.82557799e+00 -2.14081803e+01  1.32027657e+00
   1.25912590e-02 -1.77823481e-01]]
[[ 6.05632431e+00 -1.86098477e+00 -2.09723323e+01  1.33842296e+00
   1.67145146e-02 -1.79209272e-01]]
[[ 6.36835056e+00 -1.74100766e+00 -2.04773269e+01  1.40214709e+00
   1.75355737e-02 -1.82018996e-01]]
[[ 6.63613068e+00 -1.60717804e+00 -1.98209162e+01  1.46113820e+00
   1.79188742e-02 -1.84263523e-01]]
[[  6.95397275  -1.33143664 -19.13044569   1.54420167   0.01969233
   -0.18593766]]
[[  7.20639797  -1.07634065 -18.41963905   1.61423542   0.02139794
   -0.18640757]]
[[  7.39727662  -0.74865699 -17.53089979   1.69492125   0.04048229
   -0.18559486]]
[[  7.42069072  -0.77458928 -14.26492909   1.71909867   0.05252697
   -0.18084937]]
[[ 7.22995659 -1.16474685 -8.79312236  1.69679316  0.06956586 -0.17473383]]
[[ 7.00167236 -1.52676557 -2.84536732  1.68146973  0.0962001  -0.16735188]]
[[ 6.78227681 -1.79404555  1.68249229  1.67439614  0.14024289 -0.16118678]]
[[ 6.56960793 -2.01719114  4.68673341  1.66967806  0.20285789 -0.15630964]]
[[ 6.37894232 -2.15450889  6.04350017  1.67800512  0.28001819 -0.15382268]]
[[ 6.12627133 -2.40390957  5.36004667  1.65335421  0.37130461 -0.15583593]]
[[ 5.88800211 -2.53178903  3.5270394   1.6328502   0.44917334 -0.15902108]]
[[ 5.68797781 -2.57365962  1.83185726  1.62708785  0.51884302 -0.1612113 ]]
[[ 5.54321444 -2.54291223  0.21105725  1.62781241  0.57008736 -0.16215865]]
[[ 5.54193057 -2.40967406 -0.76931161  1.65820592  0.60322303 -0.16201478]]
[[ 5.62039831 -2.16454582 -1.40003504  1.71103229  0.62683297 -0.16074153]]
[[ 5.59814347 -2.1066499  -1.57591209  1.73063317  0.65531651 -0.15982157]]
[[ 5.50637128 -2.08410511 -1.69052553  1.74420131  0.69578406 -0.15916286]]
[[ 5.51544239 -1.96351136 -1.97187827  1.77183992  0.71740864 -0.16113949]]
[[ 5.50206076 -1.91684019 -2.36539217  1.78431359  0.73147553 -0.16378037]]
[[ 5.39838615 -2.01875461 -2.29798951  1.76916334  0.74942154 -0.16601518]]
[[ 5.3040422  -2.17752846 -1.72740353  1.74544481  0.76189598 -0.16802871]]
[[ 5.18645267 -2.28473269 -1.0125754   1.73544597  0.78957451 -0.16985248]]
[[ 5.10855606 -2.41152637 -0.35697086  1.72068182  0.80269394 -0.17152161]]
[[ 5.08290494 -2.51260334  0.35198319  1.70877184  0.80592221 -0.17315481]]
[[ 5.06589366 -2.59725258  0.85567512  1.6969355   0.80457352 -0.17467807]]
[[ 5.07151551 -2.62581353  1.20399095  1.69577497  0.80336978 -0.1755649 ]]
[[ 5.06370948 -2.63474702  1.21161841  1.69811206  0.80587759 -0.17690222]]
[[ 5.07702582 -2.55901578  1.01928031  1.71387974  0.81166249 -0.17766254]]
[[ 5.21661519 -2.25323637  0.90838664  1.77216641  0.81486437 -0.17645024]]
[[ 5.35562543 -1.92758529  0.73781977  1.83128031  0.81694287 -0.17535442]]
[[ 5.36719842 -1.81288555  0.3956961   1.85388618  0.82551866 -0.17572949]]
[[ 5.38281582 -1.71386353  0.05033487  1.87115983  0.83222265 -0.1762641 ]]
[[ 5.383211   -1.67929651 -0.25940339  1.87707111  0.83541605 -0.1771056 ]]
[[ 5.31395253 -1.76455847 -0.49527435  1.86500851  0.84090479 -0.17843207]]
[[ 5.22609157 -1.95820259 -0.34255039  1.83109412  0.84322685 -0.17981187]]
[[ 5.13092522 -2.05038708 -0.26570745  1.81515139  0.85394311 -0.18089345]]
[[ 5.02926424 -2.1943376   0.22550755  1.79130943  0.86393484 -0.18103953]]
[[ 4.97634979 -2.34736895  0.74372489  1.76735635  0.86567324 -0.18107752]]
[[ 4.91413137 -2.44604285  1.2766294   1.75175525  0.8740912  -0.18090427]]
[[ 4.93024067 -2.33904243  1.39054043  1.77644758  0.88401891 -0.18052599]]
[[ 4.91262929 -2.20748942 49.70739731  1.78974951  0.88790294 -0.18484   ]]
[[ 4.83651083 -1.72746951 43.86404607  1.80897089  0.88388575 -0.18903033]]
[[ 4.82559271 -1.23138553 39.24666513  1.84609215  0.88752185 -0.19180853]]
[[ 4.75783265 -0.90490988 35.78083734  1.85467569  0.88757175 -0.19350133]]
[[ 4.45909643 -0.85339187 33.04235098  1.80092066  0.88347971 -0.19149524]]
[[ 4.09774838 -0.83426077 30.01101631  1.71725467  0.85478562 -0.18549176]]
[[ 3.70699529 -0.92014054 27.80335194  1.6107862   0.81784135 -0.17827025]]
[[ 3.16778269 -1.03764351 26.71466953  1.48755651  0.79928583 -0.16870086]]
[[ 2.62619821 -1.16108552 26.33329817  1.3485921   0.78681148 -0.15771311]]
[[ 2.12261678 -1.2196888  26.49879497  1.2131291   0.78093074 -0.14569529]]
[[ 1.62483961 -1.16205301 26.75965121  1.08678968  0.77936605 -0.1327161 ]]
[[ 1.29495268 -1.13736571 27.49192175  0.9540921   0.76172386 -0.12139064]]
[[ 1.20540458 -1.1094148  28.44988582  0.77986226  0.66113759 -0.10855442]]
[[ 1.2724472  -1.09570686 29.09454539  0.61586838  0.52532043 -0.0973951 ]]
[[ 1.38808779 -1.08005115 29.5145137   0.47665163  0.39390095 -0.08884589]]
[[ 1.52921057 -1.07428795 29.89498411  0.3575786   0.27110353 -0.08203099]]
[[ 1.60911742 -1.04983028 30.12031647  0.27717187  0.18624996 -0.07700505]]
[[ 1.67405402 -1.03234392 30.26240062  0.21960506  0.12287261 -0.07308327]]
[[ 1.76443581 -1.0181909  30.36233861  0.17193287  0.06006609 -0.06998134]]
[[ 1.87447486e+00 -1.01242694e+00  3.05063578e+01  1.28664928e-01
  -1.51591212e-03 -6.73673755e-02]]
[[ 1.83014074e+00 -1.01643802e+00  3.06824644e+01  1.14531527e-01
   1.68411094e-03 -6.64757160e-02]]
[[ 1.73535144e+00 -9.91973874e-01  3.07973212e+01  1.12797982e-01
   2.42914721e-02 -6.53273180e-02]]
[[ 1.72101363e+00 -9.54632050e-01  3.08536089e+01  9.94742842e-02
   1.45378348e-02 -6.31020421e-02]]
[[ 1.60233636 -0.92403309 30.91829245  0.10500061  0.04964335 -0.06245499]]
[[ 1.5928174  -0.90490505 30.969448    0.10078991  0.04368226 -0.0612793 ]]
[[ 1.57031333 -0.89429387 31.04676391  0.09619824  0.04545174 -0.06069307]]
[[ 1.52333176 -0.86956774 30.96606917  0.1098326   0.06102737 -0.06071649]]
[[ 1.58360444 -0.86499746 31.0024487   0.09518539  0.03215264 -0.05961997]]
[[ 1.59548301e+00 -8.52001574e-01  3.09171128e+01  1.00944488e-01
   2.40694000e-02 -5.93511671e-02]]
[[ 1.58832656e+00 -8.42444877e-01  3.08192723e+01  1.07452991e-01
   2.16852986e-02 -5.89888116e-02]]
[[ 1.49072189e+00 -8.60190348e-01  3.08895672e+01  1.01164071e-01
   2.51199414e-02 -5.53770266e-02]]
[[ 1.43068304e+00 -8.75561084e-01  3.09937596e+01  9.36904786e-02
   2.80920966e-02 -5.32018448e-02]]
[[ 1.44758866e+00 -8.82290865e-01  3.11392018e+01  7.73966433e-02
   1.62056084e-02 -5.24786239e-02]]
[[ 1.44567690e+00 -8.98578024e-01  3.14026256e+01  6.31740081e-02
   1.24254286e-02 -5.21916853e-02]]
[[ 1.43326845e+00 -8.67663761e-01  3.16074027e+01  6.63828078e-02
   1.13856938e-02 -5.12633119e-02]]
[[ 1.43542355e+00 -8.43621175e-01  3.17537017e+01  7.44632959e-02
   8.34760048e-03 -5.07670175e-02]]
[[ 1.44056120e+00 -8.34075459e-01  3.18567259e+01  7.75816142e-02
   5.29719753e-03 -5.06343639e-02]]
[[ 1.43700216e+00 -8.18668858e-01  3.19437345e+01  7.96194788e-02
   5.69578690e-03 -5.05841406e-02]]
[[ 1.41789721e+00 -8.26811012e-01  3.19976325e+01  8.16304933e-02
   1.01121788e-02 -5.10680568e-02]]
[[ 1.40702295e+00 -8.30808157e-01  3.21367708e+01  7.62111810e-02
   1.13067776e-02 -5.26298748e-02]]
[[ 1.40567132e+00 -8.23613837e-01  3.23419752e+01  7.27267042e-02
   1.06791095e-02 -5.38249961e-02]]
[[ 1.42823913e+00 -7.90758593e-01  3.26204837e+01  7.96829495e-02
   5.12757945e-03 -5.42985632e-02]]
[[ 1.50855451e+00 -8.61565608e-01  3.36410604e+01  8.26437463e-02
   8.20810216e-03 -5.76661419e-02]]
[[ 1.54900200e+00 -9.59990924e-01  3.42214361e+01  7.47396300e-02
   6.82950062e-03 -5.84609104e-02]]
[[ 1.54320976e+00 -1.02975517e+00  3.45951637e+01  6.55819251e-02
   3.26124314e-03 -5.70828255e-02]]
[[ 1.55176685e+00 -1.07860757e+00  3.48362767e+01  5.84898052e-02
  -1.86520613e-03 -5.59355856e-02]]
[[ 1.54401841e+00 -1.10932279e+00  3.50112187e+01  5.41959471e-02
  -4.47354876e-03 -5.50853692e-02]]
[[ 1.53868686e+00 -1.13453711e+00  3.51296495e+01  5.02353994e-02
  -6.93626500e-03 -5.41529926e-02]]
[[ 1.52824635e+00 -1.15004262e+00  3.52037337e+01  4.77101859e-02
  -8.13017613e-03 -5.33773950e-02]]
[[ 1.51650941e+00 -1.15486173e+00  3.52448620e+01  4.67363538e-02
  -9.46387147e-03 -5.24346305e-02]]
[[ 1.50379594e+00 -1.16449608e+00  3.52947428e+01  4.52750344e-02
  -1.04731822e-02 -5.17055718e-02]]
[[ 1.48645856e+00 -1.17619087e+00  3.53353984e+01  4.34319740e-02
  -1.08364034e-02 -5.10547444e-02]]
[[ 1.46916846e+00 -1.16765726e+00  3.53303817e+01  4.42000443e-02
  -1.11366266e-02 -5.03689720e-02]]
[[ 1.45212131e+00 -1.17537377e+00  3.53483962e+01  4.25237491e-02
  -1.18156482e-02 -4.97079968e-02]]
[[ 1.45621757e+00 -1.17127393e+00  3.53523873e+01  4.31205051e-02
  -1.16686875e-02 -4.99902225e-02]]
[[ 1.47084029e+00 -1.17267868e+00  3.53561562e+01  4.29249089e-02
  -1.21578414e-02 -5.03525294e-02]]
[[ 1.48110065e+00 -1.17011888e+00  3.53667122e+01  4.33017473e-02
  -1.20083532e-02 -5.06497907e-02]]
[[ 1.49017192e+00 -1.16842894e+00  3.53700815e+01  4.37878484e-02
  -1.19138078e-02 -5.09612287e-02]]
[[ 1.49424585e+00 -1.17295847e+00  3.53827351e+01  4.36999810e-02
  -1.20067908e-02 -5.11896361e-02]]
[[ 1.49863213e+00 -1.17529012e+00  3.53941689e+01  4.33616229e-02
  -1.18973910e-02 -5.14286634e-02]]
[[ 1.50348574e+00 -1.17500868e+00  3.53935548e+01  4.32340492e-02
  -1.21080539e-02 -5.16170741e-02]]
[[ 1.53094151e+00 -1.17236287e+00  3.54111422e+01  4.38841765e-02
  -1.21770514e-02 -5.25450804e-02]]
[[ 1.54398252e+00 -1.17314870e+00  3.54211927e+01  4.33455390e-02
  -1.17895985e-02 -5.30560082e-02]]
[[ 1.55507948e+00 -1.16826710e+00  3.54169390e+01  4.36472470e-02
  -1.14533734e-02 -5.33282826e-02]]
[[ 1.56831759e+00 -1.15791434e+00  3.54095690e+01  4.40640187e-02
  -1.20195323e-02 -5.35118313e-02]]
[[ 1.56812078e+00 -1.15996440e+00  3.54183289e+01  4.38359776e-02
  -1.15345274e-02 -5.37152192e-02]]
[[ 1.57059876e+00 -1.16090806e+00  3.54200648e+01  4.36948579e-02
  -1.12757574e-02 -5.39135884e-02]]
[[ 1.57455687e+00 -1.15705846e+00  3.54207947e+01  4.38862775e-02
  -1.15138506e-02 -5.39455628e-02]]
[[ 1.57997449e+00 -1.15420435e+00  3.54205879e+01  4.39267798e-02
  -1.18202053e-02 -5.39444138e-02]]
[[ 1.58123266e+00 -1.15717172e+00  3.54269301e+01  4.36674746e-02
  -1.14573262e-02 -5.40666148e-02]]
[[ 1.58357304e+00 -1.15682421e+00  3.54288770e+01  4.36520973e-02
  -1.15831422e-02 -5.40901891e-02]]
[[ 1.58262593e+00 -1.15520866e+00  3.54280044e+01  4.37484169e-02
  -1.16116428e-02 -5.40757209e-02]]
[[ 1.58637495e+00 -1.15542162e+00  3.54316381e+01  4.37467455e-02
  -1.16797639e-02 -5.41362566e-02]]
[[ 1.58563726e+00 -1.15577575e+00  3.54358691e+01  4.37601438e-02
  -1.15761752e-02 -5.42267049e-02]]
[[ 1.58756992e+00 -1.15268672e+00  3.54351946e+01  4.37911411e-02
  -1.15658709e-02 -5.42319601e-02]]
[[ 1.58823113e+00 -1.15212781e+00  3.54395159e+01  4.36985011e-02
  -1.15572421e-02 -5.41518946e-02]]
[[ 1.58931182e+00 -1.15116773e+00  3.54398056e+01  4.38105959e-02
  -1.16189976e-02 -5.42559444e-02]]
[[ 1.59289292 -1.14878539  5.44057469  0.04399193 -0.01170685 -0.0542178 ]]
[[ 1.59137087 -1.15066189  5.44831979  0.0436587  -0.01149292 -0.05421375]]
[[ 1.5925115  -1.15034908  5.45014253  0.0435697  -0.01148014 -0.05424655]]
[[ 1.59570349 -1.14606305  5.44155632  0.04406098 -0.01188022 -0.05414467]]
[[ 1.59664913 -1.14729714  5.45092032  0.04375322 -0.01160585 -0.05417462]]
[[ 1.59267433 -1.14876031  5.45247445  0.04366968 -0.01144147 -0.05426914]]
[[ 1.59546745 -1.14451858  5.45124175  0.04376955 -0.01162984 -0.05421279]]
[[ 1.59972562 -1.14361769  5.45066867  0.04395381 -0.01175191 -0.05420835]]
[[ 1.59803319 -1.14426942  5.45305222  0.04382187 -0.01167193 -0.05422545]]
[[ 1.59719222 -1.14650794  5.46406935  0.04351283 -0.01125493 -0.05431236]]
[[ 1.60391688 -1.14148863  5.45730029  0.04393138 -0.01169334 -0.05427393]]
[[ 1.60200382 -1.14457429  5.46269103  0.04379604 -0.01172797 -0.05431615]]
[[ 1.60090734 -1.14804897  5.47026787  0.0434719  -0.01148013 -0.05434695]]
[[ 1.60167757 -1.14580875  5.46406539  0.04375065 -0.01142141 -0.054342  ]]
[[ 1.60550287 -1.14460907  5.46482403  0.04380823 -0.01159237 -0.05433278]]
[[ 1.60646566 -1.14545333  5.4684098   0.04373618 -0.01162649 -0.05434065]]
[[ 1.60296028 -1.14576902  5.47528116  0.04371918 -0.01118688 -0.05432435]]
[[ 1.60693647 -1.14471493  5.47915681  0.04368918 -0.01136379 -0.05430092]]
[[ 1.6120652  -1.14157042  5.47342313  0.04385834 -0.01179873 -0.0542221 ]]
[[ 1.60599188 -1.14356498  5.48556546  0.04368239 -0.01127596 -0.05432877]]
[[ 1.60930215 -1.13994817  5.48025019  0.04363641 -0.01145637 -0.05423669]]
[[ 1.60843691 -1.13946292  5.48646648  0.04355721 -0.01133324 -0.05427876]]
[[ 1.61088614 -1.13743722  5.48259698  0.04374167 -0.01168071 -0.05427897]]
[[ 1.61166409 -1.13622857  5.47706414  0.04410245 -0.01150983 -0.05426871]]
[[ 1.61103201 -1.13992867  5.49126825  0.04350053 -0.01144648 -0.05435252]]
[[ 1.61326743 -1.1383582   5.49547406  0.04351961 -0.01134157 -0.05440539]]
[[ 1.61794875 -1.12873912  5.47914701  0.04415922 -0.01170663 -0.05438385]]
[[ 1.6162727  -1.1366544   5.5020175   0.04337221 -0.01122541 -0.05453888]]
[[ 1.61935364 -1.13257422  5.49649156  0.04350009 -0.01161283 -0.05444929]]
[[ 1.61614739 -1.13014185  5.49862858  0.04375829 -0.01095871 -0.05447199]]
[[ 1.62375697 -1.13305579  5.50711874  0.04321155 -0.01176146 -0.05439177]]
[[ 1.62091529 -1.13041527  5.49915672  0.04365267 -0.01116512 -0.05440662]]
[[ 1.62110284 -1.12947049  5.50335945  0.04351225 -0.01132213 -0.05448042]]
[[ 1.62661492 -1.12733643  5.50237582  0.04353597 -0.0116186  -0.05438873]]
[[ 1.62456894 -1.12901515  5.50911149  0.04348077 -0.01129668 -0.05451768]]
[[ 1.62716449 -1.12516984  5.49891667  0.04364905 -0.01176649 -0.05447301]]
[[ 1.62213481 -1.12727983  5.51231487  0.04334167 -0.01114842 -0.05449922]]
[[ 1.62617131 -1.12613947  5.50878407  0.04331156 -0.0116885  -0.05452732]]
[[ 1.62172245 -1.12177276  5.51289442  0.04365155 -0.01121885 -0.05453954]]
[[ 1.6251598  -1.12168526  5.51584763  0.04339296 -0.01158033 -0.05458597]]
[[ 1.62061864 -1.12531753  5.52314123  0.04342367 -0.01089972 -0.0546232 ]]
[[ 1.62123545 -1.12333826  5.53648102  0.04273657 -0.01183671 -0.05434516]]
[[ 1.61442306 -1.11706738  5.53122417  0.04269203 -0.01136944 -0.0541514 ]]
[[ 1.60762187 -1.11149076  5.5191311   0.04288565 -0.01098572 -0.05403654]]
[[ 1.60562586 -1.10930291  5.53722804  0.0424715  -0.01120135 -0.05394283]]
[[ 1.60828077 -1.10223251  5.5133127   0.04294316 -0.01172218 -0.05378044]]
[[ 1.60183646 -1.10381896  5.52785905  0.04264393 -0.01102798 -0.05379389]]
[[ 1.60522962 -1.10396626  5.53306521  0.04242691 -0.01152292 -0.05378463]]
[[ 1.60496483 -1.10146818  5.51690247  0.04290998 -0.01127154 -0.05380107]]
[[ 1.60255424 -1.10760381  5.53560501  0.0423354  -0.01114081 -0.05377801]]
[[ 1.60847918 -1.09658792  5.51512414  0.0430294  -0.01172489 -0.05368975]]
[[ 1.60497396 -1.09977228  5.5262717   0.04272511 -0.01109917 -0.05374357]]
[[ 1.60164707 -1.10158548  5.53194168  0.0423595  -0.01108169 -0.053759  ]]
[[ 1.60619831 -1.09435666  5.51727307  0.04296776 -0.0116104  -0.0537565 ]]
[[ 1.60860714 -1.09891829  5.53525134  0.04241845 -0.0117495  -0.05370287]]
[[ 1.60840285 -1.09678897  5.52470575  0.04269577 -0.01145576 -0.05368143]]
[[ 1.6042725  -1.09826946  5.53599402  0.04251013 -0.01117604 -0.05374428]]
[[ 1.6100053  -1.09543287  5.53044635  0.04264306 -0.01153585 -0.05368041]]
[[ 1.60983336 -1.09116788  5.53030627  0.04299835 -0.01144508 -0.05366144]]
[[ 1.60835912 -1.09815729  5.54994187  0.04231961 -0.01132079 -0.05369658]]
[[ 1.61303182 -1.09117586  5.5410449   0.04290638 -0.01193529 -0.05371877]]
[[ 1.61543132 -1.09064582  5.53733933  0.04348998 -0.01211345 -0.0538702 ]]
[[ 1.61008547 -1.09040187  5.54266262  0.04441555 -0.0108375  -0.05407142]]
[[ 1.61727978 -1.09225536  5.54251322  0.04364609 -0.01219522 -0.0540178 ]]
[[ 1.61418062 -1.09799929  5.55133392  0.04342934 -0.01152781 -0.05406066]]
[[ 1.62713932 -1.10139719  5.56206149  0.04262117 -0.0129374  -0.05356068]]
[[ 1.6221364  -1.09354779  5.56203343  0.04405108 -0.01161504 -0.05393991]]
[[ 1.62251765 -1.0840817   5.52483919  0.04489923 -0.01171766 -0.05385124]]
[[ 1.63522569 -1.06928294  5.50053139  0.04664408 -0.01275765 -0.05359613]]
[[ 1.63944792 -1.10357708  5.56333524  0.04441428 -0.0126623  -0.05404063]]
[[ 1.64913445 -1.09493171  5.57202095  0.04547358 -0.01316558 -0.05412647]]
[[ 1.64391146 -1.10913591  5.59649565  0.0439738  -0.01226792 -0.05395128]]
[[ 1.65392517 -1.09857324  5.57461692  0.04486402 -0.01340482 -0.05378672]]
[[ 1.66194892 -1.08855438  5.56172387  0.04574895 -0.01394018 -0.05368916]]
[[ 1.66511572 -1.09841145  5.57481662  0.04440085 -0.01407912 -0.05374286]]
[[ 1.666091   -1.10495527  5.59249349  0.04407441 -0.0138437  -0.0536608 ]]
[[ 1.67051658 -1.09275426  5.57611461  0.04520149 -0.01442046 -0.05351465]]
[[ 1.66737499 -1.08030976  5.55194245  0.0466572  -0.01411107 -0.05358913]]
[[ 1.67601273 -1.06783376  5.51039768  0.04764551 -0.01486788 -0.0535357 ]]
[[ 1.67652225 -1.06030146  5.48598586  0.04883884 -0.01464548 -0.05365541]]
[[ 1.68691861 -1.06026267  5.49464412  0.0486227  -0.01509217 -0.05358297]]
[[ 1.69916697 -1.05054326  5.49822903  0.04944537 -0.01576039 -0.05354923]]
[[ 1.70776896 -1.06325308  5.53978606  0.04764082 -0.0157715  -0.05341918]]
[[ 1.72483397 -1.05343692  5.53343515  0.04806004 -0.01674004 -0.05319655]]
[[ 1.73469087 -1.0528907   5.5396876   0.04754018 -0.01745687 -0.05311828]]
[[ 1.74645697 -1.03687645  5.50594992  0.04927217 -0.01739684 -0.05308856]]
[[ 1.76177143 -1.02589739  5.48982993  0.04976719 -0.01729241 -0.05306266]]
[[ 1.77926437 -1.02457798  5.5050365   0.04942641 -0.01840278 -0.05295799]]
[[ 1.78888609 -1.00968949  5.4792663   0.05053565 -0.01796739 -0.05280489]]
[[ 1.80193371 -0.99926236  5.47609121  0.05109298 -0.01873812 -0.05270029]]
[[ 1.8099981  -0.9941056   5.47912107  0.05189777 -0.01876898 -0.05252141]]
[[ 1.82230773 -0.99285806  5.49625668  0.05118504 -0.01893039 -0.05253865]]
[[ 1.84507044 -0.99461941  5.49769223  0.05019078 -0.02036878 -0.05235534]]
[[ 1.85616353 -0.98737053  5.49793203  0.05039044 -0.02045523 -0.05237101]]
[[ 1.86289456 -0.97458484  5.4832102   0.05152076 -0.02013391 -0.05216384]]
[[ 1.86698431 -0.96853989  5.47252182  0.05210958 -0.02058239 -0.05205617]]
[[ 1.87514648 -0.9671312   5.46691053  0.05184758 -0.02191931 -0.05179436]]
[[ 1.86745793 -0.96502085  5.4716475   0.05230022 -0.02141519 -0.05169371]]
[[ 1.87641475 -0.95769511  5.46670591  0.05308001 -0.02278938 -0.05137298]]
[[ 1.87569095 -0.956931    5.45757153  0.05315465 -0.02267922 -0.05132931]]
[[ 1.87928129 -0.953679    5.44459893  0.053603   -0.02243992 -0.0512418 ]]
[[ 1.89693327 -0.94128515  5.44063715  0.05414993 -0.02441855 -0.05099682]]
[[ 1.89404145 -0.95202317  5.45355645  0.05304894 -0.02357287 -0.05094716]]
[[ 1.90003091 -0.94089148  5.44283907  0.05442201 -0.0238465  -0.05065363]]
[[ 1.90987652 -0.92708905  5.42249263  0.0555597  -0.02482838 -0.0503947 ]]
[[ 1.91550168 -0.92437058  5.42549074  0.05552591 -0.02444854 -0.05035515]]
[[ 1.93622168 -0.92284172  5.42844542  0.05462871 -0.02576249 -0.0501982 ]]
[[ 1.94372432 -0.90900672  5.42115181  0.05594405 -0.02541226 -0.05012124]]
[[ 1.95719101 -0.90541841  5.40914101  0.05589235 -0.02679194 -0.0499114 ]]
[[ 1.95385873 -0.90092377  5.41623926  0.05620261 -0.02572541 -0.04969635]]
[[ 1.96175059 -0.89779791  5.41783088  0.05617783 -0.02719669 -0.04941212]]
[[ 1.95683795 -0.88612868  5.4131881   0.05753185 -0.0265867  -0.04923121]]
[[ 1.96496851 -0.87842009  5.39339821  0.0578517  -0.02773505 -0.04899281]]
[[ 1.96128088 -0.88114686  5.41518916  0.05706779 -0.02766825 -0.04900004]]
[[ 1.95878707 -0.88476706  5.40500701  0.057572   -0.02879119 -0.04877614]]
[[ 1.92819683 -0.90061835  5.41800292  0.05680295 -0.02895114 -0.04847661]]
[[ 1.91477771 -0.90446483  5.39468104  0.05763322 -0.03026921 -0.0481377 ]]
[[ 1.90578618 -0.9079791   5.39446305  0.0581174  -0.02958756 -0.04808799]]
[[ 1.91949553 -0.8988825   5.37936996  0.05924246 -0.02964966 -0.04813876]]
[[ 1.9305515  -0.8980981   5.3766051   0.05893454 -0.02976901 -0.04830485]]
[[ 1.94462314 -0.90430474  5.39080703  0.05784853 -0.03132908 -0.04814658]]
[[ 1.93566862 -0.89748569  5.38654274  0.05839768 -0.03087725 -0.04807633]]
[[ 1.93245599 -0.8966643   5.38437026  0.05864749 -0.03073586 -0.04782471]]
[[ 1.92769835 -0.90066372  5.37868116  0.05864316 -0.03112412 -0.04776592]]
[[ 1.92811047 -0.89893424  5.37736569  0.05857697 -0.03133671 -0.04766104]]
[[ 1.93093927 -0.89355792  5.37210641  0.0593352  -0.03177678 -0.04738557]]
[[ 1.92415227 -0.89423669  5.37163112  0.0590958  -0.03150617 -0.04754449]]
[[ 1.92332074 -0.89341438  5.37787556  0.05906785 -0.03096341 -0.04749572]]
[[ 1.93355366 -0.89271376  5.37254129  0.05887651 -0.03301962 -0.04712651]]
[[ 1.92721963 -0.89084776  5.37522968  0.05953932 -0.03193678 -0.04728548]]
[[ 1.92322838 -0.89318416  5.37950759  0.05932149 -0.03193842 -0.04742814]]
[[ 1.91860772 -0.88986113  5.37790159  0.05953239 -0.03206895 -0.04729371]]
[[ 1.92250476 -0.88595851  5.3699101   0.05974681 -0.0331208  -0.04712704]]
[[ 1.91622427 -0.88725518  5.375717    0.05960488 -0.03276692 -0.04711415]]
[[ 1.91023483 -0.88845473  5.37800455  0.05961577 -0.03225406 -0.04716054]]
[[ 1.91243742 -0.8884143   5.37484272  0.05973552 -0.03292141 -0.04706791]]
[[ 1.9118306  -0.8885999   5.37375488  0.0597974  -0.0331688  -0.04707298]]
[[ 1.9053449  -0.89213263  5.3816844   0.05958038 -0.03249527 -0.04715374]]
[[ 1.90468897 -0.89259026  5.38231109  0.05954202 -0.03280057 -0.04709218]]
[[ 1.90730009 -0.88991737  5.37693012  0.05966043 -0.03313414 -0.04700959]]
[[ 1.90710592 -0.89150568  5.37757907  0.05959515 -0.03312833 -0.04701286]]
[[ 1.9006775  -0.89577722  5.38519498  0.05943587 -0.03263302 -0.04715919]]
[[ 1.90113712 -0.89634646  5.38357595  0.05943917 -0.03276308 -0.04715699]]
[[ 1.90382462 -0.89453424  5.3817272   0.05948104 -0.03315539 -0.04708088]]
[[ 1.90192356 -0.89455396  5.38160763  0.05951601 -0.03303393 -0.04713784]]
[[ 1.89877741 -0.89651842  5.38645447  0.05920558 -0.0327796  -0.04713721]]
[[ 1.89945292 -0.89515428  5.3863609   0.05929285 -0.03281025 -0.04721048]]
[[ 1.90091201 -0.89148418  5.38336395  0.05947788 -0.03315376 -0.04723839]]
[[ 1.90394952 -0.89168943  5.38335197  0.05941914 -0.03320604 -0.04716891]]
[[ 1.89717217 -0.89730785  5.39034128  0.05921638 -0.03261676 -0.04721593]]
[[ 1.89921116 -0.89602219  5.38936521  0.05922816 -0.03276047 -0.04724168]]
[[ 1.90212477 -0.89256667  5.38457751  0.05938269 -0.03306009 -0.04721385]]
[[ 1.90178312 -0.89387107  5.38879884  0.05923436 -0.03307297 -0.04723649]]
[[ 1.89851256 -0.89603702  5.39186083  0.05916223 -0.03269004 -0.04725286]]
[[ 1.89945701 -0.89424943  5.38534486  0.05941532 -0.0328756  -0.04721789]]
[[ 1.90242969 -0.89325568  5.38526472  0.05946251 -0.03325754 -0.04717579]]
[[ 1.89948926 -0.89614145  5.39520701  0.05919236 -0.03276689 -0.04724076]]
[[ 1.89606725 -0.89555085  5.39912776  0.05907526 -0.03263633 -0.04726608]]
[[ 1.89851898 -0.89420373  5.39521347  0.05931292 -0.03298171 -0.04721725]]
[[ 1.89977594 -0.89447063  5.39722774  0.05919842 -0.03316204 -0.04724239]]
[[ 1.89865613 -0.89590681  5.40143211  0.05901432 -0.03278291 -0.04732399]]
[[ 1.89750824 -0.89477333  5.40179663  0.05910607 -0.03268948 -0.04731653]]
[[ 1.90052199 -0.89261156  5.40032676  0.05916844 -0.03305166 -0.04729829]]
[[ 1.89791575 -0.89402315  5.40446115  0.0589993  -0.03294266 -0.04730283]]
[[ 1.89586967 -0.89531342  5.40896508  0.05894518 -0.03266759 -0.04737913]]
[[ 1.89575838 -0.89292714  5.41055419  0.05899817 -0.03281058 -0.04736087]]
[[ 1.89775139 -0.89046598  5.41299077  0.05894461 -0.03294986 -0.04730325]]
[[ 1.89694971 -0.88821671  5.41117483  0.05903781 -0.03287991 -0.04728145]]
[[ 1.89604    -0.89082847  5.41360644  0.05885553 -0.03287761 -0.04734503]]
[[ 1.89370919 -0.89206601  5.41480623  0.05887414 -0.0326718  -0.04740141]]
[[ 1.89303603 -0.8910296   5.41168332  0.0590045  -0.03282591 -0.04739239]]
[[ 1.89607825 -0.89053128  5.41160502  0.05903682 -0.03302894 -0.0474008 ]]
[[ 1.891845   -0.8959166   5.41722697  0.05879811 -0.03250194 -0.0475298 ]]
[[ 1.888132   -0.89450051  5.41466331  0.05898464 -0.03230277 -0.04754118]]
