[[0. 0. 0. 0. 0. 0.]]
[[ 0.0003502   0.00055374  0.00155605 -0.00037556 -0.00149007 -0.00016577]]
[[ 1.15159623e-02 -6.87477015e-03 -1.63412366e-03  7.36322212e-06
  -6.48694990e-03 -5.93077028e-04]]
[[ 0.01228282 -0.0075153  -0.0063009   0.00022433 -0.00703766 -0.00061201]]
[[ 0.01599994 -0.0053921  -0.02270987  0.00066168 -0.00935467 -0.00089961]]
[[ 0.01719806 -0.00852036 -0.01922424  0.00061348 -0.01002237 -0.0010245 ]]
[[ 0.0132346  -0.00998308 -0.01838957  0.00045085 -0.00852664 -0.00086909]]
[[ 0.00989968 -0.00988717 -0.01429799  0.00017332 -0.00659613 -0.00067917]]
[[ 9.32870656e-03 -1.13205321e-02 -1.65036156e-02  9.00636159e-05
  -6.27893009e-03 -6.22715647e-04]]
[[ 0.00721959 -0.00759542 -0.02546138  0.00039621 -0.00614385 -0.00058098]]
[[ 0.00833968  0.00111546 -0.05325675  0.00106329 -0.00676258 -0.00060022]]
[[ 1.52169532e-05  2.56772603e-03 -4.13874523e-02  5.63676696e-04
  -2.68773979e-03 -2.39539714e-04]]
[[-0.01276439  0.00399956 -0.01168241 -0.00041902  0.00279831  0.00036472]]
[[-0.02343935  0.00638836  0.0174275  -0.00118738  0.00695956  0.00069675]]
[[-0.03302545  0.01202782  0.02824655 -0.0016918   0.01098351  0.00105953]]
[[-0.0445123   0.01240508  0.05319987 -0.00272524  0.0165536   0.00162665]]
[[-0.05267894  0.01320524  0.06508421 -0.00343418  0.01974824  0.00197766]]
[[-0.06039754  0.01371676  0.07363738 -0.00390061  0.02242933  0.00227657]]
[[-0.05868001  0.01573992  0.05260256 -0.0037228   0.02065951  0.00207669]]
[[-0.06000897  0.01022418  0.05916285 -0.00404944  0.02054925  0.00207638]]
[[-0.05372451  0.01343759  0.02912545 -0.00318033  0.01671245  0.00171839]]
[[-0.03864807  0.01629815 -0.0254064  -0.00157027  0.00929447  0.00099687]]
[[-0.02953162  0.02276967 -0.08919972 -0.00010492  0.00466505  0.00048781]]
[[-0.0346245   0.03710122 -0.12283284  0.00056325  0.00606027  0.00059901]]
[[-0.04715467  0.04558189 -0.1250447   0.00064704  0.00937644  0.00078552]]
[[-0.03959165  0.04498757 -0.147107    0.00116436  0.00568249  0.00042089]]
[[-2.64651866e-02  3.67245634e-02 -1.59833242e-01  1.59061360e-03
  -5.48584643e-04 -1.31294192e-04]]
[[-0.01220679  0.02802521 -0.15935506  0.00216365 -0.00758363 -0.0007823 ]]
[[ 0.00441698  0.0101973  -0.14080803  0.00231932 -0.01482326 -0.00142242]]
[[ 0.01537109 -0.0058945  -0.11608715  0.00236721 -0.02048214 -0.00197537]]
[[ 0.0187621  -0.00980342 -0.10635828  0.00240599 -0.02154062 -0.0021278 ]]
[[ 0.02084657 -0.01179357 -0.10827772  0.0024691  -0.02245515 -0.00225984]]
[[ 0.02219982 -0.00767245 -0.12859018  0.00266569 -0.02226327 -0.00224571]]
[[ 0.01625226  0.00122834 -0.14769719  0.00242373 -0.01838422 -0.00178442]]
[[ 0.01117209  0.00636634 -0.15414963  0.00190032 -0.01487462 -0.0014501 ]]
[[ 0.00445881  0.0124751  -0.17165462  0.00189295 -0.01173754 -0.00114917]]
[[-0.01405733  0.02307343 -0.15865741  0.00165941 -0.00535472 -0.00063421]]
[[-0.0288225   0.04594645 -0.18687174  0.00200808  0.00055596 -0.00021754]]
[[-0.04884368  0.06808079 -0.21735398  0.00219656  0.00789757  0.00039855]]
[[-0.06178206  0.08706433 -0.28611369  0.00253933  0.0119749   0.00077019]]
[[-0.07007727  0.09679582 -0.29648632  0.00278035  0.01501926  0.00115674]]
[[-0.06553241  0.08653493 -0.29014572  0.00271738  0.01195194  0.00113296]]
[[-0.05519079  0.08362801 -0.33552434  0.00369206  0.00577706  0.00056831]]
[[-4.29007292e-02  8.94523230e-02 -4.07971156e-01  4.83489305e-03
  -8.33897915e-04 -1.84197474e-04]]
[[-0.02729187  0.09140238 -0.49499535  0.00574263 -0.0079644  -0.00085069]]
[[-0.02766785  0.11146183 -0.58823793  0.00708669 -0.00868742 -0.00089368]]
[[-0.02904633  0.1280423  -0.67030243  0.00834741 -0.00839884 -0.00082337]]
[[-0.03004018  0.14598009 -0.74231385  0.00966269 -0.00836183 -0.00084233]]
[[-0.03066816  0.16645289 -0.8428428   0.0112413  -0.00991379 -0.00107163]]
[[-0.02400058  0.17734979 -0.93898884  0.01182441 -0.01307504 -0.00125437]]
[[-0.02070539  0.18746467 -1.06192885  0.01160661 -0.01618953 -0.00130552]]
[[-0.0153595   0.18653621 -1.10852283  0.01181277 -0.01910551 -0.00144585]]
[[-0.01830814  0.1986098  -1.16901451  0.01247908 -0.01951857 -0.00132825]]
[[-1.75028825e-02  2.07251040e-01 -1.27302935e+00  1.26918217e-02
  -2.16325308e-02 -1.24665600e-03]]
[[-0.0146594   0.22781236 -1.40862869  0.01435451 -0.02565487 -0.00157103]]
[[-0.01228412  0.24160909 -1.52613214  0.01560096 -0.02971684 -0.00175648]]
[[-1.03833361e-02  1.87126747e-01 -1.38476338e+00  1.05174833e-02
  -2.76143162e-02 -7.73941039e-04]]
[[-1.32326358e-02  1.30882994e-01 -1.20712720e+00  5.55631371e-03
  -2.44432016e-02  3.25895998e-04]]
[[-1.98069527e-02  7.13979155e-02 -9.96280344e-01  6.03364647e-04
  -1.94220967e-02  1.71200912e-03]]
[[-0.02662337  0.01399866 -0.78847211 -0.00391107 -0.0143313   0.00296611]]
[[-0.0350193  -0.0267998  -0.60556113 -0.00714488 -0.00919448  0.00388758]]
[[-0.04485303 -0.05079959 -0.49027339 -0.00966268 -0.00443626  0.00472729]]
[[-0.05688692 -0.14417242 -0.04778916 -0.01826099  0.00741927  0.0062875 ]]
[[-0.06504826 -0.22555779  0.33555117 -0.02586924  0.01656228  0.00759035]]
[[-0.07540919 -0.29443889  0.64977568 -0.03235543  0.02578671  0.00901431]]
[[-0.08102228 -0.33982374  0.84499011 -0.03703524  0.03154105  0.00988592]]
[[-0.08723304 -0.36530114  0.96943036 -0.03958723  0.03502802  0.01031801]]
[[-0.08994348 -0.36331711  0.98918668 -0.03966558  0.03505713  0.01011251]]
[[-0.09707759 -0.36373645  1.02101651 -0.04019812  0.03740715  0.01021181]]
[[-0.09924155 -0.3470654   0.98503809 -0.03850155  0.03604357  0.00980069]]
[[-0.10270664 -0.34093169  0.98886944 -0.03754168  0.03640985  0.00969707]]
[[-0.10402592 -0.32946265  0.97351508 -0.03632623  0.03549718  0.00940783]]
[[-0.09710046 -0.31093523  0.90844302 -0.03414897  0.03220775  0.00874276]]
[[-0.09712836 -0.29212493  0.84889598 -0.03263435  0.03077486  0.00838751]]
[[-0.10104252 -0.27054253  0.77369971 -0.03123264  0.0304432   0.00830789]]
[[-0.09442838 -0.2392436   0.66168692 -0.02782827  0.02536593  0.00742557]]
[[-0.09266258 -0.22025097  0.59363983 -0.02589529  0.02332499  0.00701444]]
[[-0.08584156 -0.19417592  0.48297577 -0.02238081  0.01766143  0.00593673]]
[[-0.06967563 -0.16629295  0.37483613 -0.01830088  0.01027916  0.00470345]]
[[-0.05301672 -0.1410737   0.23820122 -0.01441037  0.001417    0.00335591]]
[[-0.02910928 -0.11017498  0.06812133 -0.00991039 -0.00963401  0.00174741]]
[[-0.01268739 -0.0872283  -0.0531678  -0.00628039 -0.01821556  0.00042794]]
[[ 0.00036233 -0.07500132 -0.11666093 -0.00422982 -0.02343378 -0.00036547]]
[[ 0.00941436 -0.06714816 -0.1721656  -0.00267786 -0.02707084 -0.00091265]]
[[ 0.01711996 -0.0619944  -0.23844975 -0.00180698 -0.03060016 -0.00133774]]
[[ 0.02361855 -0.06127441 -0.23167856 -0.00104381 -0.03325763 -0.00171128]]
[[ 0.02785269 -0.0777661  -0.18700047 -0.00134455 -0.0341877  -0.00179359]]
[[ 0.03066018 -0.08678375 -0.17061779 -0.00164724 -0.03500271 -0.00172498]]
[[ 0.03595781 -0.08939119 -0.19105533 -0.00160943 -0.03681776 -0.00181414]]
[[ 0.04010443 -0.08841047 -0.2182034  -0.00166795 -0.03815302 -0.00189005]]
[[ 0.04372182 -0.09043928 -0.24865802 -0.00207674 -0.03971675 -0.00188442]]
[[ 0.05689913 -0.10617598 -0.28003043 -0.00312618 -0.04317675 -0.00167292]]
[[ 0.0765261  -0.12794728 -0.28658627 -0.00468992 -0.0467346  -0.0013321 ]]
[[ 0.08901192 -0.14575005 -0.29944783 -0.00598213 -0.04939893 -0.00105031]]
[[ 0.10037607 -0.15875582 -0.30967012 -0.0070198  -0.05144383 -0.00073658]]
[[ 1.13539289e-01 -1.68557662e-01 -3.38514030e-01 -8.32980184e-03
  -5.36470814e-02 -3.22492185e-04]]
[[ 1.22609374e-01 -1.83483265e-01 -3.32484782e-01 -9.57953048e-03
  -5.44231309e-02  2.95443635e-05]]
[[ 0.12913157 -0.20519537 -0.30449718 -0.0113704  -0.05466365  0.00049317]]
[[ 0.13634644 -0.23450243 -0.24848287 -0.01383446 -0.05417785  0.00120934]]
[[ 0.14115974 -0.25414556 -0.21473253 -0.01601805 -0.05290973  0.00187339]]
[[ 0.14243511 -0.28146541 -0.12905021 -0.01880436 -0.05055559  0.00263148]]
[[ 0.14189704 -0.30366004 -0.06582582 -0.02128224 -0.04804441  0.0032536 ]]
[[ 0.14170496 -0.31796638 -0.01154018 -0.0231357  -0.04534594  0.00371807]]
[[ 0.14012364 -0.32389393 -0.00155226 -0.0244054  -0.0435436   0.00422846]]
[[ 0.13710065 -0.32948802  0.00351922 -0.02575159 -0.04160551  0.00470181]]
[[ 0.13690172 -0.33389504  0.00411691 -0.02695595 -0.03965548  0.00502246]]
[[ 0.13407944 -0.3367591   0.01448395 -0.02797468 -0.03783019  0.00525778]]
[[ 0.13047612 -0.34459103  0.05421462 -0.02922312 -0.03524956  0.00553755]]
[[ 0.12283943 -0.35637065  0.11303226 -0.03060728 -0.03280043  0.00583982]]
[[ 0.11662944 -0.37078318  0.21310722 -0.03126602 -0.03022538  0.00580103]]
[[ 0.10915911 -0.37948642  0.29116813 -0.03156098 -0.02798591  0.00577138]]
[[ 0.10209001 -0.37746189  0.33708148 -0.03148289 -0.02568905  0.00570343]]
[[ 0.09629903 -0.37944534  0.3866404  -0.0318016  -0.02347488  0.00576261]]
[[ 0.09229544 -0.37791111  0.40849349 -0.03171581 -0.02185851  0.00573187]]
[[ 0.08755982 -0.37373161  0.4130669  -0.03142763 -0.02059882  0.00561571]]
[[ 0.08387761 -0.36836022  0.39853338 -0.03103186 -0.01995889  0.00553035]]
[[ 0.08101154 -0.36110866 -2.62767087 -0.0307834  -0.01951779  0.00548253]]
[[ 0.07741729 -0.36033235 -2.60768361 -0.0305307  -0.01865788  0.00544741]]
[[ 0.07113141 -0.37095641 -2.43476348 -0.02926111 -0.01701892  0.00502083]]
[[ 0.06087922 -0.39834846 -2.13598748 -0.02832646 -0.01316127  0.00455538]]
[[ 0.05385952 -0.45083552 -1.71727707 -0.02840331 -0.00793205  0.00441835]]
[[ 0.04879447 -0.52348491 -1.24182185 -0.03018359 -0.00180111  0.00473693]]
[[ 0.04995064 -0.58917863 -0.82367374 -0.03211703  0.0028616   0.00514893]]
[[ 0.05071692 -0.64713494 -0.474871   -0.03446096  0.00657947  0.00560662]]
[[ 0.05504986 -0.66749468 -0.31865463 -0.03468456  0.00649488  0.00527057]]
[[ 0.05937299 -0.68484873 -0.20925509 -0.03500372  0.00552589  0.00498557]]
[[ 0.06215579 -0.70596483 -0.10146653 -0.03611503  0.0062551   0.00486665]]
[[ 0.06584177 -0.73650081  0.06167421 -0.03758016  0.00724344  0.00496006]]
[[ 0.06982235 -0.77189663  0.2382324  -0.03936954  0.00920076  0.00518798]]
[[ 0.07111109 -0.78896082  0.31109567 -0.04061155  0.00970913  0.00521263]]
[[ 0.07766078 -0.7890968   0.32761879 -0.03951397  0.00683186  0.00472561]]
[[ 0.07941446 -0.79444884  0.35756138 -0.04037312  0.00736648  0.00458792]]
[[ 0.07969557 -0.7980845   0.37174091 -0.04072362  0.00752864  0.00446713]]
[[ 0.08264061 -0.80781825  0.38321968 -0.04131954  0.00647472  0.00438506]]
[[ 0.08643972 -0.82543597  0.4442978  -0.04306872  0.00718518  0.00465757]]
[[ 0.08567812 -0.82671127  0.433473   -0.04348642  0.00639308  0.00458558]]
[[ 0.0828391  -0.82671252  0.41648689 -0.04408451  0.00656738  0.00452308]]
[[ 0.08557001 -0.82678175  0.38161209 -0.04421231  0.00485612  0.00446936]]
[[ 0.08960704 -0.825614    0.35335591 -0.04388777  0.00272303  0.00428101]]
[[ 0.08766981 -0.82316616  0.32424778 -0.04419189  0.00212252  0.00414202]]
[[ 0.08919327 -0.84401169  0.36597618 -0.04663649  0.00379485  0.00431384]]
[[ 0.08843413 -0.86373675  0.40894325 -0.04863845  0.00520459  0.00440631]]
[[ 0.08512557 -0.88322717  0.48110823 -0.05076325  0.00761251  0.00464058]]
[[ 0.0772276  -0.89069749  0.54860959 -0.05136796  0.0105602   0.00478775]]
[[ 0.08017095 -0.89881678  0.58628447 -0.05164447  0.0110291   0.00485401]]
[[ 0.06641063 -0.90729863  0.40811219 -0.05946307  0.01901034  0.00581531]]
[[ 0.04228294 -0.83666317 -0.05879364 -0.06201689  0.02410756  0.00625373]]
[[ 0.0341943  -0.76427392 -0.44502685 -0.06046434  0.02270112  0.00598134]]
[[ 0.04699475 -0.67389197 -0.77923775 -0.05031003  0.00917944  0.00432278]]
[[ 0.03685877 -0.65714203 -0.98107558 -0.05357968  0.012699    0.00484365]]
[[ 0.03538739 -0.65477708 -1.08847431 -0.05651598  0.01466054  0.00533964]]
[[ 0.04987274 -0.65181006 -1.09997293 -0.05404344  0.00818771  0.00487344]]
[[ 0.09160998 -0.70359044 -0.65806514 -0.04565746 -0.0071169   0.0032655 ]]
[[ 0.11543916 -0.78300743 -0.18746633 -0.04575723 -0.01071516  0.00301677]]
[[ 0.13505034 -0.8491916   0.21709696 -0.04606563 -0.01233054  0.00310131]]
[[ 0.14464612 -0.90512296  0.59430612 -0.04758562 -0.0104385   0.00357579]]
[[ 0.15760054 -0.92922147  0.82782062 -0.04813116 -0.00992842  0.00415601]]
[[ 0.16603929 -0.95013854  0.96848795 -0.05037357 -0.00859622  0.00489556]]
[[ 0.17234139 -0.96973808  1.070553   -0.05344669 -0.00608896  0.00567105]]
[[ 0.1804306  -0.98495992  1.12976505 -0.05688848 -0.00463381  0.00636396]]
[[ 0.20659589 -0.97551874  1.13472768 -0.05520875 -0.01202412  0.00635653]]
[[ 0.22323756 -0.95550257  1.22217274 -0.05262169 -0.0156959   0.00659695]]
[[ 0.22504936 -0.90698287  1.16954466 -0.04919874 -0.01716921  0.00694974]]
[[ 0.22627196 -0.86259057  1.02937826 -0.04780381 -0.01826024  0.00718577]]
[[ 0.22927153 -0.82274084  0.90886783 -0.04563788 -0.0206918   0.00720878]]
[[ 0.23159853 -0.83035317  0.94641152 -0.04766732 -0.01915035  0.00758524]]
[[ 0.24719045 -0.83482562  0.86583077 -0.04866675 -0.0217572   0.00902232]]
[[ 0.26659653 -0.80317622  0.55646117 -0.04843591 -0.02772343  0.01061543]]
[[ 0.27887742 -0.76176664  0.26299204 -0.0471899  -0.03329074  0.01121544]]
[[ 0.28946965 -0.73652714  0.01574022 -0.04726434 -0.03773511  0.01173126]]
[[ 0.28628012 -0.6919926  -0.21762742 -0.04620585 -0.03909459  0.01182182]]
[[ 0.29823393 -0.68991762 -0.34236726 -0.04800375 -0.04136755  0.01268878]]
[[ 0.29068548 -0.74279139 -0.24173283 -0.05500058 -0.03314861  0.01474366]]
[[ 0.28862093 -0.78081468 -0.27977436 -0.06274127 -0.02751941  0.01695345]]
[[ 0.27801928 -0.81536075 -0.30661633 -0.06993924 -0.02028643  0.01895418]]
[[ 0.27909265 -0.84908814 -0.35859493 -0.07675561 -0.01592667  0.02070221]]
[[ 0.27359729 -0.87454275 -0.35858876 -0.08183441 -0.01081777  0.02185095]]
[[ 0.27012057 -0.91752811 -0.32569299 -0.08810807 -0.00515353  0.02336528]]
[[ 0.27037455 -0.94615891 -0.32652059 -0.09276056 -0.0025918   0.02439031]]
[[ 0.2668035  -0.95387732 -0.39810884 -0.09626195 -0.00100778  0.02520637]]
[[ 0.27073382 -0.96618026 -0.49519006 -0.09969194 -0.00106699  0.02608956]]
[[ 0.27026671 -0.99600089 -0.43917115 -0.10320345  0.00221149  0.02703844]]
[[ 0.26462491 -1.07409662 -0.10115768 -0.1101362   0.01249935  0.02879414]]
[[ 0.26530613 -1.12978483  0.09708459 -0.11538866  0.01831762  0.03023029]]
[[ 0.25351607 -1.18290999  0.37747475 -0.12092273  0.02986496  0.03176613]]
[[ 0.24716179 -1.22687081  0.61072542 -0.1242972   0.03675167  0.03267212]]
[[ 0.25541962 -1.27206504  0.72794626 -0.12902455  0.03908585  0.03375296]]
[[ 0.24935173 -1.3088549   0.80600771 -0.13566195  0.047273    0.03565573]]
[[ 0.24276635 -1.34777214  0.86488541 -0.14278376  0.05621101  0.03757119]]
[[ 0.23555378 -1.37166136  0.94567199 -0.14734263  0.06282427  0.03854963]]
[[ 0.23352756 -1.388268    1.02444183 -0.14951454  0.06648132  0.03887757]]
[[ 0.22127778 -1.40857925  1.0894904  -0.15421313  0.07412071  0.03985731]]
[[ 0.20015784 -1.44625815  1.25734735 -0.16033359  0.08665935  0.04126945]]
[[ 0.18823808 -1.48984393  1.45070393 -0.16572613  0.09760596  0.04238322]]
[[ 0.18707986 -1.44270359  1.1966259  -0.16297838  0.09083945  0.04185599]]
[[ 0.17880537 -1.43606771  1.08142984 -0.16570671  0.09354426  0.04262005]]
[[ 0.16410047 -1.43951438  1.04881766 -0.16975408  0.10121842  0.04372515]]
[[ 0.13515581 -1.44398705  1.06167717 -0.17484792  0.11404828  0.04497816]]
[[ 0.11456382 -1.4464669   1.08394107 -0.17786511  0.12129021  0.04552943]]
[[ 0.09716939 -1.44717235  1.07538725 -0.17989643  0.12621148  0.04590727]]
[[ 0.08775465 -1.41897605  0.94885717 -0.1787183   0.12575417  0.04566264]]
[[ 0.06923982 -1.36790337  0.76898504 -0.175848    0.12695731  0.04531722]]
[[ 0.0434314  -1.32220826  0.60969617 -0.17352985  0.12965111  0.04496955]]
[[ 0.02246585 -1.26612643  0.44380656 -0.17006176  0.13142013  0.04448835]]
[[-1.01263740e-03 -1.21904383e+00  3.38265482e-01 -1.66536973e-01
   1.34685454e-01  4.41579940e-02]]
[[-0.01271834 -1.18436093  0.24212223 -0.16301354  0.13332753  0.04347588]]
[[-0.01976071 -1.1430191   0.09221412 -0.15931656  0.12982337  0.042647  ]]
[[-0.03038863 -1.10366696 -0.0672429  -0.15699251  0.12838542  0.04226421]]
[[-0.0321605  -1.06773376 -0.22437311 -0.1539244   0.12357502  0.04146357]]
[[-0.03407456 -1.03626446 -0.33918577 -0.15050963  0.11928838  0.0406597 ]]
[[-0.03426432 -1.00243606 -0.45311262 -0.14686835  0.11488211  0.03978017]]
[[-0.03644341 -0.94889164 -0.63637556 -0.1424285   0.10966085  0.03879376]]
[[-0.03104706 -0.89014814 -0.86174397 -0.13653927  0.10077835  0.03732858]]
[[-0.03142583 -0.85299189 -0.97251619 -0.1322971   0.09680557  0.03652768]]
[[-0.02868638 -0.83352118 -1.035571   -0.12932904  0.09341406  0.03604571]]
[[-0.02872769 -0.81733787 -1.08960897 -0.12726667  0.09113208  0.03582781]]
[[-0.02361039 -0.80315826 -1.0970053  -0.12441566  0.08713356  0.03516808]]
[[-0.00970515 -0.80220335 -1.10092819 -0.12177923  0.08085651  0.03454153]]
[[ 0.00360664 -0.80915424 -1.09326489 -0.12069915  0.07660604  0.03432431]]
[[ 0.00947185 -0.80881535 -1.05576171 -0.11954609  0.07538629  0.03401093]]
[[ 0.01250634 -0.81442031 -1.02465725 -0.11931846  0.07562917  0.03407525]]
[[ 0.01889388 -0.84109483 -0.90280403 -0.12058175  0.07793067  0.03463317]]
[[ 0.02285711 -0.89634052 -0.59926884 -0.12347043  0.08394835  0.03528907]]
[[ 0.03567112 -0.960682   -0.34593673 -0.12742071  0.08729741  0.03626797]]
[[ 0.0527975  -0.99615536 -0.22808282 -0.12876636  0.08529749  0.03656162]]
[[ 0.06317326 -1.04557429 -0.06406045 -0.1321159   0.08768371  0.03748462]]
[[ 0.08086215 -1.07800681  0.00517287 -0.13398728  0.08598709  0.03801911]]
[[ 0.11019568 -1.08154548 -0.10564856 -0.1335943   0.07660992  0.03787937]]
[[ 0.12111103 -1.07584755 -0.19465495 -0.13270644  0.07206274  0.03765286]]
[[ 0.13623031 -1.0735366  -0.26537706 -0.13199445  0.06655772  0.03743189]]
[[ 0.14896514 -1.08009981 -0.27045086 -0.13164664  0.06398097  0.03736841]]
[[ 0.14865669 -1.10483455 -0.11293852 -0.13272159  0.06797352  0.03783636]]
[[ 0.15199128 -1.13608655 -0.00151834 -0.13576528  0.07218483  0.03881677]]
[[ 0.15063814 -1.15722739  0.07751051 -0.13781593  0.07659799  0.03954124]]
[[ 0.14640562 -1.18986247  0.24509673 -0.14049089  0.08378621  0.04051317]]
[[ 0.14152853 -1.19853606  0.35173387 -0.14070514  0.08782899  0.04075079]]
[[ 0.13935189 -1.20921283  0.47527202 -0.14098781  0.09180412  0.04107318]]
[[ 0.13283378 -1.2204951   0.59990778 -0.14135851  0.0971052   0.04150647]]
[[ 0.13147129 -1.2233993   0.65610162 -0.14127148  0.09969669  0.04169546]]
[[ 0.12677411 -1.21633516  0.67612344 -0.14041888  0.10157682  0.04165527]]
[[ 0.1130726  -1.21491533  0.73329297 -0.14090256  0.10765552  0.04206303]]
[[ 0.09971397 -1.20349545  0.71606391 -0.14018197  0.10973134  0.04201897]]
[[ 0.09051776 -1.18612378  0.67338338 -0.13884921  0.11020225  0.04175935]]
[[ 0.07694769 -1.17891525  0.69571231 -0.138599    0.1139011   0.04179355]]
[[ 0.06240201 -1.18248927  0.78142764 -0.1392747   0.12098706  0.04207834]]
[[ 0.04827527 -1.19125148  0.89541609 -0.14021915  0.12815665  0.04254604]]
[[ 0.03548095 -1.17664721  0.92115709 -0.13952413  0.13204684  0.0425318 ]]
[[ 0.02782742 -1.16792144  0.93093238 -0.1390078   0.13406886  0.04242864]]
[[ 0.01740093 -1.1498052   0.90389314 -0.13699206  0.13485672  0.04203809]]
[[ 0.0064578  -1.1315384   0.88152662 -0.13514145  0.13555252  0.04170613]]
[[-6.24472269e-06 -1.09832341e+00  7.80546659e-01 -1.31522201e-01
   1.32021855e-01  4.08707216e-02]]
[[-0.00580612 -1.05692922  0.63592332 -0.12701743  0.12631398  0.03986129]]
[[-0.01509624 -1.01657393  0.47915313 -0.12321517  0.12130764  0.03902382]]
[[-0.01742323 -0.98556687  0.34141915 -0.11985743  0.11588516  0.03813928]]
[[-0.01297596 -0.9471037   0.1564706  -0.11574629  0.10669111  0.03682416]]
[[-0.01454882 -0.91087737 -0.01075433 -0.11257795  0.10037256  0.0357489 ]]
[[-0.01451548 -0.87504701 -0.19363183 -0.10930678  0.09334512  0.03481321]]
[[-0.00516491 -0.83551479 -0.39732371 -0.10526364  0.08365759  0.03350936]]
[[-0.00273566 -0.78519829 -0.62881524 -0.10086131  0.07534309  0.03222967]]
[[ 0.00909148 -0.72126104 -0.92150206 -0.09475631  0.06295801  0.03034252]]
[[ 0.01880095 -0.67826857 -1.1473039  -0.09075421  0.0541219   0.02905079]]
[[ 0.02531384 -0.6408243  -1.31310881 -0.08715697  0.04730097  0.02788957]]
[[ 0.03121938 -0.60166869 -1.45768537 -0.08335377  0.04109459  0.02679001]]
[[ 0.03561409 -0.5992571  -1.43683268 -0.08145595  0.03846355  0.02611895]]
[[ 0.03027282 -0.62574687 -1.27095997 -0.08205709  0.04141505  0.02633253]]
[[ 0.02472998 -0.65415986 -1.06914066 -0.08288071  0.04460156  0.02648685]]
[[ 0.02295686 -0.66696623 -0.92385752 -0.08230362  0.045036    0.02619869]]
[[ 0.01416551 -0.71440384 -0.60667976 -0.0844989   0.05330692  0.02691308]]
[[ 0.00185375 -0.75808934 -0.30170463 -0.08679663  0.06013168  0.02731359]]
[[-2.17515842e-06 -7.79881930e-01 -1.52492123e-01 -8.80756589e-02
   6.19664733e-02  2.74120708e-02]]
[[ 0.00718661 -0.78447104 -0.11774447 -0.08765597  0.05845242  0.02686061]]
[[ 0.00748776 -0.78660418 -0.08192495 -0.08761636  0.05812378  0.02673229]]
[[ 0.00776486 -0.78396976 -0.05101115 -0.08757048  0.05792356  0.02638091]]
[[ 0.02069198 -0.75698035 -0.16426955 -0.08459102  0.04981521  0.02502224]]
[[ 0.02505294 -0.74333208 -0.21025595 -0.08271648  0.04524283  0.02412811]]
[[ 0.02975351 -0.72474557 -0.26145307 -0.08074928  0.04107502  0.02321945]]
[[ 0.05084003 -0.68755966 -0.43224112 -0.07648558  0.03043277  0.02161771]]
[[ 0.06296248 -0.66063442 -0.56004167 -0.07305045  0.02214887  0.02046059]]
[[ 0.07156041 -0.64526832 -0.60310389 -0.07071234  0.01824784  0.01969441]]
[[ 0.08132407 -0.63625113 -0.5989764  -0.06793388  0.01339787  0.01871101]]
[[ 0.09820341 -0.62549954 -0.59155821 -0.06446471  0.00645642  0.01749855]]
[[ 1.14583282e-01 -6.19099040e-01 -5.70555177e-01 -6.14029866e-02
  -3.65233220e-04  1.63739932e-02]]
[[ 0.13140712 -0.62936158 -0.47029689 -0.0594301  -0.00576552  0.01549606]]
[[ 0.14082924 -0.63923915 -0.39614284 -0.05826623 -0.00891672  0.01505975]]
[[ 0.14829954 -0.65736996 -0.28203153 -0.05824773 -0.01009123  0.01484151]]
[[ 0.15578606 -0.67279467 -0.19875966 -0.05821963 -0.01085844  0.0146445 ]]
[[ 0.1579989  -0.69510585 -0.06311953 -0.05898112 -0.00963672  0.01466389]]
[[ 0.16091318 -0.71454284  0.04652704 -0.05989049 -0.00858724  0.01469843]]
[[ 0.16572874 -0.72360985  0.10231551 -0.06043813 -0.00874804  0.0148639 ]]
[[ 0.17368955 -0.72749966  0.1080703  -0.06050326 -0.01033085  0.01482375]]
[[ 0.18262625 -0.72272449  0.07100662 -0.06020102 -0.01304326  0.01488051]]
[[ 0.1982765  -0.70607682 -0.04510905 -0.05858437 -0.01890791  0.01465536]]
[[ 0.21800872 -0.6903315  -0.16762557 -0.05648506 -0.02569297  0.01449204]]
[[ 0.23602581 -0.67542667 -0.27660568 -0.05507332 -0.03108512  0.01439276]]
[[ 0.25149384 -0.6583918  -0.41227293 -0.05374406 -0.03676815  0.01421957]]
[[ 0.26347582 -0.64727728 -0.48726009 -0.05279503 -0.03981557  0.01405408]]
[[ 0.26802539 -0.64505997 -0.52959408 -0.05242868 -0.04173666  0.01404358]]
[[ 0.26965215 -0.65046749 -0.50851698 -0.052711   -0.04183058  0.01407024]]
[[ 0.2721172  -0.66293669 -0.46719487 -0.05302585 -0.04239913  0.0140905 ]]
[[ 0.26719525 -0.67658288 -0.37344046 -0.05407899 -0.03910184  0.01422186]]
[[ 0.26218774 -0.69311372 -0.26944117 -0.05527011 -0.03584724  0.01446599]]
[[ 0.25439381 -0.70203191 -0.18693484 -0.05575715 -0.03344306  0.01452271]]
[[ 0.25155661 -0.70234327 -0.16722498 -0.05571196 -0.03297127  0.01431876]]
[[ 0.24846506 -0.69856384 -0.14721048 -0.05539593 -0.03201939  0.01418586]]
[[ 0.24153078 -0.68942235 -0.17189991 -0.0549084  -0.03144493  0.01409315]]
[[ 0.24257751 -0.68236311 -0.18849757 -0.05389852 -0.03179245  0.01398935]]
[[ 0.24448723 -0.66780547 -0.25095228 -0.05239637 -0.03391992  0.01380871]]
[[ 0.2535355  -0.66384351 -0.32232268 -0.051496   -0.0370805   0.01383248]]
[[ 0.26110502 -0.66094215 -0.37460421 -0.05079595 -0.03996213  0.01397216]]
[[ 0.27224599 -0.67191008 -0.37387894 -0.05086128 -0.0416812   0.01430987]]
[[ 0.28551316 -0.69683531 -0.32651086 -0.05187093 -0.0429045   0.01487399]]
[[ 0.30040482 -0.72343635 -0.28162902 -0.053115   -0.04512603  0.01540638]]
[[ 0.3163222  -0.74488046 -0.27117188 -0.05440265 -0.04872616  0.01587378]]
[[ 0.3321953  -0.76705855 -0.25568362 -0.05536611 -0.05226927  0.01628062]]
[[ 0.34169661 -0.78584838 -0.22661363 -0.05645193 -0.05407507  0.01669277]]
[[ 0.35531993 -0.80537909 -0.20337454 -0.05747389 -0.05643353  0.01716045]]
[[ 0.37418316 -0.82790953 -0.193108   -0.05895299 -0.0598314   0.0176839 ]]
[[ 0.39694448 -0.8409512  -0.23047208 -0.06045139 -0.06366467  0.01834885]]
[[ 0.42402929 -0.84276565 -0.32925639 -0.0616207  -0.0687373   0.01906351]]
[[ 0.45719383 -0.84749127 -0.4002426  -0.0631916  -0.07408397  0.01999758]]
[[ 0.48895558 -0.85616464 -0.42323843 -0.06502161 -0.07852943  0.02113501]]
[[ 0.52736467 -0.86617953 -0.40670564 -0.06745222 -0.08263377  0.02260696]]
[[ 0.56534789 -0.88252957 -0.30664863 -0.07118726 -0.08454811  0.02478049]]
[[ 0.6080705  -0.89523668 -0.18944964 -0.07554178 -0.08566792  0.0273917 ]]
[[ 0.64986108 -0.921773    0.00338998 -0.08217247 -0.08297253  0.03085977]]
[[ 0.68844745 -0.93419718  0.16651582 -0.08753632 -0.0817713   0.03406657]]
[[ 0.73255877 -0.93719986  0.29753563 -0.09204729 -0.0819461   0.03722044]]
[[ 0.77572528 -0.94108807  0.40774597 -0.09632677 -0.08293386  0.04001439]]
[[ 0.81646014 -0.94863753  0.53499385 -0.10220559 -0.08172539  0.04340728]]
[[ 0.85426475 -0.96004738  0.63358573 -0.10909508 -0.07976358  0.04692694]]
[[ 0.90277026 -0.95258391  0.61822709 -0.11376698 -0.08308638  0.04972321]]
[[ 0.9452157  -0.94205297  0.60197481 -0.11841306 -0.08435568  0.05259417]]
[[ 0.97296264 -0.95265914  0.64264663 -0.12558438 -0.08048921  0.05574098]]
[[ 1.00565215 -0.93898843  0.57726655 -0.12877003 -0.0833657   0.0576554 ]]
[[ 1.02925022 -0.94501161  0.58877608 -0.13363271 -0.08180291  0.05995538]]
[[ 1.05232158 -0.95339205  0.57349568 -0.1385244  -0.08104038  0.06217326]]
[[ 1.08144037 -0.94423595  0.48353669 -0.14115393 -0.08506897  0.0636093 ]]
[[ 1.11154914 -0.93673291  0.39663492 -0.14453505 -0.08820188  0.06513595]]
[[ 1.14528945 -0.93057335  0.3170723  -0.14792017 -0.09146497  0.06679085]]
[[ 1.18498743 -0.9265134   0.26804416 -0.1508133  -0.09590472  0.06880321]]
[[ 1.22972769 -0.93074306  0.25146719 -0.15542772 -0.09966158  0.07154761]]
[[ 1.2783486  -0.93794171  0.24446541 -0.16208824 -0.10125423  0.07505994]]
[[ 1.33277245 -0.93945821  0.2216952  -0.16829576 -0.10465656  0.07855561]]
[[ 1.3842087  -0.95165817  0.29086365 -0.17585755 -0.10484251  0.08267212]]
[[ 1.43341495 -0.95854924  0.36387762 -0.18317904 -0.1044557   0.08667064]]
[[ 1.48480806 -0.97233893  0.40907696 -0.19201904 -0.10390281  0.09114006]]
[[ 1.5388245  -0.97737744  0.441776   -0.20014785 -0.10432219  0.09555171]]
[[ 1.59810224 -0.98733489  0.49574484 -0.20928998 -0.10447663  0.10041844]]
[[ 1.64759811 -0.98941644  3.55737079 -0.21753747 -0.10334131  0.10495019]]
[[ 1.69278265 -0.99159056  3.61391565 -0.22476965 -0.10217138  0.10889878]]
[[ 1.73770424 -0.96902917  3.46678958 -0.23007727 -0.10630305  0.11208486]]
[[ 1.78724119 -0.91210067  3.13628154 -0.23220887 -0.11567225  0.11417954]]
[[ 1.82990184 -0.82996644  2.65593591 -0.23116171 -0.12751101  0.11501519]]
[[ 1.8636664  -0.71778502  2.04164038 -0.22694588 -0.14116032  0.11461525]]
[[ 1.89128344 -0.59940482  1.34721494 -0.22239354 -0.15455138  0.11406028]]
[[ 1.90305686 -0.52031822  0.81094064 -0.22102807 -0.1610695   0.11388219]]
[[ 1.90141447 -0.47791384  0.44659713 -0.22246409 -0.16188744  0.1144005 ]]
[[ 1.90523399 -0.46627645  0.18951233 -0.22566734 -0.16185684  0.11544105]]
[[ 1.91681715 -0.4396027  -0.07298006 -0.2252798  -0.16678339  0.11551605]]
[[ 1.9221959  -0.41128951 -0.26032709 -0.22332545 -0.17016846  0.11521936]]
[[ 1.90575681 -0.43184446 -0.23053263 -0.226844   -0.16312985  0.11627288]]
[[ 1.90578039 -0.43409478 -0.29860603 -0.22836382 -0.16213943  0.11665736]]
[[ 1.90626113 -0.42267036 -0.40697731 -0.22806879 -0.16327896  0.11661993]]
[[ 1.89775196 -0.43684243 -0.41827439 -0.23089612 -0.15956451  0.11734998]]
[[ 1.89976519 -0.4602688  -5.41041025 -0.2338527  -0.15740373  0.11823974]]
[[ 1.90335614 -0.48084171 -5.3991511  -0.23554371 -0.15686992  0.11898227]]
[[ 1.89648831 -0.57037612 -5.09923697 -0.24150006 -0.14976422  0.1209346 ]]
[[ 1.88400505 -0.75169042 -4.36992372 -0.25476471 -0.13137106  0.12505256]]
[[ 1.90691455 -0.98590304 -3.14836657 -0.27394678 -0.10780622  0.13225605]]
[[ 1.98942212 -1.15623432 -1.86096022 -0.29542333 -0.08694374  0.14271068]]
[[ 2.0769279  -1.27946128 -0.74818565 -0.31517637 -0.06830773  0.15266839]]
[[ 2.16063057 -1.36656909  0.22343161 -0.33258136 -0.05198238  0.1617829 ]]
[[ 2.22326927 -1.41936004  0.95375542 -0.34585357 -0.03800249  0.1688797 ]]
[[ 2.2694746  -1.4511415   1.48223423 -0.35597426 -0.02691132  0.17412183]]
[[ 2.30182432 -1.46300734  1.81058641 -0.36239907 -0.0202313   0.17766667]]
[[ 2.32196688 -1.49745627  2.14650341 -0.37031822 -0.00894144  0.18100459]]
[[ 2.33236575e+00 -1.54157837e+00  2.41073421e+00 -3.79195117e-01
   2.14437559e-03  1.84133547e-01]]
[[ 2.35583311e+00 -1.53625588e+00  2.33365487e+00 -3.82953200e-01
   3.48548504e-04  1.85970138e-01]]
[[ 2.36986142 -1.55129309  2.32709694 -0.38957266  0.00492482  0.18829503]]
[[ 2.36883676 -1.49527335  2.10331412 -0.38978493  0.00423304  0.18869056]]
[[ 2.3544945  -1.41333106  1.78466278 -0.38744649  0.00256394  0.18778495]]
[[ 2.32634551 -1.32412809  1.46854907 -0.38530145  0.00505034  0.18660327]]
[[ 2.28499483 -1.24309576  1.24206269 -0.38386427  0.01000027  0.18392376]]
[[ 2.24997937 -1.13669564  0.92926445 -0.37907071  0.00900969  0.18029028]]
[[ 2.21798105 -1.0820984   0.80560246 -0.37847446  0.0142335   0.17797859]]
[[ 2.19612585 -1.01666289  0.58117694 -0.37530332  0.01199401  0.17589862]]
[[ 2.18006999 -0.99118078  0.49006429 -0.37554356  0.01357829  0.17458546]]
[[ 2.16870941 -0.96791715  0.41544138 -0.37520572  0.01417921  0.17379057]]
[[ 2.16870397 -0.95265542  0.33893631 -0.37496423  0.01182724  0.1728072 ]]
[[ 2.15784287 -0.94284469  0.33081477 -0.37493267  0.01401105  0.17234257]]
[[ 2.13936175 -0.94465395  0.42789338 -0.37612449  0.02181192  0.17219723]]
[[ 2.12376083 -0.94720323  0.51620915 -0.37717957  0.02785015  0.171885  ]]
[[ 2.11391724 -0.9556652   0.61565456 -0.37867573  0.03373657  0.17198027]]
[[ 2.09860206 -0.96297459  0.71359067 -0.38011492  0.04053025  0.17214782]]
[[ 2.08168001 -0.95602359  0.76602273 -0.38084958  0.04669252  0.17220475]]
[[ 2.07724485 -0.95282245  0.75792592 -0.3808839   0.04716304  0.17200115]]
[[ 2.07412932 -0.96085008  0.76721874 -0.38251065  0.04884545  0.17200362]]
[[ 2.07333079 -0.97470775  0.78693192 -0.38453503  0.05021422  0.17235155]]
[[ 2.08188661 -0.95845518  0.66496956 -0.38342241  0.0443467   0.17195326]]
[[ 2.09042273 -0.91294035  0.42639218 -0.37945196  0.035348    0.17163517]]
[[ 2.08528016 -0.90422064  0.38285538 -0.37983726  0.03729894  0.172064  ]]
[[ 2.0840518  -0.90304155  0.33966569 -0.38092553  0.03710818  0.17158277]]
[[ 2.0900291  -0.87175101  0.18613988 -0.3779721   0.03125596  0.17162598]]
[[ 2.08937995 -0.84030654  0.06886632 -0.37468986  0.02583424  0.17071658]]
[[ 2.08930855 -0.81956017  0.00417879 -0.37257174  0.02335288  0.17038616]]
[[ 2.08656889 -0.80427259 -0.02733771 -0.3712775   0.02205259  0.16996628]]
[[ 2.08501574 -0.80845684  0.00250869 -0.37195772  0.02451106  0.16981346]]
[[ 2.08024297 -0.82414863  0.05125663 -0.37402069  0.02802892  0.17046988]]
[[ 2.08192129 -0.80512151 -0.03642949 -0.37263058  0.02421913  0.17007172]]
[[ 2.07888255e+00 -8.11966431e-01  1.53804973e-03 -3.73467021e-01
   2.74087213e-02  1.70490193e-01]]
[[ 2.06920982 -0.82903662  0.0862697  -0.37591715  0.03401722  0.1711302 ]]
[[ 2.08336837 -0.83540552  0.04198837 -0.37584649  0.03058572  0.17257645]]
[[ 2.11499341 -0.87659052  0.02132617 -0.37781284  0.02525368  0.17515916]]
[[ 2.13431071 -0.9024656   0.0150428  -0.37888246  0.02314404  0.17721666]]
[[ 2.13981158 -0.89124797 -0.0492199  -0.37724682  0.02106165  0.1779715 ]]
[[ 2.13665109 -0.8673553  -0.11902139 -0.37436594  0.01927028  0.17805833]]
[[ 2.12636129 -0.85388598 -0.10260523 -0.3726973   0.02223033  0.17818206]]
[[ 2.08624744 -0.76640377 -0.15709344 -0.36423981  0.02641279  0.17607554]]
[[ 2.03905376 -0.66650165 -0.23050252 -0.35450202  0.03109419  0.1735709 ]]
[[ 2.00776089 -0.60107092 -0.29053367 -0.34729376  0.03318282  0.17196019]]
[[ 1.9781402  -0.52783817 -0.38491548 -0.34012102  0.03435526  0.17032509]]
[[ 1.94651917 -0.43782831 -0.53274336 -0.33099142  0.03320964  0.16799003]]
[[ 1.90755769 -0.37006719 -0.57698665 -0.32406459  0.03692103  0.16634003]]
[[ 1.87375831 -0.33870113 -0.52592365 -0.32035082  0.04393422  0.16541111]]
[[ 1.84374115 -0.36368375 -0.24728806 -0.32079869  0.05646451  0.16568606]]
[[ 1.81338754 -0.38423189  0.02659548 -0.32099539  0.06875192  0.1658849 ]]
[[ 1.78323801 -0.35608563  0.14261953 -0.31691963  0.07544038  0.16470327]]
[[ 1.74284212 -0.22373864 -0.03007041 -0.30243659  0.07044355  0.1607638 ]]
[[ 1.69285623 -0.09022186 -0.18806688 -0.287559    0.06834089  0.15669626]]
[[ 1.65545005 -0.02211713 -0.23308488 -0.2795139   0.07046016  0.15451382]]
[[ 1.6229538   0.05033875 -0.31857828 -0.27130935  0.07000512  0.15237182]]
[[ 1.59698797  0.10677211 -0.36959167 -0.26499141  0.07112392  0.15080724]]
[[ 1.57160905  0.16969639 -0.45722776 -0.25817928  0.07094107  0.14911415]]
[[ 1.55022715  0.22853501 -0.52641557 -0.25167068  0.07002279  0.14746029]]
[[ 1.53630156  0.28137567 -0.58855891 -0.24488839  0.06737014  0.14582879]]
[[ 1.52547493  0.31874613 -0.59874663 -0.23943731  0.06562914  0.14456623]]
[[ 1.51724382  0.34353294 -0.55743689 -0.23422211  0.06378091  0.14336633]]
[[ 1.51141885  0.37734751 -0.53967397 -0.22863408  0.06141075  0.14203734]]
[[ 1.50673772  0.41052496 -0.54852462 -0.22292667  0.05755321  0.14066278]]
[[ 1.50437086  0.44369765 -0.56208897 -0.21716084  0.05326913  0.13925885]]
[[ 1.49909487  0.46103992 -0.48464774 -0.21263245  0.05189479  0.13831956]]
[[ 1.4887723   0.44191352 -0.26180788 -0.21193639  0.05716704  0.13826687]]
[[ 1.48984099  0.44746604 -0.17452803 -0.20894103  0.05535895  0.13753372]]
[[ 1.49574243  0.4775539  -0.19753772 -0.20356046  0.04839193  0.13621133]]
[[ 1.49848778  0.50111842 -0.20018487 -0.19913484  0.0436202   0.13516327]]
[[ 1.49910307  0.52304609 -0.22674106 -0.19556489  0.03922278  0.13420766]]
[[ 1.4983718   0.54642375 -0.2793006  -0.19221949  0.0351863   0.13343346]]
[[ 1.48926699  0.55876977 -0.28491425 -0.19066242  0.03543809  0.13303624]]
[[ 1.48138715  0.57830755 -0.29890404 -0.18761342  0.03282816  0.13219668]]
[[ 1.47986524  0.58560973 -0.27683156 -0.18584292  0.03094957  0.13161194]]
[[ 1.4756489   0.58919712 -0.28018035 -0.18493119  0.0292735   0.13120151]]
[[ 1.47141333  0.59932776 -0.30818136 -0.18388735  0.02755559  0.13072061]]
[[ 1.46472892  0.60777837 -0.33013852 -0.18345206  0.02768491  0.130411  ]]
[[ 1.45725257  0.62795357 -0.39708641 -0.18172445  0.02526305  0.12982923]]
[[ 1.45665445  0.65674375 -0.49151394 -0.17873023  0.01927246  0.12864032]]
[[ 1.45504402  0.64754406 -0.40446347 -0.17892374  0.01941993  0.12841818]]
[[ 1.45610927  0.67331022 -0.4623059  -0.17598823  0.01363069  0.12725354]]
[[ 1.4595254   0.71235122 -0.56453718 -0.1715155   0.00640057  0.12581363]]
[[ 1.46074051e+00  7.38747832e-01 -5.97246041e-01 -1.67905803e-01
   1.24365323e-03  1.24563999e-01]]
[[ 1.46615358  0.77108388 -0.63695314 -0.16306394 -0.00611595  0.12304918]]
[[ 1.46087637  0.76082295 -0.4604479  -0.16209639 -0.00345398  0.12274598]]
[[ 1.45759704  0.75370476 -0.33708093 -0.16092937 -0.00350001  0.12225722]]
[[ 1.45993635  0.76803657 -0.33514869 -0.15798593 -0.00855314  0.12115269]]
[[ 1.46307013  0.80048584 -0.38137659 -0.15405838 -0.01392652  0.11987216]]
[[ 1.4639041   0.8145892  -0.34990305 -0.15186529 -0.01499292  0.11905262]]
[[ 1.46744767  0.84992366 -0.38849025 -0.14719946 -0.01776538  0.11796765]]
[[ 1.47249217  0.88831169 -0.43266929 -0.14257089 -0.02171934  0.11669137]]
[[ 1.47605925  0.90092221 -0.39171482 -0.14089257 -0.02269166  0.11588936]]
[[ 1.47958743  0.9046854  -0.31317744 -0.13984458 -0.02298516  0.11524863]]
[[ 1.48218775  0.90744499 -0.24051957 -0.13802072 -0.0245596   0.11463092]]
[[ 1.48710788  0.90846454 -0.18482801 -0.13708077 -0.02591701  0.11410035]]
[[ 1.49026875  0.90178048 -0.13984228 -0.1379689  -0.02569685  0.1138117 ]]
[[ 1.49339356  0.90894525 -0.14571139 -0.13682313 -0.02783806  0.11339706]]
[[ 1.49603717  0.89519726 -0.08903542 -0.13913334 -0.02523733  0.11337344]]
[[ 1.5008555   0.87703455 -0.00878829 -0.14042605 -0.02481058  0.11328572]]
[[ 1.50764565  0.85128622  0.08318444 -0.14337962 -0.02386686  0.11340114]]
[[ 1.51261182  0.8395629   0.11093922 -0.14508214 -0.02435897  0.11335844]]
[[ 1.52052184  0.83462208  0.09220705 -0.1458678  -0.02717065  0.11321009]]
[[ 1.5290205   0.83468306  0.05420276 -0.1461236  -0.02969865  0.11309805]]
[[ 1.54045501  0.82984881  0.04141334 -0.14737173 -0.03123284  0.1132042 ]]
[[ 1.55180332  0.81669767  0.0321748  -0.14968109 -0.03191022  0.11348991]]
[[ 1.56074945  0.80635057  0.01396682 -0.1517271  -0.03240125  0.11376216]]
[[ 1.57083123  0.78784487  0.04371104 -0.15457851 -0.03201483  0.1140871 ]]
[[ 1.58188838  0.77009625  0.06990328 -0.15713568 -0.03180156  0.11451537]]
[[ 1.59073054  0.75979523  0.06906126 -0.15865088 -0.03213699  0.11480722]]
[[ 1.59527357  0.76228047  0.02886963 -0.15875854 -0.03386581  0.11491862]]
[[ 1.59752175  0.77787526 -0.06795432 -0.15789303 -0.0357993   0.11495161]]
[[ 1.60051757  0.80241196 -0.21124994 -0.15620662 -0.03870116  0.11496187]]
[[ 1.60119077  0.83783902 -0.37354083 -0.15327725 -0.04237774  0.11474084]]
[[ 1.6021399   0.86614031 -0.50413825 -0.15067739 -0.04493723  0.11439067]]
[[ 1.6007434   0.89160716 -0.61543751 -0.14856097 -0.04702066  0.11402773]]
[[ 1.59343826  0.90647278 -0.65501441 -0.1480937  -0.04555953  0.11374836]]
[[ 1.57930554  0.92840404 -0.63242208 -0.14514465 -0.04285957  0.11342238]]
[[ 1.57124718  0.94993233 -0.68847102 -0.14349245 -0.04213573  0.11304876]]
[[ 1.56588681  0.97301568 -0.79877961 -0.14231536 -0.04258061  0.11271845]]
[[ 1.56361837  0.98796902 -0.87429597 -0.1424161  -0.0427176   0.11257998]]
[[ 1.55800348  0.99996935 -0.8818796  -0.14090551 -0.04271593  0.11241728]]
[[ 1.55536797  0.99002939 -0.81516307 -0.14207338 -0.04050656  0.11230411]]
[[ 1.55193771  0.98063206 -0.71467329 -0.14203781 -0.03837814  0.11236344]]
[[ 1.54860434  0.97271625 -0.60463409 -0.14170775 -0.0365402   0.11238105]]
[[ 1.54821052  0.960471   -0.51566639 -0.1417326  -0.03632192  0.11244851]]
[[ 1.55455532  0.95549971 -0.4727634  -0.14024809 -0.03837648  0.11255856]]
[[ 1.56361697  0.93979932 -0.41246431 -0.14057978 -0.038996    0.11284269]]
[[ 1.57069873  0.92137094 -0.36566567 -0.14334128 -0.03797613  0.11306732]]
[[ 1.58003906  0.9095996  -0.34687988 -0.14387064 -0.04034184  0.11322139]]
[[ 1.59634131  0.88987798 -0.3197459  -0.14442701 -0.04420947  0.11350009]]
[[ 1.61574586  0.8598128  -0.28189572 -0.14562847 -0.0488353   0.11402862]]
[[ 1.64002677  0.82659493 -0.23052968 -0.14660129 -0.05424388  0.114548  ]]
[[ 1.66664807  0.7887208  -0.19321685 -0.14869328 -0.06000868  0.11509558]]
[[ 1.69196269  0.74494605 -0.15682413 -0.15249969 -0.06502856  0.11573908]]
[[ 1.72115426  0.6998782  -0.14104581 -0.15631371 -0.0711333   0.11643385]]
[[ 1.75142927  0.66311618 -0.14520454 -0.15851486 -0.07886588  0.11705452]]
[[ 1.7816306   0.62424583 -0.13756598 -0.16090156 -0.08612643  0.11762341]]
[[ 1.81240605  0.58985018 -0.17571665 -0.16372807 -0.09420524  0.11820018]]
[[ 1.84294864  0.55678301 -0.21131069 -0.16589624 -0.10263413  0.11864837]]
[[ 1.87746809  0.52922838 -0.26108363 -0.16702909 -0.11266732  0.11889532]]
[[ 1.9112398   0.50031404 -0.3079152  -0.1688773  -0.12175692  0.11916483]]
[[ 1.94523559  0.47426023 -0.36652067 -0.17040597 -0.13090919  0.11929625]]
[[ 1.97778507  0.46698285 -0.47849443 -0.16898531 -0.14319399  0.11918636]]
[[ 2.00967029  0.45224367 -0.5642467  -0.16898766 -0.15260899  0.11936841]]
[[ 2.04335613  0.41497451 -0.5622013  -0.17126652 -0.15951779  0.11987204]]
[[ 2.07674251  0.3492581  -0.43697138 -0.17711406 -0.16306282  0.12104098]]
[[ 2.09761122  0.27896572 -0.2621083  -0.18440566 -0.16280536  0.12230329]]
[[ 2.12014239  0.22512385 -0.1800701  -0.19040098 -0.16487572  0.12345794]]
[[ 2.14506856  0.19858353 -0.19931078 -0.19253014 -0.17088125  0.12411816]]
[[ 2.16875324  0.15886068 -0.15973924 -0.19668645 -0.17387355  0.12498505]]
[[ 2.19624555  0.11581504 -0.13877859 -0.20093937 -0.17853422  0.12605929]]
[[ 2.23060505  0.05692527 -0.06341763 -0.20617743 -0.18344126  0.12742374]]
[[ 2.26391947  0.00812522 -0.04366947 -0.2109566  -0.18841023  0.12882982]]
[[ 2.29795346 -0.05051358 -0.0130303  -0.21758604 -0.19224589  0.13067059]]
[[ 2.32929676 -0.11743484  0.04685021 -0.22513658 -0.19431371  0.13267202]]
[[ 2.36293545 -0.19110484  0.18602278 -0.23226853 -0.19601745  0.13501123]]
[[ 2.4056202  -0.25034633  0.31387488 -0.23963193 -0.19939455  0.13761574]]
[[ 2.47214024 -0.26146847  0.32282394 -0.2455854  -0.20778633  0.14022604]]
[[ 2.5747496  -0.25040499  0.30236986 -0.25338991 -0.21950964  0.14418436]]
[[ 2.67783946 -0.21741319  0.26241746 -0.26154639 -0.22907786  0.14876641]]
[[ 2.80721683 -0.15452899  0.07357701 -0.26529356 -0.2490416   0.15305042]]
[[ 2.98042579 -0.06185702 -0.13201185 -0.26988592 -0.27283642  0.15915061]]
[[ 3.15409133  0.02469298 -0.2827958  -0.2756488  -0.29408148  0.16584414]]
[[ 3.35411454  0.11735533 -0.40125097 -0.28293404 -0.31718195  0.17418717]]
[[ 3.54134937  0.20154768 -0.44993553 -0.29068992 -0.3350452   0.18273341]]
[[ 3.72301931  0.27210278 -0.49378704 -0.29858402 -0.35174295  0.19099146]]
[[ 3.89732085  0.32729694 -0.47684556 -0.30849983 -0.36550275  0.19951551]]
[[ 4.07716049  0.38360045 -0.40266591 -0.320406   -0.37730221  0.20864548]]
[[ 4.21807319  0.41012299 -0.22740226 -0.33352111 -0.38121638  0.21729018]]
[[ 4.34094818  0.41258417 -0.03717555 -0.34612019 -0.38400672  0.22522599]]
[[ 4.45565529  0.41958839  0.17703337 -0.35748025 -0.38531077  0.23283489]]
[[ 4.54037295  0.40522307  0.40418043 -0.36919788 -0.38219749  0.23953435]]
[[ 4.60747621  0.37855765  0.6380485  -0.38191899 -0.37605579  0.24563871]]
[[ 4.66861042  0.3501165   0.83463921 -0.39328097 -0.37225976  0.25074808]]
[[ 4.73450276  0.32486445  1.08450803 -0.40658643 -0.36703795  0.25696515]]
[[ 4.80337043  0.27908297  1.39631403 -0.42209242 -0.36028966  0.2638156 ]]
[[ 4.87260321  0.23706879  1.75044713 -0.43765607 -0.3532427   0.27070148]]
[[ 4.93428255  0.18976547  2.08330709 -0.45480302 -0.34390454  0.27746155]]
[[ 4.97791069  0.19260235  2.13202741 -0.46615135 -0.33864603  0.28300309]]
[[ 5.00506522  0.23161276  1.95915076 -0.47221265 -0.33726596  0.28656581]]
[[ 5.02005408  0.27220036  1.74181293 -0.47538485 -0.33516615  0.28895339]]
[[ 5.02843811  0.27745011  1.59796067 -0.48092145 -0.33046752  0.29159432]]
[[ 5.0438544   0.29460816  1.36372752 -0.48281589 -0.3308123   0.29335478]]
[[ 5.05868992  0.2952955   1.15035838 -0.48629901 -0.33106194  0.29491809]]
[[ 5.0606981   0.28622017  0.98727135 -0.49048471 -0.32790215  0.29654263]]
[[ 5.057979    0.26812834  0.87843916 -0.49493709 -0.32327189  0.29808396]]
[[ 5.05464622  0.27098587  0.72805645 -0.49663006 -0.32115089  0.29918444]]
[[ 5.04947022  0.28489498  0.57987177 -0.49681665 -0.31846677  0.29989736]]
[[ 5.05633959  0.26679373  0.4808526  -0.49900069 -0.31841501  0.30117662]]
[[ 5.06478317  0.25316998  0.3809648  -0.50133176 -0.31809811  0.30256022]]
[[ 5.05758709  0.23140625  0.35041934 -0.50475429 -0.31331144  0.30395543]]
[[ 5.03787966  0.21720981  0.34374764 -0.50806119 -0.30460382  0.30496003]]
[[ 5.01759806  0.2830668   0.0393193  -0.50518906 -0.30203994  0.30440203]]
[[ 5.00112221  0.30215203 -0.10928484 -0.50622566 -0.29719909  0.30501243]]
[[ 4.98435279  0.26860811 -0.08302944 -0.5110849  -0.28701219  0.30726092]]
[[ 4.97381762  0.20038705  0.03138594 -0.51873722 -0.27630002  0.31028156]]
[[ 4.97681278  0.1158554   0.14396004 -0.52712354 -0.26896144  0.31366316]]
[[ 4.98033234  0.017739    0.31496874 -0.53631648 -0.26068623  0.31749528]]
[[ 4.97832283 -0.11062927  0.57108952 -0.5482875  -0.24737472  0.3220669 ]]
[[ 4.96264057 -0.20257772  0.77721069 -0.55737745 -0.23356518  0.3257225 ]]
[[ 4.92565333 -0.23921744  0.94200034 -0.56201504 -0.21828595  0.32763621]]
[[ 4.87599216 -0.27312723  1.15978995 -0.56716043 -0.19862171  0.3289297 ]]
[[ 4.82932844 -0.27016458  1.20007499 -0.56975888 -0.18447887  0.32899549]]
[[ 4.79005971 -0.24179329  1.12873282 -0.56998973 -0.17429386  0.32888658]]
[[ 4.73901513 -0.23271972  1.16719089 -0.57166116 -0.1577708   0.32953648]]
[[ 4.67708266 -0.21750761  1.22361021 -0.57261265 -0.13973342  0.32965572]]
[[ 4.61941004 -0.17272953  1.19612599 -0.57066307 -0.12630445  0.32866368]]
[[ 4.57094349 -0.12833226  1.10972109 -0.56860138 -0.11626234  0.32766979]]
[[ 4.51859928 -0.10260537  1.0583704  -0.56897159 -0.10355681  0.32693313]]
[[ 4.48167678 -0.06501328  0.93492901 -0.56814344 -0.09641783  0.32589266]]
[[ 4.4311532   0.00837894  0.72581852 -0.56392118 -0.08987172  0.32369737]]
[[ 4.37344083  0.0859576   0.53751031 -0.55875335 -0.08095862  0.32193914]]
[[ 4.32304878  0.15085996  0.32049407 -0.55409089 -0.07528104  0.32017364]]
[[ 4.29431719  0.18353801  0.16228909 -0.55214293 -0.07180843  0.31931557]]
[[ 4.26321937  0.19785881  0.11044141 -0.55219748 -0.06396767  0.31909918]]
[[ 4.23700535  0.215084    0.0331382  -0.55172167 -0.05783258  0.31894217]]
[[ 4.20393057  0.25955921 -0.11736381 -0.54840244 -0.05422631  0.31812856]]
[[ 4.17088056  0.29638858 -0.21508627 -0.54510137 -0.04888994  0.31737972]]
[[ 4.13248181  0.33348177 -0.27809679 -0.54120907 -0.04201138  0.31687227]]
[[ 4.09641551  0.39920477 -0.4482031  -0.53454644 -0.04155903  0.31505612]]
[[ 4.05326691  0.4970365  -0.70719457 -0.52456456 -0.04361359  0.31179499]]
[[ 3.99216595  0.59766731 -0.88273458 -0.51342549 -0.04045084  0.30850515]]
[[ 3.9393738   0.7132325  -1.15260012 -0.50007511 -0.04335926  0.30459445]]
[[ 3.88394105  0.81840112 -1.33207141 -0.4873083  -0.04290439  0.30091311]]
[[ 3.82648208  0.87251839 -1.31937373 -0.47810856 -0.03645624  0.29821894]]
[[ 3.77878291  0.91459009 -1.26576237 -0.47004273 -0.03111315  0.29623114]]
[[ 3.7311499   0.98238168 -1.29442718 -0.45968309 -0.02988842  0.29353027]]
[[ 3.67551665  1.05047577 -1.29539529 -0.44877644 -0.02719868  0.29063376]]
[[ 3.64289896  1.09097293 -1.29372909 -0.44064009 -0.02766205  0.28839872]]
[[ 3.61470938  1.13438041 -1.31427607 -0.43208247 -0.03014728  0.28630935]]
[[ 3.58572201  1.17823984 -1.29073341 -0.42376964 -0.03035112  0.28433138]]
[[ 3.56095928  1.21066402 -1.23966918 -0.41666447 -0.03083222  0.28270915]]
[[ 3.53531145  1.25360391 -1.19366107 -0.40860824 -0.03179335  0.28054779]]
[[ 3.50521049  1.28713082 -1.07522006 -0.4017508  -0.02931751  0.27857785]]
[[ 3.46916917  1.32458138 -0.96028424 -0.3943304  -0.02633075  0.27641882]]
[[ 3.43565011  1.36882676 -0.87598502 -0.3857711  -0.02606752  0.27372184]]
[[ 3.39781401  1.4360131  -0.83786533 -0.37511437 -0.02688396  0.270219  ]]
[[ 3.36790592  1.52154887 -0.92038909 -0.36260297 -0.03357037  0.26631188]]
[[ 3.35103188  1.56457896 -0.88341695 -0.3532367  -0.03955362  0.26319469]]
[[ 3.3393502   1.62396543 -0.9013753  -0.34242151 -0.04744613  0.25990707]]
[[ 3.32227879  1.68576222 -0.90541073 -0.33232638 -0.05306997  0.25680854]]
[[ 3.30048731  1.74755278 -0.91126877 -0.32278641 -0.05669379  0.25395426]]
[[ 3.27593807  1.82448925 -0.96286635 -0.31221364 -0.06158425  0.25041089]]
[[ 3.25355216  1.86930861 -0.90261192 -0.30463552 -0.06398342  0.2472079 ]]
[[ 3.23756431  1.94024585 -0.99849149 -0.29427279 -0.07199932  0.24396726]]
[[ 3.23824454  1.9991022  -1.11951323 -0.28484791 -0.08355132  0.24082594]]
[[ 3.22401266  2.03174803 -1.07503861 -0.27807939 -0.08722773  0.23831176]]
[[ 3.20463016  2.07268092 -1.01692395 -0.27100172 -0.08939003  0.23600816]]
[[ 3.18275464  2.10004023 -0.87534527 -0.26596825 -0.08888115  0.23374229]]
[[ 3.15953373  2.12454864 -0.73042113 -0.26131739 -0.08734593  0.23177706]]
[[ 3.14044173  2.13920453 -0.58499186 -0.25776272 -0.08698549  0.22997873]]
[[ 3.12866339  2.13433388 -0.49740104 -0.25883613 -0.08533126  0.22906585]]
[[ 3.13722493  2.17115563 -0.60118106 -0.25332598 -0.09476165  0.22747929]]
[[ 3.15317321  2.21907384 -0.75558583 -0.24666257 -0.10689076  0.22551827]]
[[ 3.16016428  2.26288201 -0.88066739 -0.24220289 -0.11458052  0.22365203]]
[[ 3.16215213  2.29701069 -0.94214075 -0.23905218 -0.12032412  0.22169283]]
[[ 3.16214744  2.32386939 -0.97380501 -0.23611983 -0.12516071  0.21994391]]
[[ 3.16382881  2.31525515 -0.89551438 -0.23826328 -0.12622578  0.21885182]]
[[ 3.16638192  2.29842187 -0.78945504 -0.24155591 -0.12706965  0.21789858]]
[[ 3.17775783  2.28282633 -0.72747802 -0.24452878 -0.13116051  0.21657539]]
[[ 3.17901374  2.27679975 -0.6839922  -0.24656453 -0.13224712  0.21576358]]
[[ 3.1794528   2.23521918 -0.49941966 -0.25320418 -0.12702559  0.21585285]]
[[ 3.18334513  2.18997687 -0.32328245 -0.25888135 -0.12527213  0.21582112]]
[[ 3.18484225  2.13717313 -0.08773829 -0.26548949 -0.12088189  0.21605888]]
[[ 3.18867448  2.09078317  0.0920036  -0.27206832 -0.11706554  0.21635621]]
[[ 3.2089356   2.10725278  0.01668806 -0.26991493 -0.12713485  0.21535234]]
[[ 3.23559892  2.12624095 -0.10465908 -0.26863481 -0.13654831  0.21446208]]
[[ 3.25766637  2.13524931 -0.22044232 -0.26988736 -0.14382547  0.21375442]]
[[ 3.28303716  2.14333671 -0.35435963 -0.2704935  -0.15238729  0.21301149]]
[[ 3.30525516  2.14102493 -0.43937585 -0.27236555 -0.15872523  0.21250646]]
[[ 3.32907369  2.10290062 -0.41832195 -0.27922297 -0.16160413  0.21250553]]
[[ 3.35746442  2.04352086 -0.32384998 -0.28833707 -0.16448255  0.21280817]]
[[ 3.36660988  2.01456735 -0.21661697 -0.29258577 -0.16354614  0.2128843 ]]
[[ 3.36095579  1.99472115 -0.12363706 -0.29621622 -0.15801438  0.21342529]]
[[ 3.37094002  1.98127345 -0.12922357 -0.29882791 -0.15959888  0.21347716]]
[[ 3.37045302  1.97584325 -0.12178667 -0.30034772 -0.15769081  0.21360643]]
[[ 3.372743    1.97611758 -0.12505588 -0.30095263 -0.15814086  0.21358694]]
[[ 3.37837197  1.92980542 -0.02514616 -0.3089936  -0.15508006  0.21372206]]
[[ 3.37386054  1.87698368  0.10168957 -0.31860846 -0.14719554  0.21419279]]
[[ 3.37423188  1.81853025  0.15036035 -0.33231664 -0.13896022  0.21497548]]
[[ 3.38782961  1.76439177  0.10996851 -0.34654194 -0.13483146  0.21575714]]
[[ 3.40421873  1.78248405 -0.09106238 -0.34659191 -0.14265842  0.2154646 ]]
[[ 3.41667135  1.83813743 -0.2816368  -0.33687511 -0.15702174  0.21374735]]
[[ 3.41499462  1.87730443 -0.38980812 -0.3302072  -0.16385217  0.2125566 ]]
[[ 3.41279345  1.88556699 -0.4119123  -0.32785682 -0.16644181  0.21221076]]
[[ 3.42412614  1.9198447  -0.55262249 -0.3219049  -0.17851637  0.21088755]]
[[ 3.44547127  1.93640597 -0.69683151 -0.31784147 -0.19079829  0.20979786]]
[[ 3.46291542  1.91836886 -0.73060955 -0.31912152 -0.19754826  0.20941081]]
[[ 3.47989975  1.91044099 -0.78372639 -0.31949332 -0.20553729  0.20880222]]
[[ 3.49150445  1.90790332 -0.79779982 -0.31897014 -0.21194031  0.20818735]]
[[ 3.51195234  1.9025698  -0.87364134 -0.31930916 -0.22160505  0.20743319]]
[[ 3.54268141  1.86358756 -0.85466495 -0.3236369  -0.22943046  0.20741276]]
[[ 3.56894334  1.81729718 -0.80128435 -0.32953507 -0.23518005  0.2075389 ]]
[[ 3.5919409   1.78277852 -0.77227769 -0.33496728 -0.24076378  0.20743577]]
[[ 3.6236862   1.75909693 -0.82117028 -0.33901768 -0.25158566  0.20683517]]
[[ 3.65043902  1.75258866 -0.87258239 -0.34026333 -0.26122236  0.20621143]]
[[ 3.66869686  1.70955398 -0.78805218 -0.3457438  -0.26422999  0.20648639]]
[[ 3.70073493  1.66495378 -0.7110879  -0.35146828 -0.27184779  0.2068458 ]]
[[ 3.73751193  1.63420089 -0.69033107 -0.3556987  -0.28201177  0.20702813]]
[[ 3.75853248  1.62248082 -0.69284494 -0.35610298 -0.28846544  0.20743114]]
[[ 3.78422484  1.59954916 -0.66549377 -0.35807943 -0.29400858  0.20774573]]
[[ 3.80456479  1.56823349 -0.61198791 -0.36150943 -0.29867986  0.20814809]]
[[ 3.82026772  1.53515491 -0.52591191 -0.36470703 -0.30083703  0.2085973 ]]
[[ 3.83665669  1.48131013 -0.36634253 -0.37125227 -0.29976984  0.20958133]]
[[ 3.85712918  1.43068764 -0.21711576 -0.37784782 -0.29888604  0.21072225]]
[[ 3.87616259  1.39628068 -0.1247052  -0.38206179 -0.3003704   0.21149836]]
[[ 3.89916859  1.36439707 -0.05643077 -0.38647425 -0.30316134  0.21224058]]
[[ 3.92591635  1.3226727   0.02458163 -0.39228132 -0.30555743  0.21332486]]
[[ 3.96016156  1.28698309  0.08888144 -0.39841357 -0.30987126  0.2143878 ]]
[[ 3.98610017  1.27183227  0.11220855 -0.40129358 -0.31277247  0.21529797]]
[[ 4.01099932  1.27436504  0.08740944 -0.40141179 -0.31659629  0.2159915 ]]
[[ 4.03951471  1.2845035  -0.0061612  -0.39934289 -0.32484141  0.21611957]]
[[ 4.07252858  1.27035705 -0.0644965  -0.40170882 -0.33073414  0.21667077]]
[[ 4.09458349  1.24686423 -0.08775751 -0.40584412 -0.33103662  0.21807673]]
[[ 4.13855836  1.26617712 -0.30090651 -0.40323551 -0.34529568  0.21856915]]
[[ 4.19965353  1.29258891 -0.53430452 -0.39954858 -0.36392532  0.21882604]]
[[ 4.26043706  1.29286815 -0.67929675 -0.39996468 -0.37705302  0.21999462]]
[[ 4.32690118  1.29068578 -0.81519903 -0.40165044 -0.39059317  0.22141037]]
[[ 4.38963452  1.2818717  -0.87652089 -0.40423311 -0.40161199  0.22299078]]
[[ 4.46727359  1.25192466 -0.82166562 -0.41056859 -0.41280605  0.22514683]]
[[ 4.53022593  1.21891682 -0.67134563 -0.41683827 -0.41646384  0.22790552]]
[[ 4.57091299  1.16489367 -0.41311958 -0.42463585 -0.41111252  0.23131284]]
[[ 4.60910221  1.13043493 -0.2656755  -0.42814447 -0.40880655  0.23415949]]
[[ 4.65540707  1.08243902 -0.16314417 -0.43284894 -0.41024148  0.23712773]]
[[ 4.71054525  1.05222986 -0.18457703 -0.4374055  -0.41713589  0.23976458]]
[[ 4.76132945  1.01738239 -0.16209444 -0.44336233 -0.41991446  0.24291409]]
[[ 4.78755855  0.92449873  0.05808468 -0.4586861  -0.40716264  0.24772762]]
[[ 4.83903013  0.92757896  0.04785192 -0.45903111 -0.41547778  0.24990923]]
[[ 4.87294428  0.93579443  0.06431153 -0.4574961  -0.42048426  0.25168595]]
[[ 4.8902511   0.94021998  0.14200941 -0.45533651 -0.41767199  0.25408014]]
[[ 4.91283679  0.91445504  0.23566527 -0.45572091 -0.41718908  0.25661708]]
[[ 4.9338572   0.89876374  0.26363919 -0.45551365 -0.41983749  0.25820532]]
[[ 4.92115946  0.87215151  0.44071685 -0.45688181 -0.40707353  0.26077613]]
[[ 4.91472871  0.82035557  0.6475179  -0.46086052 -0.3953066   0.26359581]]
[[ 4.94009772  0.74990735  0.76606614 -0.47036302 -0.39507272  0.26573858]]
[[ 4.95342822  0.72236634  0.8289928  -0.4774505  -0.39317024  0.26712593]]
[[ 4.93915296  0.69478543  1.01123294 -0.48251157 -0.37988585  0.26916895]]
[[ 4.92912085  0.60422555  1.27897388 -0.49544014 -0.36170943  0.27264805]]
[[ 4.9382041   0.53414493  1.37397368 -0.50582131 -0.35471278  0.27541951]]
[[ 4.95833715  0.49494972  1.39057217 -0.51828243 -0.34829017  0.27897017]]
[[ 4.94821576  0.44454613  1.40279305 -0.5331825  -0.33336142  0.28257103]]
[[ 4.96282676  0.58893573  0.97676722 -0.51532237 -0.34907362  0.28138157]]
[[ 4.95349198  0.57028953  0.98079562 -0.52215362 -0.338103    0.28298601]]
[[ 4.9642331   0.55376943  0.86640508 -0.52884489 -0.33782595  0.28407432]]
[[ 4.98576165  0.61513297  0.54367549 -0.52408164 -0.34917187  0.28319248]]
[[ 5.02147552  0.6573408   0.25610763 -0.52066244 -0.3628188   0.28210821]]
[[ 5.05322617  0.66437681  0.06264912 -0.52272792 -0.37323429  0.28124793]]
[[ 5.06595834  0.6862739  -0.05375546 -0.52141047 -0.37722526  0.2807157 ]]
[[ 5.0715772   0.68734104 -0.07152661 -0.52223625 -0.37684116  0.28069402]]
[[ 5.0802487   0.67733174 -0.07196498 -0.52416069 -0.37593912  0.28103295]]
[[ 5.09868373  0.64103703 -0.06010077 -0.52918817 -0.37662747  0.28231408]]
[[ 5.11913449  0.54864129  0.0880258  -0.53825447 -0.37151919  0.28792766]]
[[ 5.13066273  0.42147405  0.37484838 -0.54851621 -0.35627521  0.29902034]]
[[ 5.1587195   0.32461885  0.54308523 -0.55967268 -0.35092882  0.30630019]]
[[ 5.26922203  0.33405669  0.58109094 -0.57976615 -0.35926989  0.31348695]]
[[ 5.34408127  0.38862341  0.63814831 -0.59216167 -0.36393462  0.31831193]]
[[ 5.37159167  0.3766501   0.90874656 -0.60726509 -0.35433718  0.32254678]]
[[ 5.3928119   0.32439429  1.25268567 -0.62616576 -0.34063191  0.32690567]]
[[ 5.41330405  0.41894134  1.23721424 -0.63641553 -0.33371972  0.33114405]]
[[ 5.43062812  0.23393019  2.06114511 -0.68110774 -0.29762609  0.33831735]]
[[ 5.43447866  0.10126036  2.73223706 -0.72448118 -0.2685475   0.34872744]]
[[ 5.4129351   0.08087634  2.87577773 -0.74694364 -0.25462541  0.35563549]]
[[ 5.39929307  0.08237876  2.84405808 -0.76238014 -0.24912883  0.36045163]]
[[ 5.39344046  0.13335163  2.52562022 -0.7692809  -0.25456262  0.36311164]]
[[ 5.39512483  0.15294615  2.19642735 -0.77814716 -0.26002559  0.36561288]]
[[ 5.38385508  0.20141611  1.75658862 -0.78179918 -0.26817443  0.36663935]]
[[ 5.40495636  0.19353235  1.31906111 -0.79068796 -0.28494988  0.36713189]]
[[ 5.41036925  0.2705367   0.58961989 -0.7867671  -0.30741391  0.36682377]]
[[ 5.36848224  0.32781984  5.08495801 -0.78630227 -0.30904709  0.36708608]]
[[ 5.32949627  0.37571999  4.40806264 -0.78793691 -0.31573081  0.36731658]]
[[ 5.27296409  0.35379584  3.79255192 -0.79379856 -0.31577855  0.3697609 ]]
[[ 5.09257789  0.48195749  3.20622087 -0.77928476 -0.29226245  0.36840608]]
[[ 4.93167038  0.65702271  2.55601274 -0.75742485 -0.2811254   0.3631706 ]]
[[ 4.76759938  0.84593628  2.0347888  -0.73299986 -0.26652886  0.35762897]]
[[ 4.64055531  1.02935144  1.48314938 -0.70758391 -0.26198385  0.35127123]]
[[ 4.555744    1.21155819  0.86804667 -0.68259109 -0.26690998  0.34475747]]
[[ 4.48555327  1.33350646  0.47955354 -0.6645405  -0.26774569  0.34036537]]
[[ 4.46592883  1.41428132  0.11701344 -0.65213858 -0.27858771  0.33649235]]
[[ 4.48708469  1.42709817 -0.18572956 -0.64894741 -0.29360582  0.33371351]]
[[ 4.50190665  1.35019765 -0.19475652 -0.65635982 -0.29458675  0.33317099]]
[[ 4.54465135  1.20160285 -0.06038701 -0.67015394 -0.29536927  0.333316  ]]
[[ 4.62432275  1.08360437  0.06726807 -0.67220238 -0.31141801  0.33271443]]
[[ 4.69849342  0.91977767  0.4530576  -0.68273683 -0.32052382  0.33406602]]
[[ 4.81675574  0.83478292  0.52349777 -0.68772309 -0.34774178  0.33331258]]
[[ 4.91861247  0.79598279  0.50968274 -0.69025632 -0.37214915  0.33250608]]
[[ 5.0047004   0.7206991   0.54407679 -0.70047443 -0.38742455  0.33318699]]
[[ 5.06095991  0.6678594   0.57276948 -0.70701305 -0.39814164  0.33339779]]
[[ 5.10486703  0.64404491  0.55249888 -0.70951247 -0.40773529  0.333831  ]]
[[ 5.13088373  0.61285534  0.5842645  -0.71330189 -0.41243913  0.33384846]]
[[ 5.15010928  0.42609745  0.91745499 -0.74418931 -0.39884386  0.33807647]]
[[ 5.15387088  0.19634918  1.31022241 -0.77768014 -0.38371361  0.34394827]]
[[ 5.16145698  0.01517461  1.57581807 -0.80432861 -0.37614834  0.34844391]]
[[ 5.16750359 -0.11714067  1.69050941 -0.82342342 -0.37525799  0.35239212]]
[[ 5.16987756 -0.25387283  1.82229074 -0.84242395 -0.3728195   0.35641098]]
[[ 5.16773181 -0.34293639  1.80495704 -0.85542343 -0.37355199  0.36004575]]
[[ 5.16178587 -0.37505899  1.64359995 -0.86078124 -0.37735677  0.36251813]]
[[ 5.15253095 -0.39708361  1.46716278 -0.86440631 -0.38063378  0.36443216]]
[[ 5.14726063 -0.38160728  1.21135923 -0.86305124 -0.38666948  0.36514605]]
[[ 5.13970828 -0.35694227  0.94808647 -0.86082865 -0.39236306  0.36583278]]
[[ 5.13336059 -0.29641741  0.61544466 -0.85398246 -0.40055713  0.36568912]]
[[ 5.12496978 -0.24350544  0.34849096 -0.84758187 -0.40666196  0.36512033]]
[[ 5.11900285 -0.21361379  0.1714026  -0.84307412 -0.41134945  0.36519779]]
[[ 5.11441828 -0.19005708  0.02474107 -0.83842881 -0.41563076  0.36516844]]
[[ 5.11044906 -0.17963526 -0.05869892 -0.83586567 -0.41863375  0.36477378]]
[[ 5.11306109 -0.17711936 -0.12727978 -0.83384571 -0.42355637  0.36449983]]
[[ 5.12193996 -0.15843688 -0.24602763 -0.83021709 -0.43221589  0.3633072 ]]
[[ 5.14038214 -0.15978314 -0.33928137 -0.82895994 -0.44200716  0.36286253]]
[[ 5.15601312 -0.20669083 -0.29443465 -0.83415447 -0.44507098  0.36349123]]
[[ 5.16493786 -0.23153577 -0.29627167 -0.83558165 -0.44923799  0.36412522]]
[[ 5.16936564 -0.24658547 -0.30268716 -0.83641288 -0.45250445  0.36385198]]
[[ 5.17219565 -0.31601069 -0.16737915 -0.84521026 -0.45062757  0.36462424]]
[[ 5.17334711 -0.36908097 -0.07498857 -0.8505106  -0.44923141  0.36593036]]
[[ 5.16938274 -0.39840046 -0.02492177 -0.85332541 -0.44899578  0.36622687]]
[[ 5.16469398 -0.41572954 -0.00597029 -0.85412187 -0.44934288  0.3665118 ]]
[[ 5.15793201 -0.41560014 -0.02829406 -0.8528972  -0.45076604  0.36665826]]
[[ 5.1540831  -0.41638331 -0.04649279 -0.85171612 -0.45204362  0.36675651]]
[[ 5.14923545 -0.4150822  -0.06742587 -0.85015202 -0.45331785  0.36670892]]
[[ 5.14775931 -0.41030697 -0.11116158 -0.84828206 -0.45644015  0.3666457 ]]
[[ 5.14921521 -0.40558676 -0.15266124 -0.84645749 -0.45995704  0.36617508]]
[[ 5.15988721 -0.37736826 -0.28471603 -0.84161889 -0.46796045  0.3653575 ]]
[[ 5.17457657 -0.34707218 -0.42700062 -0.83701801 -0.47697856  0.3645126 ]]
[[ 5.18681378 -0.32843445 -0.52735889 -0.83396908 -0.48377261  0.36373784]]
[[ 5.20203334 -0.27974581 -0.73010554 -0.82690442 -0.49442179  0.36272453]]
[[ 5.21337903 -0.19867748 -1.01268769 -0.81593016 -0.5061718   0.36111487]]
[[ 5.22556746 -0.15675798 -1.19504917 -0.81087044 -0.51524572  0.35981566]]
[[ 5.24906942 -0.16968297 -1.2214278  -0.81375804 -0.52051532  0.35979172]]
[[ 5.26141333 -0.1629134  -1.2431535  -0.81336517 -0.52411413  0.35966454]]
[[ 5.27603443 -0.12734603 -1.34099182 -0.80779751 -0.53155058  0.3589505 ]]
[[ 5.29225357 -0.08174765 -1.47970167 -0.79884857 -0.5413669   0.35844811]]
[[ 5.2977214  -0.02473122 -1.60785799 -0.7883374  -0.54994577  0.35728454]]
[[ 5.33302688 -0.08229535 -1.16448514 -0.79853174 -0.54433625  0.36148871]]
[[ 5.51533679 -0.31785163  0.93236139 -0.88403928 -0.49551407  0.38990356]]
[[ 5.64668703 -0.61673255  3.06826142 -0.97769104 -0.43564116  0.42294816]]
[[ 5.64269163 -0.94942835  4.78294789 -1.05547657 -0.36502007  0.45086446]]
[[ 5.55018639 -1.07501895  5.57052226 -1.09352231 -0.3105797   0.46966103]]
[[ 5.42434613 -1.04485751  5.69699338 -1.10728593 -0.26982072  0.48172362]]
[[ 5.2676389  -0.87602079  5.24165157 -1.09943429 -0.24326558  0.48727371]]
[[ 5.06646784 -0.64461636  4.50573692 -1.07602415 -0.22231797  0.48792374]]
[[ 4.85956689 -0.4500365   3.75468079 -1.04847974 -0.20799039  0.48530121]]
[[ 4.66036022 -0.29608099  3.26344185 -1.02607008 -0.1875365   0.48194436]]
[[ 4.42273455 -0.18872136  2.80330863 -0.99897242 -0.16672218  0.47547635]]
[[ 4.15598473 -0.12662085  2.36936681 -0.96974068 -0.14704606  0.46565637]]
[[ 3.94084744 -0.07013822  1.94940057 -0.94470305 -0.13675141  0.45634222]]
[[ 3.75863942 -0.00651821  1.49855781 -0.92022166 -0.1339464   0.44677381]]
[[ 3.62726331  0.02044143  1.1856121  -0.90428619 -0.1326505   0.43940554]]
[[ 3.52766872  0.05226548  0.89829813 -0.89058612 -0.13427916  0.43313422]]
[[ 3.45861341  0.07908205  0.65588187 -0.87984955 -0.13791418  0.42823216]]
[[ 3.40783441  0.11212272  0.44660289 -0.86933124 -0.14293599  0.42437307]]
[[ 3.37233809  0.14482524  0.22925374 -0.8588416  -0.14970812  0.42114555]]
[[ 3.3466383   0.16301668  0.07353463 -0.85118386 -0.15487792  0.41871107]]
[[ 3.32809827  0.16367082 -0.00731734 -0.84709968 -0.1579637   0.41696797]]
[[ 3.32007025  0.14730005 -0.03684754 -0.84601331 -0.15954346  0.41607528]]
[[ 3.31686229  0.14396662 -0.09524731 -0.84356798 -0.16228992  0.41572124]]
[[ 3.31764334  0.14127274 -0.1516908  -0.84173495 -0.1659604   0.41513057]]
[[ 3.31936523  0.14038578 -0.1901779  -0.84046371 -0.16910762  0.41463424]]
[[ 3.32792225  0.14153679 -0.24754679 -0.83956257 -0.17430961  0.41351568]]
[[ 3.33688203  0.14077315 -0.29775163 -0.83884396 -0.17934589  0.41284974]]
[[ 3.34556468  0.12586199 -0.31173688 -0.83982507 -0.18258775  0.41225239]]
[[ 3.35403635  0.09913408 -0.28021928 -0.84330683 -0.18391452  0.41203605]]
[[ 3.36675046  0.05025765 -0.18504227 -0.85007102 -0.18256071  0.41217528]]
[[ 3.38872714 -0.00439582 -0.10967807 -0.85773624 -0.18475799  0.4124941 ]]
[[ 3.41197058 -0.0401445  -0.10173413 -0.86274396 -0.18944711  0.41256393]]
[[ 3.44409723 -0.08195538 -0.1007283  -0.86886838 -0.19528434  0.41279479]]
[[ 3.4704762  -0.07255726 -0.23862504 -0.86889282 -0.20665064  0.41152138]]
[[ 3.49445925 -0.05358102 -0.38779123 -0.86719548 -0.21660149  0.41072899]]
[[ 3.51097858 -0.05552502 -0.45668082 -0.86818078 -0.22208383  0.41017433]]
[[ 3.52865726 -0.07800133 -0.46208193 -0.872424   -0.22511271  0.4101834 ]]
[[ 3.54845222 -0.11547513 -0.41907052 -0.87905932 -0.22685921  0.41023316]]
[[ 3.54937098 -0.15319731 -0.2960445  -0.88577548 -0.22210901  0.41312099]]
[[ 3.5478482  -0.16800262 -0.18761783 -0.88790855 -0.21910298  0.41485105]]
[[ 3.55820756 -0.20122042 -0.07420966 -0.88926359 -0.22021324  0.41398655]]
[[ 3.56505467 -0.20028075  0.01855268 -0.89019053 -0.22144254  0.41122982]]
[[ 3.57437973 -0.21462744  0.08157824 -0.89170785 -0.22363506  0.41267432]]
[[ 3.58510223 -0.24098977  0.15203256 -0.89189029 -0.22206563  0.41356936]]
[[ 3.61474282 -0.27206571  0.15919091 -0.89276146 -0.22296253  0.41457169]]
[[ 3.62748847 -0.29679122  0.25822925 -0.897477   -0.22095055  0.41380907]]
[[ 3.61341335 -0.32993799  0.31154753 -0.90280685 -0.21944859  0.4134635 ]]
[[ 3.54034567 -0.30183926  0.27462514 -0.90402972 -0.2248268   0.41155397]]
[[ 3.55275663 -0.32098617  0.27190319 -0.90470318 -0.22444422  0.41185163]]
[[ 3.58834415 -0.26170353  0.07400236 -0.89622762 -0.23731908  0.41004815]]
[[ 3.6170333  -0.18574875 -0.10504472 -0.88705692 -0.25237781  0.40714412]]
[[ 3.60072855 -0.14976146 -0.01273267 -0.87966176 -0.25807154  0.4079282 ]]
[[ 3.64256111 -0.25193025  0.31732219 -0.87604358 -0.25490948  0.41448978]]
[[ 3.61581654 -0.22259879  0.42738787 -0.87249192 -0.26076897  0.41084368]]
[[ 3.61936338 -0.15896697  0.34577    -0.87096498 -0.26411866  0.40311014]]
[[ 3.63557541 -0.2390098   0.33516138 -0.8769697  -0.25953434  0.40500114]]
[[ 3.64810749 -0.30190953  0.22497437 -0.88240585 -0.26285643  0.40637322]]
[[ 3.65241363 -0.31946305  0.06891502 -0.88506917 -0.27238274  0.40660943]]
[[ 3.62960351 -0.33103302 -0.00940948 -0.88750215 -0.27804397  0.40719681]]
[[ 3.63313244 -0.30494961 -0.12738221 -0.88722074 -0.28805899  0.40563075]]
[[ 3.6165512  -0.23621968 -0.28622203 -0.88512811 -0.29896945  0.4020667 ]]
[[ 3.62249687 -0.16998106 -0.44872105 -0.88074092 -0.31109441  0.39914699]]
[[ 3.67592955 -0.16040535 -0.63380422 -0.87494716 -0.32336774  0.40036967]]
[[ 3.71508039 -0.11859774 -0.91218614 -0.87045542 -0.34189786  0.39974648]]
[[ 3.83384745 -0.09267285 -1.17425332 -0.8631903  -0.36072331  0.39876421]]
[[ 3.92198529 -0.07446216 -1.37296113 -0.85736505 -0.37695268  0.39756397]]
[[ 3.96068886 -0.02588408 -1.57299142 -0.84832668 -0.39126746  0.39619025]]
[[ 3.99164899  0.0300901  -1.77192981 -0.83816019 -0.40613118  0.3949675 ]]
[[ 4.02768782  0.09799365 -1.99877437 -0.82535346 -0.41997251  0.39324819]]
[[ 4.06059837  0.17602649 -2.27723472 -0.81013705 -0.43847196  0.38957443]]
[[ 4.10025787  0.25017345 -2.48417231 -0.79627106 -0.45523396  0.38839814]]
[[ 4.11719691  0.27082422 -2.54599051 -0.79144463 -0.45893998  0.38879666]]
[[ 4.12072923  0.27604974 -2.56469113 -0.78929591 -0.46007881  0.38924811]]
[[ 4.10986484  0.27193296 -2.54862241 -0.78904267 -0.45912907  0.38970826]]
[[ 4.11010155  0.26848247 -2.54642591 -0.78875995 -0.45875853  0.38912132]]
[[ 4.11540255  0.2840696  -2.55581276 -0.78696907 -0.45989196  0.38932673]]
[[ 4.10535457  0.28379472 -2.51770492 -0.78684001 -0.45850141  0.38951056]]
[[ 4.09750979  0.26592479 -2.48142421 -0.78791656 -0.45640802  0.38987663]]
[[ 4.09851305  0.24601173 -2.45258194 -0.78975656 -0.45392914  0.38930831]]
