[[0. 0. 0. 0. 0. 0.]]
[[ 8.04792801e-03 -7.50490171e-03 -3.40934797e-02 -3.91281229e-03
  -3.43281540e-03  6.64784751e-05]]
[[ 0.0107241  -0.00098787 -0.03717234  0.00230413 -0.00599567 -0.00030601]]
[[ 0.01083268 -0.00297508 -0.03937026  0.00176526 -0.00561527 -0.00019308]]
[[ 0.01032637 -0.00808817 -0.04191216 -0.00258719 -0.00298754  0.00011597]]
[[ 1.04383114e-02 -9.53327898e-03 -4.47507630e-02 -2.21591698e-03
  -3.46790256e-03  7.39580720e-05]]
[[ 0.01043939 -0.00499373 -0.04725818  0.00271623 -0.0050181  -0.00034761]]
[[ 0.01165115 -0.00691939 -0.04812666  0.00144501 -0.00468712 -0.00022082]]
[[ 0.00819048 -0.01295284 -0.05313476 -0.00301305 -0.00279872  0.00012857]]
[[ 1.12150688e-02 -1.02748429e-02 -5.27208537e-02 -1.24393274e-03
  -3.70650566e-03 -4.16312663e-05]]
[[ 0.01798239 -0.01202503 -0.05529384  0.00052138 -0.01231319 -0.00013326]]
[[ 0.00386578 -0.01094329 -0.06210955 -0.00246268  0.00236484  0.0003808 ]]
[[-0.02042596  0.00873432 -0.06212693  0.01689547  0.01683981 -0.00053   ]]
[[-0.00407227 -0.01736757 -0.06335296 -0.00566748  0.00525024  0.00046374]]
[[ 0.00494015 -0.01690508 -0.06352689 -0.00618573 -0.00107638  0.00013534]]
[[ 0.0035606  -0.00199572 -0.06885271  0.01034065 -0.00681582 -0.0009339 ]]
[[-0.01314371 -0.01067307 -0.06646952  0.00528151  0.00494108  0.00124722]]
[[-0.0100751  -0.0350741  -0.06944896 -0.02151425  0.00552523  0.00202842]]
[[-1.81320876e-03 -7.64011922e-03 -6.64847969e-02 -1.13869430e-05
  -9.27605566e-03 -1.72964383e-03]]
[[-0.01241165  0.00417669 -0.07314114  0.01280243 -0.00614665 -0.00159325]]
[[-1.91285743e-02 -1.21074686e-02 -7.53139995e-02 -2.19943360e-06
  -2.98005000e-03 -6.91019631e-04]]
[[-0.03154628 -0.02142143 -0.07173773 -0.00966943  0.00768219  0.00172566]]
[[-0.03375117 -0.01414363 -0.07508114 -0.00584428  0.01025305  0.00164883]]
[[-0.03391194  0.01642509 -0.07463989  0.02683986 -0.00013781 -0.00281819]]
[[-0.04963124 -0.00356242 -0.06968488  0.01509824  0.01157844  0.00116658]]
[[-0.07453841 -0.02869909 -0.07151948 -0.02215618  0.04856342  0.00373545]]
[[-0.08488895  0.04338663 -0.08554034  0.03539552  0.04830913 -0.00079325]]
[[-0.06229722  0.03423343 -0.08637115  0.01847896  0.03582631 -0.000817  ]]
[[-0.03329998 -0.02921904 -0.07851988 -0.02704957  0.01605262  0.00339005]]
[[-0.01313098 -0.02895277 -0.08397767 -0.01719729 -0.01034538  0.00015095]]
[[-0.00241719 -0.01595693 -0.09246592 -0.00229192 -0.02292546  0.00098523]]
[[-0.01810247 -0.02575106 -0.0912978  -0.01085817 -0.00953279  0.00254999]]
[[-0.02465553 -0.06520435 -0.0863133  -0.048119    0.0019625   0.00388135]]
[[-0.02828688 -0.02482446 -0.09406834 -0.01222977 -0.00653186  0.00067592]]
[[-0.01979342 -0.01318225 -0.0891622   0.0042357  -0.01982529 -0.00093788]]
[[-0.05026489 -0.04760888 -0.08824242 -0.03216116  0.01552595  0.00188169]]
[[-0.05945495 -0.05460054 -0.08429332 -0.04248404  0.02485393  0.00394007]]
[[-0.05665118  0.00332603 -0.08484069  0.01098849  0.00997726 -0.00227622]]
[[-0.07843998  0.01063376 -0.08048512  0.02487487  0.02185102 -0.00167044]]
[[-0.09267165 -0.04130304 -0.0783411  -0.03195717  0.04859047  0.00210239]]
[[-0.07663409 -0.06255696 -0.0788923  -0.05135492  0.04409129  0.00567215]]
[[-0.04027825  0.02054244 -0.08056379  0.04143136 -0.01142571 -0.00268205]]
[[-0.0512079  -0.017183   -0.07581509  0.00647237  0.01076873 -0.00042647]]
[[-0.08374108 -0.08329358 -0.0699067  -0.06806271  0.06527541  0.00568625]]
[[-0.05277142 -0.02861352 -0.08325372 -0.0176376   0.02695902  0.00323247]]
[[-0.04825013  0.0332193  -0.0756656   0.0647541  -0.00549593 -0.00154705]]
[[-0.06750966 -0.05636923 -0.06065719 -0.03415473  0.03846165  0.00125039]]
[[-0.06644758 -0.1199366  -0.07016319 -0.09408352  0.05808571  0.00852279]]
[[-0.05103419  0.02836384 -0.08712096  0.05240332  0.0079137  -0.00392688]]
[[-0.04732406  0.01474748 -0.07712464  0.04333408  0.00663763 -0.00071105]]
[[-0.05644583 -0.14162331 -0.06554625 -0.11172583  0.05636186  0.00725693]]
[[-0.04427537 -0.10945394 -0.07659514 -0.08906701  0.04526416  0.00658532]]
[[-0.02863467  0.03894076 -0.08319381  0.07263256 -0.01078003 -0.00527137]]
[[-0.045317   -0.02776858 -0.06650303  0.00353376  0.01841401  0.0024752 ]]
[[-0.05638211 -0.16028138 -0.0635479  -0.12854699  0.06115007  0.00960756]]
[[-0.0370215  -0.08899459 -0.0749056  -0.05504184  0.02738094  0.00240474]]
[[-0.03868383  0.04940405 -0.07027016  0.08569917 -0.01026558 -0.00454427]]
[[-0.0473166  -0.10637726 -0.06112504 -0.06591796  0.03794751  0.00473745]]
[[-0.05276202 -0.18949941 -0.06086244 -0.1474808   0.06812864  0.01086174]]
[[-0.03165545 -0.01494466 -0.07905968  0.0196766   0.00631575 -0.00146687]]
[[-0.0472226   0.00549069 -0.06901264  0.05486774  0.00321642 -0.00128152]]
[[-0.05479359 -0.16548953 -0.05507193 -0.12253293  0.0564585   0.0085682 ]]
[[-0.06861082 -0.11557472 -0.05526985 -0.07436453  0.05449127  0.00607049]]
[[-0.06286899  0.0102066  -0.05685492  0.05728866  0.00877305 -0.00280213]]
[[-0.07034049 -0.07058934 -0.0477301  -0.02592103  0.03539567  0.00273362]]
[[-0.08268611 -0.13276538 -0.04470599 -0.09146573  0.06268375  0.00715929]]
[[-0.07370412 -0.05258664 -0.05184928 -0.01421557  0.03357763  0.0018999 ]]
[[-0.07192123 -0.02076904 -0.04616897  0.01791418  0.02264113 -0.00028202]]
[[-0.08286814 -0.09064274 -0.03912382 -0.05276507  0.04938521  0.00432219]]
[[-0.0869896  -0.09580689 -0.03813936 -0.06004945  0.05352768  0.00489027]]
[[-0.07683211 -0.03975056 -0.04313954 -0.00423437  0.02948301  0.00118271]]
[[-0.07932589 -0.04953777 -0.0392359  -0.01271346  0.03258433  0.0017094 ]]
[[-0.08673672 -0.09660605 -0.03759253 -0.05873217  0.04924989  0.00472233]]
[[-0.08254195 -0.0779699  -0.04062478 -0.03876906  0.04279133  0.00344864]]
[[-0.07230612 -0.04432508 -0.0420092  -0.00284933  0.02613071  0.00099859]]
[[-0.07785868 -0.0724576  -0.03653324 -0.02950657  0.03755995  0.00280692]]
[[-0.08254945 -0.10026783 -0.03382703 -0.05527767  0.04753289  0.00447265]]
[[-0.07898777 -0.07216091 -0.03672908 -0.02880173  0.03720423  0.00271862]]
[[-0.07285503 -0.05346289 -0.03759003 -0.00952622  0.02815119  0.00141633]]
[[-0.07794588 -0.08047116 -0.03227011 -0.0347819   0.03939427  0.00303944]]
[[-0.07932537 -0.09335937 -0.02815898 -0.05002209  0.04516124  0.00408706]]
[[-0.07483064 -0.06855292 -0.02847966 -0.02428373  0.03504217  0.00240116]]
[[-0.0730382  -0.06195962 -0.02455143 -0.01690999  0.03169108  0.00184914]]
[[-0.07839951 -0.0857377  -0.02183142 -0.04089432  0.04194219  0.00342011]]
[[-0.08130101 -0.08633277 -0.02047777 -0.04133641  0.04207079  0.00360656]]
[[-0.08215771 -0.04161563 -0.02998569  0.01250267  0.02768283 -0.0001625 ]]
[[-0.07180076 -0.0747924  -0.02606175 -0.02958556  0.03423117  0.00257006]]
[[-0.06522077 -0.0872758  -0.02284993 -0.03794795  0.03018991  0.00281418]]
[[-0.07001815 -0.07947195 -0.02554202 -0.0324601   0.03360509  0.00264601]]
[[-0.06507479 -0.06996219 -0.02354764 -0.02339522  0.02528927  0.00189679]]
[[-0.06925283 -0.05885463 -0.02232774 -0.01171666  0.02622901  0.00124168]]
[[-0.06701925 -0.07195651 -0.01701616 -0.02593453  0.02791904  0.00209156]]
[[-0.07115077 -0.07832264 -0.01476415 -0.03284122  0.03338134  0.00265709]]
[[-0.06932442 -0.07225444 -0.01373179 -0.02606621  0.0291681   0.0021043 ]]
[[-0.07231284 -0.06355678 -0.01467526 -0.01828048  0.02871258  0.00162175]]
[[-0.07163942 -0.0624541  -0.0094826  -0.01634241  0.02770919  0.00150642]]
[[-0.07074114 -0.0703165  -0.00960286 -0.02505084  0.03084027  0.00206947]]
[[-0.07075554 -0.07331754 -0.00780245 -0.02743893  0.03038008  0.00219224]]
[[-0.06823513 -0.06924713 -0.00930742 -0.02347436  0.02897465  0.00198101]]
[[-0.06660765 -0.06449983 -0.00910348 -0.01820044  0.02693942  0.00158258]]
[[-0.06903694 -0.06710961 -0.00610477 -0.02040837  0.02841738  0.00181268]]
[[-0.06712026 -0.0715438  -0.00206921 -0.02482872  0.02935212  0.00216498]]
[[-0.06647577 -0.0755395   0.00316602 -0.02692327  0.03007519  0.002252  ]]
[[-0.06612371 -0.07027791  0.00484248 -0.02253056  0.02817549  0.00199309]]
[[-0.06438411 -0.06650718  0.0062808  -0.01943202  0.02730407  0.00182721]]
[[-0.06362445 -0.06847884  0.00873762 -0.0213284   0.02782314  0.00190557]]
[[-0.06445363 -0.07012111  0.01137272 -0.02380173  0.02850152  0.0020259 ]]
[[-0.0630847  -0.07258425  0.01240113 -0.02629565  0.02976375  0.00219293]]
[[-0.06315074 -0.06751248  0.01486155 -0.0227546   0.0285903   0.00192482]]
[[-0.06349039 -0.06722879  0.01609129 -0.02112546  0.0273009   0.00168537]]
[[-0.0643004  -0.06502294  0.02051138 -0.02112076  0.02780975  0.00174007]]
[[-0.06152888 -0.06793171  0.02087919 -0.02483593  0.02759998  0.00194856]]
[[-0.06367852 -0.06797876  0.02300497 -0.02363987  0.02772481  0.00194519]]
[[-0.06078347 -0.06676217  0.02543216 -0.02178402  0.02674569  0.00179877]]
[[-0.0591324  -0.06438398  0.02541482 -0.01825106  0.02553973  0.00158847]]
[[-0.05970986 -0.06991015  0.02648283 -0.02109363  0.02652072  0.00175341]]
[[-0.05902698 -0.07485439  0.02828888 -0.02440428  0.02751537  0.00198483]]
[[-0.06095923 -0.07256133  0.03012073 -0.02384145  0.02779441  0.00197845]]
[[-0.06082375 -0.06929221  0.03229721 -0.02039201  0.02625487  0.00173456]]
[[-0.05938847 -0.06840658  0.03081948 -0.01907797  0.02609076  0.0016537 ]]
[[-0.06013243 -0.07137752  0.03229683 -0.02184304  0.0266001   0.00183718]]
[[-0.06086265 -0.0739724   0.03522099 -0.02342696  0.02726871  0.00194822]]
[[-0.05947142 -0.0746605   0.03716941 -0.02380847  0.02690162  0.00194237]]
[[-0.06023733 -0.06948211  0.03765811 -0.02097975  0.02651228  0.00169973]]
[[-0.05899117 -0.06908988  0.03978343 -0.01993689  0.02600007  0.00161477]]
[[-0.05899253 -0.06972367  0.04156731 -0.02092462  0.02671327  0.00171241]]
[[-0.05729549 -0.07013671  0.04292144 -0.02289428  0.02697474  0.00178725]]
[[-0.05755459 -0.06813543  0.04499463 -0.02214429  0.02697103  0.00175546]]
[[-0.05485219 -0.06971226  0.04341262 -0.02134271  0.02635992  0.00178056]]
[[-0.05718506 -0.06854833  0.04277691 -0.01993729  0.02650946  0.00164565]]
[[-0.05708904 -0.06798448  0.04335852 -0.02070038  0.02614457  0.00168981]]
[[-0.05885745 -0.06790921  0.04146865 -0.02157361  0.02700439  0.00183733]]
[[-0.05792785 -0.06855374  0.04361784 -0.02265866  0.02710404  0.00185419]]
[[-0.0577852  -0.06750078  0.04337131 -0.0222205   0.02755024  0.00184586]]
[[-0.05756883 -0.06551845  0.04301969 -0.02129471  0.02683364  0.00183361]]
[[-0.05988692 -0.06368219  0.04298444 -0.02070157  0.0270252   0.00172511]]
[[-0.05936396 -0.06254869  0.04203185 -0.02093839  0.02643107  0.00178759]]
[[-0.05729913 -0.06387145  0.0416017  -0.02271144  0.02725565  0.00189108]]
[[-0.05499307 -0.06347458  0.04097346 -0.02261608  0.02643534  0.00180444]]
[[-0.05710122 -0.06488181  0.03978792 -0.02239487  0.02734157  0.00183424]]
[[-0.05503421 -0.06243098  0.04185238 -0.02197566  0.02601774  0.00177434]]
[[-0.05465524 -0.0612718   0.0412329  -0.02110903  0.02660743  0.00171183]]
[[-0.05219102 -0.0616483   0.04145121 -0.02107887  0.02512528  0.0016963 ]]
[[-0.05188342 -0.06334759  0.04104387 -0.02283081  0.02642014  0.00190903]]
[[-0.0536602  -0.0646571   0.04033015 -0.02297225  0.02649434  0.00187968]]
[[-0.05549553 -0.06402424  0.03976319 -0.02241338  0.02671245  0.00189847]]
[[-0.05384326 -0.06422158  0.04068636 -0.02083897  0.02591847  0.00180169]]
[[-0.05351994 -0.06421605  0.04057409 -0.02146982  0.02602845  0.00187772]]
[[-0.05054862 -0.06866963  0.04038839 -0.0242965   0.0260293   0.00197351]]
[[-0.05367377 -0.07040376  0.04284358 -0.02602344  0.02799995  0.00207453]]
[[-0.05632323 -0.06958759  0.04352622 -0.02367893  0.02875122  0.002071  ]]
[[-0.04929875 -0.06336546  0.04353    -0.01767178  0.02362583  0.00159592]]
[[-0.06048368 -0.06170548  0.06977722 -0.01624565  0.03267347  0.00170702]]
[[-0.06414439 -0.07842968  0.0615707  -0.03802428  0.04237522  0.00358769]]
[[-0.07043545 -0.06474834  0.05392    -0.01997053  0.04187325  0.00248102]]
[[-0.0538769  -0.07537071  0.05275418 -0.02760801  0.02976627  0.00254967]]
[[-0.05959663 -0.07404857  0.05143801 -0.02304662  0.0339222   0.00222378]]
[[-0.0581545  -0.08032859  0.05231697 -0.02933546  0.03428936  0.0025399 ]]
[[-0.05555019 -0.08300167  0.05286057 -0.03127928  0.03232602  0.0026762 ]]
[[-0.05596393 -0.08058633  0.05337387 -0.02795302  0.03208884  0.00254546]]
[[-0.05356477 -0.08660268  0.05451527 -0.03617278  0.03402013  0.00310316]]
[[-0.05500069 -0.08601746  0.05646394 -0.03473714  0.03475377  0.00305511]]
[[-0.05315503 -0.08638344  0.05874095 -0.03532759  0.03455791  0.00309394]]
[[-0.05179616 -0.08392691  0.06014706 -0.02974596  0.03269471  0.00269144]]
[[-0.05290615 -0.08429507  0.06178931 -0.03138148  0.03351663  0.00273062]]
[[-0.05261171 -0.08767158  0.06050282 -0.03406455  0.03407938  0.00290083]]
[[-0.05529342 -0.08749701  0.06085564 -0.03043948  0.03363179  0.00269218]]
[[-0.054879   -0.087154    0.06439059 -0.03071642  0.03354591  0.00274576]]
[[-0.05400189 -0.08843948  0.06543741 -0.03088675  0.03433049  0.00276164]]
[[-0.0537464  -0.09190064  0.06642415 -0.03317296  0.03552231  0.00298615]]
[[-0.0560681  -0.08938105  0.06889291 -0.03091576  0.03536851  0.00288091]]
[[-0.05504735 -0.08879009  0.06875967 -0.02893771  0.03493788  0.00271587]]
[[-0.05704753 -0.09181314  0.06846952 -0.03038102  0.03561746  0.00283236]]
[[-0.05746143 -0.09414759  0.06859711 -0.03115479  0.03637454  0.00295373]]
[[-0.05773346 -0.09414143  0.06902942 -0.03036809  0.03619067  0.00289439]]
[[-0.05699608 -0.09547141  0.06785473 -0.02886022  0.03559691  0.00283213]]
[[-0.05609698 -0.09519508  0.06850349 -0.03018393  0.03620733  0.00287329]]
[[-0.05427718 -0.09693091  0.07036932 -0.03162082  0.03672308  0.00299248]]
[[-0.05226296 -0.09655284  0.07179875 -0.03002068  0.03620233  0.00283253]]
[[-0.05166242 -0.09805452  0.06997297 -0.02935833  0.03563324  0.00280166]]
[[-0.0532303  -0.10100447  0.06870657 -0.03035252  0.03611557  0.00287095]]
[[-0.05183295 -0.10345806  0.06992473 -0.03158334  0.03655858  0.00292825]]
[[-0.05319965 -0.10320293  0.06845617 -0.03069817  0.0360082   0.00283276]]
[[-0.04979751 -0.10542604  0.06641815 -0.02994751  0.03543183  0.00277327]]
[[-0.0476903  -0.1073862   0.06621577 -0.03130484  0.03594     0.00286926]]
[[-0.04597559 -0.10869596  0.06507516 -0.03221795  0.03627409  0.0028817 ]]
[[-0.04542579 -0.10816893  0.0652042  -0.03141878  0.0357689   0.0027616 ]]
[[-0.04498444 -0.10792094  0.06220577 -0.03072686  0.03533809  0.00272723]]
[[-0.04224925 -0.11007221  0.06273936 -0.03183226  0.0355969   0.00282882]]
[[-0.03986265 -0.11157018  0.06384203 -0.03290354  0.03591704  0.00286651]]
[[-0.03867293 -0.11174366  0.06351968 -0.03188575  0.03543245  0.00279794]]
[[-0.0394722  -0.11280401  0.06525935 -0.03129737  0.0350887   0.00279373]]
[[-0.03999994 -0.11666541  0.06773781 -0.03236748  0.03551077  0.00288613]]
[[-0.04229785 -0.117086    0.07026017 -0.03302794  0.03561485  0.00285443]]
[[-0.04111214 -0.11477788  0.07203564 -0.03212844  0.03516784  0.00269762]]
[[-0.03951743 -0.11470136  0.07289857 -0.03178181  0.03492414  0.00264654]]
[[-0.03955422 -0.11593138  0.07383179 -0.03271557  0.03533499  0.00278077]]
[[-0.04064787 -0.11746851  0.07584064 -0.03310223  0.03552467  0.00280113]]
[[-0.03846446 -0.11757907  0.08080001 -0.03215849  0.03516647  0.00277142]]
[[-0.03787531 -0.11870828  0.08445616 -0.03199466  0.03509321  0.00279075]]
[[-0.03652909 -0.11925587  0.08826788 -0.03286163  0.03536022  0.00276311]]
[[-0.0379726  -0.12323205  0.08783184 -0.03312921  0.03545086  0.00282315]]
[[-0.03703024 -0.12548723  0.08815985 -0.03248045  0.03514679  0.00271317]]
[[-0.03721014 -0.12661473  0.08820194 -0.03214081  0.03510119  0.00275282]]
[[-0.038151   -0.12946884  0.08935437 -0.03300269  0.03512268  0.00273185]]
[[-0.0383725  -0.12969283  0.08932919 -0.03335884  0.03556364  0.00277994]]
[[-0.03755724 -0.12814599  0.08826258 -0.03276229  0.03502971  0.00272867]]
[[-0.03733331 -0.12978101  0.08673682 -0.03248802  0.03502978  0.00281944]]
[[-0.03513977 -0.13075459  0.08734606 -0.03335519  0.03518213  0.00282017]]
[[-0.03503614 -0.1302105   0.08970261 -0.03364819  0.03535328  0.00285466]]
[[-0.03592799 -0.13110331  0.08912578 -0.03306134  0.03491071  0.00282404]]
[[-0.03578786 -0.1315134   0.08863205 -0.03285016  0.03477368  0.00274548]]
[[-0.03688349 -0.13345074  0.09115363 -0.0338888   0.03496489  0.00279453]]
[[-0.03789885 -0.13569243  0.09327009 -0.03409336  0.03506231  0.00286183]]
[[-0.03602349 -0.13443107  0.09308515 -0.03336112  0.03475261  0.0028086 ]]
[[-0.03747762 -0.1347892   0.09304375 -0.03338483  0.03449674  0.00269666]]
[[-0.03574974 -0.13675723  0.09562798 -0.03409657  0.03501291  0.00276062]]
[[-0.03635367 -0.13833428  0.0937958  -0.03462277  0.03481745  0.00288436]]
[[-0.0350443  -0.1390129   0.09420059 -0.03384025  0.03473676  0.00283424]]
[[-0.03642981 -0.14008458  0.09182472 -0.03391785  0.03439083  0.00286822]]
[[-0.03800849 -0.14089377  0.09376099 -0.03458664  0.03486237  0.00287858]]
[[-0.03898046 -0.14360636  0.09555729 -0.03485316  0.03476482  0.0028611 ]]
[[-0.03999257 -0.14374779  0.09549976 -0.03421883  0.03465679  0.00273799]]
[[-0.03945525 -0.14439928  0.09441628 -0.03405513  0.03449109  0.00272093]]
[[-0.04002079 -0.14582924  0.09277452 -0.03467703  0.03463794  0.00272349]]
[[-0.0390409  -0.14681048  0.08999307 -0.03490901  0.0346179   0.00271952]]
[[-0.04118184 -0.14730498  0.089112   -0.03452322  0.0345292   0.00273323]]
[[-0.04266985 -0.1482553   0.08959094 -0.03428932  0.03443348  0.00273662]]
[[-0.04475335 -0.15053923  0.0866643  -0.03496292  0.03452827  0.00272912]]
[[-0.04630275 -0.15234033  0.0823373  -0.03436371  0.03483448  0.00273794]]
[[-0.04709353 -0.15221804  0.08229104 -0.03481989  0.03413762  0.0027083 ]]
[[-0.05133295 -0.15240213  0.08032755 -0.03295143  0.03438649  0.0026298 ]]
[[-0.05799495 -0.14934696  0.08001908 -0.02822948  0.038013    0.0023398 ]]
[[-0.04682352 -0.16374423  0.08255686 -0.04309385  0.03349151  0.00309911]]
[[-0.04748638 -0.15721396  0.07730814 -0.03728218  0.03568184  0.00294469]]
[[-0.04565526 -0.14340171  0.07907252 -0.0212053   0.02869175  0.00186238]]
[[-0.0546117  -0.15606998  0.07506921 -0.03693273  0.04062427  0.00297636]]
[[-0.03718425 -0.17253741  0.07714532 -0.04931809  0.02803409  0.00342509]]
[[-0.05384652 -0.15288533  0.07118919 -0.03281255  0.03932979  0.00276997]]
[[-0.05570364 -0.13874801  0.07079265 -0.01728541  0.03454959  0.00183445]]
[[-0.04880152 -0.16209371  0.07374944 -0.03669142  0.03283549  0.00268729]]
[[-0.05604931 -0.18044883  0.07291007 -0.05480458  0.04220697  0.00393019]]
[[-0.05044576 -0.15885289  0.06168642 -0.030826    0.02950111  0.00225986]]
[[-0.0482468  -0.14747266  0.06565262 -0.01727522  0.02544243  0.00142027]]
[[-0.05366185 -0.17391379  0.06613738 -0.04431483  0.03747411  0.00326711]]
[[-0.05408668 -0.17872921  0.06412349 -0.04703802  0.03850637  0.0033979 ]]
[[-0.03652468 -0.17339993  0.05823055 -0.03997423  0.02038781  0.00261546]]
[[-0.04104382 -0.16572795  0.05671389 -0.02966934  0.0217087   0.00204586]]
[[-0.05256892 -0.17760495  0.057059   -0.03859176  0.03416142  0.00273122]]
[[-0.04128491 -0.19441524  0.06636947 -0.05517011  0.02795083  0.00345153]]
[[-0.03628861 -0.17235989  0.04626323 -0.03160994  0.0157277   0.00190007]]
[[-0.04793657 -0.17116632  0.04583671 -0.03536142  0.03038376  0.00289075]]
[[-0.06717829 -0.17575129  0.05006433 -0.04278626  0.04968155  0.00347479]]
[[-0.05330382 -0.18964409  0.04932683 -0.05317827  0.04060787  0.00395936]]
[[-0.03161032 -0.16834147  0.04528035 -0.02828292  0.01603893  0.00165943]]
[[-0.03174265 -0.17144252  0.0471604  -0.03420787  0.01883733  0.00224828]]
[[-0.02460113 -0.19927012  0.04640539 -0.05708032  0.01896837  0.00352361]]
[[-0.01360572 -0.20087614  0.03726954 -0.05603237  0.00845629  0.00305027]]
[[-0.010919   -0.18460076  0.03306216 -0.03917223  0.00320554  0.00194504]]
[[-0.02599571 -0.1858199   0.03093587 -0.04019215  0.01492435  0.00238598]]
[[-0.00703003 -0.20721989  0.03225367 -0.05666014  0.00165901  0.00279611]]
[[ 4.21860944e-05 -2.03110882e-01  3.34577490e-02 -5.31961979e-02
  -3.98837485e-03  2.48139875e-03]]
[[-0.02869332 -0.1728451   0.0306654  -0.0285717   0.01721077  0.00167988]]
[[-0.03122494 -0.17388448  0.03433961 -0.02762688  0.01806529  0.00168902]]
[[-0.02621919 -0.19671543  0.03635703 -0.04636557  0.01670898  0.00253336]]
[[-0.03715672 -0.19733579  0.03301462 -0.04835401  0.02559265  0.00307433]]
[[-0.03210845 -0.15939013  0.02528318 -0.00758598  0.010955    0.00036855]]
[[-0.03139275 -0.16917235  0.02563918 -0.01648475  0.01183068  0.0007124 ]]
[[-0.03849416 -0.20038485  0.02476123 -0.04694914  0.02435525  0.00277648]]
[[-0.03160995 -0.19764396  0.02020526 -0.04889452  0.02208184  0.00318112]]
[[-0.03813144 -0.13635568  0.02133418  0.01984457  0.00895371 -0.00158424]]
[[-0.05292047 -0.1721304   0.02429551 -0.02516081  0.03618059  0.00188121]]
[[-0.02996458 -0.24289187  0.01698526 -0.08301997  0.03032953  0.00517291]]
[[-0.01765243 -0.16590234  0.0003368  -0.00849845 -0.0017227  -0.00031282]]
[[-0.0172045  -0.13810402  0.00127613  0.02942222 -0.01143656 -0.00336683]]
[[-0.02664361 -0.24028871 -0.00140834 -0.08320847  0.02798995  0.00691694]]
[[-0.0289835  -0.23835263 -0.00637764 -0.07277549  0.02593934  0.00461107]]
[[-0.01707996 -0.14721625 -0.01213966  0.01941942 -0.0088603  -0.0018169 ]]
[[-0.01762346 -0.19699133 -0.00903068 -0.03548763  0.0071232   0.00199004]]
[[-0.02445597 -0.2389255  -0.01101204 -0.07345908  0.02119952  0.00439764]]
[[-0.02161266 -0.20140624 -0.01639061 -0.03574085  0.00811486  0.00173095]]
[[-0.01616838 -0.17095913 -0.01724024 -0.00671621 -0.00483783 -0.00032453]]
[[-0.02193981 -0.20028129 -0.01286946 -0.03673372  0.00707806  0.00177459]]
[[-0.02596923 -0.22431016 -0.00984309 -0.06279827  0.01703291  0.00349558]]
[[-0.01991075 -0.1974073  -0.01257373 -0.03671259  0.00710011  0.00166363]]
[[-0.01658999 -0.17619464 -0.01140474 -0.0146623  -0.00156253  0.00023291]]
[[-0.01803582 -0.19990229 -0.00867124 -0.04012058  0.00880441  0.00192342]]
[[-0.02228435 -0.21723799 -0.00933475 -0.05634815  0.01499514  0.00300615]]
[[-0.01979357 -0.19667924 -0.01373329 -0.03488482  0.00681787  0.00158843]]
[[-0.01686574 -0.18035796 -0.01420605 -0.01999394  0.00057893  0.00053005]]
[[-0.02138555 -0.20223358 -0.01298293 -0.03989064  0.00927465  0.0019049 ]]
[[-0.02303697 -0.21632152 -0.01018423 -0.05288858  0.01402086  0.00286929]]
[[-0.01979685 -0.19324803 -0.01084138 -0.0318516   0.0064242   0.00144813]]
[[-0.01894114 -0.18474696 -0.00978662 -0.02324605  0.00252497  0.00082059]]
[[-0.02311839 -0.20311391 -0.00948561 -0.04080365  0.01035471  0.00198388]]
[[-0.02494909 -0.20984896 -0.00608887 -0.04897422  0.01327066  0.00254362]]
[[-0.01983318 -0.1914068  -0.00713102 -0.03155313  0.00636348  0.00136261]]
[[-0.01835563 -0.18724034 -0.00776637 -0.02631382  0.00412124  0.00099125]]
[[-0.02129602 -0.20261939 -0.00276778 -0.04154901  0.01063002  0.00202402]]
[[-0.02232901 -0.20468224 -0.0013225  -0.04622463  0.01245512  0.00234642]]
[[-0.02007799 -0.18971892 -0.00213725 -0.02976233  0.00560182  0.00121949]]
[[-0.02064227 -0.18799528 -0.00141117 -0.02843317  0.00512387  0.00114236]]
[[-0.02352033 -0.20059277  0.00203037 -0.0423587   0.01086782  0.00203143]]
[[-0.02347681 -0.20078078  0.00222988 -0.04315215  0.01130686  0.00209464]]
[[-0.02149986 -0.18836675  0.0002034  -0.02986539  0.00568236  0.00117442]]
[[-0.02277191 -0.18913047  0.00384332 -0.03126295  0.00606508  0.00121924]]
[[-0.0264385  -0.2028189   0.00324002 -0.04294684  0.0107842   0.00204411]]
[[-0.02577473 -0.20228261  0.00405237 -0.04015008  0.00978705  0.0019154 ]]
[[-0.02376977 -0.19139305  0.00319465 -0.02937184  0.00495353  0.00115679]]
[[-0.0239273  -0.19827426  0.00501385 -0.03465871  0.00725225  0.0014799 ]]
[[-0.02506495 -0.20776317  0.00636786 -0.04332489  0.01085708  0.00210873]]
[[-0.02448309 -0.20017731  0.0044033  -0.03766515  0.00854127  0.00176678]]
[[-0.0246561  -0.19588249  0.00178879 -0.03015035  0.0052406   0.00122855]]
[[-0.02605632 -0.20163955  0.00185465 -0.03570002  0.00749361  0.00162858]]
[[-0.02760523 -0.20989343  0.00219918 -0.04255416  0.01027009  0.00206854]]
[[-0.02516099 -0.20393738 -0.00082825 -0.03573802  0.00758476  0.00162648]]
[[-0.02155603 -0.20061089 -0.00193719 -0.03125552  0.00557908  0.00131798]]
[[-0.01997149 -0.20858558 -0.00180042 -0.03738591  0.0081435   0.0017404 ]]
[[-0.02133757 -0.21292972  0.00073797 -0.0417354   0.00999735  0.00201597]]
[[-0.01994724 -0.20607438 -0.00179793 -0.03587305  0.00745757  0.00164347]]
[[-0.01894951 -0.20153128 -0.00307783 -0.03207246  0.00590492  0.00135038]]
[[-0.02103009 -0.20610053 -0.00168821 -0.03830101  0.00851994  0.00179702]]
[[-0.0215733  -0.21060172 -0.00204433 -0.04081703  0.00972217  0.00191442]]
[[-0.02002432 -0.20524118 -0.00334686 -0.03436418  0.00671803  0.00152885]]
[[-0.02121412 -0.20356917 -0.00336848 -0.03315102  0.00643344  0.00145853]]
[[-0.02302424 -0.21017422 -0.0026896  -0.0394652   0.0089005   0.00183026]]
[[-0.02456896 -0.20891393 -0.00090488 -0.03947589  0.00902375  0.00173188]]
[[-0.02402847 -0.20182971 -0.00269169 -0.03397246  0.00656908  0.0014179 ]]
[[-0.02391811 -0.20239227 -0.00397766 -0.03416229  0.00682781  0.0014469 ]]
[[-0.02580829 -0.20808067 -0.00185516 -0.03950655  0.00903385  0.00178403]]
[[-2.71545573e-02 -2.04957885e-01  7.87328128e-06 -3.83697120e-02
   8.76716763e-03  1.75162577e-03]]
[[-0.02582399 -0.20215361  0.00060511 -0.03403016  0.00679023  0.00141282]]
[[-0.02631765 -0.20202036  0.00306982 -0.03545717  0.00759879  0.00151974]]
[[-0.02712312 -0.20656219  0.00479441 -0.03934037  0.00921101  0.00184702]]
[[-0.02710549 -0.20515198  0.00616755 -0.03765988  0.00858173  0.00173822]]
[[-0.02551142 -0.19957801  0.00697566 -0.0339276   0.00697962  0.00152261]]
[[-0.02655405 -0.20314438  0.00744328 -0.03604046  0.00784251  0.00166818]]
[[-0.02697949 -0.20459734  0.00747656 -0.03930059  0.00922963  0.00193692]]
[[-0.02490651 -0.20348619  0.0086607  -0.03692187  0.00833939  0.00174361]]
[[-0.02256406 -0.20076449  0.00809793 -0.03413499  0.0071468   0.00152246]]
[[-0.02438238 -0.2039147   0.00999304 -0.0368996   0.00843299  0.00169619]]
[[-0.02515079 -0.207012    0.01167273 -0.03899986  0.00925779  0.00178202]]
[[-0.02316891 -0.20499746  0.0123768  -0.03630293  0.00836978  0.00160327]]
[[-0.02177119 -0.20373388  0.01252689 -0.03450148  0.00753243  0.00146647]]
[[-0.02366289 -0.20870034  0.01536453 -0.03717932  0.0086003   0.00164777]]
[[-0.02326305 -0.21000414  0.01425505 -0.03822603  0.00899789  0.00173188]]
[[-0.02173107 -0.20688224  0.01669682 -0.03563564  0.00794167  0.0015079 ]]
[[-0.02223367 -0.20626812  0.01490813 -0.03474278  0.00737088  0.00145838]]
[[-0.02237437 -0.21044647  0.0151951  -0.03756903  0.00863787  0.001679  ]]
[[-0.02174294 -0.21107187  0.01283085 -0.03820098  0.00883844  0.0017652 ]]
[[-0.02095917 -0.20962384  0.01320725 -0.03536539  0.00780051  0.0016316 ]]
[[-0.02216266 -0.20802924  0.01163367 -0.03523678  0.00770017  0.00161281]]
[[-0.02291074 -0.21051317  0.01228306 -0.03777954  0.00892376  0.00176235]]
[[-0.02162549 -0.21080677  0.01072711 -0.03766817  0.00856481  0.00173419]]
[[-0.02204858 -0.21050485  0.0106536  -0.0354783   0.00721248  0.00155402]]
[[-0.02358776 -0.20686768  0.01221293 -0.0357663   0.00758568  0.00159556]]
[[-0.02415589 -0.20953987  0.01140828 -0.03818456  0.00808147  0.00177424]]
[[-0.02477156 -0.20794709  0.01221719 -0.03759468  0.00844871  0.00176306]]
[[-0.02620638 -0.20853426  0.0125191  -0.03550787  0.00727141  0.00160288]]
[[-0.02763513 -0.20766366  0.01517564 -0.03599555  0.00793557  0.00166474]]
[[-0.02698504 -0.21045791  0.01662669 -0.03780493  0.00848921  0.00174841]]
[[-0.02861741 -0.20904701  0.01949566 -0.03698366  0.00845594  0.00170503]]
[[-0.02507923 -0.20945387  0.02113453 -0.03538403  0.00742152  0.00162807]]
[[-0.02439774 -0.21101362  0.02295559 -0.03619503  0.00807292  0.00162333]]
[[-0.0238601  -0.21521467  0.0225755  -0.03792546  0.00846039  0.00172728]]
[[-0.02470616 -0.21439528  0.02662381 -0.03676367  0.00823918  0.00162883]]
[[-0.02571506 -0.21380603  0.02738829 -0.03567821  0.00737401  0.00158342]]
[[-0.02605547 -0.21284667  0.02960347 -0.0367009   0.00805958  0.00167106]]
[[-0.025557   -0.2143075   0.02836581 -0.0377737   0.00833792  0.00177862]]
[[-0.02462638 -0.21197394  0.03048148 -0.03660509  0.00807103  0.00168351]]
[[-0.0220306  -0.2138156   0.03144832 -0.03581146  0.00765725  0.00164793]]
[[-0.023294   -0.21553582  0.03173421 -0.03695875  0.00825559  0.00167494]]
[[-0.02425573 -0.21624093  0.03032634 -0.03781621  0.00842639  0.00171281]]
[[-0.02287707 -0.21560675  0.03120816 -0.03668127  0.00806029  0.00164695]]
[[-0.02286071 -0.21645628  0.02965774 -0.03614787  0.00773865  0.00164665]]
[[-0.02517423 -0.21848532  0.03060492 -0.03712698  0.00837089  0.00175037]]
[[-0.02451876 -0.2188229   0.03054259 -0.03768831  0.00853856  0.00183063]]
[[-0.02485794 -0.21637657  0.0326354  -0.03695328  0.00811592  0.00169631]]
[[-0.02798386 -0.21507997  0.03243597 -0.03632845  0.00801821  0.00166526]]
[[-0.02615699 -0.21622751  0.03240747 -0.03723397  0.00823941  0.0016946 ]]
[[-0.02599803 -0.21667049  0.03305309 -0.03772087  0.00856762  0.0017442 ]]
[[-0.02639294 -0.21730826  0.03489071 -0.0368641   0.00817047  0.00169876]]
[[-0.02786246 -0.21568098  0.03499064 -0.03662494  0.00801668  0.00161012]]
[[-0.03024514 -0.21767994  0.03427159 -0.03735279  0.00815094  0.00170966]]
[[-0.02964959 -0.21787577  0.03292804 -0.03787696  0.00845141  0.00168495]]
[[-0.0282848  -0.21793722  0.0302105  -0.0369723   0.00806658  0.0016036 ]]
[[-0.02825153 -0.21603628  0.02979918 -0.03675024  0.00790331  0.00160842]]
[[-0.0290191  -0.21934215  0.0272952  -0.03761635  0.00827282  0.00171073]]
[[-0.02937537 -0.21770599  0.02855578 -0.03790195  0.00835594  0.0017856 ]]
[[-0.02830591 -0.21775155  0.0297784  -0.03709087  0.00808539  0.00175539]]
[[-0.02755858 -0.21791856  0.02965133 -0.03682876  0.00792241  0.0016934 ]]
[[-0.02918879 -0.21767069  0.0309172  -0.03762129  0.00835547  0.00176551]]
[[-0.02864919 -0.21622567  0.03162317 -0.03778185  0.00844175  0.00170698]]
[[-0.02906543 -0.2168689   0.03089953 -0.03690994  0.008093    0.00164687]]
[[-0.02852112 -0.21563901  0.03131894 -0.03697178  0.0080825   0.0016646 ]]
[[-0.02928508 -0.2165905   0.03205375 -0.03766167  0.00853616  0.00171634]]
[[-0.03051593 -0.21588816  0.03408141 -0.03763733  0.00850195  0.00174255]]
[[-0.02910333 -0.21487099  0.03189042 -0.03679798  0.00810136  0.00169081]]
[[-0.02962064 -0.21634301  0.03493964 -0.03690417  0.0082387   0.00169252]]
[[-0.03052689 -0.21644353  0.03287407 -0.03780376  0.00852916  0.00177279]]
[[-0.02925277 -0.21366365  0.03320761 -0.03751833  0.00847251  0.00166572]]
[[-0.02789854 -0.21484996  0.03185638 -0.03684342  0.00813712  0.00174099]]
[[-0.02659619 -0.21451303  0.0358506  -0.03699827  0.00823917  0.00170292]]
[[-0.02721897 -0.21715675  0.03524487 -0.03771381  0.00866597  0.00176281]]
[[-0.02705306 -0.21556663  0.03562689 -0.03747888  0.00855503  0.00179509]]
[[-0.02550994 -0.21413743  0.03561247 -0.03669745  0.0082479   0.00169965]]
[[-0.02678655 -0.21394023  0.034659   -0.03700144  0.00835969  0.001675  ]]
[[-0.02934673 -0.21549968  0.03573332 -0.0376054   0.00859986  0.00164811]]
[[-0.02776744 -0.21510548  0.03427862 -0.03726282  0.00847017  0.001566  ]]
[[-0.02918686 -0.21316557  0.03400956 -0.03676328  0.00809512  0.00161811]]
[[-0.02774948 -0.21398378  0.03514785 -0.03712235  0.00830993  0.00164225]]
[[-0.02903407 -0.21893407  0.03326963 -0.03763358  0.00844385  0.00171378]]
[[-0.03142221 -0.22039219  0.03162656 -0.03727885  0.00835971  0.00170094]]
[[-0.03003777 -0.22026484  0.02943621 -0.03679075  0.00789922  0.0016096 ]]
[[-0.02640267 -0.21937755  0.02940399 -0.03709459  0.00816461  0.00167142]]
[[-0.0255992  -0.2220484   0.02977354 -0.03760079  0.00822409  0.00164024]]
[[-0.02579055 -0.22030622  0.03101925 -0.03707069  0.0082527   0.00156351]]
[[-0.02408544 -0.21873859  0.02968528 -0.03673636  0.00792307  0.00159018]]
[[-0.02523402 -0.21798126  0.03101874 -0.0371076   0.00830425  0.00159896]]
[[-0.02410021 -0.21907843  0.0309116  -0.03745298  0.00826739  0.00166677]]
[[-0.02396449 -0.21754499  0.03052521 -0.03689192  0.00823391  0.00164558]]
[[-0.02459905 -0.21446037  0.03058009 -0.03671453  0.00801708  0.00169023]]
[[-0.02364216 -0.21633722  0.02936723 -0.03713639  0.00828838  0.00167673]]
[[-0.02552235 -0.2163334   0.02767176 -0.03737269  0.00832826  0.00164083]]
[[-0.02715003 -0.21644473  0.02353894 -0.03687669  0.008003    0.00157649]]
[[-0.02614469 -0.21945641  0.02229964 -0.03669084  0.00798346  0.0016539 ]]
[[-0.02620504 -0.2183747   0.02253871 -0.03720693  0.00817505  0.00163237]]
[[-0.02578739 -0.21775603  0.02157363 -0.03734295  0.00830063  0.00166047]]
[[-0.02579189 -0.2191147   0.0200146  -0.03689956  0.00808036  0.00169865]]
[[-0.02530163 -0.21763465  0.02089399 -0.03682226  0.00808977  0.0017026 ]]
[[-0.02508451 -0.22042716  0.01983344 -0.03714829  0.00819849  0.00167879]]
[[-0.02304382 -0.22042454  0.01958808 -0.03734667  0.00826777  0.00170253]]
[[-0.02366443 -0.21982092  0.02166544 -0.03700433  0.00806281  0.00166277]]
[[-0.02406975 -0.21715865  0.0234827  -0.03696528  0.00806382  0.00162117]]
[[-0.02243364 -0.2183651   0.02581753 -0.03735721  0.00816206  0.00166524]]
[[-0.02394651 -0.21774091  0.02781102 -0.03743704  0.00814816  0.00173728]]
[[-0.0233668  -0.21672979  0.02878615 -0.03717775  0.00801353  0.00168417]]
[[-0.02554723 -0.21554276  0.02938488 -0.03696804  0.00793867  0.00160393]]
[[-0.02821724 -0.21665556  0.03175566 -0.03730515  0.00805553  0.00161584]]
[[-0.02590317 -0.21431745  0.03413518 -0.03752396  0.00820218  0.00161355]]
[[-0.02605682 -0.21292528  0.03724182 -0.03721296  0.00811404  0.00155312]]
[[-0.02694828 -0.21284724  0.03926243 -0.03701757  0.00812712  0.00151494]]
[[-0.02647106 -0.21590465  0.0406585  -0.03733194  0.00819017  0.00158942]]
[[-0.02517875 -0.21664189  0.0421975  -0.0373028   0.00829119  0.00154627]]
[[-0.02579585 -0.21598128  0.04352072 -0.0370648   0.00825712  0.00157615]]
[[-0.02596335 -0.2150545   0.04502495 -0.0369539   0.0082282   0.00157643]]
[[-0.02885756 -0.21630259  0.04203581 -0.03731082  0.00826735  0.00158732]]
[[-0.03058575 -0.21591358  0.04341693 -0.03723037  0.0082831   0.00158204]]
[[-0.02832811 -0.21542754  0.04612313 -0.03694696  0.00811006  0.00163505]]
[[-0.02749339 -0.21499412  0.0452703  -0.03708156  0.00829847  0.00163846]]
[[-0.02693239 -0.21523605  0.04421527 -0.03748152  0.00844373  0.00172356]]
[[-0.02664281 -0.21551521  0.04168339 -0.03719531  0.00839542  0.00171207]]
[[-0.02482517 -0.21434243  0.04023611 -0.03690463  0.00822722  0.00165286]]
[[-0.02258273 -0.21247796  0.03913326 -0.03708943  0.00839975  0.0016773 ]]
[[-0.02188533 -0.21332452  0.03649281 -0.03746128  0.00836596  0.00172526]]
[[-0.02172607 -0.21318559  0.03354783 -0.03718533  0.00827898  0.0016501 ]]
[[-0.02033902 -0.21271013  0.03164078 -0.03692959  0.00804075  0.00163185]]
[[-0.02306367 -0.2129565   0.02750884 -0.03711943  0.00835202  0.00165173]]
[[-0.02225816 -0.21339468  0.02413809 -0.03753427  0.00831586  0.00163151]]
[[-0.02049019 -0.21308013  0.02122944 -0.03710477  0.0083451   0.00155906]]
[[-0.01986054 -0.2113669   0.02013914 -0.03691287  0.00814146  0.00148433]]
[[-0.02193706 -0.21325194  0.01782704 -0.03710074  0.008261    0.00152891]]
[[-0.02255284 -0.21467363  0.01599215 -0.03730063  0.00823564  0.00160072]]
[[-0.02396568 -0.21582381  0.01371894 -0.03694204  0.00813279  0.00155177]]
[[-0.02216575 -0.21585816  0.01575839 -0.03673668  0.00799867  0.00151566]]
[[-0.02180303 -0.21538477  0.01614692 -0.03710911  0.00819672  0.00155628]]
[[-0.02254585 -0.21511608  0.01322005 -0.03722214  0.00825903  0.00156072]]
[[-0.02409031 -0.2154211   0.01096221 -0.03693828  0.00816164  0.00161665]]
[[-0.02108334 -0.21539573  0.01033594 -0.03683976  0.00822939  0.00159968]]
[[-0.02250467 -0.21557839  0.00977027 -0.03704821  0.00827346  0.00156277]]
[[-0.0242331  -0.21786505  0.0090926  -0.03717036  0.0083908   0.0015813 ]]
[[-0.025864   -0.21706144  0.00744128 -0.03671895  0.00818185  0.00160561]]
[[-0.02386085 -0.21581174  0.00358952 -0.0367441   0.00814209  0.0015769 ]]
[[-0.02136815 -0.21610334  0.00062133 -0.03692081  0.0082585   0.00152851]]
[[-0.02283072 -0.21746475 -0.0020727  -0.03717264  0.00834246  0.00157634]]
[[-0.02374056 -0.2194052  -0.00393029 -0.03684346  0.00822308  0.00166878]]
[[-0.0232559  -0.21743568 -0.00430558 -0.03646204  0.00819379  0.00160754]]
[[-0.02461658 -0.21998073 -0.00415443 -0.03696485  0.00840905  0.00171806]]
[[-0.0267562  -0.22130567 -0.00381523 -0.03692161  0.00841971  0.00168963]]
[[-0.02692994 -0.22107224 -0.00512315 -0.03661234  0.00823993  0.00164034]]
[[-0.02897082 -0.22138669 -0.00700603 -0.03644958  0.00809704  0.00161828]]
[[-0.02985144 -0.22438319 -0.00743127 -0.03700962  0.0084367   0.00164254]]
[[-0.0306894  -0.22596923 -0.00933222 -0.03714235  0.00840296  0.00162876]]
[[-0.03116601 -0.22688905 -0.00993333 -0.03653454  0.00828035  0.00153128]]
[[-0.03083429 -0.2247622  -0.01023293 -0.03665313  0.008348    0.0015873 ]]
[[-0.03289746 -0.22540472 -0.00894183 -0.03706098  0.00863328  0.00159446]]
[[-0.03358021 -0.22556105 -0.00949892 -0.0371725   0.00855278  0.00170296]]
[[-0.03239867 -0.22427586 -0.008862   -0.03661144  0.00843635  0.00168738]]
[[-0.03304221 -0.22141349 -0.00915962 -0.03657304  0.00839466  0.00158098]]
[[-0.03241228 -0.22258733 -0.01203541 -0.03714661  0.00876717  0.00173036]]
[[-0.03310249 -0.22208409 -0.01196228 -0.03685243  0.00870047  0.001713  ]]
[[-0.03488145 -0.22115316 -0.01267253 -0.03652129  0.00857382  0.00162793]]
[[-0.03783574 -0.22282719 -0.01632351 -0.03659052  0.00860541  0.00165829]]
[[-0.03721266 -0.22233945 -0.01687438 -0.03706263  0.00871385  0.00165233]]
[[-0.03601155 -0.22218282 -0.01804414 -0.03694456  0.0087355   0.00162438]]
[[-0.03454822 -0.2227818  -0.02089982 -0.03660518  0.00864362  0.00162015]]
[[-0.03617494 -0.22180017 -0.02098479 -0.03677262  0.00873943  0.00155875]]
[[-0.041573   -0.22233145 -0.02317201 -0.03697176  0.00878381  0.00160703]]
[[-0.03965961 -0.22125427 -0.02442067 -0.03690301  0.00891136  0.00166535]]
[[-0.03983749 -0.22357141 -0.02727581 -0.03657604  0.00880405  0.00165653]]
[[-0.04024281 -0.22305321 -0.02781026 -0.03663459  0.00882449  0.00162846]]
[[-0.04053603 -0.22113619 -0.02661758 -0.03673478  0.00899932  0.00150627]]
[[-0.04058552 -0.22281465 -0.02898548 -0.03677686  0.00903395  0.00156793]]
[[-0.0440272  -0.22206032 -0.03016533 -0.03654468  0.00911333  0.00159546]]
[[-0.04540195 -0.22047804 -0.03202987 -0.03648334  0.00909527  0.00154793]]
[[-0.04354128 -0.221192   -0.03414536 -0.03663334  0.0092503   0.00159322]]
[[-0.04343227 -0.22221066 -0.03439294 -0.03661515  0.00923938  0.00160409]]
[[-0.04320049 -0.22221659 -0.03457534 -0.03648281  0.00934608  0.00157496]]
[[-0.0417665  -0.22298555 -0.03616708 -0.0362936   0.00924476  0.00158298]]
[[-0.04070397 -0.22252473 -0.03942394 -0.0365083   0.00931091  0.00158305]]
[[-0.04075118 -0.22208749 -0.03770612 -0.03646285  0.00932862  0.00156034]]
[[-0.0423662  -0.22213511 -0.03823236 -0.03644398  0.00931349  0.00167972]]
[[-0.04141246 -0.22101449 -0.03832426 -0.03632481  0.00951798  0.00165156]]
[[-0.04245703 -0.22168861 -0.04021682 -0.0364214   0.00931744  0.00162305]]
[[-0.04251401 -0.22215947 -0.04308859 -0.03633059  0.00961523  0.00164692]]
[[-0.04397408 -0.22234743 -0.04402837 -0.03635193  0.00925514  0.00160346]]
[[-0.04260697 -0.22103935 -0.0450578  -0.03620137  0.00947116  0.00160729]]
[[-0.04057057 -0.22077562 -0.04451288 -0.03645039  0.00932056  0.00160888]]
[[-0.04007847 -0.22098918 -0.04343101 -0.036448    0.0096492   0.00155223]]
[[-0.03674414 -0.22120782 -0.04624323 -0.03644391  0.00933427  0.00156981]]
[[-0.03626648 -0.22273775 -0.0482182  -0.03634036  0.00946258  0.0016059 ]]
[[-0.03717431 -0.22367734 -0.04972252 -0.03649234  0.00934504  0.00167986]]
[[-0.03824443 -0.22533951 -0.04931877 -0.03664762  0.0095941   0.00164976]]
[[-0.03509216 -0.22601063 -0.0507704  -0.03637573  0.00928731  0.00165741]]
[[-0.03480406 -0.22503331 -0.05128728 -0.03644014  0.00942162  0.00168464]]
[[-0.03390847 -0.22646746 -0.04891814 -0.03664552  0.00948014  0.00164057]]
[[-0.03406019 -0.2256876  -0.04708504 -0.03669135  0.00959321  0.00163355]]
[[-0.0345677  -0.22386282 -0.04916505 -0.03661203  0.00938526  0.00170223]]
[[-0.0367169  -0.22539359 -0.04865607 -0.03647563  0.00929286  0.00165845]]
[[-0.03818113 -0.22746449 -0.04865098 -0.03677231  0.0092873   0.00163196]]
[[-0.03542694 -0.22417108 -0.04779854 -0.03669483  0.00913874  0.0015836 ]]
[[-0.03635331 -0.22221287 -0.04840437 -0.03687244  0.00925637  0.00168081]]
[[-0.03727588 -0.22449692 -0.04838867 -0.03695523  0.00910042  0.0016818 ]]
[[-0.03688155 -0.22289834 -0.04806009 -0.03680042  0.00921477  0.00168217]]
[[-0.03805911 -0.22298543 -0.04720373 -0.03685879  0.00905194  0.00161387]]
[[-0.03872262 -0.22335288 -0.04633468 -0.03673404  0.00909323  0.00156738]]
[[-0.03713729 -0.2234927  -0.04305398 -0.0368887   0.00917523  0.00166679]]
[[-0.03650148 -0.22168081 -0.04435536 -0.03673433  0.00907382  0.00159905]]
[[-0.03538415 -0.22198743 -0.04255196 -0.0367533   0.00913521  0.00154622]]
[[-0.03708962 -0.22247617 -0.04187426 -0.03681588  0.00915328  0.00155295]]
[[-0.03646637 -0.22202337 -0.03897944 -0.03681807  0.00924391  0.00154045]]
[[-0.03950816 -0.222794   -0.0368032  -0.03680357  0.00914535  0.00153367]]
[[-0.03856172 -0.22177021 -0.03751048 -0.03659938  0.00908812  0.00157648]]
[[-0.03958865 -0.22184943 -0.03615172 -0.03685202  0.00918989  0.00155342]]
[[-0.03774902 -0.21888926 -0.03180016 -0.03681642  0.00915397  0.00151733]]
[[-0.03982894 -0.21860609 -0.03165487 -0.03665613  0.00913064  0.00155856]]
[[-0.03763334 -0.219741   -0.03206279 -0.03663283  0.0091332   0.00162733]]
[[-0.03740645 -0.22175227 -0.0318231  -0.03666202  0.00922201  0.00162015]]
[[-0.03621767 -0.22116706 -0.03143445 -0.03658098  0.00919279  0.00158151]]
[[-0.03524127 -0.22007984 -0.03143667 -0.03649586  0.0091318   0.00157341]]
[[-0.03375399 -0.21835829 -0.02997023 -0.03688548  0.00917401  0.00160952]]
[[-0.03246877 -0.21856202 -0.0289691  -0.03680685  0.00927057  0.00167049]]
[[-0.03032542 -0.21694878 -0.03107919 -0.03673558  0.00917318  0.00164384]]
[[-0.0294654  -0.21538679 -0.03021275 -0.03660926  0.00918512  0.00166497]]
[[-0.0300467  -0.21792255 -0.03027424 -0.03676088  0.00915204  0.00163534]]
[[-0.02880411 -0.21977585 -0.02843793 -0.03682402  0.00925866  0.00165155]]
[[-0.02784514 -0.21805922 -0.02834533 -0.03656269  0.00907942  0.00160261]]
[[-0.02815936 -0.21658807 -0.02778646 -0.03660372  0.00920671  0.00158335]]
[[-0.0293105  -0.21602848 -0.02661043 -0.03675454  0.00916509  0.00164861]]
[[-0.02968188 -0.21358509 -0.02733236 -0.03681158  0.00917536  0.00168374]]
[[-0.02963253 -0.21424917 -0.02856469 -0.03668169  0.00893698  0.00158386]]
[[-0.03031216 -0.21649104 -0.0298442  -0.03657601  0.00906567  0.00166703]]
[[-0.03036218 -0.21762446 -0.02852074 -0.03701071  0.00896924  0.00164514]]
[[-0.03150415 -0.21602133 -0.0264336  -0.03680691  0.0091511   0.00169478]]
[[-0.03131944 -0.21782578 -0.02642124 -0.03664114  0.00872732  0.00171038]]
[[-0.03128414 -0.21898479 -0.02560399 -0.03662143  0.00898209  0.00174107]]
[[-0.03148958 -0.21693349 -0.02284538 -0.036736    0.00886531  0.00166822]]
[[-0.03196548 -0.21845643 -0.02416826 -0.03680815  0.00903149  0.00182088]]
[[-0.03096043 -0.21858941 -0.02486682 -0.03650439  0.0088576   0.00175302]]
[[-0.02716906 -0.21866222 -0.02298433 -0.03674269  0.00893224  0.00176835]]
[[-0.02667232 -0.21905818 -0.02491298 -0.03688473  0.00896493  0.00181195]]
[[-0.02517945 -0.22015686 -0.02480471 -0.03672327  0.00892281  0.00181405]]
[[-0.02512305 -0.21891932 -0.02449564 -0.03673497  0.00886551  0.00176303]]
[[-0.02323882 -0.2186209  -0.02430334 -0.03672897  0.00895678  0.00175406]]
[[-0.0242838  -0.22041168 -0.02571229 -0.0370057   0.00888777  0.00176799]]
[[-0.02491798 -0.22044952 -0.02469321 -0.03686475  0.00883034  0.0017146 ]]
[[-0.02294397 -0.21906011 -0.02319332 -0.03682159  0.0086985   0.00171818]]
[[-0.02469209 -0.2193098  -0.02082716 -0.03691014  0.00879776  0.00171328]]
[[-0.02445789 -0.21998975 -0.01734995 -0.03695181  0.0087635   0.00166928]]
[[-0.02296327 -0.219707   -0.01630382 -0.03706316  0.00889852  0.00175369]]
[[-0.02253966 -0.21692612 -0.01565287 -0.03686679  0.00867298  0.001702  ]]
[[-0.02494222 -0.21647931 -0.0158504  -0.0369367   0.00875638  0.00173241]]
[[-0.02519432 -0.21690476 -0.01429258 -0.03710263  0.00862141  0.00170456]]
[[-0.0239014  -0.21610775 -0.01518823 -0.03716623  0.00878774  0.00169315]]
[[-0.0225521  -0.21712478 -0.01516219 -0.03691789  0.00854269  0.0017406 ]]
[[-0.02483665 -0.21684257 -0.0166832  -0.03686694  0.00866732  0.00170401]]
[[-0.02415888 -0.21654702 -0.01416182 -0.0373294   0.00868764  0.00170223]]
[[-0.02488261 -0.21682445 -0.01198168 -0.03721189  0.00879803  0.0016946 ]]
[[-0.02499463 -0.21607861 -0.01179818 -0.03706054  0.00853052  0.00173936]]
[[-0.02446953 -0.21688724 -0.01241362 -0.03695276  0.00857829  0.00173828]]
[[-0.02511808 -0.21722408 -0.01194428 -0.03722868  0.00855347  0.00175062]]
[[-0.02461833 -0.21625897 -0.01039443 -0.03737246  0.00855643  0.00176617]]
[[-0.02412861 -0.21688922 -0.01105068 -0.03708151  0.00839629  0.00178591]]
[[-0.02559957 -0.21670681 -0.01126356 -0.03712097  0.00831536  0.00175582]]
[[-0.02590775 -0.21670777 -0.01235817 -0.03738168  0.00841776  0.00180324]]
[[-0.02539532 -0.21775881 -0.01395543 -0.03737989  0.0083706   0.00182795]]
[[-0.02573081 -0.21870753 -0.01283579 -0.03724481  0.00828259  0.0018188 ]]
[[-0.02560067 -0.21775416 -0.01122151 -0.03711813  0.00819769  0.00173736]]
[[-0.02552411 -0.21692411 -0.01006408 -0.03736038  0.00828572  0.00184104]]
[[-0.02647318 -0.21911931 -0.01332285 -0.03732517  0.0083805   0.00186754]]
[[-0.02481083 -0.21757182 -0.01074324 -0.03729142  0.00836001  0.00179134]]
