[[0. 0. 0. 0. 0. 0.]]
[[ 2.02549100e-03 -4.15771962e-03  2.52523378e-03  1.82021461e-04
  -1.34521578e-04  2.84101310e-05]]
[[ 3.42526962e-03 -5.03957746e-03  5.41072155e-03  1.91742060e-04
  -1.26414955e-04  5.01324426e-05]]
[[ 3.34706203e-03 -6.66871826e-03  5.50342189e-03  2.67076202e-04
  -1.13403094e-04 -6.86293671e-05]]
[[ 6.08246649e-03 -8.20455370e-03  6.33034830e-03  3.04294809e-04
  -1.13333482e-04 -2.84209118e-05]]
[[ 5.22800206e-03 -7.60663497e-03  7.98176747e-03  3.13656677e-04
  -1.41460954e-04 -4.93466712e-05]]
[[ 7.04884958e-03 -8.68421893e-03  7.12981818e-03  3.45017224e-04
  -1.82249018e-04 -1.16270429e-05]]
[[ 5.94579504e-03 -9.38179632e-03  8.99521654e-03  3.23037008e-04
  -2.01328741e-04  2.02726590e-06]]
[[ 7.54938604e-03 -8.36588112e-03  8.61151632e-03  3.67606853e-04
  -2.20114693e-04  2.42644321e-05]]
[[ 7.50985437e-03 -7.18603053e-03  7.33276449e-03  3.19862003e-04
  -2.06682884e-04 -1.78527858e-05]]
[[ 7.89936653e-03 -9.01298423e-03  8.28938507e-03  3.03364722e-04
  -2.96053020e-04  1.73712398e-05]]
[[ 7.42368175e-03 -9.67937897e-03  8.94889391e-03  3.26660472e-04
  -3.20456426e-04 -9.90282918e-06]]
[[ 8.07636852e-03 -1.03205839e-02  5.60882276e-03  3.62206797e-04
  -2.98206428e-04  7.41379140e-05]]
[[ 8.84343329e-03 -9.94883353e-03  2.95965070e-03  3.16303255e-04
  -3.14061712e-04  5.22480718e-05]]
[[ 1.11482288e-02 -9.49809179e-03  3.08140006e-03  3.32779419e-04
  -3.06358172e-04  1.28187880e-05]]
[[ 1.29266618e-02 -9.81715261e-03  9.67971422e-04  3.21820177e-04
  -2.87196679e-04 -1.01329254e-05]]
[[ 1.32260125e-02 -1.04129490e-02 -3.07552716e-03  3.14004449e-04
  -3.08429634e-04  4.92646868e-05]]
[[ 1.11092166e-02 -1.00950186e-02 -4.50705591e-03  2.67250786e-04
  -3.51657342e-04  3.46642470e-05]]
[[ 1.24336193e-02 -9.74690931e-03 -4.83893453e-03  2.01714856e-04
  -3.37414317e-04  4.29257319e-05]]
[[ 1.37149200e-02 -9.67122739e-03 -4.38042587e-03  1.63473445e-04
  -3.67376054e-04  3.40396791e-05]]
[[ 1.25359124e-02 -9.57691403e-03 -5.16122066e-03  1.26233254e-04
  -2.64772127e-04 -1.11690293e-05]]
[[ 1.24153361e-02 -1.00811056e-02 -7.04204372e-03  1.29525519e-04
  -4.02897914e-04  1.71674314e-05]]
[[ 1.27366849e-02 -9.15312099e-03 -9.76527206e-03  9.59242495e-05
  -4.87478714e-04  9.06786548e-05]]
[[ 1.18500112e-02 -8.94784048e-03 -9.84027306e-03 -8.81432577e-05
  -3.11397309e-04  1.75895546e-04]]
[[ 1.00681123e-02 -1.17711255e-02 -4.17967556e-03 -3.95526585e-04
   7.21045223e-05  1.41729175e-04]]
[[ 0.00794122 -0.00988347 -0.00416006 -0.0003708   0.00016409  0.00012321]]
[[ 1.00228741e-02 -1.16488027e-02 -6.81934528e-03 -3.62389592e-04
   3.71790376e-05  1.58338097e-04]]
[[ 0.00926285 -0.01060507 -0.00669774 -0.00016437  0.00010484  0.00017951]]
[[ 0.0108822  -0.01271295 -0.00465985 -0.00028962  0.00017768  0.00018946]]
[[ 0.01154162 -0.01527363  0.00091251 -0.00056798  0.00044684  0.00015173]]
[[ 1.20106601e-02 -9.00876496e-03 -5.64472086e-03  9.67370166e-05
  -6.10935913e-06  3.20331343e-05]]
[[ 0.01106059 -0.01741445  0.02004139 -0.00133076  0.00117478  0.00017646]]
[[ 0.00942514 -0.00803273  0.00712836 -0.00046358  0.00068001  0.00013608]]
[[ 0.01044439 -0.00585494  0.00157014 -0.00018682  0.0001965   0.00013704]]
[[ 9.02025539e-03 -6.78280871e-03  8.12185067e-03 -4.36950847e-04
   4.67488694e-04  6.66991507e-05]]
[[ 9.21574323e-03 -6.87258657e-03  1.16393153e-02 -4.21066943e-04
   5.92668322e-04  2.91941441e-05]]
[[ 0.01007404 -0.00594335  0.01045258 -0.00034113  0.00023089  0.00011804]]
[[ 0.01299385 -0.00581725  0.01609508 -0.00052494  0.0003197   0.0001741 ]]
[[ 1.32821397e-02 -3.31808591e-03  7.82641111e-03 -2.20318120e-04
   8.87859606e-05  1.30839885e-04]]
[[ 1.21288969e-02 -2.51896165e-03  8.30080301e-03 -1.50796400e-04
   6.20578410e-05  3.45928639e-05]]
[[ 1.00507039e-02 -5.31099109e-03  1.83121529e-02 -6.65908912e-04
   5.83032889e-04  4.44622571e-05]]
[[ 0.00052875 -0.00702207  0.0430431  -0.00154646  0.00244415  0.00014534]]
[[ 1.06114322e-02 -6.38751257e-03  1.81693139e-02 -6.56348459e-04
   2.05030154e-04 -6.43281259e-05]]
[[ 0.0039506  -0.00531912  0.02577143 -0.00075216  0.00082919 -0.00012537]]
[[ 2.99829777e-03 -6.76944308e-03  3.46722364e-02 -1.02650818e-03
   1.23234664e-03 -8.63429214e-05]]
[[ 7.44822003e-03 -8.77976972e-03  2.75708981e-02 -8.64897261e-04
   6.01913781e-04  7.08342978e-05]]
[[ 0.00533852 -0.00758605  0.03185401 -0.00082364  0.00098918 -0.00010289]]
[[ 1.11026041e-02 -8.86892657e-03  2.25473564e-02 -5.05413500e-04
  -3.69599419e-05  4.30016916e-05]]
[[ 0.01343887 -0.00789696  0.01391245 -0.00037189 -0.00109127 -0.0002187 ]]
[[ 7.67007500e-03 -5.32351076e-03  1.88130938e-02  8.69308675e-05
  -4.53590079e-04 -1.89559615e-04]]
[[ 1.16083714e-02 -8.07551176e-03  1.48081105e-02 -5.19835007e-05
  -8.24437713e-04 -1.56016593e-04]]
[[ 0.01225814 -0.0085103   0.01891092 -0.00034155 -0.00057152 -0.00052944]]
[[ 9.68728526e-03 -5.77179723e-03  2.34892586e-02 -1.69402614e-04
  -5.94727285e-05 -5.08985489e-04]]
[[ 0.00834813 -0.00546056  0.02897881 -0.00027631  0.00042699 -0.00050442]]
[[ 0.00808277 -0.00529263  0.02763142 -0.00056752  0.00033953 -0.00053238]]
[[ 0.00653907 -0.00838028  0.03671124 -0.00092614  0.00075342 -0.00044326]]
[[-0.00467931 -0.00678013  0.05541617 -0.00166066  0.0023573  -0.00044456]]
[[-0.00317473 -0.00615893  0.0517587  -0.00161744  0.00205749 -0.00036448]]
[[ 0.00422192 -0.00616967  0.04852997 -0.00150873  0.00165206 -0.00017991]]
[[ 0.00190155 -0.00809834  0.06398215 -0.00204691  0.00244035 -0.00013209]]
[[ 0.0040562  -0.00545563  0.05588924 -0.00169671  0.00160887 -0.00014246]]
[[ 0.00801221 -0.00221238  0.05213289 -0.0014474   0.00068153 -0.00038299]]
[[-0.00052975 -0.00801473  0.07558517 -0.00130276  0.00181628 -0.00032713]]
[[ 0.00168235 -0.00857154  0.06073707 -0.00029054  0.00026647 -0.00081873]]
[[-0.0036472  -0.01177425  0.08230679 -0.00036111  0.00088741 -0.00078049]]
[[-7.94868618e-03 -6.30780316e-06  8.27560778e-02  1.75815031e-04
   1.17150366e-03 -1.22998218e-03]]
[[ 0.00347154  0.002517    0.07397269  0.00068092 -0.00057866 -0.00099637]]
[[ 0.00664075  0.00993337  0.07169967  0.00103689 -0.00150103 -0.00123076]]
[[ 0.01057736  0.00684397  0.07323952  0.00105149 -0.00212041 -0.00116095]]
[[ 0.01884552  0.01075364  0.04865266  0.0019076  -0.00396529 -0.00134424]]
[[ 0.02154765  0.00866222  0.05393823  0.00165722 -0.00379253 -0.00115395]]
[[ 0.02690437  0.01329704  0.04799941  0.00218208 -0.00426392 -0.00115995]]
[[ 0.03649034  0.01358821  0.03225501  0.00231845 -0.00587707 -0.00143969]]
[[ 0.04229176  0.01863264  0.02058511  0.0031099  -0.00697872 -0.00123281]]
[[ 0.03948985  0.02012399  0.02531508  0.00294172 -0.00652667 -0.00155981]]
[[ 0.04041765  0.02285029  0.02075608  0.00329657 -0.00677248 -0.00138666]]
[[ 0.05060795  0.0222129   0.00416131  0.00314908 -0.00753078 -0.00131531]]
[[ 0.05809373  0.028924   -0.01941293  0.00357576 -0.00885813 -0.00155694]]
[[ 0.04498899  0.03295822  0.0011561   0.00269515 -0.00646259 -0.00146389]]
[[ 0.04591645  0.03696858 -0.00363941  0.00281989 -0.00624015 -0.00135245]]
[[ 0.04294422  0.03498118  0.00535929  0.00231368 -0.00537212 -0.00130996]]
[[ 0.03844612  0.0340764   0.01406343  0.00178781 -0.00452338 -0.0013068 ]]
[[ 0.03773715  0.03105313  0.01861482  0.0015301  -0.00416395 -0.00119791]]
[[ 0.03987095  0.02945925  0.01828324  0.0015552  -0.00442938 -0.0010754 ]]
[[ 0.04285628  0.03205416  0.00343244  0.00226833 -0.00511129 -0.00108292]]
[[ 0.03112629  0.02250192  0.04440867  0.00073317 -0.00239019 -0.00101651]]
[[ 0.04499064  0.03465566 -0.00163938  0.00258315 -0.00538385 -0.00111212]]
[[ 0.04738337  0.02406431  0.00887259  0.00146581 -0.00552242 -0.00091101]]
[[ 0.04957352  0.02356906 -0.00072185  0.00199016 -0.00606856 -0.0010148 ]]
[[ 0.05903517  0.02283151 -0.02322     0.00255199 -0.00782076 -0.00110398]]
[[ 0.05825121  0.02419684 -0.0232867   0.00246468 -0.00779048 -0.0014577 ]]
[[ 0.06011549  0.02248013 -0.02405167  0.00259398 -0.00795707 -0.00138588]]
[[ 0.05946693  0.02540451 -0.03075254  0.00282972 -0.00836179 -0.00159101]]
[[ 0.06279689  0.02641457 -0.03432262  0.00307971 -0.00894075 -0.00142537]]
[[ 0.06405461  0.03239302 -0.04239978  0.00378662 -0.00928488 -0.00158452]]
[[ 0.05973053  0.03238008 -0.03406666  0.00353706 -0.00883255 -0.00156429]]
[[ 0.06206269  0.03125268 -0.03861055  0.00357378 -0.00930519 -0.00161535]]
[[ 0.05837047  0.03312521 -0.0327103   0.00348361 -0.00865624 -0.0014116 ]]
[[ 0.05250829  0.03120411 -0.02283543  0.0032167  -0.00802009 -0.00174191]]
[[ 0.05675944  0.02777666 -0.02380848  0.00298149 -0.00826612 -0.00161941]]
[[ 0.06025246  0.03202405 -0.03845898  0.00383979 -0.00910916 -0.00154855]]
[[ 0.05503331  0.03030418 -0.0248313   0.00309371 -0.00837696 -0.00171939]]
[[ 0.0563865   0.02681216 -0.01790786  0.00288859 -0.00797693 -0.00136103]]
[[ 0.05923335  0.02836828 -0.02963817  0.00323895 -0.0086661  -0.00142379]]
[[ 0.06130055  0.02684843 -0.02934048  0.0031293  -0.00888124 -0.00129172]]
[[ 0.05223767  0.02657708 -0.00316993  0.00248794 -0.00711108 -0.00130903]]
[[ 0.04414472  0.02614555  0.00846157  0.00206666 -0.00611688 -0.00142733]]
[[ 0.04585249  0.02729564  0.00045823  0.00249345 -0.00672737 -0.00154151]]
[[ 0.04655733  0.01928035  0.01813637  0.001808   -0.00579707 -0.00132828]]
[[ 0.04617002  0.01810636  0.01759325  0.00180706 -0.00589042 -0.00135269]]
[[ 0.05013444  0.01704092  0.01232941  0.00210109 -0.00656749 -0.00133678]]
[[ 0.0598603   0.01995216 -0.00838542  0.00287617 -0.00817957 -0.0016389 ]]
[[ 0.05216842  0.01655816  0.01300527  0.00230527 -0.00686061 -0.00162568]]
[[ 0.05509016  0.01887503 -0.00171026  0.00321876 -0.00809632 -0.00196956]]
[[ 0.06059632  0.00647413  0.01270552  0.00223064 -0.00777572 -0.00163046]]
[[ 0.06214171  0.01425124 -0.00406608  0.00345499 -0.00846019 -0.00186392]]
[[ 0.07242034  0.01197606 -0.02220699  0.00408348 -0.01038457 -0.0017289 ]]
[[ 0.07886278  0.01398477 -0.03445237  0.00439346 -0.01127293 -0.00172029]]
[[ 0.07668834  0.01020354 -0.02384491  0.00393697 -0.01028955 -0.00173745]]
[[ 0.07813542  0.01379292 -0.03032657  0.00399174 -0.01058605 -0.00198459]]
[[ 0.07281431  0.00424133 -0.00209527  0.00310385 -0.00892976 -0.00153538]]
[[ 0.07704819  0.01040296 -0.02604066  0.00367746 -0.01024036 -0.00196136]]
[[ 0.08532182  0.00917723 -0.04050611  0.00426068 -0.01142446 -0.00173714]]
[[ 0.08707373  0.00285335 -0.02866295  0.00338225 -0.01096773 -0.00176915]]
[[ 0.08222123  0.00934901 -0.02810396  0.00397698 -0.01066559 -0.00174851]]
[[ 0.08733936  0.01177472 -0.03895078  0.00460119 -0.01181314 -0.00191823]]
[[ 0.09466898  0.00818802 -0.04522487  0.00469493 -0.01276005 -0.00186993]]
[[ 0.10599295  0.01159807 -0.07365656  0.00589772 -0.01506192 -0.00227364]]
[[ 0.10357512  0.00580767 -0.05205687  0.0053029  -0.01375566 -0.00191339]]
[[ 0.10118047  0.00590479 -0.04749235  0.00499028 -0.0133157  -0.00219916]]
[[ 0.11178082  0.0094234  -0.0652241   0.00584242 -0.01489512 -0.00205908]]
[[ 0.11758821  0.00776146 -0.07001769  0.00590637 -0.01562477 -0.00197477]]
[[ 0.12939329  0.00639654 -0.08689355  0.00625904 -0.01787683 -0.0021328 ]]
[[ 0.11435278  0.01356001 -0.06865918  0.00624353 -0.01595082 -0.00199571]]
[[ 0.10906444  0.01006435 -0.05918276  0.00572601 -0.01531121 -0.00213842]]
[[ 0.10268196  0.00870724 -0.0472702   0.00545153 -0.01412395 -0.00190068]]
[[ 0.10357197  0.00502033 -0.03492812  0.0048834  -0.01346421 -0.00171391]]
[[ 0.10511665  0.01926939 -0.06139416  0.00648724 -0.01495395 -0.00203281]]
[[ 0.10346758  0.01810027 -0.0510037   0.00616617 -0.0147683  -0.00212493]]
[[ 0.10899934  0.02059829 -0.06656482  0.00667422 -0.0161092  -0.00226584]]
[[ 0.11915119  0.01685311 -0.07449215  0.00682359 -0.01712481 -0.00197407]]
[[ 0.13066725  0.02182701 -0.10963373  0.00798455 -0.01954079 -0.00240501]]
[[ 0.13106399  0.02136377 -0.10744753  0.00765247 -0.01898725 -0.00229779]]
[[ 0.13289535  0.01714938 -0.10588067  0.00737272 -0.01873788 -0.00210993]]
[[ 0.13545765  0.01437918 -0.10650275  0.00701464 -0.01903965 -0.00228808]]
[[ 0.14292347  0.011139   -0.11870491  0.00692495 -0.0204152  -0.00218603]]
[[ 1.65497932e-01 -2.84828145e-02 -1.04369690e-01 -9.91609882e-05
  -2.24023583e-02 -1.99448105e-03]]
[[ 0.17552779  0.03262985 -0.30053461  0.01139624 -0.03253624 -0.00384737]]
[[ 0.18272058  0.08656616 -0.40960123  0.02093929 -0.03684327 -0.00447158]]
[[ 0.16815232  0.04667974 -0.23422982  0.01142611 -0.02372144 -0.00255513]]
[[ 0.15841445  0.02843361 -0.16850033  0.00633814 -0.01824608 -0.00190324]]
[[ 0.16795441  0.00938905 -0.13372385  0.00389445 -0.01826705 -0.00176621]]
[[ 0.17674826  0.02202448 -0.16253871  0.00770791 -0.02116325 -0.00176958]]
[[ 0.16375812  0.08408818 -0.29437948  0.01842581 -0.02524103 -0.00272197]]
[[ 0.15292842  0.13797967 -0.41532993  0.02622581 -0.02920674 -0.00382644]]
[[ 0.15087369  0.14766359 -0.42556359  0.02736765 -0.02772356 -0.00363473]]
[[ 0.15997739  0.12244154 -0.37472882  0.02374017 -0.02692572 -0.00326152]]
[[ 0.15828865  0.09670092 -0.28075784  0.01967604 -0.02252322 -0.00277297]]
[[ 0.13986545  0.0879249  -0.18738921  0.01642421 -0.01457661 -0.00214416]]
[[ 0.16805819  0.07696521 -0.2684401   0.01552222 -0.0228144  -0.00267552]]
[[ 0.19323222  0.05499055 -0.30580075  0.01334757 -0.02872908 -0.00295863]]
[[ 0.1889059   0.05630033 -0.28279941  0.01335937 -0.02664289 -0.00282602]]
[[ 0.17534683  0.02471171 -0.16502271  0.00686081 -0.01757121 -0.0018339 ]]
[[ 0.18524843  0.01058761 -0.1880644   0.00524053 -0.02003099 -0.00170106]]
[[ 0.18763076  0.02268502 -0.26641951  0.00756268 -0.0253639  -0.00233708]]
[[ 0.19435896  0.01676497 -0.22769463  0.007659   -0.02447742 -0.00213407]]
[[ 0.19157664  0.01154502 -0.17775163  0.00677011 -0.02236591 -0.00200412]]
[[ 0.19376127  0.00536944 -0.14242227  0.00622614 -0.0208672  -0.00172885]]
[[ 0.19272947  0.00262935 -0.1217307   0.00596732 -0.01973989 -0.00168544]]
[[ 0.19340476 -0.00821818 -0.08883409  0.0046134  -0.01854446 -0.00141875]]
[[ 0.19171993 -0.0035007  -0.09081528  0.00503599 -0.01879921 -0.00159394]]
[[ 1.92637761e-01 -2.68750528e-02 -6.37250686e-02 -1.07816548e-04
  -1.72024285e-02 -1.11577123e-03]]
[[ 0.18587778  0.00271451 -0.17962125  0.00371366 -0.01917199 -0.00164958]]
[[ 0.21015907 -0.00234263 -0.34375482  0.00218301 -0.02732634 -0.00190422]]
[[ 0.2181565   0.01766537 -0.43274903  0.00571327 -0.03068627 -0.00209904]]
[[ 0.22088909  0.02039649 -0.42659952  0.00678685 -0.03173168 -0.00225229]]
[[ 0.23277343  0.02562379 -0.47461971  0.00910875 -0.0356506  -0.00263577]]
[[ 0.22824737  0.01590454 -0.41076538  0.00691052 -0.03137597 -0.00224398]]
[[ 0.21290413 -0.011553   -0.26936424  0.00127664 -0.02254264 -0.00136542]]
[[ 0.22888646 -0.00655859 -0.31864545  0.00400196 -0.028754   -0.00228786]]
[[ 0.24301786  0.00508034 -0.39257949  0.0070912  -0.03547736 -0.00296816]]
[[ 0.23815299  0.00629655 -0.35015771  0.00662307 -0.03233691 -0.0026441 ]]
[[ 0.23795844 -0.00159788 -0.2910466   0.00565936 -0.02993903 -0.0025446 ]]
[[ 0.22822703 -0.01279758 -0.19283837  0.00392966 -0.02517231 -0.00199537]]
[[ 0.21803446 -0.01606837 -0.12252476  0.00311767 -0.02116141 -0.00157238]]
[[ 0.21056284 -0.02404988 -0.06777036  0.00205601 -0.0179827  -0.00116049]]
[[ 0.20822889 -0.02179138 -0.04659787  0.00197569 -0.01705179 -0.00141743]]
[[ 0.20123148 -0.02388928 -0.01797898  0.00152457 -0.01535948 -0.00131346]]
[[ 0.20570223 -0.02385616 -0.00968231  0.00164966 -0.01523956 -0.001078  ]]
[[ 0.21219972 -0.02188948 -0.01485644  0.0020752  -0.01617662 -0.00104409]]
[[ 0.20429246 -0.02346034  0.01373318  0.00125892 -0.01449422 -0.00104396]]
[[ 0.20860339 -0.02140127  0.00620401  0.00165511 -0.01522433 -0.00119235]]
[[ 0.20617283 -0.01863425  0.00676214  0.00192512 -0.01495045 -0.00099771]]
[[ 0.20881624 -0.02088299  0.01296499  0.00156664 -0.01499087 -0.00102709]]
[[ 0.21200996 -0.02149506  0.01498202  0.00142766 -0.01508507 -0.00073826]]
[[ 0.2010526  -0.02386122  0.03232388  0.00037624 -0.01406142 -0.00103557]]
[[ 1.97164430e-01 -1.84277581e-02 -9.96864989e+00  8.56842089e-04
  -1.39142421e-02 -7.73962747e-04]]
[[ 1.98867669e-01 -2.44929748e-02 -9.95976515e+00  1.31997536e-04
  -1.37266472e-02 -9.06178335e-04]]
[[ 1.90340995e-01 -5.04327879e-03 -9.94029440e+00  1.01273969e-03
  -1.37621116e-02 -5.42863380e-04]]
[[ 1.82765373e-01 -1.96210136e-03 -9.90698430e+00  4.50713749e-04
  -1.31273266e-02 -5.07168053e-04]]
[[ 1.84443691e-01  1.47868640e-02 -9.92314040e+00  2.25783666e-03
  -1.46628847e-02 -5.02128240e-04]]
[[ 1.86593594e-01  2.76861925e-02 -9.94100551e+00  3.49415793e-03
  -1.62308376e-02 -7.14780823e-04]]
[[ 1.92391842e-01  2.75935564e-02 -9.94053145e+00  3.88532692e-03
  -1.70489593e-02 -4.85463331e-04]]
[[ 1.82625986e-01  3.33546684e-02 -9.91117207e+00  3.50924516e-03
  -1.54643456e-02 -4.79890066e-04]]
[[ 1.92914695e-01  3.70664617e-02 -9.93205746e+00  4.56338983e-03
  -1.75926535e-02 -4.84341744e-04]]
[[ 1.98745024e-01  4.11372780e-02 -9.93651625e+00  5.07968206e-03
  -1.82860013e-02 -5.51016066e-04]]
[[ 2.09559343e-01  4.72386337e-02 -9.95830890e+00  6.17401369e-03
  -1.99062234e-02 -5.86226988e-04]]
[[ 2.10684005e-01  4.05175910e-02 -9.93419510e+00  5.66589305e-03
  -1.89114056e-02 -5.36996389e-04]]
[[ 2.23374552e-01  4.17496891e-02 -9.95445502e+00  6.22705468e-03
  -2.05441736e-02 -4.21822666e-04]]
[[ 2.26414842e-01  4.44781837e-02 -9.95935304e+00  6.72704531e-03
  -2.07957111e-02 -6.17195366e-04]]
[[ 2.36165375e-01  1.74589425e-02 -9.92858558e+00  3.23593764e-03
  -2.13382035e-02 -1.52492887e-04]]
[[ 2.51438426e-01  1.07745296e-02 -9.97452379e+00  3.00822986e-03
  -2.69589212e-02 -1.12527338e-03]]
[[ 2.77904894e-01 -3.74362879e-03 -1.00357172e+01  2.90927296e-03
  -3.37377663e-02 -1.05261372e-03]]
[[ 2.79541584e-01 -9.82892062e-03 -1.00191624e+01  2.73764661e-03
  -3.31749532e-02 -9.16895395e-04]]
[[ 2.74938945e-01 -2.91742179e-03 -1.00046914e+01  3.09201066e-03
  -3.24967040e-02 -1.02127645e-03]]
[[ 2.64452132e-01 -1.36104355e-02 -9.93673102e+00  1.89430138e-03
  -2.76036475e-02 -3.04038439e-04]]
[[ 2.35298264e-01 -6.77415436e-03 -9.87750474e+00  1.79602699e-03
  -2.13607223e-02  1.78399714e-04]]
[[ 2.33452137e-01  3.59930172e-03 -9.87736734e+00  3.07003362e-03
  -2.10592740e-02  1.29485745e-04]]
[[ 2.31194287e-01 -8.98774833e-03 -9.84931518e+00  1.74377326e-03
  -1.93049760e-02  6.02482873e-04]]
[[ 2.17654964e-01 -1.12121602e-02 -9.82371398e+00  7.42061135e-04
  -1.71003461e-02  9.28542064e-04]]
[[ 2.19752719e-01 -3.13547427e-02 -9.78498632e+00 -3.06143515e-03
  -1.67341444e-02  1.37528945e-03]]
[[ 2.33460929e-01 -5.74122327e-02 -9.76925165e+00 -6.99836839e-03
  -1.81875602e-02  1.75271350e-03]]
[[ 2.41366778e-01 -9.41795420e-02 -9.71049235e+00 -1.37033771e-02
  -1.80014331e-02  1.92507514e-03]]
[[ 2.67602696e-01 -1.33311252e-01 -9.66381746e+00 -1.93145034e-02
  -1.86685870e-02  2.71332725e-03]]
[[ 2.70829972e-01 -1.52060670e-01 -9.62949243e+00 -2.31203371e-02
  -1.83156665e-02  2.79354603e-03]]
[[ 2.85073428e-01 -1.84349930e-01 -9.58064113e+00 -2.79737950e-02
  -1.81185315e-02  3.55357267e-03]]
[[ 2.97560961e-01 -2.23045818e-01 -9.51829164e+00 -3.36034748e-02
  -1.66793415e-02  4.17178120e-03]]
[[ 3.07195342e-01 -2.38566178e-01 -9.47329560e+00 -3.76925351e-02
  -1.45630154e-02  4.42211932e-03]]
[[ 3.12338956e-01 -2.52442450e-01 -9.45980911e+00 -4.06565094e-02
  -1.32354915e-02  4.91436805e-03]]
[[ 3.14223410e-01 -2.65561346e-01 -9.45839034e+00 -4.23441899e-02
  -1.22586175e-02  5.12188130e-03]]
[[ 3.18810955e-01 -2.69555922e-01 -9.44746523e+00 -4.41545801e-02
  -1.10486896e-02  5.25201749e-03]]
[[ 3.20775734e-01 -2.87101529e-01 -9.41872802e+00 -4.65686491e-02
  -9.34541969e-03  5.91146630e-03]]
[[ 3.22857243e-01 -2.87656107e-01 -9.42987839e+00 -4.64634682e-02
  -9.66191450e-03  5.96361228e-03]]
[[ 3.23593501e-01 -2.88290880e-01 -9.43314928e+00 -4.65773085e-02
  -9.57391027e-03  5.85717489e-03]]
[[ 3.25907045e-01 -2.95367182e-01 -9.41611282e+00 -4.74422829e-02
  -8.71936912e-03  6.13183363e-03]]
[[ 3.17504833e-01 -2.90872243e-01 -9.40311570e+00 -4.75257307e-02
  -7.00909138e-03  5.94168031e-03]]
[[ 3.21261369e-01 -2.93997163e-01 -9.37779257e+00 -4.90180340e-02
  -5.09811320e-03  6.37407475e-03]]
[[ 3.18390917e-01 -3.05656736e-01 -9.34951444e+00 -5.01186049e-02
  -3.01560345e-03  6.92173928e-03]]
[[ 3.14122685e-01 -2.94147555e-01 -9.34876245e+00 -4.97199903e-02
  -2.20438567e-03  6.98852833e-03]]
[[ 3.12177940e-01 -3.01455380e-01 -9.31951467e+00 -5.15142473e-02
  -2.95907621e-04  6.96630892e-03]]
[[ 3.10765470e-01 -3.08916311e-01 -9.27145227e+00 -5.21327236e-02
   9.37385431e-04  7.28163639e-03]]
[[ 3.11072135e-01 -3.49190238e-01 -8.81491827e+00 -4.86003224e-02
   4.61856945e-03  7.41127658e-03]]
[[ 3.17109556e-01 -4.16641830e-01 -8.09192904e+00 -4.32643029e-02
   9.63161591e-03  7.67419431e-03]]
[[ 0.33794971 -0.59088228 -7.01215779 -0.05418176  0.02245773  0.00924898]]
[[ 0.37280829 -0.74461062 -6.17570242 -0.06482182  0.03115278  0.01072051]]
[[ 0.39457635 -0.88752666 -5.36343563 -0.07852729  0.04256331  0.01264578]]
[[ 0.41033003 -1.01850588 -4.61446114 -0.09286929  0.05424709  0.01438569]]
[[ 0.42626559 -1.13863676 -3.96545998 -0.10617763  0.06468216  0.01598575]]
[[ 0.42236879 -1.02573151 -4.70675325 -0.09771546  0.05404735  0.01552339]]
[[ 0.39440085 -0.83245869 -5.76425751 -0.0808206   0.03921725  0.01332068]]
[[ 0.3794306  -0.73209333 -6.12705374 -0.0668561   0.03227436  0.0123867 ]]
[[ 0.37344943 -0.73766027 -6.02095789 -0.06316162  0.03269248  0.01245677]]
[[ 0.37418814 -0.78263031 -5.76102607 -0.06576733  0.03629012  0.01298374]]
[[ 0.38185242 -0.82897434 -5.50606788 -0.06902901  0.0393636   0.01360356]]
[[ 0.39769544 -0.87188463 -5.29113067 -0.07272959  0.04100642  0.014193  ]]
[[ 0.38936992 -0.92181228 -5.0026995  -0.07915157  0.04746477  0.01491528]]
[[ 0.40246026 -0.97043115 -4.75257935 -0.08504635  0.05070734  0.01574879]]
[[ 0.41071222 -1.02833062 -4.47302079 -0.09191164  0.05535139  0.01651516]]
[[ 0.42004129 -1.07844901 -4.19863534 -0.09807299  0.05952654  0.01732756]]
[[ 0.42622616 -1.14158047 -3.89692437 -0.10598962  0.06479906  0.01782637]]
[[ 0.43436862 -1.19350038 -3.6402036  -0.11200306  0.06924988  0.01847941]]
[[ 0.44581347 -1.25715667 -3.31843587 -0.11990222  0.07652055  0.01935048]]
[[ 0.46388667 -1.35285143 -2.85120373 -0.13098417  0.08664698  0.02084712]]
[[ 0.46623066 -1.39077274 -2.61711953 -0.13620347  0.09257045  0.02114115]]
[[ 0.46951535 -1.43760224 -2.36457508 -0.14190311  0.0987885   0.02192504]]
[[ 0.47769292 -1.4873509  -2.11453648 -0.14727774  0.103539    0.02258588]]
[[ 0.48725036 -1.5106661  -1.97214669 -0.15087523  0.1040487   0.02278571]]
[[ 0.51037159 -1.54995281 -1.79906829 -0.15484972  0.10451161  0.02378756]]
[[ 0.521848   -1.5791292  -1.65505804 -0.16026269  0.10551571  0.02402413]]
[[ 0.53364362 -1.60903468 -1.48588077 -0.16447401  0.10828847  0.02479324]]
[[ 0.54018944 -1.62730005 -1.38564322 -0.16732266  0.108878    0.02505954]]
[[ 0.55081728 -1.64359967 -1.16152457 -0.17221354  0.11381433  0.02595517]]
[[ 0.55807796 -1.67662192 -0.91967274 -0.1795967   0.12199926  0.02726618]]
[[ 0.56863323 -1.68627478 -0.84810972 -0.18245908  0.12265432  0.02779959]]
[[ 0.58442212 -1.72563618 -0.68559297 -0.18736359  0.12389306  0.02851587]]
[[ 0.59157459 -1.72787641 -0.65670462 -0.1879758   0.12239001  0.02863156]]
[[ 0.60137649 -1.74924309 -0.54398524 -0.19060791  0.12234787  0.0291223 ]]
[[ 0.62103434 -1.74660431 -0.4696207  -0.19170422  0.12116284  0.02970371]]
[[ 0.62578615 -1.73656248 -0.44375107 -0.1926045   0.12039466  0.03025419]]
[[ 0.63468664 -1.74178688 -0.36601255 -0.19364862  0.12022664  0.03052456]]
[[ 0.64689237 -1.75671881 -0.27953111 -0.1956858   0.12057496  0.03083584]]
[[ 0.64796748 -1.7852887  -0.14430144 -0.2008028   0.12368953  0.03150263]]
[[ 0.64787039 -1.77484203 -0.20084379 -0.20166531  0.12229329  0.03141647]]
[[ 0.64670671 -1.743885   -0.31705187 -0.19754976  0.11868824  0.03144528]]
[[ 0.64480716 -1.74009024 -0.318373   -0.19639439  0.11792963  0.03140389]]
[[ 0.65224514 -1.77005856 -0.20447735 -0.200799    0.12084627  0.03183034]]
[[ 0.65789718 -1.77625428 -0.19485803 -0.20206575  0.12038898  0.03168015]]
[[ 0.64743182 -1.76499822 -0.19669876 -0.20082925  0.12024742  0.03157616]]
[[ 0.66068998 -1.77183398 -0.20521461 -0.20092253  0.11922078  0.03205208]]
[[ 0.6551358  -1.76491867 -0.20809525 -0.20006842  0.11912805  0.03185429]]
[[ 0.65377723 -1.76221307 -0.21246988 -0.20005098  0.11928951  0.03150803]]
[[ 0.65321421 -1.75144533 -0.235642   -0.19891636  0.11842709  0.03158113]]
[[ 0.64515163 -1.73832987 -0.25320642 -0.19734568  0.11790034  0.03116352]]
[[ 0.6490146  -1.76238756 -0.12692003 -0.19947523  0.12004313  0.03154157]]
[[ 0.65783488 -1.78903126 -0.00786277 -0.20277909  0.12222336  0.0316442 ]]
[[ 0.66061919 -1.8134401   0.09408178 -0.20590049  0.12448887  0.03215055]]
[[ 0.67099067 -1.8417996   0.21667422 -0.20924905  0.12707118  0.03267794]]
[[ 0.68012246 -1.8567034   0.27938377 -0.2118561   0.12785469  0.03262574]]
[[ 0.68811715 -1.86398306  0.32544294 -0.21413188  0.12834982  0.03302891]]
[[ 0.68869209 -1.86899458  0.36256697 -0.21579822  0.1294928   0.03322365]]
[[ 0.7032574  -1.90180552  0.4921368  -0.22028511  0.13203961  0.03384584]]
[[ 0.70701822 -1.88675058  0.35215914 -0.22227145  0.13013277  0.03405301]]
[[ 0.70167767 -1.8500484   0.17880013 -0.21903231  0.12689976  0.03388556]]
[[ 0.70331829 -1.84546347  0.13066437 -0.21949317  0.12637422  0.03416249]]
[[ 0.69355831 -1.84013011  0.13099924 -0.22035537  0.12714543  0.03395446]]
[[ 0.69740929 -1.85711981  0.18943052 -0.22401354  0.12914899  0.03412639]]
[[ 0.70313123 -1.88013131  0.27485115 -0.22761048  0.13107517  0.03454955]]
[[ 0.69263322 -1.84938354  0.20482881 -0.22242971  0.12911109  0.03440847]]
[[ 0.69656328 -1.85381756  0.20131016 -0.22297805  0.12895245  0.03444287]]
[[ 0.70160541 -1.86284751  0.22316049 -0.22478487  0.1295755   0.03452368]]
[[ 0.70581364 -1.85468882  0.13891812 -0.22555511  0.12809683  0.03429247]]
[[ 0.70103158 -1.82697291  0.01085844 -0.22085286  0.12560698  0.0344056 ]]
[[ 0.70199822 -1.8385334   0.05717325 -0.2231637   0.12691471  0.0343245 ]]
[[ 0.70412114 -1.84817462  0.10046918 -0.22487771  0.12798451  0.03452099]]
[[ 0.71084082 -1.86317143  0.15749991 -0.22704545  0.12938922  0.03454408]]
[[ 0.72244198 -1.88855293  0.21817201 -0.23027722  0.13026039  0.03489816]]
[[ 0.72276184 -1.88911772  0.2789952  -0.2286151   0.12992262  0.03489966]]
[[ 0.73018648 -1.92078827  0.38534149 -0.2326222   0.1322111   0.03517359]]
[[ 0.7484662  -1.94941315  0.49018632 -0.23575149  0.13334327  0.03519684]]
[[ 0.76066012 -2.01150447  0.67558914 -0.24470422  0.13875848  0.03601594]]
[[ 0.77582233 -2.0363363   0.71879734 -0.24871996  0.1397173   0.03624624]]
[[ 0.78466347 -2.05263716  0.70282891 -0.25274443  0.14103554  0.03647683]]
[[ 0.77381059 -2.00284071  0.45189765 -0.24807168  0.13651199  0.03628638]]
[[ 0.75505132 -1.92935124  0.061327   -0.24094469  0.13018816  0.0357746 ]]
[[ 0.7456864  -1.89389619 -0.14702946 -0.23839084  0.12724763  0.03530909]]
[[ 0.7302437  -1.85675096 -0.31401573 -0.23369748  0.12428921  0.03502092]]
[[ 0.72396457 -1.81316201 -0.52341482 -0.2285502   0.11969765  0.03450897]]
[[ 0.71256378 -1.76588503 -0.70654425 -0.22182702  0.11522449  0.03412243]]
[[ 0.70583402 -1.71784408 -0.87588707 -0.21406197  0.11032574  0.03374692]]
[[ 0.70244935 -1.69875795 -0.92150581 -0.21022376  0.10857763  0.03346125]]
[[ 0.69869673 -1.68257183 -0.93477114 -0.20807748  0.10790945  0.0330876 ]]
[[ 0.68733993 -1.65584416 -0.9804443  -0.2034154   0.10629773  0.03300776]]
[[ 0.69914638 -1.70687747 -0.60602504 -0.20564337  0.11090019  0.03307264]]
[[ 0.71493295 -1.77048418 -0.24623751 -0.21065966  0.11693665  0.03375944]]
[[ 0.73507101 -1.80876224 -0.0378096  -0.21397478  0.11945419  0.03388745]]
[[ 0.73926436 -1.86459987  0.27413501 -0.21826608  0.12534297  0.03429577]]
[[ 0.74949245 -1.8906337   0.4217355  -0.2202917   0.12734637  0.03456921]]
[[ 0.76605112 -1.94076302  0.5947608  -0.22861522  0.13124746  0.03499982]]
[[ 0.75291125 -1.92216621 10.49662258 -0.22865463  0.13113936  0.03471928]]
[[ 0.73825635 -1.86066559 10.05819642 -0.22649703  0.1252831   0.03455941]]
[[ 0.69080827 -1.69781542  9.13231629 -0.21378217  0.11150193  0.03324484]]
[[ 0.65842262 -1.55468646  8.3095928  -0.2004432   0.09774927  0.03247515]]
[[ 0.61917007 -1.41319545  7.61195519 -0.18618789  0.08562594  0.03084642]]
[[ 0.60067191 -1.32554451  7.08989587 -0.17926736  0.07844692  0.03023993]]
[[ 0.57062493 -1.23572617  6.60643733 -0.16962995  0.07118768  0.02908183]]
[[ 0.56336363 -1.16382587  6.19935278 -0.16212908  0.06385325  0.02842465]]
[[ 0.54519685 -1.05220089  5.71681546 -0.14857903  0.05486969  0.0270216 ]]
[[ 0.52568654 -0.93686316  5.15261243 -0.13657974  0.04542492  0.02547888]]
[[ 0.50253135 -0.80150984  4.44406644 -0.12442232  0.03613127  0.02396562]]
[[ 0.49350971 -0.65178239  3.51677498 -0.11234191  0.02196427  0.02135657]]
[[ 0.47749164 -0.52038504  2.72811383 -0.10160992  0.01163612  0.01935655]]
[[ 0.47279794 -0.42995863  2.1168384  -0.09366436  0.0027533   0.01826477]]
[[ 0.46797964 -0.36374468  1.70804534 -0.08784601 -0.0034221   0.01701859]]
[[ 0.45253994 -0.31438804  1.42778443 -0.08321137 -0.00721234  0.01600761]]
[[ 0.44599451 -0.29985483  1.30349097 -0.0839564  -0.00545535  0.01630211]]
[[ 0.43667949 -0.29356383  1.22518398 -0.08540046 -0.00360727  0.01631992]]
[[ 0.42976468 -0.29004503  1.17157321 -0.08602425 -0.00307483  0.01636037]]
[[ 4.28326754e-01 -2.83539542e-01 -1.38686604e+01 -8.56216815e-02
  -2.55858329e-03  1.64345795e-02]]
[[ 4.19398019e-01 -2.68979577e-01 -1.38800786e+01 -8.39547813e-02
  -8.83082794e-04  1.65269280e-02]]
[[ 4.21354014e-01 -3.30278250e-01 -1.32506441e+01 -7.84327418e-02
   2.91510447e-03  1.67302492e-02]]
[[  0.43449673  -0.4812212  -12.11171891  -0.08387249   0.0160806
    0.01795739]]
[[  0.44712038  -0.63364035 -11.1544116   -0.09354527   0.02850567
    0.01931096]]
[[  0.47362063  -0.7882716  -10.28742505  -0.10526196   0.04000553
    0.02116255]]
[[ 0.49498138 -0.92938802 -9.52066459 -0.11652398  0.05089279  0.02257303]]
[[ 0.51674707 -1.08127725 -8.62825747 -0.13035768  0.0647397   0.0238459 ]]
[[ 0.57436409 -1.29515053 -7.52341642 -0.15098616  0.08110355  0.02613422]]
[[ 0.62369169 -1.42248357 -6.53725401 -0.16938809  0.09555826  0.02900964]]
[[ 0.69127756 -1.56412419 -5.59883725 -0.19057594  0.10905882  0.03242904]]
[[ 0.74756308 -1.63268993 -4.67673497 -0.20798044  0.12094214  0.03672354]]
[[ 0.77310575 -1.69251465 -3.86608537 -0.22416334  0.13427664  0.04032577]]
[[ 0.82001829 -1.75610268 -3.19617289 -0.23907199  0.14273848  0.04356454]]
[[ 0.84548264 -1.78550822 -2.67783476 -0.24953199  0.14917615  0.04585549]]
[[ 0.86263454 -1.80350753 -2.27788    -0.258827    0.15446337  0.0480675 ]]
[[ 0.88292865 -1.82072337 -1.98216727 -0.26529709  0.15818531  0.04959126]]
[[ 0.90750002 -1.84583834 -1.7445199  -0.27035704  0.16035635  0.05105357]]
[[ 0.91129308 -1.82189172 -1.66387214 -0.27252475  0.16070796  0.0519282 ]]
[[ 0.90682161 -1.8186215  -1.56713313 -0.27424365  0.1627806   0.0526488 ]]
[[ 0.90854559 -1.8101197  -1.5032096  -0.27586191  0.16282718  0.05325551]]
[[ 0.91082056 -1.81793671 -1.3245573  -0.27860848  0.1656217   0.05339449]]
[[ 0.93039117 -1.84025846 -1.20680603 -0.28180639  0.16641467  0.05407322]]
[[ 0.92961691 -1.84234279 -1.1447423  -0.28231346  0.16740905  0.05426609]]
[[ 0.92832754 -1.85281246 -1.04237128 -0.28325687  0.16939765  0.05465267]]
[[ 0.93509548 -1.85987355 -1.02456421 -0.28428914  0.17024486  0.05519427]]
[[ 0.94964366 -1.87642977 -0.95270827 -0.28649382  0.17068463  0.05522292]]
[[ 0.95131429 -1.89271007 -0.8439374  -0.2899669   0.17316836  0.05550007]]
[[ 0.96301858 -1.88389167 -0.8643184  -0.28773992  0.1704931   0.05540284]]
[[ 0.97287726 -1.87991072 -0.7530745  -0.29096553  0.17221514  0.0569726 ]]
[[ 0.98743775 -1.84447083 -0.72101996 -0.29207752  0.17025115  0.0579984 ]]
[[ 0.98996081 -1.8437241  -0.59480342 -0.29493243  0.17254795  0.05920051]]
[[ 0.99361158 -1.83997418 -0.47529593 -0.29765176  0.17381591  0.06001614]]
[[ 1.00840709 -1.86739946 -0.25488767 -0.30272841  0.1776341   0.0607456 ]]
[[ 1.02938803 -1.91017964  0.09627116 -0.30779149  0.18213355  0.06165006]]
[[ 1.04207858 -1.93570941  0.45160607 -0.31644126  0.18841392  0.06363319]]
[[ 1.0619291  -1.96092586  0.73531193 -0.32430266  0.19251611  0.06539989]]
[[ 1.07197984 -1.96336976  0.9372389  -0.32834675  0.19486652  0.06610841]]
[[ 1.07978841 -1.9596405   1.07604977 -0.33346341  0.1961886   0.06786375]]
[[ 1.08208842 -1.94019648  1.14722947 -0.33654954  0.19715784  0.06900134]]
[[ 1.078193   -1.91410511  1.15901411 -0.33699279  0.19679949  0.06923058]]
[[ 1.08570968 -1.92843285  1.20496791 -0.34229562  0.19804054  0.07025779]]
[[ 1.08855181 -1.9140027   1.14004098 -0.34168306  0.19618628  0.07037315]]
[[ 1.0871943  -1.90576358  1.15598928 -0.3421461   0.1960356   0.07046279]]
[[ 1.0932921  -1.94520944  1.29352451 -0.34916669  0.19957851  0.07102753]]
[[ 1.08317173 -1.93290146  1.2710962  -0.35084396  0.20048652  0.07153838]]
[[ 1.06490901 -1.8480428   0.81546236 -0.34368859  0.19204287  0.07087774]]
[[ 1.04685442 -1.77338939  0.21824281 -0.33859353  0.18381055  0.07097928]]
[[ 0.99812384 -1.63751704 -0.37778675 -0.32529802  0.17359559  0.06948056]]
[[ 0.9882314  -1.5849487  -0.72336102 -0.32049778  0.16789241  0.06911134]]
[[ 0.98459023 -1.55033095 -0.92311799 -0.31493672  0.16326224  0.06883932]]
[[ 0.98466422 -1.55492639 -0.7889157  -0.3129189   0.16392665  0.06874381]]
[[ 1.01046622 -1.63106582 -0.36589212 -0.31890082  0.17033196  0.06943371]]
[[ 1.05123987 -1.72676996  0.07185494 -0.32950139  0.17659094  0.07029475]]
[[ 1.07749387 -1.79837001  0.4834027  -0.33817668  0.18384133  0.07096946]]
[[ 1.09672193 -1.8639866   0.70427923 -0.34631401  0.18841303  0.07176539]]
[[ 1.109994   -1.9027642   0.89378557 -0.3533087   0.19251335  0.07212111]]
[[ 1.10972654 -1.91077649  0.84436315 -0.35455812  0.19230323  0.07251187]]
[[ 1.11567151 -1.9122351   0.76834344 -0.35671237  0.19207017  0.07272525]]
[[ 1.10224184 -1.85619141  0.46167653 -0.35274615  0.18756242  0.0722894 ]]
[[ 1.07035173 -1.75343979 -0.06373361 -0.34270487  0.17922311  0.07161207]]
[[ 1.05496232 -1.72170822 -0.29680486 -0.3409406   0.17671004  0.07134082]]
[[ 1.04330541 -1.65981516 -0.52090826 -0.33388705  0.17173952  0.07066639]]
[[ 1.03062199 -1.6220179  -0.6927891  -0.32888518  0.16825688  0.07040772]]
[[ 1.02557274 -1.59455208 -0.75585938 -0.32488544  0.16628946  0.07016288]]
[[ 1.04156269 -1.65981787 -0.44815608 -0.33057304  0.17125476  0.07072629]]
[[ 1.05257549 -1.69290048 -0.19657259 -0.33291909  0.17470137  0.07095406]]
[[ 1.05588159e+00 -1.71759119e+00  1.34269605e-03 -3.34679659e-01
   1.77678498e-01  7.11506640e-02]]
[[ 1.04519287 -1.69571874 -0.0043924  -0.33037296  0.17671496  0.07090105]]
[[ 1.05075891 -1.7077432   0.02873499 -0.33376367  0.17827732  0.07119389]]
[[ 1.05104827 -1.71720866 -0.06584209 -0.33747588  0.17847299  0.07132258]]
[[ 1.0403465  -1.69265241 -0.25463779 -0.33416753  0.17562046  0.07113733]]
[[ 1.04441499 -1.65814463 -0.41418603 -0.32966499  0.17110064  0.07099504]]
[[ 1.01589146 -1.59654327 -0.8133439  -0.32396604  0.16531212  0.07002517]]
[[ 0.97945843 -1.4669797  -1.57366396 -0.31132864  0.15371658  0.06910859]]
[[ 0.95693298 -1.38307248 -1.96314463 -0.30210539  0.14628145  0.0683763 ]]
[[ 0.95889211 -1.3527832  -2.10269568 -0.29655555  0.14254861  0.06816983]]
[[ 0.93693272 -1.28874555 -2.32792799 -0.28507793  0.13692123  0.06717941]]
[[ 0.9566042  -1.34618492 -2.11399157 -0.28998945  0.13957639  0.06713138]]
[[ 1.01184889 -1.49161003 -1.27492782 -0.30490564  0.1525989   0.06897578]]
[[ 1.07911102 -1.65984138 -0.21784837 -0.32350601  0.1691211   0.07117825]]
[[ 1.12789361 -1.80588698  0.72427199 -0.34086708  0.18396284  0.07350833]]
[[ 1.15127479 -1.86539262  1.28976921 -0.35011803  0.19170183  0.07493135]]
[[ 1.16204757 -1.90629343  1.65774319 -0.36079638  0.19880887  0.07647163]]
[[ 1.14439346 -1.81237713  1.38590639 -0.35168138  0.19187647  0.07688992]]
[[ 1.11278608 -1.73161958  1.10352638 -0.34620768  0.18770707  0.07666183]]
[[ 1.10766738 -1.71514236  0.93840453 -0.34836972  0.18598459  0.07718957]]
[[ 1.09638278 -1.68784739  0.70437183 -0.3486048   0.18313155  0.07711076]]
[[ 1.06192159 -1.59012068  0.32195664 -0.3374553   0.1755104   0.07649255]]
[[ 1.05522111 -1.57975471  0.18198493 -0.33790765  0.17508202  0.07671426]]
[[ 1.06526202 -1.59559814  0.17838799 -0.34122447  0.17513758  0.07715323]]
[[ 1.06542623 -1.59018212  0.08409746 -0.34181185  0.17475987  0.07733924]]
[[ 1.05471505 -1.55196904 -0.09103144 -0.33774305  0.17116839  0.0767429 ]]
[[ 1.0481522  -1.49739828 -0.29459227 -0.33065654  0.16610093  0.07624638]]
[[ 1.05022562 -1.48041475 -0.3699216  -0.32756063  0.16375414  0.07623946]]
[[ 1.05700689 -1.48922229 -0.26157607 -0.32717103  0.16477385  0.07609424]]
[[ 1.08461322 -1.57563034  0.0982428  -0.33711365  0.17115074  0.07647008]]
[[ 1.11728925 -1.65994701  0.4824104  -0.3462154   0.17828968  0.07753593]]
[[ 1.12324055 -1.67344789  0.51627074 -0.34783736  0.17914109  0.07774756]]
[[ 1.11246839 -1.6359147   0.32782057 -0.34671271  0.17663096  0.07730292]]
[[ 1.11098524 -1.63685793  0.20628743 -0.34904624  0.17666494  0.0776397 ]]
[[ 1.1089801  -1.65085694  0.21794095 -0.35316559  0.17936075  0.07800377]]
[[ 1.09730171 -1.60178284  0.06710578 -0.34771219  0.17555919  0.07766826]]
[[ 1.08739428 -1.56615309 -0.06926546 -0.3429031   0.17264987  0.07745689]]
[[ 1.09765068 -1.5382866  -0.17046469 -0.33656016  0.16776615  0.0772334 ]]
[[ 1.11557274 -1.62494882  0.22715545 -0.34650907  0.17574251  0.07804783]]
[[ 1.12576724 -1.66203516  0.4402714  -0.34971615  0.17928994  0.07844948]]
[[ 1.14286043 -1.69052231  0.52048431 -0.35405861  0.18036481  0.07888887]]
[[ 1.17804295 -1.8113732   0.91832316 -0.37140225  0.1898845   0.08047267]]
[[ 1.18620964 -1.81701658  0.93671596 -0.37503899  0.19041186  0.08128071]]
[[ 1.16602043 -1.78314519  0.78956226 -0.37522318  0.19023219  0.0812254 ]]
[[ 1.14091853 -1.73102567  0.43181556 -0.37193926  0.18592077  0.08090154]]
[[ 1.11385246 -1.64719688 -0.03348876 -0.36210537  0.1771454   0.08042528]]
[[ 1.09431307 -1.59310959 -0.37989204 -0.35890575  0.17263458  0.07992535]]
[[ 1.0711822  -1.51595725 -0.76040015 -0.35006549  0.16496954  0.07901551]]
[[ 1.03302596 -1.39320459 -1.31147016 -0.33656101  0.15555377  0.07815944]]
[[ 1.02110059 -1.30546047 -1.7261947  -0.32483369  0.14570141  0.07704291]]
[[ 0.99651632 -1.26330831 -1.86225882 -0.31558766  0.14198705  0.07632354]]
[[ 1.01605247 -1.31892333 -1.62460154 -0.32079588  0.14583921  0.07680145]]
[[ 1.02104103 -1.3694391  -1.29755301 -0.3257413   0.1522833   0.07707424]]
[[ 1.04222887 -1.41897471 -0.94001177 -0.33061923  0.15729228  0.0775951 ]]
[[ 1.08359361 -1.5339424  -0.46004352 -0.34403995  0.1659712   0.07875767]]
[[ 1.10774358 -1.59680664 -0.14336402 -0.35088483  0.17091088  0.07961368]]
[[ 1.1427259  -1.68633188  0.07501363 -0.36507903  0.17628723  0.08053255]]
[[ 1.14658703 -1.69726127  0.02659291 -0.36931302  0.17642106  0.08083026]]
[[ 1.12671185 -1.6616846  -0.12654856 -0.36601044  0.17468568  0.08035501]]
[[ 1.11028693 -1.59663594 -0.22692916 -0.35434278  0.17000733  0.07926776]]
[[ 1.11998296 -1.66862856 15.36226334 -0.35862661  0.184016    0.08012383]]
[[ 1.05416657 -1.52029551 14.55473847 -0.34620623  0.17365411  0.07869152]]
[[ 0.96995811 -1.25778469 12.7140129  -0.32349753  0.14527101  0.07607063]]
[[ 0.88049771 -0.98854361 11.15656653 -0.29708776  0.12078793  0.07269706]]
[[ 0.78351073 -0.68886264  9.77882034 -0.26027019  0.09641743  0.06832034]]
[[ 0.69833074 -0.3997968   8.53211129 -0.22034941  0.0734635   0.06385691]]
[[ 0.62451891 -0.15654006  7.3818063  -0.18845946  0.05331849  0.05996668]]
[[ 0.56523868  0.07100124  6.20304326 -0.15976232  0.03422948  0.05587517]]
[[ 0.53094978  0.21525844  5.23881465 -0.14438735  0.02014946  0.05355311]]
[[ 0.50886242  0.30349839  4.51379966 -0.13849501  0.01064508  0.05149063]]
[[ 0.48253354  0.3692166   3.97938477 -0.13324347  0.00456958  0.05022297]]
[[ 4.63793199e-01  4.52501325e-01  3.45441184e+00 -1.24470763e-01
  -2.53734044e-03  4.89647514e-02]]
[[ 4.37372657e-01  5.36484209e-01 -1.70195735e+01 -1.14485990e-01
  -8.66071066e-03  4.71683414e-02]]
[[ 4.26345380e-01  5.68652020e-01 -1.71925053e+01 -1.07443132e-01
  -1.17076446e-02  4.62253595e-02]]
[[ 4.32633709e-01  4.30591056e-01 -1.62203246e+01 -1.09136148e-01
  -5.71485264e-04  4.70962612e-02]]
[[ 4.46684756e-01  2.89227642e-01 -1.52834282e+01 -1.16049310e-01
   1.09536631e-02  4.82470570e-02]]
[[  0.47244997   0.12391169 -14.39009916  -0.12879641   0.02291095
    0.04991504]]
[[  0.5194752   -0.08151296 -13.31318397  -0.14709388   0.03810732
    0.05191606]]
[[  0.58497997  -0.35940448 -11.79481251  -0.17134813   0.06226112
    0.0548644 ]]
[[  0.66401853  -0.64785673 -10.19224916  -0.19805103   0.0876136
    0.05782211]]
[[ 0.73548563 -0.93059673 -8.507398   -0.22745839  0.11816854  0.06161195]]
[[ 0.82509544 -1.21201958 -6.74950833 -0.25802706  0.1492275   0.06559515]]
[[ 0.90728146 -1.45440455 -5.06580589 -0.29122007  0.18032481  0.06972641]]
[[ 0.98214311 -1.68548551 -3.53249771 -0.32180682  0.2125976   0.07389946]]
[[ 1.04503647 -1.87218399 -2.42360079 -0.34734136  0.23588743  0.07710403]]
[[ 1.07829837 -1.9671028  -1.74563892 -0.36154767  0.24914007  0.07880674]]
[[ 1.12721951 -2.09389957 -1.04589812 -0.3811212   0.26309229  0.08098367]]
[[ 1.16625972 -2.14654697 -0.57191153 -0.3952057   0.27003476  0.08384352]]
[[ 1.17469302 -2.14295422 -0.25352831 -0.40188032  0.27644846  0.08583815]]
[[ 1.1834123  -2.16145986 -0.0860083  -0.40962531  0.28123745  0.08716865]]
[[ 1.1949464  -2.20304896  0.17110682 -0.41973243  0.28926167  0.08883225]]
[[ 1.1988219  -2.19247787  0.337497   -0.42461644  0.29344315  0.08972178]]
[[ 1.21381063 -2.22077979  0.47697909 -0.43184111  0.29667685  0.09124958]]
[[ 1.20070594 -2.2245573   0.61758484 -0.43596948  0.30227434  0.09181846]]
[[ 1.24470192 -2.23802557  0.69567447 -0.43988276  0.29553755  0.09332403]]
[[ 1.27344586 -2.206333    0.6591845  -0.44230394  0.28646045  0.09460982]]
[[ 1.26928063 -2.15971363  0.48678693 -0.44176732  0.28038261  0.09521368]]
[[ 1.25399914 -2.0581141   0.09814409 -0.43329025  0.27086615  0.09513767]]
[[ 1.26756956 -2.0546551  -0.12370872 -0.43569885  0.26367144  0.09563921]]
[[ 1.27937569 -2.01638767 -0.31851681 -0.43205693  0.25580978  0.09550123]]
[[ 1.29342011 -1.97559665 -0.54985639 -0.4271505   0.24233898  0.09526511]]
[[ 1.32723388 -1.91007212 -0.60355822 -0.42849021  0.23241211  0.09750735]]
[[ 1.3341984  -1.82249324 -0.72869714 -0.42360264  0.22342126  0.09883555]]
[[ 1.34177964 -1.7614012  -0.75474222 -0.42016891  0.21923427  0.0998553 ]]
[[ 1.34465028 -1.76568922 -0.45660651 -0.42260802  0.22420998  0.10112844]]
[[ 1.37846887 -1.81178815 -0.10809345 -0.43010432  0.2274741   0.10264213]]
[[ 1.41764019 -1.85474645  0.33762431 -0.44523126  0.23236869  0.10545611]]
[[ 1.41080811 -1.84919596  0.65501761 -0.45287189  0.2422841   0.10760613]]
[[ 1.41760432 -1.77324149  0.45905381 -0.44629938  0.23383573  0.10869593]]
[[ 1.41347057 -1.78994634  0.58697227 -0.4576412   0.24083696  0.11018829]]
[[ 1.41564709 -1.76847569  0.50243187 -0.45729271  0.23839073  0.1110124 ]]
[[ 1.42940498 -1.74815973  0.31287365 -0.45857531  0.23042363  0.11090616]]
[[ 1.41631674 -1.70541031  0.17011181 -0.4549522   0.228087    0.11122146]]
[[ 1.41751794 -1.69905954  0.05983913 -0.45638357  0.2267336   0.11130509]]
[[ 1.42066804 -1.68046495 -0.0670269  -0.45642159  0.22387829  0.11154363]]
[[ 1.42622567 -1.6548276  -0.25633688 -0.45205192  0.216009    0.11135313]]
[[ 1.41590247 -1.62486868 -0.43892069 -0.44951945  0.21304672  0.11109852]]
[[ 1.41795172 -1.62814282 -0.52364832 -0.45369585  0.2143262   0.11129372]]
[[ 1.44197803 -1.68172575 -0.40108584 -0.46375975  0.21678143  0.11208836]]
[[ 1.43371468 -1.6788624  -0.35800492 -0.46474635  0.21919911  0.11214478]]
[[ 1.44175424 -1.70606385 -0.27206802 -0.46982511  0.22462251  0.11308971]]
[[ 1.45773535 -1.7089003  -0.39195112 -0.47085281  0.22153717  0.11344837]]
[[ 1.48746932 -1.76897752 -0.31447824 -0.48305846  0.22140049  0.11376795]]
[[ 1.50451427 -1.82827908 -0.10917772 -0.49306782  0.22890105  0.11504757]]
[[ 1.54055634 -1.90627486  0.27013966 -0.50929424  0.23606078  0.11689106]]
[[ 1.55524235 -1.84723214  0.39486741 -0.51018266  0.2347784   0.11942645]]
[[ 1.55825351 -1.80432311  0.42080938 -0.51163962  0.23170578  0.12099665]]
[[ 1.5390866  -1.77294085  0.46729838 -0.51585187  0.23764783  0.12240894]]
[[ 1.50282952 -1.73510555  0.33678546 -0.52154192  0.24604548  0.12338208]]
[[ 1.46566572 -1.64921878 -0.08034813 -0.51765842  0.2451586   0.12380239]]
[[ 1.47395949 -1.64186128 -0.34519044 -0.52381499  0.24312455  0.12474621]]
[[ 1.5366503  -1.70291915 -0.40712873 -0.54099548  0.23646955  0.12597476]]
[[ 1.57669239 -1.71791528 -0.53381471 -0.54702968  0.2280792   0.12701964]]
[[ 1.54576552 -1.64521266 -0.66303705 -0.53470224  0.22592479  0.12679166]]
[[ 1.539651   -1.65136619 -0.587062   -0.53686092  0.2327746   0.12768779]]
[[ 1.50945289 -1.6170227  -0.56006878 -0.53204238  0.23852966  0.12785139]]
[[ 1.48099548 -1.60307547 -0.33582854 -0.52647816  0.24709647  0.12789201]]
[[ 1.5046152  -1.65015562 -0.10098765 -0.52949126  0.24962997  0.12844666]]
[[ 1.48132012 -1.56748268 -0.33853164 -0.51655437  0.24247711  0.12757728]]
[[ 1.44339556 -1.43728395 -0.63739473 -0.49061006  0.23097814  0.12600521]]
[[ 1.42877297 -1.3817111  -0.71998743 -0.47948921  0.2264525   0.12523827]]
[[ 1.39678715 -1.29709563 -0.60067744 -0.46130038  0.22612207  0.12400751]]
[[ 1.4116965  -1.38865342 -0.00358847 -0.4728529   0.24316806  0.12504193]]
[[ 1.40237745 -1.39922375  0.36192235 -0.46953314  0.25280609  0.12529246]]
[[ 1.37851369 -1.35238631  0.60695118 -0.45794175  0.25875454  0.12495097]]
[[ 1.38580916 -1.41210988  1.02364677 -0.46570328  0.27201789  0.12594133]]
[[ 1.39228059 -1.46969167  1.34363141 -0.47373789  0.28200821  0.12653909]]
[[ 1.39916693 -1.47638092  1.38141458 -0.47613823  0.28435349  0.12683438]]
[[ 1.3662607  -1.3855341   0.97421995 -0.46652557  0.27767254  0.12608743]]
[[ 1.3170282  -1.2440812   0.34110407 -0.44687171  0.26335673  0.12472593]]
[[ 1.30468742 -1.22691852  0.03026048 -0.44990249  0.26159464  0.12460492]]
[[ 1.29946696 -1.17183799 -0.37548091 -0.44130442  0.24902565  0.1236354 ]]
[[ 1.2791869  -1.08962574 -0.74582654 -0.43121958  0.23904237  0.12267378]]
[[ 1.29895257 -1.1025887  -0.8360732  -0.43437635  0.2374693   0.12266865]]
[[ 1.31510037 -1.14249976 -0.72985211 -0.43714498  0.23414054  0.12261145]]
[[ 1.34983594 -1.23584926 -0.18953866 -0.44458767  0.24065765  0.12314467]]
[[ 1.40763102 -1.40145442  0.56091898 -0.46690238  0.25510494  0.12466473]]
[[ 1.43562932 -1.51502653  1.11945283 -0.4834856   0.27171211  0.12649489]]
[[ 1.48709213 -1.66743378  1.47542038 -0.50846316  0.28137563  0.12852329]]
[[ 1.55207844 -1.82947734  1.82694075 -0.53856267  0.28960907  0.13055232]]
[[ 1.62955261 -1.92715853  1.78183998 -0.57158283  0.28639623  0.1339001 ]]
[[ 1.67576622 -1.99890319  1.77239691 -0.59820471  0.28889586  0.13731984]]
[[ 1.73628924 -2.10214681  1.68189146 -0.62809796  0.28892587  0.14111934]]
[[ 1.72434708 -2.11380195  1.28090569 -0.64089279  0.29105851  0.14382664]]
[[ 1.71247058 -2.1001704   0.71551106 -0.64571017  0.28131188  0.1448175 ]]
[[ 1.66388968 -2.06238435  0.1509401  -0.6441522   0.27768474  0.14519639]]
[[ 1.65194936 -2.1336861  -0.20065632 -0.65524859  0.28183074  0.14811307]]
[[ 1.62379443 -2.08153891 -0.86274033 -0.6403289   0.26043926  0.14713226]]
[[ 1.65619116 -2.14713838 -1.01381616 -0.6466957   0.2499303   0.14836459]]
[[ 1.68087253 -2.25152508 -0.83524016 -0.66099803  0.25541757  0.15028339]]
[[ 1.69923694 -2.26887699 -0.95079973 -0.66091625  0.24623813  0.15078589]]
[[ 1.70879509 -2.20485103 -1.21551288 -0.64870094  0.22626021  0.15045559]]
[[ 1.65812818 -2.16717428 -1.05242679 -0.63883471  0.23692825  0.15116488]]
[[ 1.61484995 -2.16617665 -0.7896029  -0.64059064  0.25532792  0.15243208]]
[[ 1.66172835 -2.22934476 -0.50672126 -0.64707704  0.25412385  0.15358576]]
[[ 1.70922612 -2.27105073 -0.33466494 -0.6495203   0.24463089  0.15361016]]
[[ 1.75158029 -2.29725389 -0.13140794 -0.64779331  0.23537894  0.15350478]]
[[ 1.78460226 -2.33987359  0.2548216  -0.64712736  0.236943    0.15442091]]
[[ 1.90603227 -2.34207322  0.80570378 -0.6753812   0.23191024  0.16172813]]
[[ 2.01413831 -2.33347306  1.5718365  -0.70976116  0.23690505  0.17016844]]
[[ 2.09131315 -2.35209242  1.98782207 -0.74588237  0.2432451   0.17818205]]
[[ 2.0826908  -2.35846896  2.24467711 -0.77359158  0.26509857  0.18490369]]
[[ 2.04170054 -2.38214875  2.45339372 -0.79470478  0.29110481  0.19038395]]
[[ 2.03036494 -2.32789065  1.71070608 -0.79736729  0.2737079   0.19295821]]
[[ 2.00220765 -2.28492599  0.95201315 -0.79693338  0.25958744  0.19464685]]
[[ 1.94408027 -2.34848953  0.7717661  -0.81192069  0.27765676  0.19815237]]
[[ 1.92086056 -2.45412681  0.47741103 -0.82719395  0.28056802  0.20088582]]
[[ 1.89011768 -2.69653108  0.53107077 -0.85787527  0.30217992  0.206915  ]]
[[ 1.84975648 -2.9535575   0.84141298 -0.88536543  0.32796598  0.21222777]]
[[ 1.80739107 -3.15565128  0.94232137 -0.89888058  0.33987306  0.21678015]]
[[ 1.75585914 -3.14139835  0.44148502 -0.87112545  0.31462657  0.21696989]]
[[ 1.71604956 -3.06617257 -0.27172152 -0.84129894  0.28314605  0.21625685]]
[[ 1.73567786 -3.12767782 -0.49467156 -0.84561703  0.26996772  0.21732904]]
[[ 1.66355554 -3.05736321 -0.81180011 -0.82487726  0.26542134  0.21658535]]
[[ 1.63474407 -2.95981362 -1.26585425 -0.7998688   0.24553618  0.21557762]]
[[ 1.64773698 -2.98936083 -1.19475931 -0.79457361  0.23657985  0.21521002]]
[[ 1.63467809 -2.95023624 -1.08512226 -0.77630655  0.2319765   0.21449987]]
[[ 1.70946149 -3.01749293 -0.79728338 -0.77687317  0.21797871  0.21491986]]
[[ 1.76882428 -3.12484938 -0.17063852 -0.78813471  0.22334986  0.21622622]]
[[ 1.8140757  -3.23161528  0.5343125  -0.80419115  0.23519745  0.21788299]]
[[ 1.79712446 -3.28372016  1.16188823 -0.80887629  0.25938036  0.21918957]]
[[ 1.75612785 -3.30976855  1.68375631 -0.81411522  0.28695219  0.22049359]]
[[ 1.80401617 -3.42335787  2.09906128 -0.83308293  0.29832532  0.22286294]]
[[ 1.83434597 -3.46644038  2.29593088 -0.8483775   0.30456497  0.22471581]]
[[ 1.836008   -3.48029182  2.37142013 -0.85762483  0.313319    0.22585186]]
[[ 1.8534206  -3.50026361  2.17107739 -0.87042423  0.31280369  0.22724959]]
[[ 1.88374704 -3.54641803  2.04985866 -0.88905493  0.31505699  0.22822284]]
[[ 1.91460268 -3.6144291   1.9370544  -0.91115006  0.31746069  0.23003609]]
[[ 1.83815226 -3.58274669  1.4932289  -0.91400725  0.33148411  0.23107829]]
[[ 1.74867702 -3.46746811  0.66818999 -0.89884789  0.3261002   0.23003258]]
[[ 1.70473163 -3.43058411  0.1227911  -0.89534969  0.32293644  0.22984604]]
[[ 1.68466134 -3.37723793 -0.39157833 -0.89030686  0.31262409  0.22913765]]
[[ 1.63076106 -3.38440065 -0.37097017 -0.89629119  0.32885206  0.22968254]]
[[ 1.64089039 -3.42406457 -0.402533   -0.90550568  0.32976776  0.23021831]]
[[ 1.61848909 -3.49436879 -0.16413491 -0.91714694  0.35059762  0.23215097]]
[[ 1.67535677 -3.53827232 -0.34198419 -0.92233611  0.33174029  0.23251631]]
[[ 1.7170766  -3.58813659 -0.37686522 -0.92954538  0.32010789  0.23265522]]
[[ 1.78012442 -3.73375808 -0.10885393 -0.95067565  0.32105677  0.23478228]]
[[ 1.80009914 -3.8101934   0.03782521 -0.96052962  0.32439089  0.23663591]]
[[ 1.79852564 -3.8141106  -0.2035922  -0.9549032   0.31239673  0.2372485 ]]
[[ 1.84375787 -3.78060207 -0.6477705  -0.94370513  0.28055506  0.23752554]]
[[ 1.92149742 -3.77675113 -0.79367535 -0.94905663  0.25619402  0.23976308]]
[[ 1.99538443 -3.78390657 -0.87417231 -0.95373177  0.23455795  0.24233814]]
[[ 2.03646758 -3.76546254 -0.39854104 -0.97379394  0.24444636  0.24871793]]
[[ 2.09476818 -3.82647019  0.10662525 -0.99750444  0.25614572  0.2550913 ]]
[[ 2.1127574  -3.78029058  0.20822142 -1.00356159  0.25136839  0.26033481]]
[[ 2.15045224 -3.85544774  0.55557082 -1.02527665  0.25561421  0.26550205]]
[[ 2.12242187 -3.87964759  0.70760886 -1.03035545  0.26542095  0.26949222]]
[[ 2.10535179 -3.92168976  0.93984376 -1.03928866  0.27638687  0.27238956]]
[[ 2.11670745 -4.02446482  1.22843822 -1.0587694   0.29007268  0.27587849]]
[[ 2.09099156 -4.10710497  1.33114631 -1.07665364  0.30567383  0.27869678]]
[[ 1.99958954 -4.16657909  1.45232294 -1.08713244  0.33828677  0.28174095]]
[[ 1.89891469 -4.15171814  1.11904309 -1.08167452  0.34951466  0.28233685]]
[[ 1.8431635  -4.09872752  0.53583683 -1.06806145  0.34156659  0.28251346]]
[[ 1.71963616 -4.00227929  0.13525501 -1.04937493  0.34810035  0.28103332]]
[[ 1.64759663 -4.02614993  0.08637136 -1.04583759  0.36166097  0.28035254]]
[[ 1.54636619 -3.95739312 -0.06757556 -1.02944399  0.37253826  0.27932791]]
[[ 1.46084089 -3.85653858 -0.27681605 -1.00370842  0.3729988   0.27717585]]
[[ 1.40285558 -3.79673129 -0.3279299  -0.98568779  0.37331574  0.27517546]]
[[ 1.36656269 -3.67847807 -0.78001078 -0.95470425  0.35272163  0.27275495]]
[[ 1.3142146  -3.59705185 -1.1180376  -0.93059499  0.34145483  0.26996823]]
[[ 1.32848566 -3.58910793 -1.37396295 -0.92235224  0.32337186  0.26796541]]
[[ 1.4155721  -3.57002113 -1.79265951 -0.91238749  0.28199601  0.2658775 ]]
[[ 1.46222943 -3.54066785 -2.01502127 -0.90124737  0.25524602  0.26438495]]
[[ 1.49152177 -3.61040959 -1.49181763 -0.90639267  0.26282086  0.26466672]]
[[ 1.49798315 -3.58914231 -1.23300576 -0.89344967  0.26016837  0.26437938]]
[[ 1.53948904 -3.57827006 -1.16816448 -0.88033097  0.24061342  0.26303293]]
[[ 1.56634743 -3.60478272 -0.83445263 -0.87833192  0.23919252  0.26328124]]
[[ 1.60713556 -3.61966763 19.26013477 -0.88045061  0.22983066  0.26343311]]
[[ 1.46684206 -3.43612428 17.99310894 -0.86672348  0.23136317  0.26194432]]
[[ 1.40987508 -3.29247849 16.61283032 -0.85754236  0.21156637  0.26007919]]
[[ 1.33895593 -3.07686255 15.18883194 -0.83288834  0.18305858  0.25736639]]
[[ 1.2532584  -2.81203946 13.68187405 -0.80041018  0.15123281  0.25376744]]
[[ 1.11108965 -2.56301626 12.32525572 -0.76997221  0.13939375  0.24914141]]
[[ 0.98207105 -2.42647254 11.02774033 -0.7439763   0.12764259  0.24348013]]
[[ 0.94807    -2.40727931 10.05122347 -0.74280214  0.11235163  0.23990438]]
[[ 0.9504354  -2.36621949  9.12898545 -0.73432427  0.08890816  0.23747478]]
[[ 0.95408005 -2.32430789  8.44734786 -0.72895467  0.07140917  0.23546863]]
[[ 0.96374959 -2.31332972  7.99580929 -0.72002452  0.06038063  0.2371473 ]]
[[ 0.93599224 -2.20905462  7.4815354  -0.70065186  0.04543719  0.23425258]]
[[ 0.94167801 -2.12652147  7.07868881 -0.68609874  0.02957703  0.23087365]]
[[ 0.95507534 -2.08668436  6.86169852 -0.68021555  0.02215177  0.23038094]]
[[ 0.94712904 -1.98868418  6.54786138 -0.66163505  0.01422578  0.22878548]]
[[ 8.80284869e-01 -1.80526033e+00  6.12044490e+00 -6.33688905e-01
   8.05497211e-04  2.23915898e-01]]
[[ 8.78038389e-01 -1.77929994e+00  5.93716644e+00 -6.20363390e-01
  -4.09937512e-03  2.23231047e-01]]
[[ 0.83829513 -1.77826942  6.03853735 -0.61450966  0.01011374  0.22366451]]
[[ 0.80739633 -1.7539349   6.02833877 -0.60159591  0.01515978  0.22092118]]
[[ 0.81331404 -1.73093334  6.10424088 -0.57926985  0.01376435  0.21890312]]
[[ 0.83098665 -1.70448791  6.57120208 -0.5642213   0.02655385  0.21309523]]
[[ 0.92100138 -1.7171741   7.16210172 -0.55062796  0.03517404  0.20923533]]
[[ 0.98296151 -1.73325969  7.74764132 -0.54645916  0.05229329  0.20422994]]
[[ 1.04656929 -1.60810184  8.10880094 -0.52109773  0.05824449  0.19794995]]
[[ 0.96706101 -1.68808739  8.84846683 -0.51235435  0.09239054  0.19134476]]
[[ 0.76655535 -1.84716859  9.2149583  -0.49836171  0.12862121  0.17221437]]
[[ 0.67708993 -1.864534    8.65858333 -0.48313007  0.11079242  0.15315346]]
[[ 0.61061376 -1.85940416  8.21323202 -0.4615867   0.10122173  0.14561836]]
[[ 0.61926269 -1.93511647  8.45545682 -0.44648533  0.11358277  0.14672121]]
[[ 0.56021111 -1.91709178  9.21078651 -0.44414983  0.14805746  0.13369207]]
[[ 0.49551128 -1.78230851  9.89484753 -0.43638878  0.17363113  0.11399434]]
[[ 0.34281632 -1.5737821   9.52249123 -0.42272916  0.16479915  0.09644303]]
[[ 0.21122773 -1.30343797  8.42378917 -0.4004453   0.13357302  0.0897567 ]]
