[[0. 0. 0. 0. 0. 0.]]
[[ 0.00181068 -0.00252155 -0.00877979  0.00122985  0.00138259 -0.00013505]]
[[ 0.00046569 -0.00467633 -0.00762565  0.0024188   0.00072823 -0.00038268]]
[[-6.47563735e-05 -7.04981889e-03 -9.24800699e-03  3.44592745e-03
   6.26855803e-04 -4.79558639e-04]]
[[-0.00054869 -0.00801698 -0.01106293  0.00392175  0.00070106 -0.00054138]]
[[ 0.00102421 -0.01012186 -0.01287746  0.0052427   0.00155532 -0.00056308]]
[[ 0.00049136 -0.01101009 -0.01324101  0.00569782  0.00134613 -0.0006723 ]]
[[ 0.00135653 -0.01322466 -0.01366755  0.00674501  0.00179925 -0.00079041]]
[[ 0.0001343  -0.01339604 -0.01290489  0.00671393  0.00122776 -0.00085226]]
[[ 0.00145635 -0.0133248  -0.01203075  0.00676804  0.00168283 -0.00084876]]
[[ 0.00042428 -0.01295057 -0.01286812  0.00657682  0.0013482  -0.00088371]]
[[ 0.00062666 -0.01523891 -0.01375914  0.00754691  0.00145027 -0.00101513]]
[[ 0.00233168 -0.01470437 -0.00960622  0.00723315  0.00206161 -0.00097875]]
[[ 0.00569009 -0.01537678 -0.00969487  0.00757691  0.0037965  -0.00103724]]
[[ 0.00614183 -0.01739111 -0.00928184  0.00849897  0.00388221 -0.00119132]]
[[ 0.00639798 -0.02076907 -0.00825276  0.01038819  0.00393542 -0.00144929]]
[[ 0.00702223 -0.02077617 -0.00770442  0.01025078  0.00409582 -0.00144426]]
[[ 0.00731284 -0.02163013 -0.00893552  0.01047375  0.00448087 -0.00143413]]
[[ 0.00674695 -0.02161245 -0.00886693  0.01041918  0.00406286 -0.0014052 ]]
[[ 0.00827877 -0.0230653  -0.01011075  0.01121122  0.00496964 -0.00153323]]
[[ 0.00859527 -0.02561945 -0.01224417  0.01254828  0.00505217 -0.00171064]]
[[ 0.01020896 -0.0276023  -0.01147557  0.01341876  0.00609419 -0.00173197]]
[[ 0.01001323 -0.02857935 -0.01408867  0.01381711  0.00592035 -0.00182356]]
[[ 0.0096767  -0.02861506 -0.01250698  0.01406878  0.00574724 -0.00198457]]
[[ 0.00810831 -0.02942175 -0.01407207  0.01415606  0.004926   -0.00194494]]
[[ 0.00483671 -0.02968378 -0.01521678  0.01420837  0.00341199 -0.00204126]]
[[ 0.00588083 -0.0333349  -0.01463046  0.0160744   0.00378206 -0.00224307]]
[[ 0.00812657 -0.03615507 -0.0150201   0.01768198  0.00489713 -0.00243071]]
[[ 0.00927678 -0.03496793 -0.01447785  0.01680048  0.00550164 -0.00234387]]
[[ 0.00958545 -0.03552404 -0.01405587  0.01685967  0.005616   -0.00238636]]
[[ 0.01016984 -0.0363756  -0.01425239  0.01733997  0.00591646 -0.00248512]]
[[ 0.0099718  -0.03546117 -0.01409615  0.0168854   0.00581603 -0.00241911]]
[[ 0.01071936 -0.03617063 -0.01495121  0.01712535  0.00629574 -0.00238855]]
[[ 0.01287792 -0.03878113 -0.01483886  0.01835493  0.00743234 -0.00258998]]
[[ 0.01358194 -0.03850212 -0.01533515  0.01823366  0.0077183  -0.00257781]]
