[[0. 0. 0. 0. 0. 0.]]
[[-4.12471184e-03 -4.52466653e-03 -1.76259170e-02  2.00291081e-04
   2.44464721e-04  2.39208995e-05]]
[[-5.28480104e-03 -5.73489057e-03 -1.73532346e-02  1.59326533e-04
   3.18556254e-04  5.91821723e-06]]
[[-6.24093815e-03 -8.28738929e-03 -1.77639779e-02  2.83806155e-04
   4.93696932e-04  3.79740341e-05]]
[[-7.61999681e-03 -7.95857368e-03 -1.98121199e-02  4.17357207e-04
   5.15128608e-04  4.55837202e-05]]
[[-7.70529750e-03 -9.01916802e-03 -2.08826489e-02  3.96229716e-04
   5.53723386e-04  9.97134507e-06]]
[[-9.62355253e-03 -1.10854448e-02 -2.37424091e-02  4.44291147e-04
   6.33840946e-04 -5.49831585e-05]]
[[-9.31391918e-03 -1.12042899e-02 -2.42705169e-02  5.00054472e-04
   6.54403141e-04 -9.30475109e-05]]
[[-8.91757297e-03 -1.07106671e-02 -2.55229627e-02  6.77711301e-04
   7.21981100e-04 -6.77607908e-05]]
[[-0.0110495  -0.01526516 -0.02612178  0.0004357   0.00069276 -0.00013309]]
[[-1.14233634e-02 -1.68740496e-02 -2.59960836e-02  4.51521980e-04
   8.48032833e-04 -7.48154803e-05]]
[[-1.34684295e-02 -1.68304898e-02 -2.75124534e-02  4.94668059e-04
   9.50410472e-04 -9.98999252e-05]]
[[-1.88387024e-02 -2.41167866e-02 -2.55345233e-02  2.58102578e-04
   8.43189617e-04 -2.64001330e-05]]
[[-3.45950496e-02 -4.22331863e-02 -2.18126201e-03 -1.64128789e-04
   1.42369515e-03 -6.97904665e-05]]
[[-0.04966324 -0.05576996  0.01342052 -0.0005926   0.00158885 -0.00014451]]
[[-0.05871172 -0.06528114  0.02312012 -0.00070907  0.00195734 -0.00022281]]
[[-0.06475367 -0.07064234  0.02819134 -0.00060605  0.00211342 -0.00024362]]
[[-0.07045734 -0.07609859  0.03437148 -0.00096739  0.00221925 -0.00033325]]
[[-0.07615929 -0.07537947  0.03448411 -0.00076506  0.00241396 -0.00036765]]
[[-0.07570474 -0.07534679  0.03384061 -0.00091616  0.00241479 -0.00033566]]
[[-0.07825411 -0.08023742  0.03024088 -0.00099549  0.00248539 -0.00028107]]
[[-0.08102106 -0.08210164  0.02624506 -0.00112379  0.0026586  -0.00026257]]
[[-0.07956365 -0.07984166  0.024716   -0.00101097  0.00281331 -0.00025027]]
[[-8.11755123e-02 -7.84930722e-02 -4.97621275e+00 -1.08321406e-03
   2.94516112e-03 -2.98032226e-04]]
[[-1.17947019e-01 -1.14409712e-01 -4.92451988e+00 -2.09785008e-03
   3.36790470e-03 -5.33294664e-04]]
[[-1.66791330e-01 -1.56986286e-01 -4.86048450e+00 -3.32445474e-03
   4.48637316e-03 -7.03519913e-04]]
[[-1.89181611e-01 -1.76301614e-01 -4.83288696e+00 -4.08819571e-03
   4.54420521e-03 -5.34812184e-04]]
[[-2.06064961e-01 -1.90010790e-01 -4.80868366e+00 -4.38017423e-03
   4.96704170e-03 -3.92408879e-04]]
[[-2.14082574e-01 -1.96878239e-01 -4.80399459e+00 -4.92444598e-03
   4.98020068e-03 -2.19639496e-04]]
[[-2.19564156e-01 -2.00857983e-01 -4.79919037e+00 -4.77208306e-03
   5.24807999e-03 -1.10448785e-04]]
[[-2.28031375e-01 -1.99887894e-01 -4.78721309e+00 -4.43640799e-03
   5.51968591e-03 -7.91804218e-05]]
[[-2.37870779e-01 -2.09816330e-01 -4.77873523e+00 -5.04663527e-03
   5.40180962e-03 -1.28462380e-04]]
[[-2.36701129e-01 -2.07243797e-01 -4.77985771e+00 -4.65290900e-03
   5.58231800e-03 -4.86984392e-05]]
[[-2.40912321e-01 -2.13549654e-01 -4.76971757e+00 -5.24393533e-03
   5.79831770e-03 -1.59165904e-04]]
[[-2.42462481e-01 -2.06304107e-01 -4.77489748e+00 -4.43036554e-03
   5.77501562e-03  1.03588613e-04]]
[[-2.48693437e-01 -2.06285649e-01 -4.77281686e+00 -4.44041210e-03
   5.98055507e-03  1.97757557e-04]]
[[-2.53679561e-01 -2.09432599e-01 -4.76733647e+00 -5.21818700e-03
   6.07553367e-03  1.73245229e-04]]
[[-2.53248167e-01 -2.05388382e-01 -4.76913456e+00 -5.18336146e-03
   5.91494374e-03  1.90818872e-04]]
[[-2.56830517e-01 -1.97802540e-01 -4.76906833e+00 -4.30288094e-03
   6.50155892e-03  2.72993392e-04]]
[[-2.67281506e-01 -2.06203012e-01 -4.75240624e+00 -4.95498190e-03
   6.57359767e-03  1.77212880e-04]]
[[-2.52002824e-01 -1.89256521e-01 -4.77125980e+00 -3.37402503e-03
   6.31596909e-03  5.82356777e-04]]
[[-2.45675051e-01 -1.87091662e-01 -4.78383483e+00 -4.09953776e-03
   6.09218600e-03  5.77591754e-04]]
[[-2.30279029e-01 -1.76026423e-01 -4.80600742e+00 -3.67994078e-03
   6.27210788e-03  7.29590743e-04]]
[[-2.18469999e-01 -1.64004585e-01 -4.82338409e+00 -2.83288586e-03
   6.21310264e-03  9.41685667e-04]]
[[-2.32437551e-01 -1.73401587e-01 -4.80990134e+00 -3.46695460e-03
   6.51106394e-03  7.89834661e-04]]
[[-2.36118518e-01 -1.72384018e-01 -4.80319083e+00 -3.08684857e-03
   6.50852702e-03  8.09887508e-04]]
[[-2.38952465e-01 -1.78550762e-01 -4.79845994e+00 -3.98961676e-03
   6.62908787e-03  6.80751745e-04]]
[[-2.25605339e-01 -1.63925169e-01 -4.81422693e+00 -2.55238389e-03
   6.80482237e-03  9.73166792e-04]]
[[-2.18941092e-01 -1.60233460e-01 -4.82340014e+00 -2.81208982e-03
   6.53002962e-03  1.00843269e-03]]
[[-2.17607793e-01 -1.54241350e-01 -4.82512433e+00 -2.26383319e-03
   6.88792256e-03  1.07545548e-03]]
[[-2.25503069e-01 -1.65697863e-01 -4.81018072e+00 -3.19523779e-03
   6.48471114e-03  8.99817849e-04]]
[[-2.31213138e-01 -1.67531974e-01 -4.80954064e+00 -3.18446156e-03
   6.79867491e-03  8.66770740e-04]]
[[-2.33361761e-01 -1.65504406e-01 -4.80336763e+00 -2.82984174e-03
   6.71604955e-03  9.49892349e-04]]
[[-2.46135729e-01 -1.73073991e-01 -4.78511567e+00 -3.16987816e-03
   7.05760933e-03  6.98647465e-04]]
[[-2.51210577e-01 -1.76423874e-01 -4.77773501e+00 -3.09464134e-03
   6.90802098e-03  7.04401009e-04]]
[[-2.53447718e-01 -1.80203902e-01 -4.77496307e+00 -3.47750072e-03
   7.24848251e-03  6.34976558e-04]]
[[-2.49910817e-01 -1.71676641e-01 -4.77544724e+00 -2.66061266e-03
   6.93006675e-03  8.17754750e-04]]
[[-2.50564814e-01 -1.70578089e-01 -4.77945286e+00 -2.59098621e-03
   7.21484999e-03  7.94787269e-04]]
[[-2.48543886e-01 -1.70330085e-01 -4.77643319e+00 -2.78514795e-03
   7.06601109e-03  8.23922167e-04]]
[[-2.41947972e-01 -1.60717661e-01 -4.78779460e+00 -2.09004977e-03
   7.00702079e-03  1.05533786e-03]]
[[-2.21278957e-01 -1.46860142e-01 -4.81778915e+00 -1.55762309e-03
   6.81675143e-03  1.28263344e-03]]
[[-2.08943694e-01 -1.34170354e-01 -4.84045215e+00 -5.89234122e-04
   6.92645299e-03  1.43636990e-03]]
[[-2.08035275e-01 -1.36529250e-01 -4.84688635e+00 -9.96422914e-04
   7.07692928e-03  1.44124403e-03]]
[[-2.08844818e-01 -1.38258785e-01 -4.84216556e+00 -1.13526026e-03
   6.93395229e-03  1.45097315e-03]]
[[-2.09429174e-01 -1.39596275e-01 -4.84075634e+00 -1.08050379e-03
   6.97974431e-03  1.37848919e-03]]
[[-2.31043932e-01 -1.50398531e-01 -4.81495247e+00 -9.81771733e-04
   7.56582404e-03  1.18169835e-03]]
[[-2.44878607e-01 -1.54658807e-01 -4.79676294e+00 -6.80491500e-04
   7.56704057e-03  1.14603471e-03]]
[[-2.53307494e-01 -1.63029127e-01 -4.78659760e+00 -1.43813704e-03
   7.55874825e-03  9.53276031e-04]]
[[-2.61401959e-01 -1.68397219e-01 -4.78057888e+00 -1.49159132e-03
   7.89365132e-03  8.28199276e-04]]
[[-2.54035719e-01 -1.59811703e-01 -4.79638237e+00 -1.13191837e-03
   7.92988022e-03  9.42566662e-04]]
[[-0.25350495 -0.1512453   0.20657692 -0.00034022  0.00815834  0.00105229]]
[[-0.2490889  -0.15387689  0.1951902  -0.00103771  0.00781374  0.00102549]]
[[-0.24750458 -0.15024182  0.1887903  -0.00070378  0.00794763  0.00111431]]
[[-0.24504539 -0.14771272  0.18303527 -0.00054519  0.00794214  0.00117936]]
[[-0.2435419  -0.14588369  0.17987173 -0.00038868  0.00797054  0.00130004]]
[[-0.24382778 -0.14699332  0.17942774 -0.00027709  0.00800236  0.00125863]]
[[-0.2451093  -0.14836155  0.17859497 -0.00027097  0.00791415  0.00122114]]
[[-2.45137909e-01 -1.48884297e-01  1.78203818e-01 -9.01508922e-05
   7.87195249e-03  1.29991557e-03]]
[[-2.46528603e-01 -1.48444012e-01  1.77949340e-01 -2.15241830e-05
   7.90750026e-03  1.28928748e-03]]
[[-2.49657573e-01 -1.48039052e-01  1.78241675e-01  9.29971396e-05
   8.28427353e-03  1.24773010e-03]]
[[-2.48244986e-01 -1.46670123e-01  1.79017670e-01  1.42485304e-04
   8.08848033e-03  1.31206877e-03]]
[[-0.24766272 -0.14458903  0.18066494  0.00025819  0.00822364  0.00128433]]
[[-2.47417701e-01 -1.44579139e-01  1.83860745e-01  1.48728308e-04
   8.23229469e-03  1.38652343e-03]]
[[-2.45329836e-01 -1.44002237e-01  1.83557116e-01  1.90833085e-04
   8.35516606e-03  1.38414042e-03]]
[[-2.44893557e-01 -1.42180392e-01 -9.81803129e+00  3.49725112e-04
   8.58110731e-03  1.41650988e-03]]
[[-2.42653897e-01 -1.39284883e-01 -9.82225437e+00  4.79454848e-04
   8.22045169e-03  1.52300459e-03]]
[[-2.38252373e-01 -1.41201228e-01 -9.82794216e+00 -2.62668515e-04
   8.26049556e-03  1.46219747e-03]]
[[-2.19967549e-01 -1.18056163e-01 -9.85105985e+00  1.16502929e-03
   8.27061401e-03  1.79928734e-03]]
[[-2.07263003e-01 -1.04292605e-01 -9.86903292e+00  2.19414751e-03
   8.25525658e-03  2.01522430e-03]]
[[-1.95824741e-01 -9.59561109e-02 -9.88147288e+00  2.80859886e-03
   8.26035794e-03  2.20032239e-03]]
[[-1.90046409e-01 -9.67836569e-02 -9.89779809e+00  2.39640906e-03
   8.43595333e-03  2.12054283e-03]]
[[-1.82601781e-01 -8.16731205e-02 -9.90820758e+00  3.84314957e-03
   8.73399510e-03  2.32104337e-03]]
[[-1.75013820e-01 -7.59906738e-02 -9.90845306e+00  3.97306703e-03
   8.54448295e-03  2.39425449e-03]]
[[-1.73168443e-01 -7.20035425e-02 -9.91801523e+00  4.26898412e-03
   8.64530030e-03  2.45830413e-03]]
[[-1.69250982e-01 -7.26675371e-02 -9.92086299e+00  3.76439100e-03
   8.54392983e-03  2.44340795e-03]]
[[-1.69474353e-01 -6.42997995e-02 -9.92703116e+00  4.72869881e-03
   9.11705825e-03  2.52738050e-03]]
[[-1.71642950e-01 -6.14792191e-02 -9.92201311e+00  5.25799640e-03
   8.92295285e-03  2.59328400e-03]]
[[-1.72865922e-01 -6.36979956e-02 -9.92300325e+00  4.87707884e-03
   8.90117000e-03  2.52701210e-03]]
[[-1.71779488e-01 -5.87090969e-02 -9.91928190e+00  5.53743776e-03
   9.44125486e-03  2.56382276e-03]]
[[-1.73984355e-01 -5.56988019e-02 -9.91737717e+00  6.13817896e-03
   9.35481234e-03  2.63926036e-03]]
[[-1.75534901e-01 -6.22108027e-02 -9.91967543e+00  5.13061248e-03
   9.22682927e-03  2.54829081e-03]]
[[-1.77127011e-01 -5.97347384e-02 -9.91541147e+00  5.46036701e-03
   9.17393560e-03  2.57536759e-03]]
[[-1.78190560e-01 -5.71312194e-02 -9.91494418e+00  5.94936349e-03
   9.68529826e-03  2.63086869e-03]]
[[-1.73730538e-01 -5.00239664e-02 -9.91858546e+00  6.44100538e-03
   9.64350622e-03  2.64443172e-03]]
[[-1.70587616e-01 -4.87211560e-02 -9.91925129e+00  6.17398199e-03
   9.38536547e-03  2.62699499e-03]]
[[-1.72831063e-01 -4.84326305e-02 -9.91898761e+00  6.27771063e-03
   9.92314434e-03  2.60371300e-03]]
[[-1.62401187e-01 -3.68528510e-02 -9.92760970e+00  6.57117163e-03
   9.94412470e-03  2.76250461e-03]]
[[-1.49521506e-01 -2.78991008e-02 -9.94579352e+00  6.88477723e-03
   9.39245370e-03  2.95727807e-03]]
[[-1.44973023e-01 -1.76290225e-02 -9.95371096e+00  7.41829297e-03
   1.00381880e-02  3.01744907e-03]]
[[-1.41266235e-01 -1.27573573e-02 -9.96137088e+00  7.18114115e-03
   9.45414909e-03  3.03708616e-03]]
[[-1.45207281e-01 -1.25774427e-02 -9.95872907e+00  7.33678095e-03
   9.71313687e-03  2.99919263e-03]]
[[-1.41923338e-01 -1.15773654e-02 -9.95756069e+00  7.43850964e-03
   9.36272920e-03  2.99341025e-03]]
[[-1.41150212e-01 -4.97718391e-03 -9.95517945e+00  7.95720897e-03
   9.80782933e-03  3.00720863e-03]]
[[-1.42863655e-01 -7.39690359e-03 -9.95705916e+00  7.61173236e-03
   9.44885864e-03  3.05343808e-03]]
[[-1.45123740e-01 -8.34108619e-03 -9.95775218e+00  7.42239851e-03
   9.67539758e-03  3.03546590e-03]]
[[-1.41635908e-01  2.92578947e-04 -9.96178381e+00  8.18830178e-03
   9.69216826e-03  3.18041774e-03]]
[[-1.42119898e-01  5.72133314e-03 -9.95777281e+00  8.54699683e-03
   9.64687079e-03  3.21038308e-03]]
[[-1.40595743e-01  1.05962982e-02 -9.95629942e+00  8.81978156e-03
   9.84474228e-03  3.25660371e-03]]
[[-1.35223798e-01  7.79263061e-03 -9.95776976e+00  8.41081323e-03
   9.11611509e-03  3.23468416e-03]]
[[-1.26566884e-01  2.38466924e-02 -9.95615510e+00  1.42360569e-02
   9.09944997e-03  3.90539405e-03]]
[[-3.74733290e-02  1.04988450e-01 -1.00408523e+01  3.05742858e-02
   8.07278781e-03  6.39304355e-03]]
[[ 5.49118110e-02  1.83095157e-01 -1.01166550e+01  4.64574926e-02
   5.14067304e-03  9.06395405e-03]]
[[ 1.68788116e-01  2.87970474e-01 -1.01992002e+01  7.00471894e-02
   1.52995450e-03  1.27625925e-02]]
[[ 3.50821604e-01  4.63261105e-01 -1.02962336e+01  1.14543234e-01
  -7.10602474e-04  1.86738781e-02]]
[[  0.89212239   0.74339615 -10.39671793   0.21939775  -0.01160135
    0.02821147]]
[[  1.63247312   0.98341812 -10.31687271   0.3517414   -0.02714183
    0.0354515 ]]
[[  2.63467133   1.20493252 -10.06287466   0.51396372  -0.04773036
    0.03982218]]
[[ 3.85433196  1.44194587 -9.66070677  0.69506211 -0.07039383  0.04132415]]
[[ 5.19911175  1.71696428 -8.95082917  0.89353902 -0.09349712  0.03988532]]
[[ 6.53196237  2.05539737 -8.13041703  1.08598455 -0.10990535  0.03683303]]
[[ 7.80365259  2.47731882 -7.1006863   1.27311524 -0.12565211  0.03216919]]
[[ 8.98220889  3.03029913 -5.83050854  1.45999902 -0.13920535  0.02686054]]
[[10.06821944  3.74804291 -4.26026595  1.6508433  -0.14960681  0.02288161]]
[[10.87929815  4.40690932 -3.06815987  1.80375769 -0.14299291  0.02164009]]
[[11.46234337  4.9143274  -2.12272822  1.91953361 -0.13482947  0.02097751]]
[[11.8856608   5.32956804 -1.25910246  2.01025559 -0.13131689  0.0211659 ]]
[[12.18139731  5.64599829 -0.54486145  2.07567581 -0.13100585  0.02148242]]
[[ 1.24245965e+01  5.94305749e+00 -1.18774869e-03  2.13123893e+00
  -1.31708650e-01  2.20760851e-02]]
[[12.61153632  6.15879806  0.22449355  2.16583094 -0.13150966  0.02239414]]
[[12.74354277  6.34949289  0.46729736  2.19864054 -0.13109106  0.02277389]]
[[12.88484828  6.58253667  0.65232536  2.2317686  -0.12902641  0.02389974]]
[[12.99771911  6.81595682  0.83443067  2.26785154 -0.11933786  0.02547875]]
[[13.10421701  7.03661722  0.95203957  2.29718346 -0.11098872  0.02698596]]
[[13.17556846  7.21016834  0.85823705  2.32388631 -0.09336262  0.0282305 ]]
[[13.256023    7.43175277  0.74895072  2.35627396 -0.07695526  0.02972797]]
[[13.35846106  7.69760335  0.65973251  2.39082104 -0.06652845  0.03128796]]
[[13.47790275  7.92806549  0.45207793  2.40918597 -0.05822029  0.03205172]]
[[13.59221418  8.04412419 -0.22255802  2.39933961 -0.05070054  0.03151043]]
[[13.67174444  8.11008484 -0.77931061  2.38583312 -0.03222763  0.03102611]]
[[ 1.37038881e+01  8.15182121e+00 -1.32066909e+00  2.37562719e+00
   7.94669328e-03  3.14996511e-02]]
[[13.72904753  8.17112293 -1.63974193  2.36679237  0.033612    0.03146806]]
[[13.7539223   8.11345606 -1.83932006  2.34166343  0.04906181  0.03107462]]
[[13.74453321  8.08864843 -1.4810343   2.33941652  0.0567867   0.03173518]]
[[13.71855303  8.08721082 -0.93056415  2.35262807  0.06171214  0.03275331]]
[[13.68544259  8.11268494 -0.29510337  2.37500958  0.06503146  0.03410908]]
[[13.63966271  8.16241258  0.3045848   2.40365814  0.07185877  0.03575328]]
[[13.59465285  8.22172566  0.91302944  2.43589843  0.07683148  0.03738209]]
[[13.55568176  8.2835357   1.41478242  2.46528137  0.08078962  0.03878797]]
[[13.54976914  8.43248958  1.5919754   2.50118098  0.08250583  0.03992714]]
[[13.56830327  8.5306434   1.43797059  2.51665964  0.08256397  0.03996146]]
[[13.58265723  8.59844964  1.25453516  2.5282299   0.08203236  0.04000447]]
[[13.60479095  8.63213185  1.02735112  2.52904064  0.08294941  0.03944478]]
[[13.64465612  8.62196821  0.47912325  2.51018672  0.08380711  0.03816307]]
[[13.67818854  8.6120924  -0.03315455  2.49356654  0.08635481  0.03718608]]
[[13.69817787  8.60409956 -0.34707938  2.48267018  0.09071878  0.03649924]]
[[13.71073926  8.60380831 -0.56197838  2.47651145  0.0950749   0.03623345]]
[[13.71886064  8.60545498 -0.740399    2.47244869  0.09905866  0.03608539]]
[[13.72587562  8.60620106 -0.83966635  2.46923741  0.10267034  0.03603817]]
[[13.73193974  8.60197479 -0.93122369  2.4653002   0.1053017   0.03571349]]
[[13.73892554  8.5947255  -1.03963157  2.459475    0.10804561  0.03559535]]
[[13.76523576  8.53989431 -1.3511592   2.43551045  0.11249715  0.03462099]]
[[13.76629077  8.50079866 -1.21012413  2.42324596  0.1190679   0.03459365]]
[[13.74789116  8.48718113 -0.82874831  2.42538164  0.12546422  0.03504343]]
[[13.70025513  8.52189921 -0.14833331  2.4518281   0.13176896  0.03639374]]
[[13.67145931  8.53732354  0.30002734  2.4645255   0.1363944   0.0375393 ]]
[[13.65025475  8.54658913  0.6084059   2.47387465  0.14167999  0.03825225]]
[[13.63291674  8.55839168  0.83843712  2.48337083  0.14759219  0.03879806]]
[[13.59157491  8.60451116  1.28860835  2.50907443  0.15498028  0.04006234]]
[[13.54184766  8.70074588  1.760098    2.54997041  0.16056101  0.04164069]]
[[13.52373976  8.83266812  2.06724731  2.58744908  0.16494718  0.04325174]]
[[13.57252276  8.99446381  1.9679559   2.60987674  0.16615356  0.04393205]]
[[13.61419484  9.1082358   1.81641054  2.62238331  0.16595296  0.04423073]]
[[13.67065354  9.14790015  1.45312201  2.61089626  0.16195827  0.04320788]]
[[13.72135699  9.16195097  0.99069675  2.59562431  0.15850581  0.04205675]]
[[13.77120486  9.15386853  0.5097468   2.57508649  0.15584675  0.0407634 ]]
[[13.79953941  9.15217265  0.32590279  2.56370269  0.15378925  0.0401583 ]]
[[13.81992442  9.15286013  0.13187535  2.55687937  0.15513263  0.03950433]]
[[13.81129301  9.17968826  0.17633453  2.56564327  0.16049429  0.03998219]]
[[13.78413883  9.21746496 -0.04834339  2.57874542  0.1907951   0.04109473]]
[[13.76203639  9.24304445 -0.08182444  2.58772154  0.20946849  0.04210542]]
[[ 1.37441339e+01  9.26412402e+00 -9.96350339e-03  2.59644999e+00
   2.20852171e-01  4.26779258e-02]]
[[13.73207187  9.27912996  0.03747081  2.60254803  0.22887744  0.04311794]]
[[13.72130453  9.28338939  0.08383018  2.60657382  0.23573378  0.04349151]]
[[13.72439062  9.2635303  -0.09675907  2.59751441  0.24625862  0.0431988 ]]
[[13.7097933   9.26495644 -0.01714579  2.60078714  0.25568501  0.043618  ]]
[[13.70272058  9.24741562  0.06013222  2.59762644  0.26134552  0.04361855]]
[[13.69696382  9.23444714  0.03858733  2.59562307  0.26510628  0.04348704]]
[[13.67183355  9.25441953  0.25850689  2.60952622  0.2677591   0.04441666]]
[[13.6647744   9.25781732  0.31982973  2.61277482  0.26929277  0.04457823]]
[[13.6597125   9.25843547  0.29304635  2.61437822  0.27157118  0.04459605]]
[[13.64748209  9.26556153  0.26316014  2.61889259  0.27711883  0.04496139]]
[[13.63190025  9.27900166  0.23794438  2.62578958  0.28649932  0.04553465]]
[[13.61090374  9.30108344  0.17300558  2.63524952  0.2995776   0.0459763 ]]
[[13.5701839   9.35869723 10.42950353  2.66301801  0.30996299  0.04726496]]
[[13.60511955  9.30784634  9.91273815  2.63765775  0.30693113  0.04600945]]
[[13.44311958  8.59399725  7.09749218  2.42834409  0.28351086  0.03928079]]
[[12.91447815  7.65975316  4.70889817  2.20912575  0.26596717  0.03396345]]
[[12.24729936  6.69484228  2.90805889  2.00998068  0.2455482   0.0298084 ]]
[[11.69029923  5.92052528  1.67247545  1.85187241  0.22541052  0.02705126]]
[[11.26994877  5.35960254  0.79389985  1.7339413   0.20951487  0.02539396]]
