[[0. 0. 0. 0. 0. 0.]]
[[ 2.77810892e-03 -6.00883581e-03  1.97273865e-02  1.62697845e-04
   9.38135415e-05 -2.11786715e-04]]
[[ 0.0038347  -0.00546001  0.02261801  0.000183    0.00012611 -0.00020983]]
[[ 0.00322792 -0.00567465  0.02622772  0.00016069  0.00013669 -0.00019948]]
[[ 0.00312423 -0.00512411  0.02828134  0.00015263  0.0001504  -0.00022971]]
[[ 0.00399772 -0.00479573  0.02816608  0.00017189  0.00017629 -0.00024232]]
[[ 0.00402162 -0.00388855  0.03004843  0.00015175  0.00016338 -0.00025582]]
[[ 0.00384759 -0.00544859  0.03195052  0.00017426  0.00018447 -0.00021955]]
[[ 0.00540079 -0.00228055  0.03310571  0.00015908  0.00019696 -0.0002701 ]]
[[ 0.00746547 -0.00072058  0.03492993  0.00015534  0.0002137  -0.00027192]]
[[ 0.00697371 -0.00046889  0.03738583  0.00016996  0.00020517 -0.00030634]]
[[ 0.00607275  0.00042319  0.03780651  0.00014818  0.00017126 -0.00026231]]
[[ 0.0072237   0.00074239  0.03874712  0.00013068  0.00021344 -0.00021831]]
[[ 0.00879977  0.00117484  0.03783609  0.00015113  0.00025357 -0.00023882]]
[[ 0.00879733  0.00301413  0.03994488  0.00012199  0.00026735 -0.00028055]]
[[ 7.32943146e-03  4.91563574e-05  4.26888792e-02  1.34645563e-04
   2.59456271e-04 -2.44758464e-04]]
[[ 0.0089353  -0.00104438  0.04347184  0.00023379  0.00022574 -0.0002742 ]]
[[ 0.00730476 -0.0003097   0.04633172  0.00016779  0.00021654 -0.00021421]]
[[ 0.0090176  -0.00035999  0.04722457  0.00019709  0.00027045 -0.00022643]]
[[ 0.01044094  0.00094542  0.04722063  0.0002167   0.00029479 -0.00018801]]
[[ 0.01152953 -0.00055765  0.04719465  0.00023027  0.00031747 -0.00024512]]
[[ 0.01228817  0.00032241  0.04623044  0.0002747   0.00033741 -0.00023756]]
[[ 0.01299708  0.00132575  0.04566542  0.00028049  0.00034412 -0.00024094]]
[[ 0.01550037  0.00340869  0.04852794  0.00028382  0.00038032 -0.00024706]]
[[ 0.01598758  0.00442149  0.04882308  0.00028596  0.00035949 -0.00020854]]
[[ 0.01621079  0.00385039  0.05309839  0.00025711  0.00034341 -0.00019136]]
[[ 0.01683604  0.00504023  0.05478023  0.00025322  0.00034086 -0.00018261]]
[[ 0.01886667  0.00490647  0.05542084  0.00023548  0.0003779  -0.00015408]]
[[ 0.01962323  0.00534681  0.05727023  0.00019744  0.0003765  -0.00017007]]
[[ 0.02363873  0.00563545  0.05703422  0.00019933  0.00020783 -0.00023525]]
[[ 0.02308321  0.00446194  0.06078394  0.00023436  0.00034067 -0.00019707]]
[[ 0.02497982  0.00644109  0.06264467  0.00018983  0.00030916 -0.00018748]]
[[ 0.02483343  0.00652329  0.06787186  0.00011592  0.00029465 -0.00020732]]
[[ 0.02466552  0.00447678  0.07317883  0.00010145  0.00024691 -0.00019024]]
[[ 2.40804422e-02  3.68108631e-03  7.66705147e-02  8.49883935e-05
   2.75994565e-04 -1.75337550e-04]]
[[ 2.22640946e-02  2.89474999e-03  8.00675735e-02  6.84088509e-05
   3.04241826e-04 -1.77512688e-04]]
[[ 0.02351302  0.00416706  0.08273212  0.00012115  0.00023375 -0.00017275]]
[[ 2.41447493e-02  9.10311277e-04  8.57261908e-02  6.86108901e-05
   2.68689527e-04 -2.11355003e-04]]
[[ 2.30772372e-02  2.82199845e-04  8.64312688e-02  2.58294157e-05
   2.18241535e-04 -1.90149891e-04]]
[[ 2.44320942e-02  2.18889289e-03  9.06706033e-02  5.90812875e-06
   2.58995558e-04 -2.05502506e-04]]
[[ 2.51223916e-02  1.50751077e-03  9.35090714e-02  2.49373598e-05
   3.37972937e-04 -1.55771227e-04]]
[[ 3.05265945e-02  4.31763275e-03  8.94366410e-02  9.32861382e-05
  -1.95747930e-04 -2.95061822e-04]]
[[ 3.11443885e-02  1.23739915e-03  9.37732439e-02 -1.12202782e-05
   2.93628947e-05 -2.69861521e-04]]
[[ 0.03109338  0.00551672  0.0889548   0.00018621 -0.00019867 -0.00034236]]
[[ 0.02997131  0.00352792  0.09292072  0.00012347 -0.00033451 -0.00028518]]
[[ 2.93945983e-02  2.10813175e-03  9.58072844e-02  7.32232653e-05
  -2.49776955e-04 -2.79705253e-04]]
[[ 3.13759819e-02  6.57549764e-03  6.09013873e+00  2.65413259e-04
  -6.80717908e-04 -3.23007792e-04]]
[[ 3.15541504e-02  1.13370990e-02  6.09846609e+00  5.49372847e-04
  -5.74689568e-04 -4.56851146e-04]]
[[ 3.07500301e-02  8.96882760e-03  6.11579228e+00  1.09047543e-03
  -5.08875900e-04 -7.06513742e-04]]
[[ 3.03009657e-02 -4.89451888e-03  6.13242345e+00  3.97827875e-04
  -1.37868416e-04 -7.17231823e-04]]
[[ 3.58400235e-02 -8.02497336e-03  6.14822472e+00  8.04277398e-04
  -2.76259479e-04 -9.07604108e-04]]
[[ 3.64164043e-02  4.06186528e-03  6.14101932e+00  1.48339281e-03
  -5.28463730e-04 -1.31348185e-03]]
[[ 3.67223474e-02  4.37532312e-03  6.14182941e+00  1.35343059e-03
  -4.93674770e-04 -1.27072291e-03]]
[[ 3.99429298e-02  6.63988336e-03  6.15225664e+00  2.23137346e-03
  -6.96755855e-04 -1.55372855e-03]]
[[ 4.50962552e-02  9.74204445e-03  6.14615079e+00  2.58141525e-03
  -1.19575417e-03 -1.74535465e-03]]
[[ 4.64193101e-02  1.76792101e-02  6.14767411e+00  3.39934533e-03
  -1.66926608e-03 -1.90632775e-03]]
[[ 4.42007434e-02  1.90485054e-02  6.15309981e+00  3.27695893e-03
  -1.50263941e-03 -2.00032546e-03]]
[[ 4.15987415e-02  1.83585829e-02  6.15084165e+00  2.85948728e-03
  -1.32788764e-03 -1.91182596e-03]]
[[ 4.34390516e-02  2.57763916e-02  6.14237265e+00  3.03154413e-03
  -1.80281723e-03 -1.95216770e-03]]
[[ 4.41664278e-02  3.33989524e-02  6.13778600e+00  3.27588034e-03
  -2.03689929e-03 -2.08092571e-03]]
[[ 4.85301543e-02  3.29182583e-02  6.13944160e+00  3.41068939e-03
  -2.43176240e-03 -2.29524724e-03]]
[[ 4.92449884e-02  4.25048353e-02  6.13018599e+00  3.60470537e-03
  -2.65819972e-03 -2.27773990e-03]]
[[ 4.83827148e-02  3.62285463e-02  6.12978309e+00  2.75983973e-03
  -2.37469418e-03 -2.09652989e-03]]
[[ 5.15170337e-02  5.22589037e-02  6.13044552e+00  4.18064100e-03
  -2.96055203e-03 -2.48620533e-03]]
[[ 5.13559170e-02  5.08157630e-02  6.12740063e+00  4.29955584e-03
  -2.99767396e-03 -2.52236208e-03]]
[[ 4.70194917e-02  5.16063272e-02  6.12303901e+00  3.89690441e-03
  -2.63597268e-03 -2.51375963e-03]]
[[ 4.73919140e-02  5.31679788e-02  6.11606966e+00  3.63255321e-03
  -2.70654182e-03 -2.41399761e-03]]
[[ 4.77443298e-02  4.37048131e-02  6.11788752e+00  2.86204029e-03
  -2.72936007e-03 -2.31230106e-03]]
[[ 5.02491761e-02  5.66307843e-02  6.10389681e+00  3.50193201e-03
  -3.31173206e-03 -2.46736943e-03]]
[[ 4.89787111e-02  5.99165466e-02  6.09967821e+00  3.71612672e-03
  -3.47426656e-03 -2.52892058e-03]]
[[ 4.68434864e-02  6.23687522e-02  6.11044209e+00  3.88259472e-03
  -3.13337800e-03 -2.57804986e-03]]
[[ 4.85954371e-02  7.24329490e-02  6.10578632e+00  4.51249145e-03
  -3.68696891e-03 -2.82873934e-03]]
[[ 5.55583127e-02  8.15177827e-02  6.11525660e+00  5.66972652e-03
  -4.25999401e-03 -3.12123641e-03]]
[[ 5.98439310e-02  8.89835679e-02  6.11486064e+00  5.76412496e-03
  -4.41359467e-03 -3.15729504e-03]]
[[ 6.31806654e-02  9.32918664e-02  6.10150634e+00  5.53526343e-03
  -4.95405606e-03 -3.17973657e-03]]
[[ 6.03069166e-02  1.01051577e-01  6.11089487e+00  5.96831839e-03
  -4.63841514e-03 -3.21959039e-03]]
[[ 6.27661976e-02  1.15072053e-01  6.10008674e+00  6.88704258e-03
  -5.35691371e-03 -3.42940494e-03]]
[[ 6.20062657e-02  1.03173505e-01  6.11391364e+00  6.14817108e-03
  -4.77262189e-03 -3.32552276e-03]]
[[ 0.06383553  0.11735303  0.09370656  0.00685024 -0.00563129 -0.00353704]]
[[ 0.06648629  0.11209154  0.09486648  0.0064271  -0.00563386 -0.00354183]]
[[ 0.06595618  0.11709773  0.08071225  0.00654802 -0.00571825 -0.0035389 ]]
[[ 0.06705757  0.11827114  0.07907583  0.00652811 -0.00542606 -0.00344895]]
[[ 0.06843056  0.11979455  0.07638352  0.00654626 -0.005626   -0.00340683]]
[[ 0.06922242  0.11928264  0.07378486  0.00656185 -0.00575795 -0.00338228]]
[[ 0.06994184  0.1227118   0.06935701  0.00663216 -0.00591686 -0.00336659]]
[[ 0.07113459  0.12446486  0.06817681  0.00667833 -0.0059261  -0.00335872]]
[[ 0.07190845  0.1243139   0.06641715  0.00669574 -0.00588419 -0.00332323]]
[[ 0.06965602  0.12628498  0.06852167  0.0066852  -0.00579484 -0.00325384]]
[[ 0.06888332  0.12885737  0.07404399  0.00679443 -0.00578299 -0.00325516]]
[[ 0.07142708  0.13068632  0.07510266  0.00671829 -0.00591518 -0.00325113]]
[[ 0.07153035  0.12876782  0.07950027  0.0066964  -0.00587777 -0.00327962]]
[[ 0.06910535  0.12827972  0.08238626  0.00661876 -0.00567159 -0.00328993]]
[[ 0.07141307  0.12525175  0.08328893  0.00660963 -0.00573862 -0.00324604]]
[[ 0.07231851  0.12591455  0.08440785  0.00662779 -0.00584943 -0.00327787]]
[[ 0.07302373  0.12860296  0.08380768  0.0066063  -0.00596604 -0.00325564]]
[[ 0.07517688  0.12885442  0.08469694  0.00659773 -0.00597218 -0.00325202]]
[[ 0.0771653   0.12747216  0.08644113  0.0065925  -0.00591935 -0.00324815]]
[[ 0.07767907  0.1272057   0.08954531  0.00656005 -0.00586786 -0.00328527]]
[[ 0.07857168  0.13027932  0.09083621  0.00657694 -0.00582717 -0.00323693]]
[[ 0.08120024  0.12970863  0.09155091  0.00661216 -0.00583497 -0.00321085]]
[[ 0.08326134  0.12973298  0.09429132  0.00661053 -0.00584659 -0.00327649]]
[[ 0.08508954  0.13135412  0.09635739  0.00653956 -0.00591185 -0.0031641 ]]
[[ 0.08554712  0.13137512  0.09749     0.0065103  -0.00588248 -0.00316465]]
[[ 0.0867309   0.13163798  0.09870364  0.00648109 -0.0058544  -0.00305399]]
[[ 0.08868711  0.13262649  0.09977433  0.0064732  -0.0058529  -0.00304467]]
[[ 0.0901654   0.13470707  0.10110746  0.00638205 -0.00582446 -0.00300111]]
[[ 0.09041501  0.13655827  0.10172937  0.00634349 -0.00582792 -0.00301993]]
[[ 0.08944857  0.13518608  0.10323052  0.00633486 -0.00584093 -0.00297721]]
[[ 0.09018627  0.1336016   0.10757603  0.00635365 -0.00586526 -0.00296231]]
[[ 0.08979254  0.13396423  0.11050764  0.00633978 -0.00586668 -0.00297478]]
[[ 0.09188099  0.13374328  0.11151949  0.00637446 -0.00584296 -0.00295143]]
[[ 0.09236447  0.1341637   0.1141004   0.00631081 -0.00586071 -0.00295072]]
[[ 0.09056481  0.13298629  0.11679097  0.0063627  -0.00584438 -0.00295283]]
[[ 0.09054611  0.13181275  0.11913762  0.00639487 -0.00583486 -0.00294142]]
[[ 0.09023834  0.13225156  0.12386052  0.00640736 -0.00586466 -0.00296041]]
[[ 0.09291374  0.13122084  0.12796362  0.00640725 -0.00582516 -0.00298341]]
[[ 0.0948342   0.13141183  0.13069048  0.00644172 -0.0058143  -0.00300824]]
[[ 0.09572604  0.13064422  0.13243879  0.00642023 -0.00580676 -0.00301508]]
[[ 0.09532877  0.12900103  0.13379483  0.00648118 -0.00581284 -0.00303069]]
[[ 0.09406056  0.12880561  0.13853009  0.00645873 -0.00588335 -0.00294605]]
[[ 0.09458968  0.12823547  0.14121003  0.00645924 -0.0058631  -0.00298946]]
[[ 0.0938581   0.13026269  0.14442441  0.00642877 -0.00588754 -0.00290458]]
[[ 0.09362993  0.12863632  0.14597535  0.00651051 -0.0058545  -0.00295727]]
[[ 0.09329212  0.12974712  0.14760155  0.00652705 -0.00584935 -0.00296234]]
[[ 0.09253507  0.13103105  0.14920252  0.00651491 -0.00576065 -0.00293143]]
[[ 0.09279776  0.13068992  0.1500923   0.00657723 -0.00582923 -0.00296499]]
[[ 0.0924599   0.13101972  0.15071278  0.00669165 -0.00579802 -0.00303216]]
[[ 0.0898622   0.13057047  0.15235993  0.00662837 -0.00577347 -0.00304963]]
[[ 0.09148362  0.13192318  0.15008825  0.00661742 -0.00588959 -0.00307444]]
[[ 0.08871323  0.13428034  0.15556394  0.00656678 -0.00560557 -0.00308448]]
[[ 0.0877361   0.13387195  0.15597866  0.00662273 -0.0054493  -0.00305848]]
[[ 0.0890841   0.13189196  0.15568446  0.00659874 -0.0053179  -0.00298773]]
[[ 0.09110647  0.13096829  0.1526265   0.00665468 -0.00564865 -0.00303144]]
[[ 8.87666778e-02  1.22408436e-01  6.15406443e+00  6.20803420e-03
  -5.20183246e-03 -2.92563213e-03]]
[[ 9.18678286e-02  1.32691578e-01  6.13983662e+00  6.99194866e-03
  -6.06531276e-03 -3.31745223e-03]]
[[ 8.88489239e-02  1.23227953e-01  6.15363098e+00  6.37124775e-03
  -5.61332016e-03 -3.31350569e-03]]
[[ 8.73240098e-02  1.24918674e-01  6.15581982e+00  6.54001810e-03
  -5.51417566e-03 -3.47196862e-03]]
[[ 8.41538590e-02  1.19805044e-01  6.16251494e+00  6.24918088e-03
  -5.29453482e-03 -3.46495942e-03]]
[[ 8.30702330e-02  1.24443464e-01  6.16483215e+00  6.55671834e-03
  -5.36917211e-03 -3.61221119e-03]]
[[ 8.34679276e-02  1.19933067e-01  6.17179866e+00  6.24446777e-03
  -5.56396073e-03 -3.72410812e-03]]
[[ 8.30226473e-02  1.22856422e-01  6.16958774e+00  6.24478567e-03
  -5.87976807e-03 -3.84417752e-03]]
[[ 7.97640231e-02  1.26966709e-01  6.16852414e+00  6.78917763e-03
  -5.75115444e-03 -3.76480664e-03]]
[[ 8.05499275e-02  1.31429809e-01  6.16493480e+00  7.18803451e-03
  -6.15594240e-03 -3.85114962e-03]]
[[ 7.78146338e-02  1.25641555e-01  6.17417741e+00  6.80956647e-03
  -5.73414823e-03 -3.79417025e-03]]
[[ 7.73287186e-02  1.26245279e-01  6.17891825e+00  6.96971140e-03
  -5.71876179e-03 -3.81363638e-03]]
[[ 7.98411063e-02  1.37027865e-01  6.16788425e+00  7.47366867e-03
  -6.41535174e-03 -3.99614288e-03]]
[[ 7.86934457e-02  1.34869085e-01  6.17425232e+00  7.18734702e-03
  -6.18369170e-03 -3.98553525e-03]]
[[ 7.83927725e-02  1.36534526e-01  6.17711911e+00  7.33800149e-03
  -6.19868722e-03 -4.10088264e-03]]
[[ 8.02020386e-02  1.36757688e-01  6.17467544e+00  7.24860404e-03
  -6.24139403e-03 -4.21387181e-03]]
[[ 0.0782916   0.14049181  0.17532486  0.00753946 -0.00644626 -0.00430355]]
[[ 0.07991718  0.13403471  0.19087527  0.00720656 -0.00629455 -0.00424221]]
[[ 0.08369271  0.13327828  0.19091754  0.00710456 -0.00624323 -0.00420694]]
[[ 0.08752114  0.13867552  0.18160154  0.0073044  -0.0065369  -0.00421313]]
[[ 0.08612913  0.1384702   0.18545941  0.0072079  -0.00611302 -0.00416182]]
[[ 0.08673884  0.14030602  0.18586483  0.0072969  -0.00584471 -0.00410682]]
[[ 0.08907936  0.1390953   0.18222297  0.0071677  -0.00622034 -0.00410329]]
[[ 0.09302798  0.14080691  0.18095064  0.00730398 -0.00626021 -0.00412954]]
[[ 0.09699122  0.14308756  0.17376174  0.00735386 -0.00682837 -0.00422063]]
[[ 0.09578037  0.14311756  0.17904321  0.00740694 -0.006613   -0.0041694 ]]
[[ 0.09247538  0.14747087  0.18310261  0.00743644 -0.00624554 -0.00411607]]
[[ 0.09282355  0.14743814  0.18697431  0.00738408 -0.00615983 -0.0041186 ]]
[[ 0.0977278   0.14573379  0.18164277  0.00749787 -0.00674951 -0.00413836]]
[[ 0.09724317  0.14376344  0.18931901  0.0073449  -0.00637694 -0.00404054]]
[[ 0.09962677  0.1491683   0.18391559  0.00749837 -0.00694663 -0.00410394]]
[[ 0.10047684  0.14902461  0.18681675  0.00752068 -0.00694157 -0.00412355]]
[[ 0.0989047   0.1488678   0.19397128  0.00749862 -0.00665496 -0.00408192]]
[[ 0.10029156  0.14934092  0.19382516  0.00751781 -0.00667425 -0.00409518]]
[[ 0.10256667  0.15002024  0.18891964  0.00764256 -0.00706881 -0.00411376]]
[[ 0.10515881  0.15411162  0.18749754  0.00789322 -0.00721353 -0.00423092]]
[[ 0.10651914  0.15030015  0.1947923   0.00769035 -0.00716593 -0.00419533]]
[[ 0.11022244  0.14937264  0.19397932  0.00761864 -0.00739269 -0.0042093 ]]
[[ 0.10891241  0.14955197  0.1986635   0.00758615 -0.00697758 -0.0041014 ]]
[[ 0.10738991  0.14916076  0.20198816  0.00759178 -0.00669041 -0.00402158]]
[[ 0.10407403  0.14954734  0.20306711  0.00763619 -0.0065883  -0.00397546]]
[[ 0.10868676  0.14906468  0.20133707  0.00759219 -0.00669526 -0.00403594]]
[[ 0.10967576  0.14844838  0.20230283  0.00760192 -0.00701399 -0.00401172]]
[[ 0.11144844  0.14844517  0.20500835  0.00764903 -0.00710585 -0.00402773]]
[[ 0.11078481  0.14841435  0.20953895  0.00760574 -0.00677473 -0.00400819]]
[[ 0.11172059  0.15100414  0.2105662   0.00763432 -0.00670046 -0.00398897]]
[[ 0.11597872  0.15191524  0.21029146  0.00755423 -0.00696412 -0.00403304]]
[[ 0.11783596  0.14953713  0.21338457  0.00752082 -0.00702892 -0.00400134]]
[[ 0.120741    0.14990089  0.21414475  0.0075554  -0.00711154 -0.00403771]]
[[ 0.12032372  0.15028599  0.21788669  0.00762909 -0.00710036 -0.0040429 ]]
[[ 0.11575286  0.15078315  0.22281034  0.0075815  -0.00680284 -0.00400287]]
[[ 0.11724213  0.15067766  0.22115666  0.00763966 -0.00698637 -0.00398603]]
[[ 0.1203186   0.14921925  0.22170245  0.00750683 -0.00711372 -0.0039872 ]]
[[ 0.12289035  0.15144282  0.22328677  0.00756076 -0.00730239 -0.00401681]]
[[ 0.12345635  0.15125374  0.22488645  0.00746429 -0.00723263 -0.00398833]]
[[ 0.12496777  0.15283397  0.22598925  0.00748212 -0.00724604 -0.0040058 ]]
[[ 0.12551928  0.15247159  0.23082503  0.0074422  -0.00701086 -0.00403855]]
[[ 0.12569801  0.15317928  0.2293482   0.00751109 -0.00717549 -0.00403235]]
[[ 0.12837695  0.15146808  0.2353989   0.00739748 -0.00714058 -0.0040339 ]]
[[ 0.12858184  0.15297123  0.23969158  0.00735496 -0.00717414 -0.00405256]]
[[ 0.12826     0.15573522  0.23802146  0.007474   -0.00722168 -0.00404239]]
[[ 0.13060083  0.15159557  0.24506066  0.00726086 -0.0070292  -0.00401219]]
[[ 0.13396203  0.15298504  0.23904194  0.00746391 -0.00731497 -0.00400028]]
[[ 0.13244536  0.15267968  0.24030362  0.00745349 -0.00736613 -0.00398994]]
[[ 0.1305221   0.15410336  0.24489808  0.00747648 -0.00712696 -0.00397733]]
[[ 0.13041612  0.15275669  0.24615815  0.00749835 -0.00720501 -0.00397799]]
[[ 0.13141071  0.15332446  0.24682791  0.00751021 -0.00727887 -0.00397186]]
[[ 0.13370473  0.15349733  0.24386944  0.00752897 -0.00748222 -0.00391465]]
[[ 0.13334661  0.15292384  0.25049352  0.00749814 -0.00749867 -0.00394659]]
[[ 0.13274557  0.15191827  0.25221302  0.00748637 -0.00747788 -0.0039614 ]]
[[ 0.13211867  0.15277664  0.25513517  0.00752711 -0.0072568  -0.00396606]]
[[ 0.13371725  0.15298093  0.25215577  0.00748132 -0.0075075  -0.0040035 ]]
[[ 0.13656753  0.15525253  0.24940669  0.00754369 -0.00769591 -0.00403211]]
[[ 0.13940168  0.15817639  0.24660836  0.00762654 -0.00764999 -0.00403421]]
[[ 0.14109506  0.15582566  0.24726363  0.00758107 -0.00762173 -0.00407589]]
[[ 0.14090171  0.15428739  0.24940077  0.00756472 -0.0074093  -0.00406177]]
[[ 0.13862661  0.15285698  0.25371064  0.00749019 -0.00717707 -0.00397885]]
[[ 0.13926754  0.15088697  0.25654889  0.0073854  -0.007412   -0.00392784]]
[[ 0.13998265  0.14880251  0.25872322  0.00733749 -0.00753725 -0.00393744]]
[[ 0.14205403  0.15076587  0.25533484  0.00735008 -0.00763816 -0.00393852]]
[[ 0.14193155  0.15127258  0.25655583  0.00729642 -0.00754012 -0.00391214]]
[[ 0.14155981  0.14781553  0.26592853  0.00716321 -0.00728116 -0.0038011 ]]
[[ 0.14313864  0.14645256  0.26609784  0.00719672 -0.00733562 -0.00385456]]
[[ 0.1436394   0.14464808  0.26699968  0.00719472 -0.00739952 -0.00388579]]
[[ 0.14469953  0.1433724   0.268339    0.00713692 -0.00731302 -0.00382192]]
[[ 0.14589319  0.14237108  0.26698516  0.00711171 -0.00748608 -0.00385299]]
[[ 0.14661135  0.141684    0.27017251  0.00711826 -0.00758141 -0.00386035]]
[[ 0.15056989  0.13895504  0.27439413  0.00713846 -0.00766038 -0.0038601 ]]
[[ 0.1497979   0.1382041   0.27928841  0.00705176 -0.00750655 -0.00387235]]
[[ 0.15125909  0.13619444  0.2803419   0.00699741 -0.00754737 -0.00395894]]
[[ 0.15113877  0.13372937  0.28197557  0.00704277 -0.00758722 -0.00395632]]
[[ 0.15096678  0.13413549  0.2865568   0.00712684 -0.00754848 -0.00398949]]
[[ 0.14969834  0.1320098   0.28559401  0.00711785 -0.00769478 -0.00398327]]
[[ 0.14851523  0.12787705  0.2928132   0.00695285 -0.00757829 -0.00392888]]
[[ 0.14998326  0.12822236  0.29369947  0.0069965  -0.0075324  -0.00392564]]
[[ 0.15100818  0.12568813  0.29610681  0.00693936 -0.00754014 -0.00389291]]
[[ 0.15185618  0.1238285   0.29407304  0.00699107 -0.00764218 -0.00390763]]
[[ 0.15217245  0.12547608  0.29432907  0.0069796  -0.00759847 -0.00389819]]
[[ 0.1524091   0.12528722  0.29686315  0.00697004 -0.00757809 -0.003894  ]]
[[ 0.15356644  0.12552424  0.29712974  0.00697926 -0.00753446 -0.00391475]]
[[ 0.15486107  0.12317456  0.29622252  0.00700716 -0.00762762 -0.00393113]]
[[ 0.15467393  0.12461278  0.30061569  0.00702112 -0.00751359 -0.00394974]]
[[ 0.15257936  0.12336954  0.3071712   0.00693865 -0.00717642 -0.00393285]]
[[ 0.15157557  0.12001519  0.30992625  0.00695259 -0.00712679 -0.00390374]]
[[ 0.15392909  0.12052541  0.30815272  0.0069514  -0.00741076 -0.0039196 ]]
[[ 0.15447716  0.11254249  0.31000794  0.00668018 -0.00745293 -0.00383172]]
[[ 0.15494677  0.11264118  0.30893845  0.0067955  -0.00775454 -0.00390345]]
[[ 0.15196323  0.11072696  0.31907674  0.00663698 -0.00759806 -0.00390887]]
[[ 0.14999955  0.10739801  0.32466952  0.00665913 -0.00763169 -0.00382958]]
[[ 0.14776782  0.10698196  0.33112661  0.00656661 -0.00749712 -0.00380805]]
[[ 0.1480849   0.10725736  0.33237792  0.00653584 -0.00754255 -0.00379731]]
[[ 0.14734595  0.10525157  0.33358958  0.00650379 -0.00767434 -0.00380743]]
[[ 0.14840655  0.10342048  0.33700746  0.00639456 -0.00773427 -0.00379255]]
[[ 0.15078019  0.10172745  0.33347095  0.00636315 -0.00788829 -0.00384013]]
[[ 0.15085247  0.10288703  0.33193541  0.00646575 -0.00782431 -0.00378003]]
[[ 1.52346578e-01  1.00617310e-01  6.33208203e+00  6.39989376e-03
  -7.77279991e-03 -3.79229016e-03]]
[[ 1.51925095e-01  1.05763559e-01  6.32522616e+00  6.84459274e-03
  -8.04680649e-03 -3.92468228e-03]]
[[ 1.52292879e-01  9.23552893e-02  6.34329484e+00  6.36265321e-03
  -7.41565314e-03 -3.81737714e-03]]
[[ 1.53230489e-01  9.29778385e-02  6.34112317e+00  6.51736971e-03
  -8.02712215e-03 -3.93765470e-03]]
[[ 1.57072972e-01  1.00971854e-01  6.33057680e+00  7.08127220e-03
  -8.65175502e-03 -4.16595569e-03]]
[[ 1.54121742e-01  1.05042500e-01  6.33093160e+00  7.15635510e-03
  -8.37163849e-03 -4.28466610e-03]]
[[ 1.53221816e-01  1.04170500e-01  6.33356025e+00  7.07601468e-03
  -8.44935478e-03 -4.46466875e-03]]
[[ 1.56605996e-01  1.08498589e-01  6.32432313e+00  7.45953186e-03
  -9.30102631e-03 -4.75823956e-03]]
[[ 1.55199923e-01  1.01011462e-01  6.33811935e+00  7.07216418e-03
  -8.64599382e-03 -4.66000394e-03]]
[[ 1.54731121e-01  1.00848238e-01  6.33640697e+00  6.93933999e-03
  -8.65668542e-03 -4.69663118e-03]]
[[ 1.57062160e-01  1.15256439e-01  6.32191676e+00  7.64373126e-03
  -9.20368678e-03 -4.91986576e-03]]
[[ 1.53675538e-01  9.94453582e-02  6.33981830e+00  6.66311508e-03
  -8.09750975e-03 -4.78378612e-03]]
[[ 1.57261530e-01  1.03205435e-01  6.32861805e+00  6.97695548e-03
  -8.97443931e-03 -5.00706623e-03]]
[[ 1.61964973e-01  1.15303476e-01  6.31512658e+00  7.48883616e-03
  -9.70380434e-03 -5.19467722e-03]]
[[ 1.59958933e-01  1.23638801e-01  6.31310124e+00  7.97901215e-03
  -9.65730378e-03 -5.32135641e-03]]
[[ 1.58878822e-01  1.17298919e-01  6.32418905e+00  7.53687088e-03
  -9.23209836e-03 -5.24591347e-03]]
[[ 1.61168031e-01  1.22710706e-01  6.31867772e+00  8.04395371e-03
  -9.75703333e-03 -5.44816733e-03]]
[[ 1.61490579e-01  1.09300433e-01  6.34017321e+00  7.32907769e-03
  -9.16247354e-03 -5.25780264e-03]]
[[ 1.61840458e-01  1.24560498e-01  6.32961291e+00  8.02859493e-03
  -9.95612451e-03 -5.43387130e-03]]
[[ 1.65374600e-01  1.37789125e-01  6.31710877e+00  8.79601190e-03
  -1.06561693e-02 -5.71972178e-03]]
[[ 1.66438395e-01  1.38280112e-01  6.32407237e+00  8.76340354e-03
  -1.02564209e-02 -5.76461805e-03]]
[[ 1.64543940e-01  1.48811117e-01  6.32531596e+00  9.22786602e-03
  -1.02681949e-02 -5.72465936e-03]]
[[ 1.71657028e-01  1.54919846e-01  6.31174121e+00  9.71289833e-03
  -1.11565950e-02 -5.87784432e-03]]
[[ 1.73151008e-01  1.62610170e-01  6.32712025e+00  1.05347477e-02
  -1.11507902e-02 -6.18412443e-03]]
[[ 1.73301693e-01  1.65542702e-01  6.31759510e+00  1.03462008e-02
  -1.14624510e-02 -6.18802032e-03]]
[[ 0.1756585   0.17760999  6.3139077   0.01132749 -0.01215014 -0.00645997]]
[[ 0.17198381  0.17303354  6.32080281  0.01079759 -0.01138045 -0.00636092]]
[[ 0.16847193  0.17835134  6.32322926  0.01073829 -0.01142513 -0.00641046]]
[[ 0.17542264  0.18684536  6.32139993  0.01190919 -0.01219105 -0.0067267 ]]
[[ 0.17595686  0.19930356  6.30679949  0.01251377 -0.01257365 -0.00688959]]
[[ 0.17734346  0.19886748  6.3084854   0.01228545 -0.01235964 -0.00689636]]
[[ 0.18040864  0.20887358  6.30565695  0.01290643 -0.01307617 -0.00701389]]
[[ 0.18144402  0.20249048  6.30247119  0.01226652 -0.01287388 -0.00690076]]
[[ 0.18187328  0.20946718  6.29717418  0.01244863 -0.01280726 -0.00699314]]
[[ 0.18125362  0.21117099  0.29982208  0.01245129 -0.0128668  -0.00700406]]
[[ 0.18038456  0.2181675   0.29576517  0.0123252  -0.01287067 -0.0069954 ]]
[[ 0.18076366  0.22206167  0.29221324  0.01227576 -0.01288932 -0.00699232]]
[[ 0.18174205  0.22589051  0.28576204  0.01227413 -0.01309925 -0.00693263]]
[[ 0.18185876  0.2278899   0.28163049  0.01221646 -0.01325769 -0.00697546]]
[[ 0.18009147  0.23123766  0.28097241  0.0122413  -0.01310589 -0.00691328]]
[[ 0.18077896  0.2305555   0.28154789  0.01223945 -0.01300291 -0.00691283]]
[[ 0.179979    0.2312068   0.27957003  0.01224669 -0.01293679 -0.00695231]]
[[ 0.17929622  0.2274596   0.2838065   0.01218395 -0.01276653 -0.00691499]]
[[ 0.18027553  0.23177535  0.28166327  0.01236256 -0.01282884 -0.00698117]]
[[ 0.1798865   0.2264162   0.28936401  0.01197533 -0.01247629 -0.00682605]]
[[ 0.18224495  0.22787975  0.29078265  0.01199475 -0.01252039 -0.0068105 ]]
[[ 0.18341093  0.23012101  0.29041003  0.01201637 -0.01260692 -0.006815  ]]
[[ 0.1839658   0.23081306  0.2894229   0.0120021  -0.01265322 -0.00682756]]
[[ 0.18603295  0.23065156  0.29147807  0.01205289 -0.01253001 -0.00691832]]
[[ 0.1869129   0.23139901  0.29208117  0.01202392 -0.01251035 -0.0068855 ]]
[[ 0.19014207  0.23022589  0.28909255  0.01196083 -0.01257852 -0.00685255]]
[[ 0.19179343  0.2307617   0.2924392   0.01196282 -0.01265124 -0.00688493]]
[[ 0.19251405  0.23181969  0.29325478  0.01199523 -0.012568   -0.00684394]]
[[ 0.19087843  0.23161115  0.29680666  0.01196357 -0.01257408 -0.00677778]]
[[ 0.191237    0.23209828  0.30070666  0.01189909 -0.01251628 -0.00681391]]
[[ 0.19368395  0.23147097  0.30457075  0.01188181 -0.01246692 -0.00669645]]
[[ 0.19425274  0.23179566  0.3064663   0.01192804 -0.01256734 -0.00670226]]
[[ 0.19603691  0.23475014  0.30927991  0.0119434  -0.01262086 -0.00672626]]
[[ 0.19679246  0.23433133  0.31118886  0.01195646 -0.01261803 -0.00670832]]
[[ 0.19718106  0.23362242  0.31506269  0.01191925 -0.01259382 -0.00665767]]
[[ 0.19727064  0.23391379  0.31854955  0.01188896 -0.01254671 -0.00665879]]
[[ 0.19865364  0.23406453  0.32073448  0.01187362 -0.01254088 -0.00666929]]
[[ 0.19980755  0.23519409  0.32360148  0.01187363 -0.01257269 -0.0066059 ]]
[[ 0.19991812  0.23792967  0.32607132  0.01183768 -0.01259764 -0.00655162]]
[[ 0.20333306  0.23774035  0.3264479   0.01187489 -0.01259826 -0.00653689]]
[[ 0.20589937  0.23877208  0.32938851  0.01183618 -0.01253924 -0.00646078]]
[[ 0.20670358  0.23870088  0.33273525  0.01180146 -0.01252417 -0.00648294]]
[[ 0.2084556   0.23910037  0.33485581  0.01178501 -0.01249836 -0.00646983]]
[[ 0.2088798   0.24072473  0.33648035  0.0117766  -0.01251653 -0.00651131]]
[[ 0.210685    0.23896086  0.34006618  0.01181046 -0.012561   -0.00653129]]
[[ 0.21106743  0.24012966  0.34047596  0.01179149 -0.01255841 -0.00649979]]
[[ 0.21200073  0.24050894  0.34407514  0.01182693 -0.0125402  -0.00650509]]
[[ 0.21163763  0.2405123   0.34504713  0.01184925 -0.01251917 -0.00647315]]
[[ 0.21086128  0.24082511  0.34789563  0.01185213 -0.01254115 -0.00650729]]
[[ 0.21313006  0.23954042  0.34857514  0.01190186 -0.01254416 -0.00653911]]
[[ 0.21670424  0.24163328  0.34782862  0.0119485  -0.01253445 -0.00660221]]
[[ 0.21841707  0.24227142  0.34779465  0.01199418 -0.01253255 -0.00668451]]
[[ 0.22031632  0.23947745  0.34890708  0.01201532 -0.01252563 -0.00672211]]
[[ 0.21974759  0.24045107  0.35227649  0.01203661 -0.01250672 -0.00670777]]
[[ 0.21967328  0.2404494   0.35451288  0.01207242 -0.01253713 -0.0067244 ]]
[[ 0.22198475  0.2387188   0.35679438  0.01207747 -0.01248276 -0.00672075]]
[[ 0.22217902  0.24162948  0.35604     0.01216852 -0.01253863 -0.0066234 ]]
[[ 0.22258324  0.24275504  0.35707679  0.01220151 -0.01264881 -0.00666251]]
[[ 0.2233081   0.24373545  0.35917783  0.01215209 -0.01256304 -0.00661904]]
[[ 0.22034687  0.24268496  0.36305961  0.01214193 -0.01256304 -0.006616  ]]
[[ 0.22054839  0.24164428  0.3638189   0.01218245 -0.01262455 -0.00660339]]
[[ 0.22277951  0.24423404  0.36349746  0.01222163 -0.01283264 -0.00666801]]
[[ 0.22291905  0.24423118  0.36863333  0.01218335 -0.01261344 -0.00659174]]
[[ 0.22496032  0.24481853  6.35892382  0.01226642 -0.01292043 -0.00668913]]
[[ 0.22546041  0.2351886   6.3769551   0.01182845 -0.01251275 -0.00664344]]
[[ 0.22792016  0.25206335  6.37339585  0.01283419 -0.01314462 -0.0069875 ]]
[[ 0.2284001   0.24408107  6.37655183  0.01229889 -0.01302485 -0.00704021]]
[[ 0.2295269   0.25697981  6.36680173  0.01298984 -0.0136092  -0.00731223]]
[[ 0.22898719  0.25661696  6.36979095  0.01299577 -0.0135144  -0.00747049]]
[[ 0.22561813  0.24511555  6.38439858  0.01231118 -0.0129639  -0.0074818 ]]
[[ 0.22741337  0.25404229  6.37606506  0.01281229 -0.01350684 -0.00764872]]
[[ 0.23081188  0.27286567  6.37108881  0.01440098 -0.01426899 -0.00805179]]
[[ 0.23044444  0.25566651  6.39299956  0.01355433 -0.0136388  -0.00786451]]
[[ 0.2281059   0.26693771  6.38934676  0.01421032 -0.01405511 -0.00805941]]
[[ 0.23160933  0.27087106  6.39097367  0.01489989 -0.01425598 -0.00825839]]
[[ 0.23174282  0.27215974  6.38871165  0.01463026 -0.01412702 -0.00820362]]
[[ 0.23308026  0.27749288  6.38540729  0.01471391 -0.01437101 -0.0082463 ]]
[[ 0.23389145  0.28243822  6.3854975   0.01475006 -0.01478899 -0.00830766]]
[[ 0.23330376  0.29164831  6.37609408  0.01523651 -0.01498783 -0.00837703]]
[[ 0.23187125  0.2943538   6.3755278   0.01509851 -0.01467889 -0.0083524 ]]
[[ 0.232741    0.30596135  6.36465196  0.01547215 -0.01524554 -0.00856745]]
[[ 0.23467025  0.30945668  6.3625795   0.01557365 -0.01545116 -0.00865448]]
[[ 0.23289321  0.31720028  6.35401835  0.01577252 -0.01559856 -0.0087557 ]]
[[ 0.23469068  0.3144351   6.35566866  0.01559317 -0.01565528 -0.00871856]]
[[ 0.23535137  0.31303673  6.35241008  0.01543153 -0.01566764 -0.00873612]]
[[ 0.23756609  0.32459186  6.34626361  0.01613275 -0.01618959 -0.0089333 ]]
[[ 0.23914307  0.32889061  6.34394285  0.01623973 -0.01629497 -0.00899478]]
[[ 0.23609115  0.32171708  6.3564967   0.01584123 -0.01587051 -0.00894092]]
[[ 0.23822451  0.33317277  6.34870543  0.0168127  -0.01641979 -0.00922923]]
[[ 0.2397362   0.334216    6.36006529  0.01720403 -0.01613177 -0.00929873]]
[[ 0.24201973  0.34801293  6.34920562  0.01779313 -0.01671644 -0.00947188]]
[[ 0.24108689  0.34093534  6.35430712  0.0172138  -0.01654254 -0.00945103]]
[[ 0.24336638  0.34385202  6.35134627  0.01726126 -0.01677234 -0.00937051]]
[[ 0.24602519  0.35371234  6.34331693  0.01768349 -0.0170648  -0.00943884]]
[[ 0.2427047   0.35219988  6.34429425  0.01738089 -0.01673247 -0.00935146]]
[[ 0.24384077  0.36067362  6.33755109  0.01776881 -0.01714883 -0.00952518]]
[[ 0.24666794  0.36552516  6.33307363  0.01785302 -0.01741085 -0.00962665]]
[[ 0.24890167  0.36632462  6.32839399  0.01795796 -0.01750114 -0.00967942]]
[[ 0.25076267  0.36906645  6.3271641   0.01830993 -0.01797681 -0.00983278]]
[[ 0.24866557  0.355339    6.3595693   0.01752577 -0.0166544  -0.00966437]]
[[ 0.25753364  0.38173732  6.37951375  0.0200268  -0.0176695  -0.01066224]]
[[ 0.26313012  0.38336855  6.41019543  0.02063993 -0.01710258 -0.01093202]]
[[ 0.27124534  0.41043837  6.39296575  0.02217    -0.01887611 -0.01147605]]
[[ 0.27656419  0.40409901  6.4036912   0.0218642  -0.01872193 -0.01155605]]
[[ 0.27804473  0.40822204  6.41681829  0.02227915 -0.01887732 -0.01178598]]
[[ 0.27897833  0.4321515   6.4031889   0.0236769  -0.01932425 -0.01208621]]
[[ 0.27857272  0.43476678  6.41013907  0.02355058 -0.01897278 -0.0121617 ]]
[[ 0.28288375  0.43906752  6.40554381  0.02358988 -0.0192982  -0.01224849]]
[[ 0.28940293  0.44654862  6.39410077  0.02398952 -0.01985766 -0.01236548]]
[[ 0.29312121  0.44699214  6.39533573  0.02411368 -0.02029027 -0.01249634]]
[[ 0.29225238  0.4591567   6.3897374   0.02475553 -0.02058457 -0.0127068 ]]
[[ 0.29085993  0.46460691  6.39682776  0.02496594 -0.02017999 -0.01270199]]
[[ 0.2888146   0.47243039  6.39535177  0.02523761 -0.01998984 -0.01279548]]
[[ 0.29379169  0.47411826  6.39230183  0.02527486 -0.02026529 -0.01285361]]
[[ 0.29972386  0.48693966  6.37791841  0.02593059 -0.02101569 -0.01303015]]
[[ 0.29885066  0.48707343  6.38574576  0.02584176 -0.02048693 -0.01292023]]
[[ 0.3015701   0.49261087  6.38877364  0.02622631 -0.02059837 -0.01309874]]
[[ 0.30324927  0.49452024  6.38856136  0.02651132 -0.02091467 -0.01322466]]
[[ 0.30853336  0.51874783  6.35945739  0.02759784 -0.02210873 -0.01359281]]
[[ 0.30496959  0.50306131  6.37842139  0.02657541 -0.02135435 -0.013393  ]]
[[ 0.30599013  0.52645453  6.36358111  0.02780596 -0.02182586 -0.01364541]]
[[ 0.30816157  0.5279478   6.36453875  0.02771144 -0.02183179 -0.01370102]]
[[ 0.30626434  0.52620005  6.36722486  0.02746098 -0.02179651 -0.01369301]]
[[ 0.31198703  0.54558457  6.34750044  0.02864418 -0.02299634 -0.01407752]]
[[ 0.31211463  0.54464968  6.34572194  0.02860952 -0.02305445 -0.01408568]]
[[ 0.31177478  0.55643566  6.34805477  0.02906184 -0.02284293 -0.01413471]]
[[ 0.3113937   0.54746735  0.35783361  0.02860197 -0.02257307 -0.01411218]]
[[ 0.31198841  0.55240368  0.35558883  0.02877408 -0.02283919 -0.01423879]]
[[ 0.312793    0.55252069  0.35959429  0.02877873 -0.02278335 -0.0142042 ]]
[[ 0.31740549  0.55848136  0.34777119  0.0291404  -0.02321438 -0.01415052]]
[[ 0.31736605  0.558675    0.34912993  0.02910897 -0.0233007  -0.01412221]]
[[ 0.31780948  0.55790242  0.35634739  0.02893468 -0.02304551 -0.01401349]]
[[ 0.31809683  0.55923695  0.35276711  0.02909174 -0.02319953 -0.01399676]]
[[ 0.31882359  0.56239864  0.35331194  0.02921116 -0.02331193 -0.01397857]]
[[ 0.32044329  0.5620327   0.35536823  0.02917196 -0.02330956 -0.01394647]]
[[ 0.32362964  0.56202327  0.3510311   0.02920935 -0.02365222 -0.01399658]]
[[ 0.32393322  0.56409474  0.35267471  0.02928601 -0.02352115 -0.01391451]]
[[ 0.32568148  0.56414156  0.35469551  0.02930571 -0.02357448 -0.0139438 ]]
[[ 0.32747557  0.5666294   0.35424226  0.02936557 -0.02363377 -0.01393601]]
[[ 0.32878576  0.56596571  0.35759325  0.02935336 -0.02366515 -0.0139439 ]]
[[ 0.32970656  0.56971888  0.35717622  0.02947411 -0.02377116 -0.0140162 ]]
[[ 0.33015247  0.56882452  0.35728299  0.02949045 -0.02385693 -0.01401954]]
[[ 0.33041312  0.56808762  0.35784672  0.02950451 -0.02393447 -0.0140628 ]]
[[ 0.3305686   0.56872831  0.35969993  0.02954554 -0.02381111 -0.01404928]]
[[ 0.33368252  0.56423685  0.3585292   0.0295107  -0.02399187 -0.01397943]]
[[ 0.33213084  0.56799009  0.35990659  0.02969898 -0.0240385  -0.01401373]]
[[ 0.33162227  0.56527332  0.36522899  0.02958619 -0.02387279 -0.01402747]]
[[ 0.33504397  0.5667057   0.36276701  0.02960914 -0.02404829 -0.01402474]]
[[ 0.33469459  0.56936471  0.36242126  0.02968849 -0.02413867 -0.01402543]]
[[ 0.33548477  0.56927168  0.36303844  0.02970965 -0.02428676 -0.01406493]]
[[ 0.33462279  0.57339645  0.36419857  0.02987856 -0.02404397 -0.01404357]]
[[ 0.33128018  0.57421266  0.36559781  0.02982431 -0.02392285 -0.01421418]]
[[ 0.32668917  0.57214173  0.37402887  0.02991314 -0.02337245 -0.01394981]]
[[ 0.32879496  0.57384021  0.37559564  0.03008484 -0.02355675 -0.01387361]]
[[ 0.33921405  0.57596005  0.35977081  0.03019015 -0.02506289 -0.01430197]]
[[ 0.32992341  0.57397425  0.38509509  0.03007393 -0.02334068 -0.01380434]]
[[ 0.33748564  0.57603269  0.36606643  0.03046261 -0.02485493 -0.0139199 ]]
[[ 0.33291902  0.57444636  0.37639565  0.03023988 -0.02378404 -0.01411283]]
[[ 0.34076759  0.57241446  0.36245519  0.03043369 -0.02503603 -0.01395673]]
[[ 0.34579556  0.57188451  0.35353834  0.03037975 -0.02556817 -0.01433223]]
[[ 0.34527584  0.57138058  0.35818948  0.03048715 -0.02526744 -0.01427377]]
[[ 0.34325098  0.56824689  0.36630391  0.03059212 -0.02482953 -0.01394018]]
[[ 0.34189152  0.56930936  0.3627532   0.03057462 -0.02523289 -0.01418153]]
[[ 0.34558329  0.57028096  0.36089488  0.03057819 -0.02571875 -0.01424836]]
[[ 0.3421122   0.57581561  0.36371877  0.0307481  -0.02568934 -0.01438067]]
[[ 0.33681428  0.56811956  0.37707829  0.03029902 -0.02483006 -0.01398943]]
[[ 0.33507421  0.566722    0.38101681  0.03026942 -0.02449722 -0.01395784]]
[[ 0.33679337  0.56610528  0.38736686  0.03021503 -0.02429889 -0.0139232 ]]
[[ 0.33780553  0.56703857  0.38955551  0.03015463 -0.02426407 -0.0139253 ]]
[[ 0.34101953  0.56571689  0.38876274  0.03013017 -0.02426923 -0.01392173]]
[[ 0.33968434  0.56482383  0.39283275  0.03010381 -0.02421042 -0.01394448]]
[[ 0.33899416  0.56415023  0.39545168  0.03011331 -0.02410303 -0.01396127]]
[[ 0.33855216  0.56306994  0.39871349  0.03015252 -0.0239626  -0.01395516]]
[[ 0.33965424  0.56346822  0.40086133  0.03018202 -0.02396042 -0.01391931]]
[[ 0.34046268  0.56394122  0.40226218  0.03019488 -0.02397102 -0.01391694]]
[[ 0.34281745  0.56553005  0.40265386  0.03017833 -0.02399032 -0.01389701]]
[[ 0.34365672  0.56641097  0.40195682  0.03016741 -0.0239366  -0.01387761]]
[[ 0.34440929  0.56422133  0.40498248  0.03022449 -0.02386022 -0.01387407]]
[[ 0.34424907  0.56455596  0.4081416   0.03023078 -0.0237925  -0.01387618]]
[[ 0.34463072  0.56382791  0.40942468  0.03024654 -0.02377338 -0.0138874 ]]
[[ 0.34471352  0.56362757  0.41120178  0.0302777  -0.02383527 -0.01384513]]
[[ 0.34459702  0.56437322  0.41106337  0.03025708 -0.02388726 -0.01379353]]
[[ 0.34664526  0.56160742  0.41142257  0.03029339 -0.02385079 -0.01378408]]
[[ 0.34641799  0.56209967  0.41310091  0.03031653 -0.02383888 -0.0138043 ]]
[[ 0.34568069  0.56175335  0.41436538  0.03032959 -0.02379553 -0.01370678]]
[[ 0.34491857  0.56394486  0.41702473  0.03033278 -0.02386621 -0.01367817]]
[[ 0.3470734   0.56338433  0.41652023  0.03032521 -0.02390452 -0.01366425]]
[[ 0.34695629  0.56230503  0.41927357  0.03036662 -0.02395243 -0.01369389]]
[[ 0.34652024  0.56549268  0.42238642  0.0303689  -0.02398481 -0.01373846]]
[[ 0.34717838  0.56460649  0.42359497  0.03037415 -0.02399846 -0.01377795]]
[[ 0.3479159   0.56540404  0.42471046  0.0303994  -0.02395759 -0.01374506]]
[[ 0.34990855  0.56394142  0.42490877  0.03041693 -0.02394324 -0.01374897]]
[[ 0.34960474  0.56253085  0.42630823  0.03044679 -0.02399879 -0.01372989]]
[[ 0.35000016  0.56134122  0.42784496  0.03047128 -0.02401731 -0.01378276]]
[[ 0.35084092  0.56148357  0.43173567  0.0304428  -0.02403217 -0.01376619]]
[[ 0.35268614  0.56005473  0.43210029  0.03050646 -0.02405114 -0.01374956]]
[[ 0.35447261  0.56088487  0.43264163  0.0305219  -0.02397387 -0.01376724]]
[[ 0.35453281  0.56094874  0.43259324  0.03047586 -0.02393984 -0.01374532]]
[[ 0.35437839  0.56199709  0.4336545   0.03049254 -0.02399358 -0.01371765]]
[[ 0.3558319   0.55889336  0.43502964  0.03057615 -0.02399378 -0.01370231]]
[[ 0.35608911  0.55794113  0.43630924  0.03063061 -0.02401224 -0.01365319]]
[[ 0.35616937  0.55911899  0.43785188  0.03062793 -0.02401441 -0.01368966]]
[[ 0.35547723  0.55958002  0.43788791  0.03065632 -0.02404761 -0.01370636]]
[[ 0.35455957  0.5602684   0.44087057  0.03064757 -0.02404711 -0.01368494]]
[[ 0.3554512   0.55936788  0.44142568  0.03064853 -0.02404686 -0.01363258]]
[[ 0.35632785  0.55739722  0.44388607  0.03067657 -0.02402255 -0.01366764]]
[[ 0.35633202  0.55792015  0.44372021  0.03062757 -0.02402956 -0.0136573 ]]
[[ 0.35509691  0.55734238  0.44383329  0.03062969 -0.02403528 -0.01362324]]
[[ 0.35561915  0.55836059  0.44956306  0.03060775 -0.02406142 -0.01360706]]
[[ 0.35678485  0.55513299  0.45166247  0.0306341  -0.02404351 -0.01356416]]
[[ 0.35672309  0.55560152  0.45294255  0.03061322 -0.02409491 -0.01354047]]
[[ 0.35794179  0.55648075  0.45408396  0.03061245 -0.0241008  -0.01352626]]
[[ 0.35969993  0.55635339  0.45525166  0.03060026 -0.0241306  -0.01351862]]
[[ 0.36095523  0.555717    0.45779864  0.03059627 -0.02410724 -0.01349967]]
[[ 0.36277173  0.55589355  0.46228713  0.03052091 -0.02409318 -0.013469  ]]
[[ 0.36405625  0.55669731  0.46200309  0.03052423 -0.02409425 -0.01347171]]
[[ 0.3638542   0.55666578  0.46449603  0.03051812 -0.02409383 -0.01345977]]
[[ 0.36580381  0.55553159  0.46515752  0.0305272  -0.02407021 -0.01345531]]
[[ 0.36602497  0.55544231  0.46580468  0.03053295 -0.02408341 -0.01350162]]
[[ 0.36547658  0.55759059  0.4647262   0.03051276 -0.0240799  -0.01339613]]
[[ 0.36594749  0.56021015  0.46476713  0.03047543 -0.02407233 -0.01342408]]
[[ 0.36874733  0.56128885  0.46550182  0.03045614 -0.02409828 -0.01340004]]
[[ 0.36935105  0.56242442  0.46909664  0.03048799 -0.02411893 -0.01343907]]
[[ 0.37169298  0.56320003  0.47128493  0.03045165 -0.02414095 -0.01341401]]
[[ 0.37051838  0.56247507  0.47239694  0.03048993 -0.0241728  -0.01342347]]
[[ 0.37337312  0.56344284  0.4732615   0.03048986 -0.02418909 -0.01338772]]
[[ 0.3742223   0.56222855  0.47620566  0.03050509 -0.02421399 -0.01338174]]
[[ 0.37585412  0.56376447  0.48025304  0.03051416 -0.02418622 -0.01341779]]
[[ 0.37705285  0.56435156  0.48184561  0.03053696 -0.02417029 -0.01343625]]
[[ 0.37739428  0.56677872  0.47952752  0.03054148 -0.02419353 -0.01338767]]
[[ 0.37797764  0.56543093  0.48211073  0.03051263 -0.02421287 -0.01337722]]
[[ 0.38043468  0.56571595  0.48619581  0.0305042  -0.02419943 -0.01337318]]
[[ 0.38129852  0.56468236  0.48740599  0.03051141 -0.02420746 -0.01335943]]
[[ 0.38304011  0.56311951  0.48995349  0.03053152 -0.02423527 -0.01337496]]
[[ 0.3846694   0.56196254  0.49033104  0.03051781 -0.02420007 -0.01340229]]
[[ 0.38571852  0.56351677  0.49088216  0.03051328 -0.024217   -0.01339615]]
[[ 0.38564274  0.56138138  0.49367001  0.03048986 -0.02424006 -0.01333476]]
[[ 0.384657    0.56209941  0.49400149  0.03041525 -0.02427836 -0.01334847]]
[[ 0.3864302   0.56219609  0.49240852  0.03038977 -0.02425395 -0.01337497]]
[[ 0.38746937  0.56288451  0.49188816  0.03034468 -0.02421095 -0.01337831]]
[[ 0.38735054  0.56376638  0.49203511  0.03032658 -0.02420329 -0.01333039]]
[[ 0.38758592  0.56181261  0.49512561  0.03034032 -0.02418835 -0.01327451]]
[[ 0.38766821  0.56178095  0.49506552  0.0303113  -0.02420264 -0.01328148]]
[[ 0.38802945  0.55951397  0.49826161  0.0302961  -0.0241484  -0.01329734]]
[[ 0.38714481  0.5614957   0.49784533  0.03028599 -0.02415654 -0.01330412]]
[[ 0.38859713  0.5600296   0.49806645  0.03030106 -0.02411522 -0.01332426]]
[[ 0.3897919   0.56011604  0.49892052  0.03032874 -0.02409678 -0.01335807]]
[[ 0.38999785  0.56261707  0.49828493  0.03026301 -0.02409056 -0.01336099]]
[[ 0.39121229  0.56404549  0.4996786   0.03027752 -0.02407472 -0.0133444 ]]
[[ 0.39095427  0.56328679  0.50231473  0.03027372 -0.02405533 -0.01333908]]
[[ 0.39041603  0.56282534  0.50250407  0.03027249 -0.02405464 -0.01335492]]
[[ 0.39158431  0.5629124   0.50659092  0.0302581  -0.02405568 -0.01341532]]
[[ 0.3909231   0.56183782  0.50814012  0.03024233 -0.02404    -0.01339062]]
[[ 0.39292112  0.5622799   0.50976621  0.03026334 -0.02403341 -0.01336829]]
[[ 0.39304862  0.56256947  0.50986636  0.03027554 -0.02403261 -0.01330922]]
[[ 0.39478089  0.56337096  0.51175887  0.03024882 -0.02399526 -0.01328391]]
[[ 0.39345543  0.56580706  0.51268129  0.03025479 -0.0239785  -0.0132866 ]]
[[ 0.39129485  0.56512564  0.51701696  0.03024747 -0.02397197 -0.01327763]]
[[ 0.39164716  0.56195527  0.52019765  0.03024753 -0.02400253 -0.01327468]]
[[ 0.39147847  0.56141094  0.521878    0.03021854 -0.02396737 -0.01329193]]
[[ 0.39033286  0.56059244  0.5226769   0.0302458  -0.02396434 -0.01331402]]
[[ 0.39092225  0.56202111  0.52351696  0.03026112 -0.02394015 -0.01330421]]
[[ 0.39024968  0.56224322  0.52526871  0.03023537 -0.0239326  -0.01333748]]
[[ 0.3910407   0.56034614  0.52650572  0.03025322 -0.02393888 -0.01331421]]
[[ 0.3914411   0.56107325  0.52836251  0.030281   -0.02396927 -0.01333134]]
[[ 0.39110768  0.56209488  0.53109349  0.03028218 -0.02397935 -0.01332603]]
[[ 0.39068919  0.56177968  0.53299448  0.03030936 -0.02396363 -0.01329494]]
[[ 0.38850034  0.56081788  0.53445153  0.03030312 -0.02400956 -0.01323078]]
[[ 0.38730243  0.5613044   0.53922717  0.03027996 -0.0240206  -0.01329739]]
[[ 0.38468812  0.5611085   0.5412088   0.0302354  -0.02399682 -0.01329409]]
[[ 0.38617595  0.56005121  0.54448203  0.03026542 -0.0239826  -0.01335138]]
[[ 0.38373628  0.56044731  0.54722627  0.03024213 -0.02403541 -0.01339502]]
[[ 0.3839501   0.55898865  0.54802936  0.03020638 -0.02405388 -0.01342397]]
[[ 0.38405144  0.55870155  0.55226299  0.03022341 -0.02405937 -0.01341137]]
[[ 0.38572976  0.56108657  0.5536858   0.03021978 -0.02402562 -0.01335438]]
[[ 0.38433645  0.55940245  0.5548619   0.03022146 -0.0240671  -0.01337306]]
[[ 0.38512032  0.56239303  0.55717068  0.03020795 -0.02407538 -0.0134155 ]]
[[ 0.38549201  0.56344433  0.55840983  0.03024855 -0.02407705 -0.01340384]]
[[ 0.3843981   0.5627585   0.55920908  0.03028456 -0.02408623 -0.01343603]]
[[ 0.38484257  0.56147641  0.56048155  0.03031914 -0.02406437 -0.01342705]]
[[ 0.3871206   0.55993302  0.56143289  0.0303464  -0.02403315 -0.013398  ]]
[[ 0.38720025  0.56080268  0.560829    0.03035341 -0.02401714 -0.01340549]]
[[ 0.38636169  0.56103162  0.56141367  0.03034772 -0.02401994 -0.01344212]]
[[ 0.38722746  0.56099817  0.56248735  0.03040445 -0.02402521 -0.01344663]]
[[ 0.38852824  0.56346356  0.56445786  0.03039762 -0.02397696 -0.0134519 ]]
[[ 0.38845478  0.56486312  0.56532099  0.03043153 -0.02397345 -0.01350031]]
[[ 0.39042548  0.56420283  0.56651674  0.03047237 -0.0239351  -0.01350624]]
[[ 0.39363765  0.56569857  0.56807753  0.03052659 -0.02390593 -0.01346359]]
[[ 0.39311955  0.5648803   0.57146109  0.03056576 -0.02394185 -0.0135077 ]]
[[ 0.39307147  0.56359457  0.5721675   0.03062257 -0.02395061 -0.0134927 ]]
[[ 0.39299161  0.56454825  0.57119218  0.03064086 -0.02395291 -0.0134548 ]]
[[ 0.39309042  0.56528587  0.57279167  0.03065543 -0.02394139 -0.01351114]]
[[ 0.39579671  0.56521465  0.57056153  0.03070775 -0.0239174  -0.01350415]]
[[ 0.39280054  0.56595018  0.57239185  0.0306717  -0.02398094 -0.01355671]]
[[ 0.39188041  0.56523781  0.574432    0.03067761 -0.02395846 -0.01357469]]
[[ 0.39182188  0.56616     0.57412443  0.03069898 -0.02396002 -0.01354057]]
[[ 0.39162759  0.56535041  0.57400211  0.03072272 -0.02394348 -0.01356961]]
[[ 0.39156019  0.56609997  0.57644624  0.03077498 -0.02393719 -0.01351993]]
[[ 0.39184379  0.56667144  0.57803659  0.03077552 -0.02394518 -0.01360538]]
[[ 0.39209188  0.56635061  0.58108968  0.03078421 -0.02391993 -0.01367388]]
[[ 0.3891443   0.56813098  0.5843799   0.03072498 -0.02397986 -0.01366551]]
[[ 0.38846681  0.56771716  0.59070928  0.0306932  -0.02396827 -0.01371514]]
[[ 0.38884657  0.56745726  0.59226392  0.03070217 -0.02394386 -0.01372251]]
[[ 0.39148507  0.568213    0.59319335  0.0307727  -0.02394366 -0.01373861]]
[[ 0.39294032  0.56622305  0.59314737  0.03080047 -0.02387831 -0.01373065]]
[[ 0.39577229  0.56540435  0.59496138  0.03079771 -0.02382907 -0.01370854]]
[[ 0.39594659  0.56587423  0.59780442  0.03081282 -0.02381521 -0.01368595]]
[[ 0.39679267  0.56428213  0.60124736  0.03083314 -0.02381568 -0.01373775]]
[[ 0.39869292  0.56279613  0.60317191  0.03088135 -0.02372932 -0.01370362]]
[[ 0.3962411   0.56260933  0.60654753  0.03088832 -0.02380371 -0.01369182]]
[[ 0.39750065  0.56160039  0.60922879  0.03091308 -0.02381957 -0.01368867]]
[[ 0.39822369  0.56186514  0.61044792  0.03092459 -0.02376467 -0.0136864 ]]
[[ 0.39993211  0.56135126  0.61036626  0.03092457 -0.0237178  -0.01369591]]
[[ 0.40095627  0.5618247   0.61307134  0.03093029 -0.02378274 -0.01371599]]
[[ 0.39923147  0.56381451  0.61229229  0.03091285 -0.02384102 -0.01371271]]
[[ 0.40093536  0.56178331  0.61585486  0.03095287 -0.02386779 -0.0136694 ]]
[[ 0.40185942  0.5613534   0.61762366  0.03098803 -0.02385946 -0.01369229]]
[[ 0.40243151  0.56193555  0.61727504  0.03101379 -0.02386263 -0.01368563]]
[[ 0.40323144  0.56251648  0.61883114  0.03102879 -0.02386952 -0.01367823]]
[[ 0.40224603  0.56307795  0.62009944  0.03101895 -0.02381179 -0.01364386]]
[[ 0.40239258  0.56334368  0.62244239  0.03099786 -0.02380002 -0.01364293]]
[[ 0.40266663  0.56288428  0.62420582  0.03098029 -0.02383886 -0.01355656]]
[[ 0.40421694  0.56281436  0.62697156  0.03100579 -0.0238664  -0.01355303]]
[[ 0.40501831  0.56506367  0.63098075  0.03097183 -0.02384393 -0.01353688]]
[[ 0.40507411  0.56502276  0.63311864  0.03091106 -0.02385169 -0.01352425]]
[[ 0.40366442  0.5633903   0.6356438   0.03091109 -0.02385332 -0.01358844]]
[[ 0.40536667  0.56322257  0.6371488   0.0308924  -0.02384604 -0.01358602]]
[[ 0.40657772  0.56292907  0.63790562  0.03091248 -0.02384379 -0.01361418]]
[[ 0.40723624  0.56155556  0.64002956  0.03090837 -0.02383622 -0.01360838]]
[[ 0.40636904  0.56192684  0.6419952   0.03088721 -0.02383345 -0.01362012]]
[[ 0.4060989   0.5608497   0.6434287   0.03088865 -0.02383432 -0.0136705 ]]
[[ 0.40743949  0.56008406  0.64458926  0.03088767 -0.02380532 -0.01362608]]
[[ 0.40750384  0.5596659   0.64630177  0.03085192 -0.02379345 -0.01366141]]
[[ 0.40446154  0.56100614  0.64761259  0.03084531 -0.02383107 -0.01367409]]
[[ 0.40426094  0.56200315  0.64717696  0.03081239 -0.02378233 -0.0136519 ]]
[[ 0.4038461   0.56142018  0.64751607  0.03079988 -0.02378001 -0.01361703]]
[[ 0.40200369  0.56262683  0.64887712  0.03078821 -0.0237598  -0.01366966]]
[[ 0.40284483  0.56126315  0.64829473  0.03081105 -0.02371478 -0.01366388]]
[[ 0.40476191  0.55972744  0.64810967  0.03082458 -0.02367077 -0.01370279]]
[[ 0.40629993  0.55956201  0.64789511  0.03085261 -0.02362134 -0.0136762 ]]
[[ 0.40910574  0.5600236   0.64752856  0.03082122 -0.02354512 -0.01373116]]
[[ 0.41113493  0.56026081  0.64735431  0.03085122 -0.02353753 -0.01374245]]
[[ 0.41215058  0.55971331  0.6473604   0.03084338 -0.02354748 -0.01379075]]
[[ 0.41204001  0.56036861  0.64633108  0.03082474 -0.02352417 -0.01377622]]
[[ 0.41261093  0.56069362  0.64657764  0.03081388 -0.02351669 -0.01375193]]
[[ 0.41467202  0.55998248  0.65004607  0.03078949 -0.02348103 -0.0137256 ]]
[[ 0.41843629  0.56015054  0.64986211  0.03079594 -0.02340788 -0.01364024]]
[[ 0.41797252  0.55865269  0.65204094  0.03077987 -0.02341361 -0.01363764]]
[[ 0.41851887  0.55861292  0.65242384  0.03080972 -0.02344538 -0.01366193]]
[[ 0.41815416  0.55812002  0.65596218  0.03078647 -0.02341799 -0.0136243 ]]
[[ 0.41805732  0.55827884  0.65638879  0.03079814 -0.02339606 -0.01359832]]
[[ 0.41805995  0.55804154  0.65679504  0.03077456 -0.02338526 -0.01356749]]
[[ 0.41847399  0.55783022  0.658422    0.03077923 -0.02335722 -0.01354498]]
[[ 0.4175434   0.5582023   0.66132725  0.03076319 -0.02334962 -0.01357539]]
[[ 0.41674826  0.55798281  0.6633213   0.03076091 -0.02333687 -0.01354773]]
[[ 0.41627953  0.5578401   0.66609565  0.03083657 -0.02333208 -0.01354925]]
[[ 0.41562019  0.55938501  0.66764481  0.03079409 -0.02334891 -0.01351685]]
[[ 0.41787988  0.55949643  0.66947478  0.0307945  -0.02332218 -0.01343935]]
[[ 0.41823553  0.5592116   0.67207995  0.03083151 -0.02328368 -0.01346244]]
[[ 0.41736268  0.5580339   0.67610972  0.03077198 -0.02328043 -0.01349708]]
[[ 0.41801609  0.56062642  0.67799502  0.03071071 -0.02326871 -0.01348843]]
[[ 0.41817254  0.56138071  0.6798487   0.03068552 -0.02322387 -0.01349083]]
[[ 0.41665708  0.56056425  0.68001012  0.03071741 -0.02323778 -0.0135089 ]]
[[ 0.41728711  0.55886927  0.68243677  0.03074941 -0.02324811 -0.0134974 ]]
[[ 0.41846859  0.55940862  0.6830375   0.03077781 -0.02316997 -0.01355979]]
[[ 0.42076517  0.55819763  0.68474414  0.03076604 -0.02311272 -0.01358336]]
[[ 0.42212674  0.55858445  0.68568119  0.03071422 -0.02307366 -0.01354623]]
[[ 0.41932601  0.5594673   0.68739634  0.03071306 -0.02311118 -0.01351763]]
[[ 0.4177703   0.56032126  0.69084704  0.03070547 -0.02310428 -0.01356802]]
[[ 0.41885884  0.55924947  0.6935329   0.03072843 -0.02308089 -0.01355866]]
[[ 0.41834947  0.56011205  0.69499871  0.03074663 -0.02306857 -0.01359435]]
[[ 0.41962885  0.55965597  0.69695878  0.03075991 -0.02306778 -0.01362447]]
[[ 0.42125469  0.56081618  0.69702933  0.03074341 -0.02302734 -0.01358264]]
[[ 0.42210486  0.56040267  0.69915273  0.030718   -0.02301223 -0.01356596]]
[[ 0.42061661  0.55988466  0.69945954  0.0307157  -0.02300964 -0.01349563]]
[[ 0.4214773   0.55789839  0.70090563  0.0307442  -0.02296532 -0.01348191]]
[[ 0.422502    0.55652869  0.70119963  0.03075081 -0.02290351 -0.01346594]]
[[ 0.42258413  0.55788155  0.70349466  0.03072577 -0.02287795 -0.01340197]]
[[ 0.42382671  0.55708953  0.70283443  0.03073716 -0.02282797 -0.01342165]]
[[ 0.42287673  0.55886248  0.70555666  0.03072075 -0.02282176 -0.01349185]]
[[ 0.42205441  0.56016424  0.70767859  0.03071723 -0.02281274 -0.01346267]]
[[ 0.42234332  0.55899452  0.70962626  0.03072065 -0.02283351 -0.01341178]]
[[ 0.42286301  0.56123011  0.71133378  0.03069837 -0.02283329 -0.01339421]]
[[ 0.42228516  0.56066168  0.71353549  0.03070585 -0.02285517 -0.01346521]]
[[ 0.42472785  0.55910415  0.71512199  0.0307249  -0.02278547 -0.01345168]]
[[ 0.4242216   0.56051969  0.7167159   0.03068244 -0.02276454 -0.01338774]]
[[ 0.42455601  0.56108525  0.71899437  0.03068222 -0.02272538 -0.01338138]]
[[ 0.42376745  0.56181878  0.72153564  0.0306886  -0.02278663 -0.01331302]]
[[ 0.42303257  0.56040965  0.72376219  0.0307598  -0.0227857  -0.01335875]]
[[ 0.42292439  0.56026967  0.72643609  0.03077339 -0.02283074 -0.01334504]]
[[ 0.42165771  0.55940232  0.72693978  0.0307994  -0.02281202 -0.01331053]]
[[ 0.420197    0.55809598  0.73089083  0.03082949 -0.02284192 -0.01323234]]
[[ 0.41977589  0.55717643  0.73287522  0.03086071 -0.02285404 -0.01323051]]
[[ 0.42042839  0.55824209  0.73437981  0.03083184 -0.02288274 -0.01323512]]
[[ 0.42101992  0.55747653  0.73760655  0.03085393 -0.02285892 -0.01330214]]
[[ 0.42235179  0.55749008  0.7367865   0.0308728  -0.02287198 -0.0132853 ]]
[[ 0.42231523  0.55617133  0.73793297  0.03087862 -0.02286153 -0.01332063]]
[[ 0.42276777  0.55928344  0.73871848  0.03084285 -0.02284267 -0.01327987]]
[[ 0.42528417  0.55998948  0.7401538   0.03085589 -0.02280317 -0.01326555]]
[[ 0.42611972  0.55994748  0.74169632  0.03090596 -0.02279085 -0.01329048]]
[[ 0.42616256  0.55749301  0.7428119   0.03094525 -0.02279083 -0.01328261]]
[[ 0.42662519  0.55901962  0.74385289  0.03094473 -0.02280969 -0.01327494]]
[[ 0.42704231  0.55817983  0.74635114  0.0309512  -0.0227885  -0.01329169]]
[[ 0.42858512  0.55784274  0.74741079  0.03095237 -0.02275628 -0.01330748]]
[[ 0.4286106   0.55791833  0.74972231  0.03096836 -0.02277366 -0.01328647]]
[[ 0.43048426  0.55862028  0.75107303  0.03096848 -0.02278152 -0.01331274]]
[[ 0.43002141  0.55817023  0.75171674  0.03098627 -0.02281846 -0.01330357]]
[[ 0.43118768  0.55827114  0.75324361  0.03096985 -0.02287376 -0.01338616]]
[[ 0.43248222  0.5588173   0.75285176  0.03097878 -0.02285843 -0.01337622]]
[[ 0.43237473  0.55913502  0.75544547  0.03095232 -0.0228997  -0.013381  ]]
[[ 0.43358479  0.55979644  0.75735471  0.03093791 -0.02293724 -0.01344894]]
[[ 0.43620953  0.55941879  0.75927438  0.03100169 -0.0229351  -0.01343359]]
[[ 0.4365699   0.55834199  0.76436824  0.03098938 -0.02300707 -0.01338563]]
[[ 0.43739115  0.55588007  0.76544407  0.03101018 -0.02302397 -0.01341478]]
[[ 0.438165    0.5545975   0.76625098  0.03102638 -0.02303082 -0.01344382]]
[[ 0.44104331  0.55515926  0.76666381  0.03106409 -0.02301815 -0.013473  ]]
[[ 0.4426068   0.55366052  0.76681954  0.03109189 -0.02303502 -0.01351082]]
[[ 0.44351145  0.55450404  0.76852835  0.03112326 -0.02300772 -0.01353497]]
[[ 0.44323975  0.55341314  0.76988945  0.0311413  -0.02301446 -0.01354829]]
[[ 0.44373202  0.55578607  0.7704845   0.03115293 -0.0230162  -0.01350703]]
[[ 0.44484816  0.55535455  0.77161396  0.03118416 -0.02306951 -0.01350651]]
[[ 0.4442586   0.55389409  0.77433023  0.03124516 -0.02307199 -0.01357575]]
[[ 0.445043    0.55322262  0.77527829  0.03126314 -0.02304102 -0.01359641]]
[[ 0.44538692  0.55398914  0.77524093  0.03127235 -0.02305203 -0.01355047]]
[[ 0.44616136  0.55194148  0.77477935  0.03132976 -0.02303746 -0.01355423]]
[[ 0.4471661   0.55351642  0.77562734  0.03133841 -0.02302986 -0.01362702]]
[[ 0.44680962  0.55216845  0.77696502  0.03133925 -0.02300227 -0.01370096]]
[[ 0.44761346  0.55191445  0.7799749   0.03136408 -0.02299097 -0.0136369 ]]
[[ 0.44816066  0.55184414  0.78057835  0.03138561 -0.02298631 -0.01357319]]
[[ 0.45059118  0.55200337  0.78194382  0.0313977  -0.02296655 -0.01357014]]
[[ 0.45051297  0.55225767  0.7831446   0.0313957  -0.02294838 -0.01360015]]
[[ 0.44980378  0.55376267  0.78322415  0.03138544 -0.0229497  -0.01361508]]
[[ 0.4485458   0.55345739  0.7833216   0.03139482 -0.02294432 -0.01354453]]
[[ 0.44869743  0.55084389  0.7854381   0.03140229 -0.02292032 -0.01355959]]
[[ 0.44745974  0.55132353  0.78518205  0.03138398 -0.02289877 -0.01359989]]
[[ 0.4482668   0.55330838  0.78643321  0.03137561 -0.02288656 -0.0136121 ]]
[[ 0.44964083  0.55237744  0.78573479  0.03140015 -0.02285322 -0.01360096]]
[[ 0.45038239  0.55359567  0.78599855  0.0313703  -0.02284356 -0.01359076]]
[[ 0.45209915  0.55612794  0.78843766  0.03133039 -0.02285266 -0.01361329]]
[[ 0.45124661  0.55733953  0.78894603  0.03135048 -0.02288079 -0.01355392]]
[[ 0.45190128  0.5565163   0.79202433  0.03135392 -0.02287617 -0.01356142]]
[[ 0.45300358  0.55756663  0.79304353  0.03133021 -0.02285007 -0.01346729]]
[[ 0.45487184  0.55672189  0.79472578  0.03133152 -0.02286023 -0.01350026]]
[[ 0.45447581  0.5570909   0.79681014  0.03133267 -0.0229086  -0.01339289]]
[[ 0.45608384  0.55594699  0.79970642  0.0313122  -0.02289738 -0.01342383]]
[[ 0.45238167  0.55622344  0.80375628  0.03133101 -0.02296003 -0.01344028]]
[[ 0.45283131  0.55622446  0.80446746  0.031322   -0.02297836 -0.01345343]]
[[ 0.45223416  0.55540134  0.80279636  0.03134301 -0.02297727 -0.01342644]]
[[ 0.45289589  0.55539823  0.80638209  0.0313932  -0.02302671 -0.01344931]]
[[ 0.45332787  0.55449545  0.80773198  0.03140842 -0.02300934 -0.01341585]]
[[ 0.45189972  0.55578405  0.80812665  0.03140948 -0.02305716 -0.01344726]]
[[ 0.45324013  0.55522133  0.8082869   0.03141019 -0.02305316 -0.01341855]]
[[ 0.45368826  0.55549304  0.81104733  0.03141907 -0.02310331 -0.01333574]]
[[ 0.4550738   0.55417135  0.81164163  0.03146256 -0.02306302 -0.01333855]]
[[ 0.45582685  0.55581522  0.81136788  0.03145046 -0.02307281 -0.01335168]]
[[ 0.45614781  0.55536483  0.80912265  0.03145426 -0.02301093 -0.01340429]]
[[ 0.45620062  0.55564519  0.80896357  0.03145533 -0.02301306 -0.01339249]]
[[ 0.45613313  0.55455103  0.80996136  0.03144476 -0.02309482 -0.01345448]]
[[ 0.457412    0.55645345  0.80980922  0.03139633 -0.02307917 -0.01348279]]
[[ 0.45787549  0.55541885  0.81157098  0.0313495  -0.02305446 -0.01343416]]
[[ 0.46186609  0.55507988  0.81369997  0.03130779 -0.02300411 -0.01342834]]
[[ 0.4633833   0.55541864  0.81656219  0.03127069 -0.0229908  -0.01334883]]
[[ 0.4654247   0.55720932  0.81778156  0.03124426 -0.02298669 -0.01335548]]
[[ 0.46543709  0.55684811  0.81918672  0.03122016 -0.02303053 -0.01333239]]
[[ 0.46582795  0.55738571  0.82170166  0.0311921  -0.02306794 -0.01329578]]
[[ 0.46677325  0.55693465  0.82165472  0.03119766 -0.02306594 -0.01332226]]
[[ 0.46789384  0.55698646  0.82299356  0.03122714 -0.0230801  -0.01336948]]
[[ 0.46723193  0.55891119  0.82562943  0.0311829  -0.02307154 -0.01338503]]
[[ 0.46873894  0.55790952  0.8253959   0.03114686 -0.02306011 -0.01338204]]
[[ 0.47031346  0.56012588  0.82942965  0.03109949 -0.02308537 -0.0133185 ]]
[[ 0.4689139   0.56244753  0.83382745  0.03104034 -0.02312406 -0.01334112]]
[[ 0.46921208  0.56341064  0.83486119  0.03096597 -0.02312706 -0.01333403]]
[[ 0.47020954  0.56472853  0.83691522  0.03095936 -0.0231893  -0.01325755]]
[[ 0.47141593  0.56457737  0.83868787  0.03093002 -0.02318472 -0.01325211]]
[[ 0.4705301   0.56311634  0.83955152  0.03089109 -0.02318326 -0.01320419]]
[[ 0.47013196  0.56174395  0.84297862  0.0308377  -0.02324788 -0.01322245]]
[[ 0.47140977  0.56334381  0.84472944  0.03083712 -0.02325858 -0.01324178]]
[[ 0.47313915  0.56499006  0.84728016  0.03084805 -0.02321836 -0.01321448]]
[[ 0.47282574  0.5674068   0.84804087  0.03079625 -0.02325051 -0.01326278]]
[[ 0.47354933  0.56698123  0.84901044  0.03081612 -0.0232125  -0.01327191]]
[[ 0.47079589  0.56632484  0.85124866  0.03080345 -0.0232804  -0.01326556]]
[[ 0.47105823  0.56349741  0.85261698  0.0307696  -0.02328905 -0.01325878]]
[[ 0.47046903  0.56492325  0.85403981  0.03075094 -0.02331585 -0.01329286]]
[[ 0.46908693  0.56355283  0.85363669  0.03072859 -0.02337595 -0.01326899]]
[[ 0.46963344  0.5652208   0.8547181   0.0306985  -0.02337292 -0.01323296]]
[[ 0.47272919  0.56637159  0.85641477  0.03070301 -0.02335832 -0.01330183]]
[[ 0.47211416  0.56572115  0.85637235  0.03070064 -0.02335599 -0.01328129]]
[[ 0.47117218  0.56753924  0.86124499  0.03061865 -0.02339743 -0.0133485 ]]
[[ 0.47021953  0.56933346  0.86359949  0.0305987  -0.02343037 -0.01343038]]
[[ 0.46752584  0.57001652  0.86511034  0.03059004 -0.02344176 -0.01346466]]
[[ 0.46949963  0.57009341  0.86585625  0.03055671 -0.02342244 -0.01343329]]
[[ 0.47112515  0.56947173  0.86630503  0.03059148 -0.02337787 -0.01346558]]
[[ 0.47280898  0.56921292  0.86586856  0.03062318 -0.02335747 -0.01343068]]
[[ 0.47213176  0.57026264  0.8679515   0.03059227 -0.02337343 -0.01342215]]
[[ 0.47150636  0.57105174  0.86821902  0.03057585 -0.02333708 -0.01346987]]
[[ 0.47366169  0.56994226  0.86751838  0.03061063 -0.02337939 -0.01349949]]
[[ 0.47388931  0.57084884  0.86890562  0.03059683 -0.02336967 -0.01348463]]
[[ 0.47373814  0.571615    0.87141443  0.0305925  -0.02337885 -0.01349797]]
[[ 0.47400613  0.57156721  0.87141454  0.0306158  -0.02335346 -0.01350461]]
[[ 0.47305452  0.5716001   0.87142396  0.03061218 -0.02338193 -0.01349125]]
[[ 0.47559832  0.57333496  0.86976289  0.03065911 -0.02340327 -0.01353388]]
[[ 0.47628047  0.5729486   0.86974754  0.03068358 -0.02336345 -0.01359551]]
[[ 0.4748639   0.57164412  0.87104223  0.03071495 -0.02334139 -0.01363882]]
[[ 0.47491384  0.57286374  0.87271874  0.03071182 -0.02335978 -0.01368522]]
[[ 0.4753578   0.57315855  0.87398692  0.03073279 -0.02337475 -0.01368044]]
[[ 0.4738757   0.57410741  0.87398305  0.03070592 -0.02339659 -0.01366128]]
[[ 0.47447204  0.5750667   0.87401908  0.0307364  -0.02335353 -0.01365163]]
[[ 0.47569667  0.57674429  0.87651806  0.03075563 -0.02336514 -0.01369164]]
[[ 0.47657042  0.57590538  0.87952554  0.030772   -0.02332299 -0.01376548]]
[[ 0.47687297  0.57610654  0.87925229  0.03078951 -0.0233019  -0.01379173]]
[[ 0.47929432  0.57742457  0.88012027  0.03079119 -0.02329889 -0.01381403]]
