[[0. 0. 0. 0. 0. 0.]]
[[-0.00405133 -0.00086028  0.02297965 -0.00018164  0.00162869 -0.00039067]]
[[-0.00664535 -0.00099048  0.01747807  0.00067449  0.00308556 -0.00038939]]
[[-0.00664429 -0.00098988  0.0174785   0.0006745   0.00308554 -0.00038952]]
[[-0.0066445  -0.00099047  0.01747839  0.00067451  0.00308556 -0.00038941]]
[[-0.00664463 -0.00098946  0.0174784   0.00067455  0.00308553 -0.00038957]]
[[-0.00664482 -0.00099088  0.01747825  0.00067448  0.00308557 -0.00038934]]
[[-0.00664423 -0.00099029  0.0174785   0.00067432  0.00308558 -0.00038952]]
[[-0.00664427 -0.0009893   0.01747854  0.00067447  0.00308554 -0.00038964]]
[[-0.00664482 -0.00098947  0.01747833  0.00067451  0.00308553 -0.00038957]]
[[-0.00664515 -0.00098981  0.01747818  0.00067452  0.00308554 -0.0003895 ]]
[[-0.0066452  -0.00099017  0.01747814  0.00067445  0.00308556 -0.00038946]]
[[-0.00664431 -0.0009904   0.01747847  0.00067436  0.00308558 -0.00038948]]
[[-0.0066446  -0.00098897  0.01747844  0.00067447  0.00308553 -0.00038969]]
[[-0.00664461 -0.00099028  0.01747836  0.00067447  0.00308556 -0.00038945]]
[[-0.00664452 -0.00099024  0.0174784   0.0006744   0.00308557 -0.00038949]]
[[-0.00664543 -0.0009906   0.01747803  0.00067453  0.00308556 -0.00038935]]
[[-0.00664478 -0.00099037  0.01747829  0.0006744   0.00308557 -0.00038946]]
