[[ 2.07161320e-03  2.50399474e-03  8.18185175e-03 -5.10209807e-05
  -2.97264486e-05 -2.20725573e-05]]
[[ 3.60341242e-03  3.78720844e-03  1.44770573e-02 -7.65815828e-05
   1.57711603e-04  2.97877741e-05]]
[[ 1.20803621e-03  3.02930608e-03  1.76666364e-02 -1.24018391e-04
   5.02658366e-04  3.06758258e-05]]
[[ 5.34340207e-03  3.77497209e-03  1.99338627e-02 -9.72228549e-05
   3.70346553e-04  4.83853991e-05]]
[[ 0.00441647  0.00382152  0.02513797 -0.00024356  0.00026128  0.00010525]]
[[ 2.98231895e-03  6.24748224e-03  2.35940379e-02 -3.42092779e-05
   5.44873405e-04  1.03158606e-04]]
[[2.16164352e-03 6.87033208e-03 2.48687104e-02 2.25605192e-05
  1.27236129e-04 8.06845111e-05]]
[[ 3.17773392e-03  6.46646078e-03  3.24614279e-02 -2.07270056e-04
   1.04181623e-04  5.49846642e-05]]
[[-5.90376492e-04  4.87401832e-03  3.59616012e-02 -1.96069520e-04
   7.90834556e-04  2.73577934e-05]]
[[ 4.27432600e-03  1.08843493e-02  3.37698049e-02 -5.20014506e-05
   1.63358255e-04  7.14137925e-05]]
[[ 6.32777051e-03  1.44881695e-02  3.30784370e-02 -4.52894531e-05
  -1.43343526e-04  8.67611604e-05]]
[[ 2.54982017e-03  9.92621386e-03  4.17822943e-02 -2.43348398e-04
   5.64724090e-04  4.57958471e-05]]
[[ 6.47074004e-04  1.05736157e-02  4.16332376e-02 -1.28162390e-04
   5.88361735e-04  4.10593501e-05]]
[[ 8.55839714e-03  1.56037428e-02  3.70574868e-02  6.69706023e-05
  -2.75576071e-04  9.22971692e-05]]
[[ 7.88191438e-03  1.25847587e-02  4.53895805e-02 -1.26415241e-04
   4.95736422e-05  2.93196318e-05]]
[[ 3.70784279e-03  1.04143249e-02  5.31110879e-02 -2.31048989e-04
   9.76759742e-04  1.03329831e-05]]
[[ 7.32599838e-03  1.34472517e-02  4.90794782e-02 -6.16773980e-05
   3.10042293e-04  6.33693525e-05]]
[[ 1.11833943e-02  1.39818084e-02  4.78365505e-02 -9.43560083e-06
  -1.12815086e-04  1.17037284e-04]]
[[ 4.22051178e-03  1.21309254e-02  5.45706199e-02 -1.25332616e-04
   6.05716696e-04  8.99111780e-05]]
[[ 5.96801040e-03  1.25990557e-02  5.74638427e-02 -1.66235756e-04
   6.24917630e-04  6.02795870e-05]]
[[ 1.05271965e-02  1.52154490e-02  5.38522651e-02  2.69133787e-05
  -1.68728346e-05  1.07782083e-04]]
[[ 8.16407252e-03  1.43385241e-02  5.65970597e-02 -1.80461187e-05
   1.11163483e-04  1.28366731e-04]]
[[ 3.43300263e-03  1.24847374e-02  6.03453323e-02 -1.03358641e-04
   5.97455085e-04  2.86428560e-05]]
[[ 7.79435862e-03  1.47381277e-02  5.89650238e-02 -7.85712955e-05
   2.68607089e-04  3.59274727e-05]]
[[ 1.08271662e-02  1.68167275e-02  5.89740391e-02 -4.80915209e-05
   8.57962327e-07  1.02657048e-04]]
[[7.59632234e-03 1.84006695e-02 6.02145835e-02 4.62563666e-05
  2.04074891e-04 1.67567065e-05]]
[[ 6.30393702e-03  1.55551829e-02  6.28768372e-02 -8.42456204e-05
   3.74827712e-04  3.14036913e-06]]
[[ 5.68678898e-03  1.65010583e-02  6.67831132e-02 -1.69608227e-04
   4.06140563e-04 -3.29377115e-05]]
[[6.87297262e-03 1.98041667e-02 6.19229840e-02 4.04574416e-05
  1.15713463e-04 6.52609710e-06]]
[[ 7.69306003e-03  2.01522044e-02  6.14483012e-02  9.80504139e-05
  -8.87075475e-06  2.27470006e-05]]
[[ 3.84709745e-03  1.46283264e-02  6.87250189e-02 -6.96987137e-05
   5.88767576e-04  7.26850944e-06]]
[[ 4.54948716e-03  1.46277493e-02  7.10909269e-02 -9.52819570e-05
   4.61351099e-04  2.46274583e-05]]
[[ 8.89092645e-03  2.01626170e-02  6.54579676e-02  1.80554261e-04
  -1.48206546e-04  1.67325569e-05]]
[[6.41078741e-03 1.99801055e-02 6.91015047e-02 1.16906156e-04
  2.79612940e-05 5.11968429e-05]]
[[ 2.89651848e-03  1.72154718e-02  7.75161107e-02 -1.75831986e-04
   6.38951506e-04 -6.71460437e-06]]
[[6.77479938e-03 2.17631875e-02 7.55110817e-02 1.72213580e-05
  3.07010925e-04 8.63175350e-05]]
[[ 0.0122251   0.0245767   0.07048635  0.0002712  -0.00016647  0.00013868]]
[[9.52386630e-03 2.22440928e-02 7.99637184e-02 4.95648567e-05
  3.06587945e-04 1.27891192e-04]]
[[ 0.00645832  0.02220253  0.08663703 -0.00015446  0.00076383  0.00011402]]
[[0.0113197  0.02717472 0.08304599 0.00015482 0.00029378 0.00014559]]
[[1.29034789e-02 2.96990465e-02 8.27453738e-02 3.12208000e-04
  3.36242801e-05 1.43518544e-04]]
[[ 9.18157858e-03  2.56558563e-02  9.33031229e-02 -3.34810712e-05
   4.52199037e-04  3.88336046e-05]]
[[ 7.73262024e-03  2.60896592e-02  9.46348446e-02 -4.91592228e-05
   7.20572143e-04 -8.13370671e-06]]
[[1.18307869e-02 2.99474244e-02 8.95293521e-02 2.49136644e-04
  1.93673787e-04 4.20760821e-05]]
[[1.33126901e-02 3.00661213e-02 9.35371421e-02 1.54625614e-04
  5.46693569e-05 5.84737621e-05]]
[[ 5.81811951e-03  2.56574700e-02  9.92763308e-02 -8.06570684e-05
   6.67081797e-04  3.27919680e-05]]
[[6.54819458e-03 2.74988077e-02 9.94508252e-02 8.72580391e-05
  5.62406578e-04 6.33314710e-05]]
[[ 0.01281561  0.03066407  0.0971264   0.00019495 -0.00010828  0.00012824]]
[[8.79869551e-03 2.90126312e-02 1.04279498e-01 5.43378175e-05
  2.69878638e-04 8.81244717e-05]]
[[ 7.54231253e-03  3.02511724e-02  1.11184124e-01 -2.32106477e-06
   7.93127067e-04  6.17095530e-05]]
[[1.35328102e-02 3.24701785e-02 1.11475656e-01 1.06409280e-04
  3.23311775e-04 1.32998351e-04]]
[[0.01547129 0.03348157 0.11303944 0.0001568  0.00027026 0.00011473]]
[[1.29772190e-02 3.26522714e-02 1.17395481e-01 4.86461714e-05
  5.89569143e-04 5.86154868e-05]]
[[1.39771524e-02 3.44660960e-02 1.15378089e-01 5.68629131e-05
  4.32943762e-04 6.67630762e-05]]
[[1.52716275e-02 3.38774684e-02 1.17283379e-01 2.06921261e-05
  3.30518718e-04 5.40759923e-05]]
[[ 1.54642503e-02  3.24539868e-02  1.18881339e-01 -2.76431203e-05
   4.98574165e-04 -1.46171235e-05]]
[[1.43612964e-02 3.52019687e-02 1.17701028e-01 1.58495205e-04
  3.61104180e-04 7.19794508e-05]]
[[1.41918066e-02 3.56248201e-02 1.19078411e-01 6.20188902e-05
  1.49195880e-04 1.62994622e-04]]
[[ 1.17423037e-02  3.37749525e-02  1.27850753e-01 -7.94236252e-05
   7.52721196e-04  6.60657957e-05]]
[[1.26332666e-02 3.53749644e-02 1.24800780e-01 1.47863848e-04
  5.06384495e-04 1.00980323e-04]]
[[ 1.67025148e-02  3.91338289e-02  1.24756869e-01  1.79519706e-04
  -5.89941128e-05  1.31054836e-04]]
[[1.50048319e-02 3.82177465e-02 1.31930440e-01 4.38623037e-06
  3.78441754e-04 1.00938596e-04]]
[[ 1.29669759e-02  3.72012845e-02  1.35335233e-01 -6.80723193e-05
   8.87263478e-04  8.88407608e-05]]
[[1.89351882e-02 3.91454776e-02 1.31636281e-01 1.67257244e-04
  3.33378839e-04 9.40933809e-05]]
[[2.16622572e-02 4.11409223e-02 1.33104030e-01 1.67244515e-04
  2.18244046e-05 1.68579262e-04]]
[[ 1.40918154e-02  3.80188249e-02  1.45008419e-01 -1.24663437e-04
   6.95953113e-04  6.01771725e-05]]
[[1.51352905e-02 3.87307577e-02 1.44988768e-01 5.32987911e-05
  8.26442798e-04 4.76711654e-05]]
[[1.87794443e-02 4.33248474e-02 1.40550437e-01 2.30075984e-04
  4.87459886e-05 1.13498326e-04]]
[[1.83194216e-02 4.08210542e-02 1.45962579e-01 6.76331798e-05
  1.18780675e-04 1.50152936e-04]]
[[1.47902132e-02 3.99598501e-02 1.55194403e-01 2.24997102e-05
  1.03052186e-03 8.74669135e-05]]
[[1.81660476e-02 4.26939472e-02 1.53107561e-01 1.21547350e-04
  6.30755058e-04 2.11336930e-04]]
[[ 2.17418237e-02  4.70171571e-02  1.50534492e-01  1.75421118e-04
  -2.96634285e-06  2.54677506e-04]]
[[2.01979548e-02 4.51224845e-02 1.57714403e-01 8.09221600e-05
  5.09956265e-04 2.07877877e-04]]
[[ 1.68765080e-02  4.63973449e-02  1.61489560e-01 -5.86086919e-05
   8.79709636e-04  1.76813398e-04]]
[[2.22509202e-02 4.79078999e-02 1.57971419e-01 1.51205689e-04
  3.26228074e-04 1.99384260e-04]]
[[2.11073799e-02 4.69507808e-02 1.60681374e-01 1.12791094e-04
  2.34823782e-04 1.98617624e-04]]
[[1.62522646e-02 4.52140940e-02 1.63857100e-01 7.60708205e-05
  7.60115619e-04 1.56902758e-04]]
[[1.58634547e-02 4.48035793e-02 1.66424142e-01 2.62659654e-05
  7.27820658e-04 1.17869374e-04]]
[[2.08429191e-02 4.63662872e-02 1.61405228e-01 1.02267013e-04
  1.22186999e-04 2.16662861e-04]]
[[2.08604375e-02 4.63339278e-02 1.65464018e-01 1.77317288e-04
  4.25930284e-04 1.13212069e-04]]
[[2.10904946e-02 4.39925853e-02 1.69105225e-01 2.20913212e-05
  6.23096303e-04 1.55794641e-04]]
[[2.14415607e-02 4.43463367e-02 1.72914339e-01 7.59524273e-06
  5.12227810e-04 1.48808546e-04]]
[[0.02252864 0.04701785 0.17066094 0.00020462 0.00040848 0.00017798]]
[[0.02131265 0.04799888 0.1706018  0.00020772 0.00030237 0.00025481]]
[[ 1.93361598e-02  4.63153652e-02  1.78964638e-01 -5.08372221e-05
   5.64595690e-04  2.02220878e-04]]
[[1.82314843e-02 4.71751381e-02 1.79099318e-01 1.92625699e-05
  6.37884659e-04 2.12645516e-04]]
[[0.02170552 0.05228604 0.17398178 0.0002067  0.00026551 0.0002531 ]]
[[2.18636729e-02 5.06430607e-02 1.77144594e-01 1.26051069e-04
  1.42201436e-04 3.24191116e-04]]
[[ 1.59626267e-02  4.56556838e-02  1.86422199e-01 -1.39279522e-04
   8.31418508e-04  2.24244241e-04]]
[[2.01445285e-02 5.00722070e-02 1.83485854e-01 5.47822142e-05
  5.31400232e-04 2.48069955e-04]]
[[ 2.38264477e-02  5.44704935e-02  1.81091082e-01  2.51141065e-04
  -5.41104274e-06  2.57668170e-04]]
[[ 2.06022963e-02  4.99780129e-02  1.91185394e-01 -2.10131549e-05
   5.16524771e-04  1.69202861e-04]]
[[ 1.79637194e-02  4.95118196e-02  1.95587225e-01 -1.51617646e-04
   8.13344812e-04  1.78550568e-04]]
[[2.13538962e-02 5.49071784e-02 1.89734214e-01 2.10877253e-04
  1.58369735e-04 2.63906824e-04]]
[[2.26292035e-02 5.46632386e-02 1.89574160e-01 1.70816386e-04
  9.40116838e-05 2.47960814e-04]]
[[ 1.87561698e-02  5.09426572e-02  1.98767863e-01 -1.24065378e-04
   6.74048693e-04  2.33334827e-04]]
[[2.00074627e-02 5.20537110e-02 1.94770933e-01 1.05399779e-04
  5.91384863e-04 2.00870184e-04]]
[[2.56599058e-02 5.59644224e-02 1.94178812e-01 1.51780990e-04
  4.14033368e-05 2.78641875e-04]]
[[2.07433264e-02 5.39446995e-02 2.00281508e-01 2.88211677e-05
  4.63120950e-04 1.97932630e-04]]
[[ 2.09985912e-02  5.19410592e-02  2.04049910e-01 -5.69756175e-05
   5.52673396e-04  1.95373735e-04]]
[[2.35361522e-02 5.49047799e-02 2.00350663e-01 1.05178395e-04
  2.84638153e-04 2.42354342e-04]]
[[2.31875877e-02 5.34141036e-02 2.05344088e-01 1.66743892e-04
  3.86642220e-04 2.31661969e-04]]
[[ 2.33582125e-02  5.38297756e-02  2.09020413e-01 -9.49895968e-05
   3.48585505e-04  2.68531417e-04]]
[[2.26899505e-02 5.27133732e-02 2.14180296e-01 3.98426083e-06
  5.80935969e-04 2.19357073e-04]]
[[2.25561122e-02 5.35017753e-02 2.13328706e-01 7.00925760e-05
  6.40328845e-04 1.89942098e-04]]
[[2.69594287e-02 5.55917374e-02 2.12411902e-01 2.07045709e-05
  2.06047376e-04 2.60101518e-04]]
[[2.39166980e-02 5.74328414e-02 2.14216124e-01 3.29371421e-05
  3.25459811e-04 2.41985653e-04]]
[[2.16118604e-02 5.73711250e-02 2.18275881e-01 1.66531605e-05
  5.90185308e-04 2.23078404e-04]]
[[ 2.26434887e-02  5.78700499e-02  2.22133494e-01 -5.49335399e-05
   4.17076490e-04  1.95457177e-04]]
[[2.44592981e-02 5.72709917e-02 2.21643795e-01 5.56929904e-06
  1.90395938e-04 2.72432322e-04]]
[[2.02125432e-02 5.85658434e-02 2.24588389e-01 1.04642330e-04
  5.24175622e-04 2.57411926e-04]]
[[2.31768692e-02 5.96672077e-02 2.23255810e-01 4.45705509e-05
  5.02165130e-04 3.52445242e-04]]
[[2.37495436e-02 5.82704540e-02 2.25085229e-01 1.33075362e-04
  1.98325235e-04 3.37652261e-04]]
[[2.61652292e-02 5.91003292e-02 2.25230145e-01 1.46443748e-04
  2.63194452e-04 3.53965972e-04]]
[[2.54739290e-02 6.15722404e-02 2.32673720e-01 2.51326625e-05
  5.65570910e-04 3.32200083e-04]]
[[ 2.25640411e-02  6.33403192e-02  2.35577538e-01 -4.77226904e-06
   6.17730802e-04  2.68148992e-04]]
[[2.49746830e-02 6.50683751e-02 2.36680342e-01 5.68377858e-05
  3.96623030e-04 3.18109475e-04]]
[[2.73780914e-02 6.70276642e-02 2.32089031e-01 1.42337959e-04
  1.11561108e-04 3.47223307e-04]]
[[ 2.22836221e-02  6.26861828e-02  2.38904624e-01 -1.20771539e-04
   4.32019895e-04  3.31261295e-04]]
[[ 1.96995227e-02  6.22176886e-02  2.40342758e-01 -1.32733288e-04
   6.65531838e-04  2.89541442e-04]]
[[2.42518636e-02 6.38766209e-02 2.39468673e-01 8.54972922e-05
  2.76974517e-04 3.10662727e-04]]
[[ 2.60116113e-02  6.43536403e-02  2.39344660e-01  3.44820555e-05
  -8.07558609e-05  3.66227359e-04]]
[[ 2.00653630e-02  6.00931332e-02  2.50649697e-01 -1.99005965e-04
   8.59910287e-04  3.26912717e-04]]
[[2.21385184e-02 6.35395820e-02 2.43592272e-01 3.74164798e-05
  5.73750725e-04 3.23950788e-04]]
[[ 2.70898882e-02  6.68040373e-02  2.42410132e-01  1.56405672e-04
  -2.31113986e-04  3.52772719e-04]]
[[ 2.30335830e-02  6.35450874e-02  2.50041813e-01 -1.09411835e-05
   3.23085662e-04  3.32594265e-04]]
[[ 1.82700697e-02  6.04906637e-02  2.58467805e-01 -1.76822076e-04
   1.01664475e-03  2.72278182e-04]]
[[2.59558993e-02 6.82261706e-02 2.48729263e-01 2.18961863e-04
  1.85433209e-04 3.74594751e-04]]
[[ 2.91468679e-02  6.95877369e-02  2.50236487e-01  1.83172339e-04
  -9.31408742e-05  4.74314950e-04]]
[[ 2.33647799e-02  6.54882910e-02  2.59905502e-01 -6.67277810e-05
   5.83907739e-04  3.69276530e-04]]
[[2.03931205e-02 6.62437200e-02 2.62892079e-01 1.35721066e-06
  9.08982463e-04 4.47803573e-04]]
[[2.62094961e-02 7.18879085e-02 2.57283179e-01 1.98239144e-04
  1.30903051e-05 5.41276164e-04]]
[[2.63100468e-02 7.10228083e-02 2.62406073e-01 1.18600445e-04
  3.96661064e-05 4.79129976e-04]]
[[1.98698101e-02 6.62842512e-02 2.69442254e-01 1.51022064e-05
  8.63702759e-04 3.95938717e-04]]
[[2.30424091e-02 6.65791831e-02 2.71314580e-01 5.29506884e-05
  5.04745085e-04 4.90297485e-04]]
[[2.82844749e-02 6.88184374e-02 2.66756725e-01 1.80113020e-04
  7.31482722e-05 5.25047265e-04]]
[[2.74535085e-02 6.84095808e-02 2.71951023e-01 8.05038638e-05
  5.38539230e-04 4.43653722e-04]]
[[ 2.51090149e-02  6.61851612e-02  2.76015275e-01 -5.49475077e-05
   6.28862283e-04  4.10759053e-04]]
[[ 2.87638790e-02  6.94041989e-02  2.75171679e-01 -1.14263044e-05
   3.49974414e-04  4.20406172e-04]]
[[3.06656952e-02 7.12252125e-02 2.74009507e-01 1.64790084e-04
  2.09063577e-04 4.38133141e-04]]
[[2.71134485e-02 7.22257962e-02 2.78837565e-01 8.13882876e-05
  4.20394906e-04 4.11598190e-04]]
