[[0. 0. 0. 0. 0. 0.]]
[[ 2.81670107e-03  3.69168226e-03  1.25233471e-03  1.18644130e-04
  -2.16595737e-04 -1.78565738e-05]]
[[ 4.81826912e-03  3.51721490e-03  6.46909568e-04  1.32181636e-04
  -2.68650442e-04 -3.36296719e-05]]
[[ 7.07308542e-03  3.75826948e-03  8.61809825e-04  4.31633024e-05
  -3.63157895e-04  2.63300654e-05]]
[[ 7.59003836e-03  5.08905774e-03  1.80017525e-03  1.24793309e-04
  -2.54128163e-04  8.13603519e-05]]
[[ 6.88253402e-03  6.44110252e-03  8.35644539e-04  2.26841446e-04
  -3.24069259e-04  8.25534585e-05]]
[[ 7.91335806e-03  4.63631469e-03  3.67081671e-03  8.69487121e-05
  -4.46556492e-04  5.40564505e-06]]
[[ 3.26452995e-03  4.81746077e-03  8.35510389e-03  4.56282231e-05
   8.50077651e-05 -1.30317862e-04]]
[[ 6.59244708e-03  6.16442426e-03  5.01394746e-03  2.23315908e-04
  -2.58591277e-04 -4.09457752e-05]]
[[ 6.92048465e-03  1.16679805e-02  2.86258731e-03  2.77523943e-04
  -4.52783734e-04  3.58936116e-05]]
[[ 3.77875817e-03  1.05090934e-02  9.51003301e-03  1.12903029e-04
  -8.89944205e-05  1.51953661e-05]]
[[ 2.47965559e-03  1.02080987e-02  1.46565831e-02 -9.04181770e-05
   1.33773993e-04 -2.38552317e-05]]
[[ 5.97554549e-03  1.32380090e-02  5.64490723e-03  3.29282737e-04
  -4.60530796e-04  4.42635850e-05]]
[[ 6.21601924e-03  1.13898047e-02  9.57031923e-03  1.22440055e-04
  -5.48917351e-04  3.97514090e-05]]
[[7.82882993e-05 9.06069104e-03 1.16498205e-02 3.96252610e-05
  6.24591053e-05 1.99674451e-05]]
[[3.93273140e-04 9.06092203e-03 1.02098001e-02 1.13177506e-04
  1.91330604e-05 9.31547703e-06]]
[[ 6.72896172e-03  1.38594587e-02  3.11236057e-03  3.26545298e-04
  -6.75624465e-04  1.80485436e-05]]
[[ 7.62605398e-03  1.32142998e-02  8.45368562e-03  1.43655358e-04
  -4.80183956e-04  2.29021074e-05]]
[[ 2.92555617e-03  9.69755107e-03  1.62645018e-02 -5.27014984e-05
   1.95086590e-04  3.41434390e-05]]
[[ 6.35288543e-03  1.37659015e-02  1.30912159e-02  1.42761678e-04
  -1.19744285e-04  5.50400710e-05]]
[[ 1.19865589e-02  1.34524383e-02  1.04623276e-02  1.79107687e-04
  -7.23510768e-04  8.03965533e-05]]
[[ 6.31168156e-03  1.10404847e-02  1.65181777e-02 -1.00392476e-05
  -1.07382560e-04  3.70026923e-05]]
[[5.92695219e-03 1.46378730e-02 1.42407516e-02 1.62727045e-04
  1.41111250e-04 4.16836162e-05]]
[[ 1.09356097e-02  1.69422488e-02  1.44771882e-02 -1.49780111e-05
  -5.71859443e-04  6.58060566e-05]]
[[ 7.39383172e-03  1.77991688e-02  1.41252269e-02  9.14931524e-05
  -1.40545889e-04 -4.10563170e-06]]
[[ 7.52254113e-03  1.77333513e-02  1.00165952e+01  2.77389347e-05
  -1.23498357e-04 -2.38897469e-06]]
[[ 8.01435764e-03  1.75284863e-02  1.00170723e+01  3.46959573e-05
  -2.15756027e-04  1.72779462e-05]]
[[ 7.55746769e-03  1.65151094e-02  1.00205763e+01 -7.01469051e-05
  -1.66452176e-04  4.42954250e-05]]
[[ 1.10668698e-02  1.86844326e-02  1.00165427e+01  1.04719119e-04
  -2.84268748e-04  7.08955905e-05]]
[[ 1.17289307e-02  2.31432147e-02  1.00163708e+01  1.39367893e-04
  -2.89078655e-04  4.94481720e-05]]
[[ 9.07168977e-03  2.00253283e-02  1.00209609e+01 -1.01180294e-04
  -1.22391740e-04 -2.96615897e-05]]
[[ 7.44063205e-03  2.18771081e-02  1.00204441e+01 -2.30700209e-08
   1.97674541e-05 -7.51681264e-05]]
[[ 1.56045359e-02  1.69156138e-02  1.00201522e+01 -7.77529162e-04
  -1.12988100e-03 -3.50955992e-06]]
[[ 6.23660592e-03  1.18880671e-02  1.00343045e+01 -7.12663178e-04
  -3.67420218e-04  1.13510253e-04]]
[[-4.09689478e-03  9.04912105e-03  1.00310589e+01 -1.56088917e-04
   2.37805149e-04  2.45263045e-04]]
[[ 2.62343994e-03  6.52672630e-03  1.00281789e+01 -1.55538413e-04
  -4.48439665e-04  2.99577484e-04]]
[[ 1.15389650e-02  8.82183310e-03  1.00227879e+01  2.65810743e-04
  -8.85988375e-04  3.07391034e-04]]
[[8.91137553e-03 6.00446260e-03 1.00322435e+01 2.22687854e-04
  4.73743743e-04 1.55454129e-04]]
[[ 2.16357641e-02  2.02806880e-03  1.00381904e+01 -3.46281632e-04
  -2.57742991e-04  1.67629299e-04]]
[[ 2.94905224e-02  1.75048125e-03  1.00326251e+01 -8.91843136e-05
  -1.02922519e-04  1.39982546e-04]]
[[ 4.10897762e-02 -8.77907229e-04  1.00459886e+01 -7.86658277e-04
  -3.57494220e-04  9.02531915e-05]]
[[ 4.58372967e-02 -1.89216651e-03  1.00580387e+01 -9.09727645e-04
  -1.58071030e-05  4.52188785e-05]]
[[ 5.25096018e-02  3.34009147e-03  1.00490721e+01 -2.36549612e-04
   4.11408792e-04 -4.59139064e-05]]
[[ 6.73447567e-02 -2.09515350e-03  1.00580046e+01 -9.02311796e-04
  -3.88002892e-04 -7.02650569e-05]]
[[ 7.08791007e-02 -3.65341108e-03  1.00601937e+01 -1.06204211e-03
   2.44134849e-04 -1.33883264e-04]]
[[ 7.76902327e-02 -7.81513441e-04  1.00593987e+01 -8.43149400e-04
   6.72890642e-04 -2.24987274e-04]]
[[ 8.83972732e-02  2.74024538e-03  1.00558408e+01 -9.84572920e-04
   2.55933712e-04 -2.01007710e-04]]
[[ 9.63742649e-02 -4.08373679e-03  1.00674492e+01 -1.97084755e-03
   2.63456321e-04 -2.41134203e-04]]
[[ 1.00115413e-01  2.27887413e-03  1.00622921e+01 -1.25470541e-03
   5.36747579e-04 -2.28574647e-04]]
[[ 1.02522850e-01 -4.38539896e-04  1.00701492e+01 -1.57097290e-03
   6.36654169e-04 -3.25180890e-04]]
[[ 1.05204902e-01 -1.65333296e-04  1.00679376e+01 -1.47391655e-03
   7.12119890e-04 -3.45011977e-04]]
[[ 1.03271769e-01 -4.70329677e-04  1.00713285e+01 -1.48836276e-03
   7.28974321e-04 -3.53958655e-04]]
[[ 1.05583358e-01  1.09137529e-03  1.00673811e+01 -1.42350123e-03
   6.84631359e-04 -3.83492038e-04]]
[[ 1.03789112e-01  1.79777903e-03  1.00693721e+01 -1.53926294e-03
   7.39707312e-04 -3.52365866e-04]]
[[ 1.03492941e-01  2.61915730e-03  1.00710086e+01 -1.58000117e-03
   8.47968732e-04 -3.36653115e-04]]
[[ 1.01816148e-01  6.14906164e-03  1.00708235e+01 -1.44266192e-03
   7.32414779e-04 -3.08584128e-04]]
[[ 1.02501084e-01  4.74670841e-03  1.00697496e+01 -1.42246302e-03
   6.00226414e-04 -2.40836490e-04]]
[[ 1.00885322e-01  2.71639155e-03  1.00741205e+01 -1.50809766e-03
   7.33598879e-04 -1.95714429e-04]]
[[ 9.96152265e-02  2.91825409e-03  1.00742535e+01 -1.50539421e-03
   9.41353119e-04 -2.79289418e-04]]
[[ 1.01789971e-01  5.84592230e-03  1.00745511e+01 -1.48013265e-03
   6.66323501e-04 -2.43578203e-04]]
[[ 9.98354766e-02  5.85319422e-03  1.00730555e+01 -1.35731127e-03
   7.36584872e-04 -2.39730751e-04]]
[[ 9.85885983e-02  3.58590141e-03  1.00809157e+01 -1.62533312e-03
   8.62028847e-04 -2.82192348e-04]]
[[ 9.61512929e-02  4.55948075e-03  1.00788160e+01 -1.46280969e-03
   1.04930566e-03 -2.76686558e-04]]
[[ 1.02180855e-01  8.80171925e-03  1.00745546e+01 -1.40227524e-03
   5.68639833e-04 -2.17903384e-04]]
[[ 9.93376352e-02  6.80023777e-03  1.00759904e+01 -1.48260826e-03
   7.79362101e-04 -2.32405812e-04]]
[[ 9.53034009e-02  5.09680783e-03  1.00815243e+01 -1.62200861e-03
   1.10972996e-03 -2.87075760e-04]]
[[ 9.69702427e-02  7.07052864e-03  1.00783311e+01 -1.40320686e-03
   8.74787089e-04 -2.52180603e-04]]
[[ 9.86777575e-02  1.05540553e-02  1.00753445e+01 -1.26210927e-03
   5.82556302e-04 -1.66869218e-04]]
[[ 9.84017634e-02  7.83816238e-03  1.00814132e+01 -1.47824723e-03
   8.39676315e-04 -1.81930804e-04]]
[[ 9.38095953e-02  7.12794515e-03  1.00848650e+01 -1.52636116e-03
   1.15873584e-03 -2.06644305e-04]]
[[ 1.00076165e-01  8.25105765e-03  1.00769849e+01 -1.32094375e-03
   6.42149337e-04 -2.18526487e-04]]
[[ 9.67495598e-02  6.82840719e-03  1.00793067e+01 -1.31172472e-03
   6.43512021e-04 -1.61630858e-04]]
[[ 9.58442333e-02  3.10141032e-03  1.00835682e+01 -1.52700739e-03
   8.94477191e-04 -1.44692771e-04]]
[[ 9.70922481e-02  4.88163202e-03  1.00821961e+01 -1.41252189e-03
   8.55161450e-04 -1.83893437e-04]]
[[ 9.85053419e-02  8.00672249e-03  1.00810517e+01 -1.32199793e-03
   6.15988319e-04 -1.87253462e-04]]
[[ 9.72372242e-02  7.02307291e-03  1.00844144e+01 -1.45789299e-03
   6.36724076e-04 -1.72665771e-04]]
[[ 9.31902443e-02  6.89336926e-03  1.00882877e+01 -1.51406262e-03
   8.75914709e-04 -2.31753754e-04]]
[[ 9.41494893e-02  7.42870629e-03  1.00831716e+01 -1.36984903e-03
   8.06525501e-04 -1.63049879e-04]]
[[ 9.68377954e-02  8.93101464e-03  1.00846724e+01 -1.34987802e-03
   5.44010361e-04 -1.44385076e-04]]
[[ 9.41912116e-02  1.00050285e-02  1.00885429e+01 -1.48421996e-03
   6.52302872e-04 -2.02418054e-04]]
[[ 9.10953735e-02  1.19646832e-02  1.00894145e+01 -1.47342151e-03
   9.45606310e-04 -1.89820376e-04]]
[[ 9.45973070e-02  1.23645479e-02  1.00896823e+01 -1.44847401e-03
   6.94263546e-04 -1.59258193e-04]]
[[ 9.60064953e-02  1.21209287e-02  1.00898361e+01 -1.50622079e-03
   5.12149508e-04 -1.34096320e-04]]
[[ 9.39637803e-02  1.25137286e-02  1.00903520e+01 -1.45511084e-03
   7.31514950e-04 -1.13403300e-04]]
[[ 9.23294449e-02  9.90993569e-03  1.00918319e+01 -1.52257436e-03
   8.32881441e-04 -1.21267606e-04]]
[[ 9.32828432e-02  9.16011257e-03  1.00943643e+01 -1.54945968e-03
   6.91452756e-04 -9.18791130e-05]]
[[ 9.15863543e-02  1.02955679e-02  1.00949342e+01 -1.44752415e-03
   7.85482686e-04 -9.09054350e-05]]
[[ 9.35300752e-02  1.03452276e-02  1.00955589e+01 -1.35864192e-03
   7.34054726e-04 -1.16665269e-04]]
[[ 9.30490883e-02  9.19513216e-03  1.00996970e+01 -1.46772040e-03
   9.12757854e-04 -1.42586578e-04]]
