[[0. 0. 0. 0. 0. 0.]]
[[ 0.00137661 -0.00356864 -0.01980215  0.00119153  0.00093484 -0.0001267 ]]
[[ 9.60914505e-04 -4.43705741e-03 -2.58248979e-02  1.34854466e-03
   1.01326896e-03 -7.41573661e-05]]
[[ 0.00300124 -0.00197227 -0.0289457   0.00145381  0.00125202 -0.00016572]]
[[ 0.00319341 -0.00317921 -0.03250034  0.00156273  0.00131532 -0.00020043]]
[[ 0.00412566 -0.00153239 -0.0373527   0.00176061  0.00144271 -0.00024942]]
[[ 0.00149366  0.00061829 -0.04237758  0.00186354  0.00149682 -0.00034708]]
[[-0.00064823 -0.00317921 -0.04763456  0.00204991  0.00150699 -0.00032061]]
[[-0.00028504 -0.00238394 -0.0503761   0.0023082   0.00174189 -0.00036692]]
[[ 0.00090387 -0.00430872 -0.05560496  0.00253289  0.00184476 -0.00041086]]
[[ 0.00089067 -0.00510133 -0.0580641   0.00280371  0.00194237 -0.0005251 ]]
[[-0.00104584 -0.00325115 -0.06027992  0.0030575   0.00203213 -0.00060429]]
[[-0.00193679 -0.00591857 -0.06133963  0.00331804  0.00219267 -0.00067694]]
[[-0.00079244 -0.00455541 -0.06427791  0.00355296  0.0023375  -0.00069071]]
[[-0.0032334  -0.00666965 -0.06901371  0.00396125  0.00169289 -0.00069526]]
[[ 0.00231865  0.00283698 -0.05509947 -0.03206144  0.00522887  0.00279294]]
[[ 0.01277134  0.00227614 -0.06208896 -0.07762646 -0.00018386  0.00867115]]
[[ 0.03512757 -0.06179437 -0.16896057 -0.09219107 -0.05213331  0.01950294]]
[[ 0.01189946 -0.05813381 -0.18134493 -0.01545201 -0.03333448  0.00727667]]
[[-0.03746878 -0.01276862 -0.15878713  0.06717874  0.02894507 -0.01192089]]
[[-0.08361053  0.01281193 -0.13593748  0.19086401  0.07529561 -0.03354595]]
[[-0.11425275  0.03137693 -0.09728996  0.28252281  0.10958545 -0.04966081]]
[[-0.15302175  0.06447979 -0.06714721  0.36045594  0.15719299 -0.06641739]]
[[-0.19225797  0.08415481 -0.05744     0.45827265  0.19694149 -0.08343269]]
[[-0.26372737  0.15583075 -0.03362137  0.56503183  0.293313   -0.11147522]]
[[-0.33008268  0.20689191 -0.00662595  0.69190363  0.37488711 -0.13873867]]
[[-0.39436382  0.22003137 -0.03242719  0.86676755  0.42797483 -0.16671955]]
[[-0.42409813  0.1742952  -0.11564417  1.01188206  0.41994506 -0.18206343]]
[[-0.33327872 -0.04287047 -0.26859708  1.09603268  0.21659795 -0.15859478]]
[[-0.27323054 -0.1648956  -0.28152628  1.17212732  0.09581205 -0.14659542]]
[[-0.19052057 -0.29357503 -0.34516119  1.15695695 -0.04832749 -0.12114824]]
[[-0.10114863 -0.40197838 -0.38483615  1.07604975 -0.17885592 -0.09114937]]
[[ 0.0036096  -0.53421195 -0.43585446  0.97730418 -0.34050585 -0.05316567]]
[[ 0.1711496  -0.65598293 -0.35600922  0.72094085 -0.53701938  0.00664298]]
[[ 0.29033699 -0.6615814  -0.1495895   0.47408683 -0.6317383   0.05021324]]
[[ 0.37533254 -0.66149911 -0.00286596  0.29153047 -0.69448499  0.08057237]]
[[ 0.41145458 -0.68181411 -0.03194269  0.19112674 -0.73119656  0.09738187]]
[[ 0.43832275 -0.68963829 -0.02540626  0.1291163  -0.75325291  0.10820105]]
[[ 0.38666808 -0.61781347  0.02485241  0.20174732 -0.67104919  0.08642168]]
[[ 0.33939191 -0.53754096  0.15215496  0.28311793 -0.58904022  0.06433145]]
[[ 0.29610289 -0.44491545  0.2779362   0.3157203  -0.50151904  0.04657723]]
[[ 0.24187969 -0.3903106   0.36578935  0.44839412 -0.43014954  0.0205596 ]]
[[ 0.09382019 -0.25754266  0.35201456  0.6639186  -0.23488332 -0.03551349]]
[[-0.01486348 -0.17277464  0.29632303  0.82070227 -0.10131621 -0.0750195 ]]
[[-0.09092163 -0.12735424  0.22874328  0.93938159 -0.01926984 -0.10129113]]
[[-0.13935712 -0.12209563  0.13626746  1.03564373  0.01956386 -0.11850154]]
[[-0.13906269 -0.14289814  0.16009889  1.10263041  0.00456127 -0.12411718]]
[[-0.11943734 -0.18588539  0.1367757   1.12362564 -0.03892923 -0.11865143]]
[[-0.08697654 -0.22908422  0.13183006  1.11053265 -0.09134446 -0.10854117]]
[[ 0.054015   -0.38140873  0.10860577  0.94038639 -0.29465981 -0.05660424]]
[[ 0.24628883 -0.539133    0.14708012  0.63328922 -0.52987463  0.01536843]]
[[ 0.36053462 -0.64850588  0.13324743  0.50270985 -0.67937341  0.05462097]]
[[ 0.38624002 -0.64284495  0.25101233  0.51337042 -0.69407993  0.05545124]]
[[ 0.53181411 -0.84619748  0.25390911  0.47770109 -0.91990677  0.09602034]]
[[ 0.6643848  -1.02294297  0.24762292  0.41688327 -1.11962191  0.13537053]]
[[ 0.74977576 -1.12045066  0.28834208  0.3875907  -1.23745269  0.15784007]]
[[ 0.88097176 -1.34538668  0.17540016  0.38375328 -1.4597457   0.19405779]]
[[ 0.95392924 -1.46854948  0.1204335   0.41167987 -1.58212552  0.21098153]]
[[ 0.84602485 -1.23609476  0.29784891  0.39362051 -1.37204701  0.18010281]]
[[ 0.57773247 -0.76177482  0.47166625  0.38755459 -0.88803737  0.10129752]]
[[ 0.33409956 -0.41309741  0.46658894  0.4433167  -0.49681307  0.03116644]]
[[ 0.16712993 -0.20308974  0.42484589  0.50453739 -0.24884223 -0.01619133]]
[[-0.01427999  0.0175662   0.40483785  0.6091432   0.01813446 -0.07072821]]
[[-0.17615421  0.21109106  0.35017363  0.67897741  0.25951961 -0.1173841 ]]
[[-0.28036916  0.33514155  0.29582901  0.71738262  0.41409261 -0.14690884]]
[[-0.34171322  0.40424993  0.26123331  0.7396029   0.50039852 -0.1637509 ]]
[[-0.31960304  0.39200254  0.28658602  0.68919329  0.47131681 -0.15339399]]
[[-0.22841596  0.31848203  0.44715427  0.63915941  0.3495327  -0.1281876 ]]
[[-0.11421211  0.14744244  0.41192961  0.59758323  0.15252346 -0.09148826]]
[[-2.02182227e-02  1.98651696e-02  4.02336122e-01  5.54529783e-01
   2.17540779e-04 -6.12729438e-02]]
[[ 0.07758146 -0.09997849  0.43482751  0.51456835 -0.14804559 -0.03337024]]
[[ 0.13253351 -0.16372553  0.47080377  0.49988627 -0.22793678 -0.01892807]]
[[ 0.2296617  -0.3136805   0.36943513  0.43286665 -0.3913158   0.01494506]]
[[ 0.31351044 -0.44350213  0.23060738  0.34519656 -0.52855325  0.04732574]]
[[ 0.33046213 -0.44587239  0.17548373  0.2554755  -0.5432423   0.05944854]]
[[ 0.38599549 -0.47504893  0.16372189  0.11389494 -0.60125412  0.08436145]]
[[ 0.43493196 -0.46337042  0.21296784 -0.03703435 -0.62621733  0.11092381]]
[[ 0.44171424 -0.43744686  0.23804611 -0.10756877 -0.61456936  0.12113073]]
[[ 0.4543639  -0.4433577   0.27088537 -0.11502561 -0.6267428   0.12066721]]
[[ 0.50474071 -0.52437616  0.26439628 -0.12432292 -0.71593761  0.13424361]]
[[ 0.54585191 -0.5776275   0.27638121 -0.12477817 -0.77612119  0.14237805]]
[[ 0.5756328  -0.61084092  0.3187369  -0.12130082 -0.81785642  0.14768681]]
[[ 0.59584542 -0.62934685  0.3701025  -0.11613457 -0.84550641  0.15082876]]
[[ 0.58319143 -0.64294538  0.2911105  -0.10225447 -0.84455534  0.14925052]]
