[[0. 0. 0. 0. 0. 0.]]
[[ 0.0789602  -0.08417476 -0.14663534  0.00095214 -0.00503367 -0.01568485]]
[[ 0.07938828 -0.08950372 -0.12875466 -0.00019292 -0.00773044 -0.01779889]]
[[ 0.07687134 -0.09584218 -0.10969835 -0.00036354 -0.0101895  -0.01897462]]
[[ 0.07876893 -0.09849205 -0.10267388 -0.00222543 -0.01012295 -0.01965058]]
[[ 0.07727064 -0.10038489 -0.10590527 -0.00282734 -0.01144672 -0.02043048]]
[[ 0.08082751 -0.1009864  -0.11059372 -0.00147484 -0.01111031 -0.02098976]]
[[ 0.08559716 -0.10232463 -0.1262545   0.00014182 -0.01076923 -0.02083157]]
[[ 0.08394477 -0.10314859 -0.12823744  0.0014711  -0.01231118 -0.02020549]]
[[ 0.083111   -0.10349936 -0.12968343  0.00282249 -0.01330639 -0.01993256]]
[[ 0.08792491 -0.105545   -0.1392778   0.00506317 -0.01201989 -0.0202671 ]]
[[ 0.0873312  -0.10533193 -0.12704393  0.00545298 -0.0118982  -0.02097326]]
[[ 0.07796401 -0.10105564 -0.08599456  0.00403368 -0.01433362 -0.02005221]]
[[ 0.07616788 -0.09840553 -0.08442722  0.00373341 -0.01381649 -0.01875853]]
[[ 0.07080483 -0.09260128 -0.06596056  0.00284147 -0.01430693 -0.01714831]]
[[ 0.04108915 -0.05185011  0.00155019  0.00192733 -0.011805   -0.01095512]]
[[-0.01211301  0.03960431  0.08668463  0.00167606 -0.00513819 -0.00036888]]
[[ 0.01898073  0.02423042  0.00875513  0.01197979 -0.0067244  -0.00451189]]
[[ 0.13971628 -0.17634674 -0.19900407  0.00669802 -0.01012746 -0.03221274]]
[[ 0.25618324 -0.34608836 -0.47094762  0.0074024  -0.00550308 -0.05819191]]
[[ 0.33988481 -0.47385791 -0.68344945  0.00712624 -0.0037624  -0.07669091]]
[[ 0.39897854 -0.58757633 -0.86323869  0.004502   -0.00452221 -0.09107179]]
[[ 0.41016611 -0.61475025 -0.90767125 -0.00264147 -0.00174836 -0.09834151]]
[[ 0.47298972 -0.66171692 -1.01916868  0.01308266 -0.00434267 -0.10540169]]
[[ 0.47729324 -0.73295867 -1.05040511 -0.00234895  0.00511871 -0.11003286]]
[[ 0.48620489 -0.73028202 -1.10204217  0.00246079  0.01025789 -0.11149175]]
[[ 0.51755293 -0.73638959 -1.13771175  0.01495569  0.00766785 -0.11390574]]
[[ 0.51951404 -0.77904905 -1.16925687  0.00765202  0.01333178 -0.11579004]]
[[ 0.51730355 -0.78025431 -1.18082533  0.00813256  0.0135769  -0.11651097]]
[[ 0.52431316 -0.78161399 -1.18418376  0.01146515  0.01166284 -0.11717773]]
[[ 0.54150822 -0.80307779 -1.16981365  0.02385915  0.0012626  -0.12032535]]
[[ 0.54898866 -0.77623952 -1.14965917  0.0422475  -0.01059879 -0.12179273]]
[[ 0.56008767 -0.8122766  -1.17204163  0.03978834 -0.01148588 -0.12101729]]
[[ 0.61601416 -0.90411316 -1.39985588 -0.00249496  0.03710642 -0.13709942]]
[[ 0.80819493 -1.1238883  -2.57221511  0.01264013  0.05409358 -0.17613016]]
[[ 0.70943243 -1.16727953 -4.87592837 -0.12784454  0.25076341 -0.19641014]]
[[ 0.7348541  -1.13883749 -8.12081704 -0.10458369  0.34346448 -0.2592641 ]]
[[  0.59248368  -0.89417802 -11.18733173  -0.02019595   0.43395613
   -0.28427883]]
[[  0.27114797  -0.41981437 -13.86085518   0.02500588   0.55241388
   -0.27567148]]
[[  0.01933112   0.0835667  -16.00751655   0.13500703   0.5908655
   -0.30096386]]
[[ -0.07539088   0.41910645 -17.10509156   0.2919286    0.55801479
   -0.30168595]]
[[ -0.19248196   0.73256015 -17.44301912   0.39308041   0.52546014
   -0.27622431]]
[[ -0.16566708   0.90403014 -17.64794188   0.54482703   0.46404211
   -0.24244885]]
[[ -0.16886467   1.03735159 -17.31573778   0.65476724   0.39462783
   -0.21465297]]
[[ -0.29233044   1.28968888 -14.42094808   0.64650066   0.31162608
   -0.13508817]]
[[-4.72964385e-01  1.61568481e+00 -9.72533648e+00  5.93032730e-01
   2.11054773e-01 -5.66379897e-03]]
[[-0.65150402  1.89087897 -6.61020932  0.53304018  0.16719722  0.0886601 ]]
[[-0.74955408  2.04741301 -4.58837029  0.48815946  0.14174543  0.15807746]]
[[-0.69892715  2.0174182  -3.43186628  0.47353778  0.09744059  0.23900639]]
[[-0.05706832  1.20346514 -2.8644863   0.61629409  0.01720964  0.70325313]]
[[ 0.70721264  0.25228678 -2.68134575  0.73800789 -0.03675209  1.30157513]]
[[ 1.38683468 -0.48936504 -2.70505577  0.88331074 -0.15044531  1.81697673]]
[[ 1.92454223 -1.1203073  -2.66184247  0.97079136 -0.22538205  2.34785828]]
[[ 2.35205336 -1.66179648 -2.66931582  0.97388783 -0.23249349  2.85934333]]
[[ 2.54993792 -1.95159725 -2.65206236  0.98999905 -0.20427826  3.31867329]]
[[ 2.67771095 -2.06972522 -2.55717911  1.07166415 -0.20579286  3.74082377]]
[[ 2.78754003 -2.15617688 -2.50899976  1.15292172 -0.22433667  4.09502044]]
[[ 2.81841757 -2.20177804 -2.30515323  1.17742236 -0.19498794  4.367012  ]]
[[ 2.7944924  -2.21046911 -2.01157388  1.14089664 -0.11673679  4.53717856]]
[[ 2.71772745 -2.11812402 -1.61387911  1.1103964  -0.01817838  4.65030436]]
[[ 2.65627607 -1.9975042  -1.16031093  1.10301583  0.07235576  4.74506182]]
[[ 2.60776137 -1.95088247 -0.8878838   1.04229669  0.17847125  4.79735187]]
[[ 2.59290859 -1.92329687 -0.74264437  0.99564345  0.24875531  4.82725763]]
[[ 2.59782416 -1.90185583 -0.65310077  0.97077361  0.29051892  4.82674008]]
[[ 2.62726984 -1.84196921 -0.57403295  0.99874338  0.28876536  4.80706067]]
[[ 2.65796595 -1.75365317 -0.46412796  1.04833199  0.2666316   4.78772699]]
[[ 2.66308523 -1.70760161 -0.38419792  1.0597599   0.27085885  4.77537119]]
[[ 2.66442767 -1.70428448 -0.35174447  1.05588481  0.27863965  4.78329187]]
[[ 2.65574385 -1.71209844 -0.31243561  1.04668485  0.28851488  4.79969955]]
[[ 2.63562463 -1.72104186 -0.22789394  1.03272611  0.3084344   4.818743  ]]
[[ 2.58128711 -1.6901226  -0.14602607  1.01679463  0.35024519  4.83787864]]
[[ 2.52936788 -1.62279079 -0.05236846  1.03351819  0.37738816  4.86278096]]
[[ 2.49062220e+00 -1.56008570e+00 -2.66375523e-03  1.05442191e+00
   3.86161038e-01  4.87989256e+00]]
[[ 2.45979561e+00 -1.51225880e+00  8.84731082e-04  1.06790115e+00
   3.91082007e-01  4.87017499e+00]]
[[ 2.44046754 -1.51156999 -0.0381591   1.05906822  0.40564406  4.86031831]]
[[ 2.42478849 -1.47070318 -0.07080549  1.06481572  0.42234526  4.8492615 ]]
[[ 2.41152863 -1.4443186  -0.11167245  1.0731621   0.4201529   4.84195264]]
[[ 2.37741979 -1.43002979 -0.18614616  1.06528425  0.43876598  4.86513169]]
[[ 2.36623705 -1.46155086 -0.30618626  1.0405399   0.44225337  4.88388422]]
[[ 2.35486028 -1.48550989 -0.43231015  1.03011898  0.43312458  4.89835868]]
[[ 2.3593244  -1.52312513 -0.52868578  1.01193627  0.42457041  4.90984861]]
[[ 2.34028653 -1.55254632 -0.59728093  0.99164864  0.43144657  4.92099395]]
[[ 2.32564017 -1.61499253 -0.71419461  0.94966681  0.44303587  4.92647824]]
[[ 2.29886687 -1.62925881 -0.81504169  0.9321255   0.451851    4.94660571]]
[[ 2.29560711 -1.66968666 -0.92052518  0.91145042  0.46191573  4.96805986]]
[[ 2.29128647 -1.67611902 -1.00463275  0.90811282  0.46502203  4.99084211]]
[[ 2.2830091  -1.6810007  -1.09589468  0.92055571  0.46522457  5.01908564]]
[[ 2.23557359 -1.63480339 -1.15060255  0.93706624  0.49131741  5.03924385]]
[[ 2.23119362 -1.58252114 -1.13229574  0.94624508  0.49200627  4.97846185]]
[[ 2.2246466  -1.36236988 -1.00007111  0.90928575  0.546982    4.4191988 ]]
[[ 2.45782622 -1.43543687 -0.9428331   0.74998118  0.473912    3.33352875]]
[[ 2.45106247 -1.41635437 -0.76913442  0.60263865  0.44241521  2.29870887]]
[[ 2.29543773 -1.35296514 -0.5944349   0.480549    0.46710642  1.55737255]]
[[ 2.08329095 -1.22927785 -0.49646713  0.44187274  0.45459824  1.00836156]]
[[ 1.49320071 -0.94660077 -0.6814494   0.29992659  0.31357082  0.41285968]]
[[ 0.98083277 -0.70610952 -1.14832061  0.18034326  0.30788797 -0.21609178]]
[[ 0.75942894 -0.63895099 -1.68571351  0.07200968  0.2861839  -0.71018668]]
[[ 0.74343293 -0.72906643 -2.12955571 -0.08349191  0.39546626 -1.20067979]]
[[ 0.91370551 -0.98341349 -2.7283839  -0.32871199  0.66485155 -1.68263908]]
[[ 1.17056477 -1.17806401 -3.44744939 -0.5177316   0.87939315 -2.1095321 ]]
[[ 1.49565236 -1.30938764 -4.28958085 -0.61118264  0.9858518  -2.48730787]]
[[ 1.64403788 -1.32682865 -5.07882147 -0.61652606  1.15309162 -2.77094215]]
[[ 1.70366795 -1.22910203 -5.68743053 -0.5367533   1.31851927 -3.00999873]]
[[ 1.68376207 -1.05893603 -5.94129521 -0.38048229  1.44500271 -3.18631296]]
[[ 1.56312971 -0.86945056 -5.95262774 -0.17186771  1.56319829 -3.35782042]]
[[ 1.3874887  -0.64316292 -5.8052239   0.0866185   1.65370647 -3.54827644]]
[[ 1.19685887 -0.40876253 -5.50853055  0.29178207  1.7699806  -3.74142196]]
[[ 1.01645928 -0.16050509 -5.23215986  0.46111623  1.92308913 -3.93438255]]
[[ 0.88698579  0.03186227 -5.01882984  0.60696965  1.9932165  -4.0821905 ]]
[[ 0.94623018  0.24703976 -4.92416459  0.86355539  1.6402699  -4.20857913]]
[[ 0.77902598  0.62363506 -4.37063388  1.19975919  1.16351849 -4.37633969]]
[[ 0.52023912  1.04711136 -3.8199855   1.48206832  0.78318421 -4.57717943]]
[[ 0.34230691  1.31112951 -3.4456353   1.66151287  0.49454902 -4.71520257]]
[[ 0.26881363  1.4428543  -3.08497141  1.78474759  0.24550309 -4.81174776]]
[[ 0.2252079   1.49652909 -2.5606458   1.85870082  0.02176084 -4.93686612]]
[[ 0.23936534  1.47677388 -2.30752128  1.90919802 -0.22309011 -5.05974892]]
[[ 0.28005904  1.40205431 -2.34895946  1.92946338 -0.45382857 -5.17697286]]
[[ 0.35020679  1.22971241 -2.59106681  1.90425881 -0.64882147 -5.31283511]]
[[ 0.40240504  1.0931425  -2.82713481  1.85477396 -0.76033417 -5.45410227]]
[[ 0.45553486  0.95472648 -2.92492756  1.77735099 -0.80939697 -5.58895109]]
[[ 0.52544858  0.79745237 -2.92553774  1.66393509 -0.80437628 -5.71906532]]
[[ 0.5702268   0.67055434 -2.87615484  1.5354132  -0.72244901 -5.84066123]]
[[ 0.58418918  0.60637684 -2.6810833   1.44016073 -0.63887596 -5.92160302]]
[[ 0.59170757  0.57727523 -2.55626375  1.3679947  -0.55844337 -5.96212892]]
[[ 0.64195205  0.50930024 -2.53520415  1.29753147 -0.49393921 -5.99458881]]
[[ 0.70963382  0.42250709 -2.48895321  1.23799012 -0.44661267 -6.01353701]]
[[ 0.81058334  0.29229018 -2.38512435  1.16105488 -0.39725065 -6.03108369]]
[[ 0.90828545  0.1825673  -2.34611102  1.09450417 -0.34408542 -6.02756986]]
[[ 0.97506593  0.09505718 -2.38370625  1.03966665 -0.27308536 -6.00924492]]
[[ 1.01036046  0.06087038 -2.30086839  1.01819089 -0.22391825 -5.9971178 ]]
[[ 1.03355137  0.05838333 -2.29177754  1.01640339 -0.17805066 -5.99505583]]
[[ 0.98142553  0.11944614 -2.27823356  1.0354557  -0.10716731 -5.9981968 ]]
[[ 0.93853612  0.18459178 -2.13901222  1.05147895 -0.06277477 -6.01487374]]
[[ 0.86928073  0.30171904 -2.05906141  1.08957943 -0.01023929 -6.02350519]]
[[ 0.81270504  0.44328085 -1.8678564   1.12796019  0.02891952 -6.05288966]]
[[ 0.77318796  0.56018346 -1.72524166  1.15059853  0.0549045  -6.08289208]]
[[ 0.78175672  0.60623321 -1.65464749  1.16280958  0.0473233  -6.09246964]]
[[ 0.80284523  0.66781071 -1.63038366  1.19645271  0.01523268 -6.12571743]]
[[ 0.81099007  0.72277083 -1.69530611  1.23376604 -0.01040452 -6.1690146 ]]
[[ 0.84103874  0.72228341 -1.83792024  1.24744259 -0.04855742 -6.21395802]]
[[ 0.88545533  0.68960174 -2.11425179  1.26176404 -0.09555835 -6.26988599]]
[[ 0.92379295  0.6387045  -2.33339404  1.2748751  -0.14353015 -6.30669502]]
[[ 1.0264414   0.5663551  -2.63880681  1.27321444 -0.18498251 -6.31395701]]
[[ 1.09674913  0.52743321 -2.91559612  1.28114308 -0.20955968 -6.35310627]]
[[ 1.15409843  0.45584609 -3.23371459  1.24936613 -0.18232439 -6.28402539]]
[[ 1.10034377  0.03979252 -2.80675098  1.06566212 -0.14205092 -5.38106247]]
[[ 1.00855626 -0.61211135 -1.63957916  0.80898685  0.02912249 -3.88087499]]
[[ 0.8958457  -0.93312137 -0.7087409   0.68173882  0.14569879 -2.63457734]]
[[ 1.22218655 -1.15840641 -0.87626386  0.785428   -0.03986405 -1.43765329]]
[[ 2.38232559 -2.04614625 -2.53787091  0.58614223  0.21205177 -0.00615305]]
[[ 3.18174262 -2.95302007 -4.51593092  0.48604642  0.21576986  1.29198591]]
[[ 3.8234457  -3.64119901 -6.15208439  0.59649429  0.12134634  2.4127058 ]]
[[ 4.06364767 -3.70556473 -7.18480581  0.87647751  0.02656245  3.26663905]]
[[ 4.161306   -3.43029368 -7.8822604   1.24355556 -0.07730369  3.94111085]]
[[ 4.13805351 -3.15837688 -8.27394945  1.51675873 -0.13192621  4.51964066]]
[[ 3.98953468 -2.79374816 -8.45605525  1.73117155 -0.09919058  5.06140789]]
[[ 3.85689921 -2.51993327 -8.56622034  1.87060029 -0.02033501  5.5348637 ]]
[[ 3.72796452 -2.26372833 -8.51962589  1.976574    0.11581512  5.99860115]]
[[ 3.63792866 -2.074676   -8.40283513  2.04602975  0.26297876  6.3889683 ]]
[[ 3.58075895 -1.93962164 -8.25180771  2.1018958   0.38055926  6.66666399]]
[[ 3.53853811 -1.78938202 -8.0486388   2.16551574  0.47268847  6.89891722]]
[[ 3.48507945 -1.55440922 -8.02796951  2.24604877  0.56543289  7.10022288]]
[[ 3.44800687 -1.41810017 -7.75881197  2.183222    0.5617831   6.49570994]]
[[ 3.49957362 -1.66929645 -7.16155173  1.88852085  0.3601443   5.07660417]]
[[ 3.45640271 -1.65698489 -6.22033238  1.70466205  0.10973259  3.68403664]]
[[ 3.20863166 -1.37269673 -4.56504085  1.71457746 -0.21532747  2.49008961]]
[[ 2.60834363 -0.73825778 -2.85633546  1.62618931 -0.39021762  1.69474395]]
[[ 1.97821115 -0.40685814 -1.82378737  1.34838814 -0.34929093  1.22821833]]
[[ 2.08712236 -0.67329075 -1.17642094  1.36424709 -0.3985534   1.60349646]]
[[ 2.36124387 -0.97136245 -0.98739027  1.51870959 -0.33874106  2.57790492]]
[[ 2.70220253 -1.16124166 -1.03078269  1.80536804 -0.38183566  3.55634638]]
[[ 2.99877548 -1.28287246 -1.30467131  2.09787763 -0.43557057  4.46644691]]
[[ 3.14631927 -1.29060251 -1.76133778  2.3130746  -0.42614007  5.25507318]]
[[ 3.27344503 -1.2300712  -2.09679552  2.53177574 -0.42437926  5.96699375]]
[[ 3.33206207 -1.0324733  -2.24881477  2.72662118 -0.38025894  6.57894292]]
[[ 3.39694271 -0.76242036 -2.28503348  2.91656596 -0.33460717  7.12986101]]
[[ 3.45602924 -0.49755483 -2.25291808  3.07458506 -0.28639814  7.61092812]]
[[ 3.52491117 -0.22019809 -2.17786232  3.21400134 -0.20072704  8.12604619]]
[[ 3.51925979e+00  7.49871618e-02 -2.21741680e+00  3.28792601e+00
   3.20200260e-03  8.72268263e+00]]
[[ 3.49752197  0.41773601 -2.37309121  3.31354087  0.2904531   9.340789  ]]
[[ 3.48365952  0.68505245 -2.58982102  3.34386531  0.54573582  9.94906001]]
[[ 3.53699386  1.03855439 -2.7236149   3.42485574  0.7051327  10.34742659]]
[[ 3.63943244  1.34478553 -2.55610688  3.52300723  0.74189309 10.36603201]]
[[ 3.72233949  1.84995955 -2.57698323  3.65904237  0.61822189  9.48433944]]
[[ 3.57479704  1.99000575 -2.87821518  3.6443385   0.37430889  8.00884402]]
[[ 3.37534468  2.14271057 -3.07560868  3.59837271  0.07238629  6.32204852]]
[[ 3.18330778  2.19313812 -2.96102531  3.47368336 -0.10696336  4.90099241]]
[[ 2.97190131  2.16646036 -2.67477528  3.3032957  -0.27118735  3.72948712]]
[[ 2.67531667  2.13539928 -2.43897376  3.07247217 -0.40885272  2.73251006]]
[[ 2.11935335  2.32708637 -2.35701461  2.71727475 -0.49366994  1.85629534]]
[[ 1.53407738  2.27777    -2.61770826  2.30723338 -0.6040419   1.18517595]]
[[ 1.22003414  1.13386656 -2.98294073  1.69040419 -0.53535273  0.76255262]]
[[ 1.00333643  0.4875732  -2.59113649  1.22615791 -0.44670597  0.46876119]]
[[ 0.63557049  0.39006592 -2.21434781  0.87019567 -0.37762616  0.28749811]]
[[ 0.43812267  0.16671107 -2.28097856  0.63332485 -0.29585736  0.15551842]]
[[ 0.19475024  0.42847741 -2.66568027  0.45633308 -0.17082603 -0.09745228]]
[[ 0.24361734  0.33289319 -3.16179585  0.27363962  0.08464604 -0.35621314]]
[[ 0.26215402  0.28995486 -3.68208094  0.12507686  0.34138101 -0.56843615]]
[[ 0.28296298  0.121387   -4.12961667  0.03107698  0.45838978 -0.53316267]]
[[ 0.32149228  0.02692985 -3.82748892 -0.01360771  0.55505488 -0.41378409]]
[[ 0.43967975  0.13160882 -3.32864023  0.16440023  0.42881732 -0.37263279]]
[[ 0.67049269  0.03500366 -3.03323568  0.40139501  0.16665171 -0.34727377]]
[[ 7.84425320e-01  2.70968377e-02 -2.92047945e+00  5.57565498e-01
   8.70372620e-04 -3.26778426e-01]]
[[ 0.75127601  0.04691829 -3.39325494  0.63992302 -0.10306778 -0.31999723]]
[[ 0.6086817   0.27048508 -3.97658555  0.70156035 -0.14371003 -0.33724256]]
[[ 0.45675769  0.55256944 -4.27167925  0.68376184 -0.08371425 -0.3621481 ]]
[[ 0.39079927  0.52184119 -4.68982488  0.61423725 -0.05879844 -0.38297237]]
[[ 0.27058361  0.55797853 -4.83510881  0.47475947  0.08955998 -0.39942329]]
[[ 0.15195256  0.60889295 -4.75813559  0.32263866  0.3076229  -0.41368407]]
[[ 0.18908512  0.59374351 -4.42976868  0.21624966  0.42670229 -0.45170058]]
[[ 0.30191087  0.670698   -4.07929266  0.23258821  0.42997385 -0.51603174]]
[[ 0.40704615  0.8230636  -3.82567261  0.32658774  0.36609073 -0.55182252]]
[[ 0.54643447  0.91082201 -3.6132065   0.43594501  0.27288471 -0.58078395]]
[[ 0.64213736  1.0137499  -3.48324033  0.55903126  0.17587492 -0.60119798]]
[[ 0.74643541  1.0073275  -3.48234581  0.71949232  0.02177625 -0.59362407]]
[[ 0.83812619  1.0030099  -3.41164027  0.84328365 -0.09504952 -0.59355442]]
[[ 0.91996588  0.95109319 -3.47400498  0.96193268 -0.22195507 -0.60329753]]
[[ 1.02699208  0.84352868 -3.6510743   1.08842629 -0.36529802 -0.63343334]]
[[ 1.15787833  0.50563386 -4.04215012  1.15720368 -0.51914268 -0.65804871]]
[[ 1.3731431  -0.05384137 -5.05257253  1.36803381 -0.84502473 -0.71285275]]
[[ 1.49177247 -0.28837699 -5.45026956  1.70187834 -1.18835947 -0.69919948]]
[[ 1.36428529 -0.09159348 -5.21307571  1.7446535  -1.20042188 -0.65303462]]
[[ 1.33460498 -0.12230359 -4.3617133   1.60852998 -1.10076697 -0.56011612]]
[[ 1.308916   -0.2305532  -3.27898291  1.35070072 -0.92166727 -0.44325304]]
[[ 1.11131367 -0.23319723 -2.51262113  1.01593528 -0.64946423 -0.36948053]]
[[ 0.9557074  -0.33079308 -2.0713544   0.7216216  -0.41653846 -0.30607905]]
[[ 0.91520659 -0.52837991 -1.97623305  0.51912885 -0.29030365 -0.26625771]]
[[ 0.86692442 -0.54931995 -1.92483997  0.45369788 -0.24435867 -0.26053831]]
[[ 0.92106429 -0.51194942 -1.74355689  0.53220866 -0.30355688 -0.24620083]]
[[ 0.94188972 -0.46159979 -1.55160844  0.56807355 -0.32369383 -0.24026798]]
[[ 0.97055792 -0.50395882 -1.54797534  0.57887648 -0.35245142 -0.24605944]]
[[ 0.92658666 -0.49142876 -1.58617076  0.54251417 -0.325109   -0.2525406 ]]
[[ 0.82026119 -0.44817544 -1.68670291  0.46863767 -0.25520467 -0.24676844]]
[[ 0.71155844 -0.39206147 -1.75751556  0.39809493 -0.18304965 -0.2316267 ]]
[[ 0.61590154 -0.32702943 -1.75230987  0.33758981 -0.11771872 -0.21740166]]
[[ 0.52632447 -0.29637651 -1.75534043  0.26820087 -0.05135876 -0.19682719]]
[[ 0.49269962 -0.35019488 -1.66534313  0.18820687  0.01345205 -0.18244242]]
[[ 0.5412399  -0.46011147 -1.4757472   0.17087629 -0.00987802 -0.18994069]]
[[ 0.66123303 -0.64356217 -1.25170193  0.17804146 -0.06880744 -0.19970054]]
[[ 0.8193524  -0.80347644 -1.07815991  0.24038809 -0.15990174 -0.21169917]]
[[ 0.92752689 -0.90795212 -1.03275496  0.28605508 -0.22358073 -0.20684985]]
[[ 0.93808403 -0.91779411 -1.03238678  0.295176   -0.22894737 -0.1951376 ]]
[[ 0.88236185 -0.85555637 -1.06098607  0.28660836 -0.19993857 -0.18157202]]
[[ 0.78183998 -0.75835741 -1.07141958  0.24993971 -0.13710901 -0.17290588]]
[[ 0.66250959 -0.67905865 -1.10113879  0.18611078 -0.05626205 -0.16714094]]
[[ 0.56483678 -0.61340922 -1.15351811  0.13367673  0.00996888 -0.16695499]]
[[ 0.50324059 -0.58513602 -1.20165138  0.09890853  0.04992683 -0.17016263]]
[[ 0.4698264  -0.54438815 -1.22774706  0.09350453  0.06886939 -0.16894714]]
[[ 0.44495769 -0.518283   -1.3179127   0.08620867  0.08368093 -0.16047053]]
[[ 0.40854309 -0.48285497 -1.44307914  0.05985537  0.12549291 -0.15613242]]
[[ 0.39175498 -0.42616632 -1.48805598  0.05384628  0.15702173 -0.15365341]]
[[ 0.42467019 -0.41047559 -1.06565114  0.13655884  0.0687548  -0.14920857]]
[[ 0.62534374 -0.24336264 -0.25817742  0.43920608 -0.19180115 -0.16593616]]
[[ 0.64287355 -0.32922558 -0.1800436   0.45016475 -0.24943167 -0.18298004]]
[[ 0.61298193 -0.38652933 -0.40635996  0.38139599 -0.20594077 -0.1848962 ]]
[[ 0.59878795 -0.38749293 -0.66140003  0.33482813 -0.15483997 -0.17334799]]
[[ 0.62847137 -0.36561869 -0.80605435  0.34143055 -0.14267178 -0.15776927]]
[[ 0.72199542 -0.56433999 -0.98477814  0.31626572 -0.16396478 -0.13185826]]
[[ 0.82415591 -0.83704898 -1.1328816   0.23279359 -0.15520202 -0.10637389]]
[[ 0.93611886 -1.10925261 -1.28284809  0.11452784 -0.11748865 -0.09433855]]
[[ 0.9905451  -1.28994461 -1.40694725  0.01718896 -0.0723029  -0.09816224]]
[[ 1.00959937e+00 -1.41269927e+00 -1.48445697e+00 -8.86149799e-02
  -1.33210535e-03 -1.04904004e-01]]
[[ 1.02438427 -1.4963755  -1.56963424 -0.1415798   0.03803351 -0.11734403]]
[[ 1.07621291 -1.58652395 -1.69285872 -0.18431192  0.05656572 -0.12548945]]
[[ 1.14421979 -1.70409209 -1.79937119 -0.24689244  0.08185215 -0.1169069 ]]
[[ 1.1734979  -1.7453523  -1.91134229 -0.24254972  0.07957587 -0.12978862]]
[[ 1.17068358 -1.71839454 -1.90100067 -0.20351315  0.07157063 -0.15322568]]
[[ 1.19755519 -1.68391106 -1.82657489 -0.13834038  0.04431578 -0.17217721]]
[[ 1.23489767 -1.65017611 -1.74237575 -0.06721993  0.00988944 -0.18906555]]
[[ 1.26848613 -1.6157377  -1.67886482 -0.01166103 -0.01244294 -0.20813529]]
[[ 1.30641072 -1.60337373 -1.62526798  0.01560431 -0.01644099 -0.23467821]]
[[ 1.31830369 -1.6211601  -1.63600157 -0.00618314 -0.00618189 -0.24205602]]
[[ 1.25230761 -1.65324449 -1.74830676 -0.10612038  0.04927884 -0.22288472]]
[[ 1.15100093 -1.64334877 -1.87356934 -0.21498057  0.14119235 -0.22074861]]
[[ 1.13645229 -1.64804836 -2.00258039 -0.24162277  0.16583472 -0.23502372]]
[[ 1.09967424 -1.63768961 -2.05409263 -0.27005029  0.18981416 -0.23377362]]
[[ 1.09799297 -1.61240281 -2.0920553  -0.23486896  0.17311975 -0.23916468]]
[[ 1.08182479 -1.61428761 -2.20036472 -0.25360257  0.18569717 -0.23355728]]
[[ 1.10113513 -1.60100333 -2.29810736 -0.21165235  0.16654582 -0.23631669]]
[[ 1.1408293  -1.62131745 -2.51605953 -0.14944865  0.10685491 -0.17053743]]
[[ 1.3149674  -1.8430182  -2.743566    0.04915551  0.01370479  0.03338145]]
[[ 1.4415198  -1.69090356 -2.83474066  0.28718167 -0.06647654 -0.00705959]]
[[ 2.09473591 -1.74786889 -3.08286246  0.33549782  0.0319786  -0.41962343]]
[[ 2.16854347 -1.64065099 -3.19289038  0.41225212  0.05587881 -0.26973198]]
[[ 2.13047161 -1.66834511 -3.23531788  0.53176334  0.04299983  0.04805223]]
[[ 2.10017102 -1.66794935 -3.45266276  0.51269672  0.09204145  0.04844648]]
[[ 1.88671768e+00 -1.55039630e+00 -3.45882319e+00  3.94145406e-01
   1.65066572e-01 -9.10293692e-05]]
[[ 1.59870879 -1.35646094 -3.24339934  0.3296184   0.1721863  -0.03744001]]
[[ 1.49446772 -1.24292668 -3.07565187  0.33479732  0.15047405 -0.06939004]]
[[ 1.28371261 -1.01504347 -3.08625149  0.26833278  0.16940132 -0.20491991]]
[[ 1.38391468 -1.02961167 -3.0177677   0.25903273  0.12702091 -0.49558182]]
[[ 1.54259598 -1.24682056 -2.9828592   0.35801627  0.0644657  -0.18944578]]
[[ 1.99941574 -1.48654803 -3.0555684   0.56390091  0.01974141  0.08221224]]
[[ 2.17123624 -1.66666891 -2.42082034  0.50636204  0.04849634  0.06061813]]
[[ 2.15092032 -1.69162814 -1.93687983  0.51210244  0.00637417 -0.0638849 ]]
[[ 2.06835687 -1.7570939  -1.86006292  0.57218965 -0.1238214  -0.2844364 ]]
[[ 2.48916323 -2.02024872 -2.23905489  0.51307081 -0.16811612 -0.85269571]]
[[ 2.84237657 -2.05829183 -2.63899066  0.69447667 -0.40754794 -1.22705487]]
[[ 2.61718274 -2.01472809 -2.84115145  0.4713134  -0.0819577  -1.67441429]]
[[ 1.72508666 -1.94600691 -2.89736421  0.25292173  0.74627184 -2.49267628]]
[[ 1.20463665 -1.7529288  -3.18842747  0.24383457  1.09070237 -3.26403067]]
[[ 0.83937775 -1.42065028 -3.34217607  0.40654004  1.00425073 -3.96606564]]
[[ 0.56463036 -0.89339725 -3.33210916  0.70472833  0.5179213  -4.65187556]]
[[ 0.33657487 -0.44886773 -3.51234464  0.92826303  0.10666204 -5.22145516]]
[[ 0.11781107 -0.0492238  -3.70664325  1.10219737 -0.20607248 -5.74246629]]
[[-0.09005941  0.28102306 -3.97539549  1.25551002 -0.42043719 -6.14117694]]
[[-0.23785172  0.54574552 -4.2450041   1.35612658 -0.56774324 -6.44426842]]
[[-0.34221539  0.75821906 -4.42679132  1.42061354 -0.66802125 -6.68307343]]
[[-0.3894757   0.90941399 -4.52909775  1.46200081 -0.7392889  -6.85988726]]
[[-0.39752898  1.06113723 -4.75763129  1.5116364  -0.82856211 -7.05885806]]
[[-0.40900595  1.17953528 -4.95563042  1.55608278 -0.89839717 -7.23097923]]
[[-0.4320802   1.28077717 -5.10971877  1.60693774 -0.95640093 -7.41092162]]
[[-0.45704906  1.35804007 -5.22670477  1.65744463 -1.00096091 -7.57108155]]
[[-0.47680505  1.42047699 -5.2154128   1.71073593 -1.03412732 -7.71932027]]
[[-0.5140132   1.46506327 -5.24853076  1.76793461 -1.06985403 -7.8542628 ]]
[[-0.65787968  1.55471908 -5.35784164  1.86239608 -1.15502644 -8.11712241]]
[[-0.80518261  1.63555568 -5.4389568   1.97412734 -1.2322751  -8.38022714]]
[[-0.909968    1.73342661 -5.31504582  2.06919294 -1.27084992 -8.56588281]]
[[-0.96396725  1.7589922  -5.21344083  2.11083458 -1.26786027 -8.52056103]]
[[-1.02372845  1.78581292 -5.18381451  2.1565168  -1.27231634 -8.49002659]]
[[-1.06405917  1.79757724 -5.17388508  2.17424863 -1.27320884 -8.431681  ]]
[[-1.08478906  1.69319947 -5.04387441  2.16494513 -1.23582339 -8.13350487]]
[[-1.13387619  1.60275672 -4.91669649  2.1614681  -1.21188592 -7.90478832]]
[[-1.0934252   1.4137399  -4.80674936  2.08010366 -1.12502262 -7.51238049]]
[[-0.98979142  1.15114093 -4.72336135  1.93382402 -1.01905605 -6.98765683]]
[[-0.54422401  0.75270215 -4.45566169  1.81333989 -1.06802277 -5.92623338]]
[[-0.20607527  0.55560486 -4.00176615  1.79356375 -1.06249867 -4.63224061]]
[[ 0.04997788  0.36675035 -3.388787    1.71237939 -0.914316   -3.52399871]]
[[ 0.23914637  0.10210682 -2.68318137  1.55403282 -0.6929089  -2.66168785]]
[[ 0.33750657 -0.09871616 -2.05763487  1.4220766  -0.47421663 -2.01366683]]
[[ 0.38160668 -0.11345282 -1.72278394  1.41016765 -0.38877707 -1.5438934 ]]
[[ 0.44289854 -0.14925196 -1.40770603  1.39922195 -0.35279509 -1.18333629]]
[[ 0.51903789 -0.24242139 -1.03516536  1.35770393 -0.32471407 -0.94703138]]
[[ 0.58758386 -0.41165793 -0.88677606  1.234802   -0.17428355 -0.70705218]]
[[ 0.59220159 -0.42025721 -1.29431507  1.2106404  -0.10545014 -0.52918574]]
[[ 0.64333287 -0.60630237 -1.96022631  1.11051961 -0.05786733 -0.42997605]]
[[ 0.7851422  -0.70336616 -1.38430233  1.03730806  0.00984824 -0.35816426]]
[[ 1.02801457 -0.96256167 -0.49303408  0.83585389  0.11752004 -0.2785892 ]]
[[ 1.24025332 -1.17545902  0.03162318  0.69189422  0.18442772 -0.24455554]]
[[ 1.36819918 -1.38579079  0.36032061  0.56177684  0.25333485 -0.21042334]]
[[ 1.43728292 -1.49896712  0.60566908  0.48276425  0.30252534 -0.18519716]]
[[ 1.50222912 -1.5656223   0.74965987  0.44044866  0.32506693 -0.16915645]]
[[ 1.55827002 -1.63160182  0.86305344  0.39337504  0.34646473 -0.15886751]]
[[ 1.58758305 -1.66623866  0.94568193  0.36588151  0.361339   -0.15265843]]
[[ 1.60125584 -1.69808706  1.0036442   0.34857173  0.37495402 -0.14693401]]
[[ 1.61318771 -1.72625281  1.0425149   0.33333161  0.38791836 -0.14298339]]
[[ 1.62854781 -1.74021267  1.06521421  0.32348171  0.38799689 -0.14175265]]
[[ 1.64442336 -1.76139762  1.08170454  0.31322687  0.38727107 -0.14191893]]
[[ 1.6524218  -1.77310563  1.09590913  0.30637733  0.38795081 -0.14214284]]
[[ 1.66060273 -1.78676616  1.10616728  0.2986971   0.38984086 -0.14209846]]
[[ 1.6614697  -1.78916577  1.11267157  0.29725482  0.3903609  -0.14148758]]
[[ 1.66870406 -1.796877    1.12186749  0.29456769  0.38957063 -0.14178236]]
[[ 1.66982483 -1.8007132   1.12856966  0.29370775  0.38906237 -0.14194079]]
[[ 1.66883991 -1.80719211  1.12966785  0.29195399  0.38889813 -0.14197044]]
[[ 1.67131532 -1.81169353  1.13290636  0.28992921  0.38920094 -0.14187757]]
[[ 1.67161628 -1.81085543  1.13726028  0.29069585  0.38902814 -0.14178829]]
[[ 1.67409866 -1.81288874  1.13985244  0.29023972  0.38917646 -0.14154104]]
[[ 1.67564933 -1.81531614  1.14282295  0.29043236  0.39028165 -0.14134744]]
[[ 1.67548366 -1.81712959  1.14315038  0.28920089  0.39052105 -0.14110386]]
[[ 1.67461602 -1.81833266  1.14303784  0.29142986  0.38925134 -0.14116855]]
[[ 1.6748039  -1.81659186  1.14616867  0.2913024   0.38906156 -0.14105831]]
[[ 1.67293588 -1.81736336  1.14883056  0.28981648  0.38852867 -0.14094451]]
[[ 1.67522964 -1.81986662  1.1502121   0.29061839  0.38980944 -0.14067378]]
[[ 1.67650304 -1.81860454  1.15216954  0.29051871  0.39024909 -0.1404061 ]]
[[ 1.67710168 -1.81832896  1.15388782  0.29168752  0.39000127 -0.14033209]]
[[ 1.67757673 -1.82022814  1.15537851  0.29097162  0.39073355 -0.14021615]]
[[ 1.67613047 -1.82102007  1.15707142  0.29082382  0.39007846 -0.14014137]]
[[ 1.67317233 -1.81820805  1.15367651  0.29048972  0.3885424  -0.14006874]]
[[ 1.67162748 -1.81716767  1.15463521  0.29053815  0.38740232 -0.13995602]]
[[ 1.67293317 -1.81720542  1.15692003  0.28966312  0.3883163  -0.13977532]]
[[ 1.67496082 -1.81947064  1.15743181  0.29005669  0.38955913 -0.13967722]]
[[ 1.67343236 -1.81715843  1.16089412  0.28988681  0.38848088 -0.13959973]]
[[ 1.67297266 -1.81732316  1.1617085   0.2903969   0.38774663 -0.13957131]]
[[ 1.67268381 -1.81787295  1.16147495  0.28991983  0.38813909 -0.13931997]]
[[ 1.67387248 -1.81899504  1.16267515  0.2895483   0.38884345 -0.13918273]]
[[ 1.67200082 -1.81871845  1.16274772  0.29029102  0.38763061 -0.13921071]]
