[[0. 0. 0. 0. 0. 0.]]
[[-1.18290734e-03  1.94710248e-03  9.71214117e-03 -1.18798744e-05
  -2.37457990e-04 -8.19363861e-05]]
[[-2.49319917e-03  1.05986973e-03  1.05951847e-02 -1.25046811e-04
   5.31763240e-05 -2.91474468e-05]]
[[-3.36778567e-03  8.33535558e-05  1.08038998e-02 -3.00324519e-06
  -1.34675065e-04 -2.15315437e-05]]
[[-2.35241610e-03 -7.11791094e-04  9.43393486e-03  2.33818383e-04
  -9.87803207e-05 -2.27466934e-05]]
[[-3.82227249e-03 -1.09227227e-03  8.60007484e-03 -9.67441203e-05
   5.34287244e-05 -2.90679651e-05]]
[[-3.91190184e-03 -1.94215821e-03  6.93470457e-03 -1.32516754e-04
   1.28558128e-05 -3.63185637e-05]]
[[-5.95985994e-03 -2.10031372e-03  6.62589064e-03  8.50510032e-05
   1.75014564e-05 -2.86884276e-05]]
[[-7.55282991e-03 -2.37557071e-03  5.16466874e-03  2.13316939e-04
  -8.68965496e-05 -4.17357531e-05]]
[[-8.09109293e-03 -1.51531209e-03  3.71626687e-03  6.44372371e-05
   1.24087167e-04 -6.34172468e-06]]
[[-8.40640295e-03 -2.57895659e-04  3.32526453e-03 -8.11519244e-05
   5.50823303e-05 -3.70175912e-05]]
[[-8.88090635e-03  5.72291396e-04  2.24206933e-03  2.12770177e-04
  -3.38784573e-05 -5.15276831e-05]]
[[-8.39207840e-03  1.26520794e-03  2.29424673e-03  1.26582661e-04
  -1.29033762e-04 -9.11379082e-05]]
[[-7.45861587e-03  4.73599340e-04  3.50328887e-03 -6.51775636e-05
  -5.22214892e-05  6.61825317e-06]]
[[-8.85239475e-03  1.66624308e-04  5.18318922e-03 -1.83206813e-04
  -1.01305944e-04 -1.28984281e-05]]
[[-1.14774190e-02 -8.88486777e-04  4.86516190e-03  8.14079974e-05
  -2.24380853e-04 -1.56195681e-05]]
[[-1.19764580e-02 -1.44302185e-03  4.55420674e-03  8.95677124e-05
  -2.33397409e-04 -2.16627432e-05]]
[[-1.04377666e-02 -2.58842038e-03  5.46560064e-03 -1.07410452e-04
   9.04635380e-05 -8.96343560e-06]]
[[-8.43130374e-03 -2.59501292e-03  4.94147146e-03 -9.34425994e-05
   1.33777477e-04 -1.97501204e-05]]
[[-8.86446704e-03 -3.30253881e-06  7.45090607e-03  1.78721572e-04
   9.02921446e-05 -5.41472834e-05]]
[[-8.89606819e-03  1.79460184e-03  1.09904120e-02  3.16461758e-04
  -3.05154068e-05 -1.07241622e-04]]
[[-8.29921456e-03  2.50736943e-03  1.13032147e-02 -2.76321901e-06
   2.58105674e-04 -8.60222381e-05]]
[[-5.62899974e-03  2.61196331e-04  1.02438559e-02 -1.34108826e-04
   4.40378265e-05 -1.27222217e-04]]
[[-6.68865373e-03  1.65507029e-03  1.31086884e-02  3.17517966e-05
   1.78196774e-04 -1.22228202e-04]]
[[-4.12609846e-03  3.78078614e-03  1.49098135e-02  3.64209849e-04
   4.13422306e-05 -8.07960767e-05]]
[[-3.84533977e-03  4.35478503e-03  1.63040241e-02 -2.88356474e-05
   1.12003813e-04  2.83487443e-05]]
[[-4.09596137e-03  2.69471555e-03  1.80473107e-02 -1.91770865e-04
   3.27291187e-04 -3.92608471e-05]]
[[-4.33054668e-03  2.63159256e-03  2.06920942e-02  2.60764362e-04
  -7.91042708e-05 -8.95681959e-05]]
[[-3.07717836e-03  2.90747249e-03  2.23137489e-02  3.53839750e-04
  -8.03379880e-05 -4.93177320e-05]]
[[-2.07048105e-03  1.12533364e-03  2.29048373e-02  7.73953653e-05
  -1.37977222e-04 -2.73174590e-05]]
[[-1.60085848e-03  9.43092046e-04  2.78765203e-02 -6.94700618e-05
   5.63877680e-05  6.40260114e-05]]
[[-9.14430227e-04  2.11551940e-03  3.38098796e-02  2.27107855e-04
  -3.24885529e-04  1.94014275e-05]]
[[ 1.55476796e-04  3.41857904e-03  3.86859960e-02  3.84061028e-04
  -1.59530445e-04 -2.95324216e-05]]
[[-1.01826990e-03  1.87786983e-03  3.83279546e-02  4.41336391e-05
  -3.19575369e-04  1.19874122e-04]]
[[-1.03532707e-03  1.37588109e-03  4.28519957e-02  9.10369516e-05
  -8.90709332e-05  2.29050717e-05]]
[[ 1.02403529e-04  1.54446854e-03  4.46916873e-02  3.03724304e-04
  -3.15287474e-04  6.56609164e-05]]
[[ 1.14044933e-03  2.16526037e-03  4.60980323e-02  4.71693036e-04
  -2.21192441e-04  2.14845009e-05]]
[[ 2.62873464e-03  1.18836568e-03  4.94484655e-02  6.70961930e-05
  -8.89753995e-05  5.38468120e-05]]
[[ 3.50803539e-03  1.45953043e-03  5.05099582e-02  1.20846071e-04
  -1.37647013e-04  1.38031536e-05]]
[[ 3.42309936e-03  1.67259385e-03  5.27186899e-02  4.03558245e-04
  -2.60986630e-04 -1.58657459e-05]]
[[ 4.83549238e-03  1.83319194e-03  5.31872351e-02  3.60333882e-04
  -3.15755555e-04 -3.32102843e-05]]
[[ 3.65803030e-03 -1.74386893e-04  5.00852529e-02  2.98320188e-05
  -1.56451991e-04 -1.75164256e-05]]
[[ 3.10299147e-03  9.72002999e-05  5.14237669e-02  1.41682549e-04
  -2.92625134e-04 -4.87194665e-05]]
[[ 2.58704410e-03 -2.27419462e-03  4.89710637e-02  3.52491264e-04
  -2.68734611e-04  3.79554701e-05]]
[[ 1.62467600e-03 -2.78972545e-03  5.03023699e-02  2.98874362e-04
  -4.52236990e-04 -9.05683879e-07]]
[[-3.97707440e-04 -3.32200936e-03  5.12647208e-02  1.18734988e-04
  -2.09010085e-04  4.15305554e-05]]
[[ 3.04481168e-04 -1.82856950e-03  5.18013407e-02  8.22999004e-05
  -3.93428288e-04  6.70137601e-06]]
[[ 2.24031053e-03 -1.58781969e-03  4.98608440e-02  5.10148301e-04
  -3.19816252e-04 -7.57778018e-05]]
[[ 2.34789572e-03 -7.29484120e-04  5.17943809e-02  2.75273279e-04
  -3.66378950e-04 -5.06466828e-05]]
[[ 3.71586519e-03  1.04183399e-04  5.13324664e-02  2.39254048e-05
  -1.66706675e-05 -4.89965698e-05]]
[[ 3.14195837e-03  4.74427640e-04  5.09681603e-02  1.00814604e-04
  -4.11288037e-04  8.69288040e-06]]
[[ 2.25643663e-03  2.17151831e-03  5.18731729e-02  2.90254018e-04
  -1.54214702e-04  2.52077553e-05]]
[[ 8.44964001e-05  1.29253943e-03  5.03527742e-02  1.70667498e-04
  -6.12287761e-04  3.51326478e-05]]
[[-3.55024893e-03  7.32786127e-04  4.85544496e-02 -7.57597959e-05
  -2.27389585e-04  2.19187079e-05]]
[[-1.71200330e-03  5.44421273e-05  4.86779766e-02 -1.70492971e-05
  -3.97402738e-04 -1.35788512e-05]]
[[-5.86057209e-04  7.61471960e-04  4.96998415e-02  1.96213524e-04
  -2.72093099e-04 -5.24937969e-05]]
[[ 5.06937327e-04 -1.22078952e-03  4.83872514e-02  2.82302757e-04
  -3.21562599e-04 -6.24551709e-05]]
[[ 1.92905042e-03 -2.68673795e-04  4.74519521e-02  1.98684239e-04
  -5.47520828e-05 -2.86493032e-05]]
[[ 1.39010228e-03 -9.47212457e-04  4.82158104e-02  1.23170660e-04
  -1.11176949e-04 -2.90804820e-05]]
[[ 1.71926180e-03 -9.02007221e-04  4.84969763e-02  3.38474670e-04
  -4.85679812e-05 -7.32260135e-05]]
[[ 4.87918731e-03 -2.27443504e-04  4.83545211e-02  4.04051279e-04
  -1.67994245e-04 -9.85012563e-05]]
[[ 2.28567659e-03 -8.68774824e-04  4.61405902e-02  1.78753702e-04
  -2.01012607e-05  1.44240543e-05]]
[[ 5.18793856e-03 -1.74402277e-04  4.79115136e-02  3.67055141e-05
  -1.48472354e-04 -3.74655221e-05]]
[[ 4.78274490e-03  1.50866497e-03  4.68888164e-02  3.01510190e-04
  -1.00673748e-04 -3.65294647e-05]]
[[ 6.37616354e-03  1.14319790e-03  4.54348859e-02  3.42535473e-04
  -1.96657462e-04 -3.67871244e-05]]
[[ 7.19071344e-03  7.89139361e-04  4.68677119e-02 -7.85739736e-05
  -1.52039103e-04 -6.80014062e-06]]
[[ 5.95067437e-03 -5.79052683e-04  4.53798822e-02  1.32705722e-06
  -2.09186682e-04  6.92038377e-05]]
[[ 8.98699232e-03  1.27675782e-03  4.67566963e-02  1.40134851e-04
  -2.23784511e-04  1.85395861e-05]]
[[ 7.86095634e-03 -3.93126861e-05  4.66922646e-02  8.59690070e-05
  -2.22806157e-04  5.43759722e-05]]
[[ 8.27609321e-03 -1.01938790e-03  4.66085018e-02  8.90555405e-06
  -2.07860593e-04  4.42229025e-05]]
[[ 9.13496081e-03 -1.66574742e-03  4.55042786e-02  7.94172791e-06
  -2.15565414e-04  3.31885735e-05]]
[[ 7.93552227e-03 -5.49462029e-04  4.57012861e-02  9.62623980e-05
  -3.14476193e-04 -3.79509480e-05]]
[[ 5.53654966e-03  9.77157589e-05  4.30846781e-02 -8.23644771e-05
  -2.41032673e-04 -1.15907311e-06]]
[[ 8.13756375e-03  1.37181022e-03  4.60641219e-02 -2.04109019e-04
  -3.00736031e-04 -5.57256489e-05]]
[[ 8.95648831e-03  4.95685997e-04  4.44937548e-02 -1.38631845e-04
  -2.17487822e-04 -4.82313045e-05]]
[[ 9.60958252e-03 -1.40525403e-04  4.43376488e-02 -6.17007283e-05
  -5.60787845e-04 -1.35332970e-04]]
[[ 8.20153952e-03  1.52993088e-03  4.30715528e-02  3.07193060e-05
  -3.36006164e-04 -7.61983068e-05]]
[[ 7.51578778e-03 -2.84319163e-04  4.27084498e-02 -2.71048832e-04
  -4.09788425e-04 -4.53428821e-05]]
[[ 9.56772437e-03  8.62666653e-04  4.34814794e-02 -1.40848782e-04
  -2.08162280e-04 -8.02002845e-05]]
[[ 8.96704123e-03  1.58363158e-05  4.41016994e-02 -1.42287283e-04
  -3.72506700e-04 -1.85833495e-04]]
[[ 0.00719196  0.00095833  0.04259421 -0.00013031 -0.00029858 -0.00014351]]
[[ 0.00840198  0.0009341   0.04311556 -0.00016652 -0.00033114 -0.00013774]]
[[ 0.00975743  0.00225472  0.0418486  -0.00024969 -0.00033076 -0.00015198]]
[[ 0.01019051  0.00162783  0.04397151 -0.0002705  -0.00040207 -0.00018131]]
[[ 0.00906586  0.00136465  0.0408985  -0.00037506 -0.00040947 -0.00014764]]
[[ 9.65063394e-03  1.87562494e-03  4.07668036e-02 -4.37279898e-04
  -3.23623142e-04 -7.14727395e-05]]
[[ 8.55041071e-03  2.70459754e-03  4.17679185e-02 -4.57696293e-04
  -4.18437222e-04 -3.49055085e-05]]
[[ 9.26146249e-03  4.54488425e-03  4.29212394e-02 -3.07039911e-04
  -3.46287787e-04  6.80160982e-06]]
[[ 1.09160513e-02  2.11620391e-03  4.21888598e-02 -4.90723684e-04
  -3.83924509e-04  3.51601693e-05]]
[[ 1.24926214e-02  1.31204999e-03  4.43471018e-02 -4.60640057e-04
  -2.71075440e-04  3.16519076e-05]]
[[ 1.35275882e-02  1.44918078e-03  4.46024255e-02 -3.55145767e-04
  -4.36144151e-04 -2.66601551e-05]]
[[ 1.35723013e-02  1.00379311e-03  4.41786352e-02 -3.23742632e-04
  -3.75906855e-04  7.66450238e-06]]
[[ 1.49026721e-02 -1.14190417e-03  4.51451948e-02 -5.34653693e-04
  -4.45143382e-04  2.37865087e-05]]
[[ 1.46501327e-02 -1.06276860e-03  4.68355524e-02 -4.96862908e-04
  -4.02081474e-04  2.10413649e-05]]
[[ 0.01513447  0.00028598  0.04779657 -0.00026922 -0.00058873 -0.00012604]]
[[ 0.01511435  0.00099409  0.0502459  -0.00029193 -0.00053089 -0.00011286]]
[[ 1.34336372e-02 -1.27069987e-03  4.94121126e-02 -6.43324711e-04
  -3.54181721e-04 -3.11548491e-05]]
[[ 1.23322999e-02 -1.86174889e-04  4.94924180e-02 -4.46577498e-04
  -4.37437568e-04 -6.99350603e-05]]
[[ 0.01124529 -0.0014166   0.05068069 -0.00033598 -0.00050086 -0.00011186]]
[[ 1.12885150e-02 -6.17404581e-04  5.25690675e-02 -3.70528626e-04
  -5.54919027e-04 -7.31806704e-05]]
[[ 1.19418920e-02 -5.92869733e-04  5.37709421e-02 -6.10544042e-04
  -5.69250847e-04 -4.48937191e-05]]
[[ 1.12919195e-02 -7.12971219e-04  5.42406902e-02 -5.30891961e-04
  -7.16505880e-04 -5.22211603e-05]]
[[ 1.30145032e-02 -1.55998214e-03  5.64979665e-02 -3.63395797e-04
  -8.16149541e-04  7.83711498e-06]]
[[ 1.49878621e-02 -2.23492611e-04  5.80107263e-02 -7.16730557e-04
  -7.99538841e-04  2.59412847e-05]]
[[ 1.29464843e-02  1.97886519e-04  5.83377082e-02 -7.06149889e-04
  -8.23642428e-04  3.28402888e-05]]
[[ 1.34944666e-02  5.19256437e-05  5.94002551e-02 -6.25503199e-04
  -8.09000063e-04  5.71720754e-05]]
[[ 1.30689932e-02 -3.91913417e-04  5.99977529e-02 -4.16407299e-04
  -9.74347367e-04 -5.09624357e-05]]
[[ 1.31653648e-02 -7.89198825e-04  6.12089444e-02 -7.75547678e-04
  -8.09801165e-04  5.17095014e-05]]
[[ 1.37659157e-02  1.24554641e-03  6.36113436e-02 -8.38918699e-04
  -8.27658763e-04  5.94507246e-05]]
[[ 1.66214248e-02  3.05988303e-03  6.65404164e-02 -5.64151358e-04
  -8.43312943e-04 -8.80480871e-06]]
[[ 1.70719477e-02  2.68466706e-03  6.54768028e-02 -4.71685272e-04
  -1.01789832e-03 -4.52328995e-05]]
[[ 1.75499733e-02 -4.56056235e-04  6.49926530e-02 -6.58624052e-04
  -8.73952731e-04  2.27811893e-05]]
[[ 1.83350707e-02 -7.05742145e-04  6.30030638e-02 -8.53533575e-04
  -9.19991452e-04  4.90526731e-05]]
[[ 1.73806614e-02 -7.45823280e-04  6.52049661e-02 -3.70717205e-04
  -1.03542295e-03  7.00532032e-06]]
[[ 1.77707677e-02 -1.86627302e-03  6.35696499e-02 -5.20559325e-04
  -1.07768830e-03  3.53824857e-05]]
[[ 1.74156417e-02 -8.87538594e-04  6.30344903e-02 -7.78523954e-04
  -9.96604404e-04  2.80020566e-05]]
[[ 1.90684324e-02  2.40425842e-04  6.57180002e-02 -8.11839355e-04
  -9.90497183e-04 -1.30840567e-05]]
[[ 1.84793387e-02 -1.19488683e-03  6.41112692e-02 -4.82519120e-04
  -1.16483089e-03 -1.68317495e-05]]
[[ 1.86083529e-02  1.60258555e-04  6.77517021e-02 -5.11390912e-04
  -1.14760532e-03 -5.86129721e-06]]
[[ 1.77659090e-02  1.42960703e-03  6.84656208e-02 -9.02892155e-04
  -1.09381808e-03  6.22797668e-05]]
[[ 1.74464998e-02  1.81183883e-03  7.03813725e-02 -7.03102937e-04
  -1.15953320e-03  1.36019015e-05]]
[[ 1.79074119e-02  2.04317732e-03  6.82164343e-02 -4.71984380e-04
  -1.29677100e-03 -2.22870806e-05]]
[[ 1.46555930e-02  1.15126533e-03  6.68166475e-02 -4.99578210e-04
  -1.33341257e-03 -1.95331175e-05]]
[[ 1.60128013e-02  2.57282220e-03  6.74179084e-02 -7.81174980e-04
  -1.21527065e-03 -2.18378167e-05]]
[[ 1.58584534e-02  2.16059127e-03  6.73769538e-02 -7.44022717e-04
  -1.13573912e-03 -4.44842663e-05]]
[[ 0.0147683   0.00225105  0.06621717 -0.00041913 -0.00138627 -0.00012049]]
[[ 1.41380121e-02  2.83095459e-03  6.68874989e-02 -5.37676126e-04
  -1.26382931e-03 -8.63588282e-05]]
[[ 1.57662840e-02  3.15510843e-03  6.89646668e-02 -8.20858300e-04
  -1.26310339e-03  1.18100077e-05]]
[[ 1.71290632e-02  3.41536774e-03  6.74928665e-02 -8.52281477e-04
  -1.16922150e-03  1.61050601e-05]]
[[ 1.67651212e-02  5.96761234e-03  6.74704787e-02 -5.89772413e-04
  -1.39080219e-03 -4.60410804e-05]]
[[ 1.75832505e-02  3.45344956e-03  7.13578645e-02 -5.30765446e-04
  -1.34019865e-03 -3.36690817e-05]]
[[ 1.73838641e-02  1.93965684e-03  6.96675546e-02 -7.20351778e-04
  -1.34850132e-03  4.08105783e-05]]
[[ 1.92407653e-02  4.66846920e-03  6.94296661e-02 -6.93321309e-04
  -1.17119454e-03  2.55716228e-05]]
[[ 1.99000892e-02  4.13598867e-03  6.84699795e-02 -4.44466146e-04
  -1.40137071e-03 -2.16328186e-05]]
[[ 1.90085889e-02  4.16934926e-03  7.00055962e-02 -4.70681563e-04
  -1.18333982e-03 -2.68464771e-05]]
[[ 1.78459227e-02  1.15715722e-03  7.03078192e-02 -8.16540455e-04
  -1.17135227e-03  1.72201562e-05]]
[[ 1.68172884e-02  6.75545687e-04  6.87895530e-02 -6.30073457e-04
  -1.11422999e-03  2.99328925e-05]]
[[ 1.78050366e-02  1.37694053e-03  6.94895327e-02 -3.27098442e-04
  -1.36588599e-03 -6.17005880e-06]]
[[ 1.67626451e-02  1.09601991e-03  6.85998448e-02 -3.71457701e-04
  -1.16988149e-03 -1.45078896e-05]]
[[ 1.45212511e-02  3.76546907e-04  6.71286532e-02 -7.51110826e-04
  -1.16397948e-03 -1.46050038e-05]]
[[ 1.52042351e-02  1.67317442e-03  6.87174514e-02 -5.90168211e-04
  -1.22878690e-03  1.96277218e-05]]
[[ 1.72175177e-02  3.12844957e-03  6.91607761e-02 -3.21232966e-04
  -1.26119132e-03 -6.27442537e-05]]
[[ 1.77573831e-02  3.26791155e-03  6.96615792e-02 -3.72015577e-04
  -1.33627183e-03 -3.01828752e-05]]
[[ 1.68200905e-02  3.37416606e-03  7.03059343e-02 -5.16973050e-04
  -1.07185998e-03  8.42869199e-06]]
[[ 1.47812578e-02  3.64876822e-03  7.10625432e-02 -5.25195649e-04
  -1.24901751e-03  3.17141995e-05]]
[[ 1.64473791e-02  3.99561511e-03  7.16934646e-02 -2.01055045e-04
  -1.24401930e-03  2.36399076e-05]]
[[ 1.58469848e-02  3.19788781e-03  7.25106891e-02 -3.39284432e-04
  -1.31552734e-03  2.59980025e-05]]
[[ 1.54750952e-02  2.79304816e-03  7.46959096e-02 -4.92450579e-04
  -1.07518146e-03  2.55197266e-05]]
[[ 1.53605366e-02  1.98153260e-03  7.75908186e-02 -3.36322484e-04
  -1.24005616e-03  8.30145275e-06]]
[[ 1.55937981e-02  1.48844772e-03  7.60274392e-02 -1.58690568e-04
  -1.06281655e-03 -5.42875807e-07]]
[[ 1.29209173e-02 -2.43044665e-04  7.40693552e-02 -2.38050281e-04
  -1.19876133e-03 -4.28279099e-06]]
[[ 1.31538462e-02 -2.03768655e-04  7.37499291e-02 -5.50900979e-04
  -1.01266401e-03 -4.54392091e-05]]
[[ 1.32511398e-02 -9.81388392e-05  7.53442631e-02 -2.76704380e-04
  -1.17111189e-03 -6.12995730e-05]]
[[ 1.27578114e-02 -1.22781283e-03  7.33823683e-02 -6.58901239e-05
  -1.14465407e-03 -6.36204484e-05]]
[[ 1.11012382e-02 -2.51124270e-03  7.15705169e-02 -7.50185308e-07
  -1.24204138e-03  2.22407733e-05]]
[[ 1.15071499e-02 -6.12447455e-04  7.26080797e-02 -2.83729216e-04
  -1.07483637e-03 -2.58940904e-05]]
[[ 9.52779560e-03 -1.34434876e-03  7.05649540e-02 -1.59530473e-04
  -1.10954429e-03 -3.66945434e-05]]
[[ 8.30101399e-03 -1.37001357e-03  7.09321816e-02  1.07270742e-04
  -1.22277595e-03 -8.43917026e-05]]
[[ 6.54514512e-03  5.19877118e-04  7.10920463e-02 -8.54543700e-06
  -9.93206277e-04 -6.87505400e-06]]
[[ 7.88494619e-03  2.31444876e-03  7.01318007e-02 -1.71024158e-04
  -9.38983255e-04 -3.40908271e-05]]
[[ 7.10469647e-03  2.16317492e-03  6.94089279e-02  5.35815456e-05
  -8.83496328e-04 -8.42630148e-05]]
[[ 0.00600912  0.00257024  0.06610038  0.00026655 -0.00101099 -0.00010117]]
[[ 3.72664643e-03  4.29751399e-03  6.53957162e-02  5.22840827e-05
  -8.99590582e-04 -1.48314397e-04]]
[[ 2.49452237e-03  2.64559221e-03  6.40199495e-02  4.41864845e-05
  -9.09680949e-04 -7.83461933e-05]]
[[ 4.00007651e-03  3.41664660e-03  6.31811382e-02  1.52628072e-04
  -9.26107122e-04  4.92643517e-06]]
[[ 4.40391118e-03  4.04305726e-03  6.35706409e-02  3.13505973e-04
  -9.15989235e-04 -2.86133742e-05]]
[[ 4.86485085e-03  6.05132935e-03  6.42105326e-02  3.51131141e-04
  -8.67092108e-04 -3.53156970e-05]]
[[ 4.80374596e-03  6.38983715e-03  6.32844656e-02  1.69900167e-04
  -7.83288932e-04 -7.65270037e-05]]
[[ 4.26111978e-03  7.33860085e-03  6.30859493e-02  4.12131343e-04
  -8.60186458e-04 -6.21370525e-05]]
[[ 4.12689758e-03  6.40217610e-03  6.40326792e-02  4.74810884e-04
  -8.48677431e-04 -7.48815227e-05]]
[[ 4.63745459e-03  4.79544285e-03  6.22339969e-02  3.99414626e-04
  -7.63963343e-04 -5.27822702e-05]]
[[ 5.58696793e-03  4.15464326e-03  6.19121563e-02  4.56287508e-04
  -7.28988295e-04 -9.52763407e-06]]
[[ 6.82500044e-03  3.85450455e-03  6.35468637e-02  5.47094859e-04
  -7.48055139e-04 -7.93140907e-05]]
[[ 0.00736797  0.00413269  0.0636155   0.00067642 -0.0008411  -0.00010333]]
[[ 7.85771812e-03  3.44362760e-03  6.39052327e-02  5.50281365e-04
  -7.62698590e-04 -4.33852412e-05]]
[[ 7.57172505e-03  2.48031933e-03  6.56345121e-02  3.94411620e-04
  -7.43555279e-04  6.24664032e-06]]
[[ 0.00803145  0.0038734   0.06702114  0.0005519  -0.0007181   0.00011283]]
[[ 7.59482677e-03  3.95276941e-03  6.69544302e-02  7.28974720e-04
  -8.11525531e-04  7.59484705e-05]]
[[ 8.60837404e-03  4.23197411e-03  6.83635384e-02  5.31116030e-04
  -7.70306939e-04  2.55535131e-05]]
[[ 9.69458031e-03  4.95766799e-03  7.02731632e-02  5.73117803e-04
  -8.09854502e-04 -1.95107458e-05]]
[[ 8.01054871e-03  2.62095287e-03  6.66743102e-02  5.76049082e-04
  -9.65887401e-04  7.29313601e-05]]
[[ 9.55876496e-03  4.26291488e-03  6.69891314e-02  5.62526848e-04
  -1.07035744e-03 -2.55635390e-05]]
[[ 9.54013707e-03  2.59005654e-03  6.63617302e-02  4.07004472e-04
  -1.08535025e-03  1.19667171e-05]]
[[ 9.05700226e-03  2.35394600e-03  6.83609651e-02  4.20895328e-04
  -1.12387490e-03 -6.19201504e-06]]
[[ 9.59386992e-03  2.92859547e-03  7.01527165e-02  6.24611062e-04
  -1.21814657e-03 -2.39573867e-05]]
[[ 7.45884626e-03  3.56664021e-03  6.80688836e-02  5.59763319e-04
  -1.13148596e-03  1.22700378e-05]]
[[ 9.52593952e-03  2.31636200e-03  6.97350680e-02  3.91569224e-04
  -1.02759564e-03  1.01358437e-05]]
[[ 6.37177007e-03  7.53025485e-04  7.09505702e-02  4.43579608e-04
  -1.06083913e-03  5.14584480e-06]]
[[ 7.58745245e-03  1.64581324e-03  7.34053217e-02  4.93684474e-04
  -1.04671956e-03  2.23339997e-05]]
[[ 6.94880622e-03  2.26705218e-03  7.37700487e-02  3.98783950e-04
  -1.12503492e-03  5.18246028e-05]]
[[ 0.00722153  0.0013226   0.07517504  0.00023804 -0.00095489  0.00010801]]
[[ 8.43761123e-03  2.74687365e-03  7.57892089e-02  4.51442898e-04
  -1.11036815e-03  1.96944072e-06]]
[[ 7.21756860e-03  2.13708349e-03  7.69985659e-02  4.77982235e-04
  -1.08518598e-03  1.81486039e-05]]
[[ 8.30196818e-03  2.95212642e-03  7.75026035e-02  3.52182164e-04
  -1.11070327e-03 -2.92912567e-05]]
[[ 8.40249177e-03  3.28145711e-03  7.74999015e-02  2.56343709e-04
  -9.84408812e-04 -3.70970872e-05]]
[[ 8.92611343e-03  4.02433139e-03  7.93357582e-02  3.34420621e-04
  -1.06738264e-03 -8.51183763e-05]]
[[ 1.05768932e-02  3.96547397e-03  7.93229948e-02  4.23217901e-04
  -1.19932391e-03 -8.63873435e-05]]
[[ 1.02498185e-02  3.66988613e-03  8.13570199e-02  1.96574350e-04
  -1.04504747e-03 -3.34560705e-05]]
[[ 0.01025582  0.00508575  0.08264793  0.00021653 -0.0011223  -0.0001047 ]]
[[ 1.05229785e-02  5.48694405e-03  8.36034942e-02  2.82091504e-04
  -1.14339186e-03 -9.36186311e-05]]
[[ 9.32507000e-03  8.33915223e-03  8.53113765e-02  2.65132986e-04
  -1.31079802e-03 -4.62823671e-05]]
[[ 8.56163409e-03  1.03000441e-02  8.88477839e-02  3.19827523e-07
  -1.12988445e-03 -4.36306517e-06]]
[[ 7.88908846e-03  9.63200250e-03  9.07943459e-02  1.25208869e-04
  -1.29813293e-03  1.03259274e-05]]
[[ 7.97233148e-03  9.38647551e-03  9.10133264e-02  3.48744958e-04
  -1.23740819e-03 -2.87214503e-05]]
[[ 8.67226797e-03  1.09988775e-02  9.24064778e-02  1.62722428e-04
  -1.33215244e-03 -7.26449505e-05]]
[[ 6.64074818e-03  9.17879648e-03  9.25894079e-02  2.05828842e-04
  -1.22289363e-03 -7.21779294e-05]]
[[ 7.12982637e-03  9.62274934e-03  9.53820941e-02  1.32766374e-04
  -1.24814390e-03 -4.34498669e-05]]
[[ 7.13650974e-03  8.95760422e-03  9.50202330e-02  3.21410459e-04
  -1.18125010e-03 -5.75891660e-05]]
[[ 6.54703322e-03  7.71431734e-03  9.39114647e-02  2.53876999e-04
  -1.09387993e-03 -4.85300303e-05]]
[[ 7.52928984e-03  7.96381467e-03  9.37436687e-02  2.98145660e-04
  -1.12261755e-03 -2.94620218e-05]]
[[ 6.59888864e-03  7.11099530e-03  9.37626562e-02  2.36949998e-04
  -1.10464933e-03 -4.65892247e-05]]
[[ 5.25834350e-03  6.42591112e-03  9.27043941e-02  1.56894561e-04
  -9.95513211e-04 -7.93633586e-05]]
[[ 0.00449441  0.00820741  0.09276421  0.00011152 -0.00101131 -0.00012458]]
[[ 0.00219659  0.00848238  0.09633849  0.00023953 -0.0011075  -0.00018353]]
[[ 0.00188706  0.00937526  0.09636728  0.00024555 -0.0009947  -0.00011512]]
[[ 1.30347747e-03  8.22975563e-03  9.60319083e-02  9.66972911e-05
  -9.40287072e-04 -4.74010044e-05]]
[[ 7.09619552e-04  9.04050946e-03  9.80664869e-02  3.47144826e-05
  -7.66171624e-04 -1.23818204e-04]]
[[-4.23435604e-05  1.00937909e-02  9.85916735e-02  1.31044218e-04
  -7.43842707e-04 -1.68479790e-04]]
[[-0.00037328  0.01149895  0.09856173  0.00025081 -0.0008512  -0.00023452]]
[[ 0.00016354  0.01004128  0.09988084  0.00010832 -0.00074172 -0.00016752]]
[[-3.27017387e-04  1.02319005e-02  9.91247323e-02  1.19440107e-05
  -5.71909827e-04 -1.62177343e-04]]
[[-0.00096298  0.01207577  0.10012178  0.00030036 -0.00064309 -0.00014862]]
[[-0.00266289  0.01140221  0.09999129  0.00036567 -0.00056107 -0.00018912]]
[[-4.26884792e-03  9.62710385e-03  1.00107178e-01  1.45768147e-04
  -5.42538178e-04 -7.86763816e-05]]
[[-5.12430221e-03  1.02889143e-02  1.02160924e-01  9.77119863e-05
  -3.44297183e-04 -8.00675808e-05]]
[[-4.43118705e-03  9.50942379e-03  9.99972177e-02  4.98637784e-04
  -5.71387209e-04 -9.17987900e-05]]
[[-6.71899566e-03  9.51090938e-03  9.89108189e-02  5.26574130e-04
  -4.12485646e-04 -9.11113487e-05]]
[[-8.51121381e-03  6.59581487e-03  9.74946058e-02  2.30273438e-04
  -3.46569173e-04  1.13116060e-05]]
[[-0.0062418   0.00881322  0.09776733  0.0002716  -0.00023335 -0.00014113]]
[[-0.00564365  0.00927193  0.09886487  0.00062329 -0.00031636 -0.00013846]]
[[-4.08657171e-03  9.78720116e-03  1.00197153e-01  4.07084980e-04
  -3.10827392e-04 -6.10422117e-05]]
[[-3.73188024e-03  9.91056598e-03  9.93087246e-02  1.92317034e-04
  -1.42876389e-04 -9.20081294e-05]]
[[-4.65906442e-03  9.62602347e-03  9.71429198e-02  2.17591415e-04
  -2.86890706e-04 -7.14891515e-05]]
[[-5.13246215e-03  1.22699431e-02  9.42672772e-02  4.93015187e-04
  -2.56126459e-04 -2.66319896e-05]]
[[-5.99397228e-03  1.24498328e-02  9.06461657e-02  3.40726876e-04
  -2.50100787e-04  1.79942243e-05]]
[[-5.37069893e-03  1.49764087e-02  8.80127977e-02  1.22625649e-04
  -1.06843332e-04  3.93098339e-06]]
[[-3.61555988e-03  1.35192952e-02  8.74034242e-02  2.85377860e-04
  -2.05885332e-04 -6.97904787e-06]]
[[-3.24006215e-03  1.36659024e-02  8.51839942e-02  3.54139853e-04
  -9.80528008e-05  1.26337952e-05]]
[[-2.88145200e-03  1.53859769e-02  8.68813406e-02  3.05678953e-04
  -7.79989823e-05  2.95556531e-05]]
[[-3.61483769e-03  1.51826685e-02  8.52747992e-02  3.22863370e-04
  -3.01907092e-05 -9.20682079e-06]]
[[-3.51470254e-03  1.78537228e-02  8.59806652e-02  3.53566338e-04
  -2.94856946e-05 -7.41312254e-05]]
[[-3.56750835e-03  1.97335229e-02  8.77198132e-02  5.01798333e-04
  -9.01966883e-05 -1.59924951e-04]]
[[-2.51571937e-03  1.85151529e-02  8.77647975e-02  3.99214644e-04
  -6.81088523e-05 -1.51278668e-05]]
[[-1.54694377e-03  1.96423567e-02  8.99292163e-02  4.52961276e-04
  -7.15704859e-05 -1.14998905e-04]]
[[ 0.00056195  0.01962924  0.0906219   0.00050345 -0.00016394 -0.00010723]]
[[ 0.00144198  0.0196194   0.09145886  0.00069266 -0.00014055 -0.0001386 ]]
[[ 0.00281456  0.01880734  0.09131509  0.00055967 -0.00021461 -0.00014724]]
[[ 1.26025506e-03  1.76201727e-02  9.20923354e-02  7.30822059e-04
  -8.54984247e-05 -8.22808451e-05]]
[[ 1.00934423e-03  1.92240024e-02  9.31088100e-02  7.21708886e-04
  -1.72020535e-04 -3.96386070e-05]]
[[ 5.22285007e-04  1.76272834e-02  9.33927319e-02  9.02404778e-04
  -6.87795279e-05 -7.74547697e-06]]
[[ 1.70204195e-05  1.76352456e-02  9.67964791e-02  8.68597734e-04
  -2.57488510e-04 -2.46098289e-05]]
[[ 4.75520903e-04  1.89347220e-02  9.96594531e-02  8.77907295e-04
  -3.22613210e-05 -5.65579185e-06]]
[[ 1.38948996e-03  1.86089541e-02  1.02551750e-01  1.07477391e-03
  -2.03172966e-04 -4.57798441e-05]]
[[-2.74008808e-03  1.90570279e-02  1.00669563e-01  9.88060684e-04
  -1.59966300e-04 -6.58473054e-05]]
[[-2.33383293e-03  2.13425921e-02  1.05901175e-01  1.02176034e-03
  -2.29857761e-04 -3.30033982e-05]]
[[ 3.43150705e-04  2.41776823e-02  1.07877976e-01  1.18634717e-03
  -1.40417253e-04  5.77846281e-06]]
[[ 5.29368590e-04  2.42112173e-02  1.10611639e-01  1.38506733e-03
  -3.62273941e-04 -8.34929321e-05]]
[[ 1.41914366e-04  2.69113230e-02  1.13358136e-01  1.41657448e-03
  -9.56148268e-05 -5.43280175e-05]]
[[ 4.96748971e-04  2.81628727e-02  1.14037021e-01  1.38379687e-03
  -1.74657882e-04 -2.77822583e-05]]
[[ 3.60763291e-04  3.20869919e-02  1.15587256e-01  1.67830014e-03
  -4.50755674e-05 -2.44712767e-05]]
[[-2.16150706e-04  3.38028730e-02  1.17218944e-01  1.82272670e-03
  -1.35584937e-04 -6.35618584e-05]]
[[-3.61459562e-03  3.56592978e-02  1.14954303e-01  1.72657188e-03
  -8.54395656e-05 -2.54880057e-05]]
[[-5.36593160e-03  3.65233610e-02  1.15542681e-01  1.58674192e-03
  -1.21270362e-04  1.40557051e-05]]
[[-5.92997675e-03  3.82506997e-02  1.16507490e-01  1.98566926e-03
  -1.22079310e-04  2.05984653e-06]]
[[-6.38371978e-03  3.82574002e-02  1.16386530e-01  2.13494511e-03
  -9.81732543e-05  7.16335886e-05]]
[[-6.85733643e-03  4.09187017e-02  1.16488966e-01  2.07335023e-03
  -1.11311468e-04  7.93070033e-05]]
[[-6.94603781e-03  4.04183578e-02  1.15415659e-01  2.00831621e-03
   1.50827666e-04  7.12110459e-05]]
[[-6.08153314e-03  4.09330191e-02  1.13531347e-01  2.23434463e-03
  -5.34444790e-06  1.33242295e-04]]
[[-5.79427656e-03  4.46341606e-02  1.17068120e-01  2.71118269e-03
   1.18726149e-04 -3.69665771e-05]]
[[-4.85536461e-03  4.56244914e-02  1.15410573e-01  2.41194769e-03
   5.35538402e-05  4.70140266e-05]]
[[-5.23404445e-03  4.77186371e-02  1.15630952e-01  2.48164714e-03
   1.61910921e-04  3.15802722e-05]]
[[-6.75773325e-03  4.85437409e-02  1.13360514e-01  2.61436087e-03
  -9.74963875e-06  1.12321759e-04]]
[[-8.01431950e-03  5.01812566e-02  1.10632131e-01  2.96675604e-03
   1.38925265e-04  9.07765162e-05]]
[[-8.28010143e-03  5.09760611e-02  1.09795781e-01  2.78196082e-03
   2.01025607e-05  1.79687726e-05]]
[[-8.64237948e-03  5.24407115e-02  1.09013573e-01  2.89185853e-03
   2.57382053e-04 -2.78520196e-05]]
[[-1.06877979e-02  5.38285826e-02  1.07749314e-01  3.22864626e-03
   8.10064997e-05 -5.26334053e-05]]
[[-8.30342910e-03  5.62394505e-02  1.09349056e-01  3.33693658e-03
   3.53816508e-04 -5.41678541e-05]]
[[-8.35709283e-03  5.78725215e-02  1.09080826e-01  3.23128142e-03
   4.07083293e-04  3.76503949e-05]]
[[-8.48628002e-03  5.80408351e-02  1.08633556e-01  3.40453697e-03
   4.60857812e-04  6.63709998e-05]]
[[-6.05032088e-03  6.19720836e-02  1.11481129e-01  3.70418068e-03
   4.75149790e-04 -3.36917719e-05]]
[[-5.01275686e-03  6.80526629e-02  1.10172882e-01  3.77846226e-03
   5.26094307e-04 -3.44486487e-05]]
[[-5.80934099e-03  7.00123259e-02  1.08315161e-01  3.79473594e-03
   6.75055179e-04  1.22344442e-05]]
[[-5.56965956e-03  7.19400261e-02  1.05162828e-01  3.76385919e-03
   5.91278158e-04  2.17968674e-05]]
[[-5.72255786e-03  7.54689710e-02  1.03566133e-01  4.17496882e-03
   5.44035983e-04 -3.40318117e-05]]
[[-4.87581450e-03  7.46083700e-02  1.01108080e-01  4.28719094e-03
   3.41439619e-04  9.26238886e-06]]
[[-4.97293772e-03  7.28218848e-02  1.00651364e-01  4.33055755e-03
   4.71972246e-04  5.69168987e-05]]
[[-2.39076661e-03  7.55688553e-02  1.01806334e-01  4.30302403e-03
   4.28726128e-04 -4.92862714e-05]]
[[-3.08107407e-03  7.63021232e-02  1.00413076e-01  4.65106032e-03
   3.94406755e-04 -6.33260503e-05]]
[[-3.90357958e-03  7.58376275e-02  9.92974463e-02  4.80847996e-03
   2.58790137e-04 -2.25649387e-05]]
[[-4.11060188e-03  7.78858100e-02  1.00829099e-01  4.59979204e-03
   4.52010098e-04  3.35562275e-05]]
[[-3.67819667e-03  7.87741282e-02  1.00958018e-01  4.75879708e-03
   3.32601967e-04  3.55000199e-05]]
[[-2.06653785e-03  8.16880453e-02  9.97618220e-02  4.98434781e-03
   2.97363670e-04 -3.18397607e-05]]
[[-2.93162950e-03  8.30614736e-02  1.00401725e-01  5.06268465e-03
   1.25374587e-04  5.09441723e-05]]
[[-1.18980252e-03  8.41639808e-02  1.01510974e-01  5.19978071e-03
   1.68470356e-04  5.92815945e-05]]
[[5.06986269e-06 8.57805314e-02 1.04105500e-01 5.22253163e-03
  2.38578136e-04 8.35574705e-05]]
[[4.29708937e-03 8.92665318e-02 1.06965775e-01 5.60318475e-03
  2.04096065e-04 2.73947887e-06]]
[[4.07471024e-03 9.11337268e-02 1.06646413e-01 5.64378251e-03
  2.27655923e-04 4.08992645e-05]]
[[5.37790619e-03 9.21648919e-02 1.04991879e-01 5.89080505e-03
  1.36039759e-04 1.41420975e-05]]
[[5.17946286e-03 9.55645433e-02 1.04632494e-01 5.78070663e-03
  1.94926937e-04 4.39016772e-05]]
[[ 3.58029534e-03  9.81707432e-02  1.05482769e-01  5.98437782e-03
  -6.95329615e-05 -4.94902491e-05]]
[[ 3.72969544e-03  1.00680735e-01  1.06284862e-01  6.27863003e-03
  -1.24182915e-04 -2.56433935e-05]]
[[ 3.18583599e-03  1.00876349e-01  1.06699907e-01  6.37673677e-03
  -1.12989506e-04 -7.71312334e-06]]
[[ 4.43609957e-03  1.03861219e-01  1.05623081e-01  6.25297905e-03
  -1.09594648e-04 -7.31231081e-05]]
[[ 1.72360103e-03  1.01615336e-01  1.04530261e-01  6.50254395e-03
  -1.62831668e-04 -2.92749847e-05]]
[[ 1.68881360e-03  1.05013738e-01  1.03484139e-01  6.86911971e-03
  -2.80188125e-04 -4.47879704e-05]]
[[ 7.47856976e-04  1.05145660e-01  1.02939104e-01  6.74226344e-03
  -2.37874247e-04 -7.19105728e-07]]
[[ 3.36437906e-03  1.06620097e-01  1.03681617e-01  6.66386964e-03
  -1.46720241e-04  3.71698468e-05]]
[[ 3.50517868e-03  1.05606406e-01  1.03736904e-01  7.02878211e-03
  -2.26451504e-04 -1.33550995e-06]]
