[[0. 0. 0. 0. 0. 0.]]
[[4.77173794e-03 4.80634957e-03 2.17845927e-02 1.64757067e-04
  2.20881084e-04 8.07714974e-05]]
[[6.62180020e-03 4.80482725e-03 2.38979854e-02 1.74662669e-04
  2.56535682e-04 4.06445695e-06]]
[[ 9.92242266e-03  5.52357490e-03  2.66581671e-02  1.94611537e-04
   3.00954829e-04 -7.66649959e-06]]
[[ 9.70902441e-03  6.21756892e-03  2.93666298e-02  2.03936486e-04
   3.28177485e-04 -1.37646592e-05]]
[[ 8.12147480e-03  6.02284352e-03  3.20044589e-02  2.60188802e-04
   3.42204946e-04 -1.16770486e-05]]
[[9.41221063e-03 4.59627347e-03 3.52636324e-02 3.02122389e-04
  3.44956975e-04 3.44203784e-06]]
[[ 1.07538276e-02  5.04346934e-03  3.87553067e-02  3.02246551e-04
   3.12350518e-04 -1.86997133e-05]]
[[1.14613203e-02 6.91398958e-03 4.19821059e-02 2.97123685e-04
  3.04853742e-04 7.57796904e-07]]
[[ 1.28129011e-02  7.37399556e-03  4.27047349e-02  3.22018705e-04
   3.26159342e-04 -3.57159165e-07]]
[[1.32375396e-02 8.88132789e-03 4.55344745e-02 2.96017390e-04
  3.09771576e-04 4.71271157e-08]]
[[1.35262331e-02 8.85506954e-03 4.99255390e-02 2.93185820e-04
  3.07750878e-04 5.86098513e-06]]
[[1.50574444e-02 7.82333176e-03 5.29970095e-02 3.35087969e-04
  3.13645323e-04 2.16329554e-06]]
[[1.72801608e-02 7.97272537e-03 5.45418359e-02 3.17747107e-04
  3.07931964e-04 6.45639693e-05]]
[[1.90093019e-02 6.30774319e-03 5.56971760e-02 3.56740766e-04
  3.18832960e-04 5.20414431e-05]]
[[2.13649349e-02 6.89994492e-03 5.91854840e-02 3.33365755e-04
  3.44102652e-04 5.41421674e-05]]
[[2.14354440e-02 6.50057797e-03 6.15829074e-02 3.24298372e-04
  3.33333446e-04 6.13183238e-05]]
[[2.35139935e-02 7.47869884e-03 6.27091742e-02 2.76426067e-04
  3.36833448e-04 5.65162735e-05]]
[[2.44027277e-02 6.82072794e-03 6.49830522e-02 2.14860540e-04
  3.62215192e-04 6.28265067e-05]]
[[2.65919301e-02 7.13484838e-03 7.00683083e-02 1.93751454e-04
  3.48695747e-04 5.14961653e-05]]
[[2.81288547e-02 7.22669425e-03 7.17064727e-02 2.06703895e-04
  3.42425867e-04 1.72986208e-05]]
[[3.09315225e-02 8.59137184e-03 7.54330854e-02 1.47161279e-04
  3.69646950e-04 6.98927033e-05]]
[[ 3.26843995e-02  8.20998243e-03 -5.92046448e+00  1.47124415e-04
   3.61670609e-04  6.53714864e-05]]
[[ 3.28372183e-02  7.25064010e-03 -5.91569730e+00  1.38090404e-04
   3.44401441e-04  1.13182922e-04]]
[[ 3.48563361e-02  7.37568908e-03 -5.91270814e+00  1.14973515e-04
   3.35955614e-04  1.82287915e-04]]
[[ 3.74693395e-02  6.24718494e-03 -5.90832344e+00  1.41500159e-04
   3.66087110e-04  1.07636331e-04]]
[[ 3.70803367e-02  6.76242508e-03 -5.90569972e+00  1.05377364e-04
   3.35749875e-04  1.65050199e-04]]
[[ 3.76657784e-02  6.51452290e-03 -5.90114440e+00  1.18470312e-04
   3.04779757e-04  1.14244033e-04]]
[[ 3.86015962e-02  7.40082225e-03 -5.89743304e+00  1.00587679e-04
   2.55592773e-04  1.27750292e-04]]
[[ 3.70893862e-02  6.50921902e-03 -5.89179789e+00  1.10727788e-04
   2.07654852e-04  1.25907775e-04]]
[[ 3.77431057e-02  5.17326987e-03 -5.88621761e+00  1.30403654e-04
   2.27863251e-04  1.05551744e-04]]
[[ 3.83871359e-02  7.87104457e-03 -5.88531437e+00  1.73090282e-04
   1.99372946e-04  1.29704492e-04]]
[[ 3.87852535e-02  7.23701145e-03 -5.88443811e+00  1.53473321e-04
   1.37496045e-04  1.59398698e-04]]
[[ 3.91586714e-02  7.15098427e-03 -5.88059157e+00  1.71976934e-04
   9.76513371e-05  1.58242171e-04]]
[[ 3.98993761e-02  6.40539234e-03 -5.87908213e+00  1.93852114e-04
   5.98279991e-05  1.36224397e-04]]
[[ 4.19155532e-02  7.62025277e-03 -5.87871264e+00  2.21594329e-04
   7.37670931e-05  1.31702585e-04]]
[[ 4.30664430e-02  9.31554544e-03 -5.87741113e+00  2.37878977e-04
   8.58318378e-05  2.00970166e-04]]
[[ 4.37663259e-02  9.60472525e-03 -5.87879359e+00  2.85288812e-04
   6.96018159e-05  1.57846153e-04]]
[[ 4.45236413e-02  9.68491377e-03 -5.87861092e+00  2.97656565e-04
   6.11419237e-05  2.10701712e-04]]
[[ 4.51539590e-02  1.10059041e-02 -5.87815732e+00  3.08353647e-04
   6.35607776e-05  2.12072214e-04]]
[[ 4.40978554e-02  1.04373505e-02 -5.87520992e+00  3.84903025e-04
   3.10219380e-05  1.77542291e-04]]
[[ 4.48687308e-02  8.35533591e-03 -5.87244584e+00  4.33865423e-04
   6.19951864e-06  1.46892871e-04]]
[[ 4.52147742e-02  8.90857802e-03 -5.86835827e+00  4.44266558e-04
  -2.12829425e-05  1.48394461e-04]]
[[ 4.45783388e-02  7.78895311e-03 -5.86369627e+00  4.70362028e-04
  -2.98018951e-05  1.34366624e-04]]
[[ 4.44920056e-02  8.02033863e-03 -5.86066108e+00  4.94465699e-04
  -6.91579137e-05  6.01792767e-05]]
[[ 4.33693494e-02  6.56403670e-03 -5.85998599e+00  5.38939052e-04
  -6.19865339e-05  6.26038799e-05]]
[[ 4.42749651e-02  4.09980101e-03 -5.85630882e+00  5.68555745e-04
  -7.75182418e-05  2.41210646e-05]]
[[ 4.38382782e-02  6.38540867e-03 -5.85558260e+00  5.74036489e-04
  -7.84490268e-05 -7.87041541e-06]]
[[ 4.44187572e-02  3.60149473e-03 -5.85382161e+00  6.60764963e-04
  -5.76011546e-05  1.63201825e-05]]
[[ 4.65695745e-02  2.54284074e-03 -5.85347910e+00  6.90874947e-04
  -6.37816612e-05 -3.85320222e-05]]
[[ 4.89087425e-02  1.51540584e-03 -5.85420206e+00  7.11286013e-04
  -2.61487305e-05 -1.96422975e-05]]
[[ 4.99618792e-02  1.98583431e-03 -5.85388745e+00  7.54388857e-04
   2.80612401e-05 -5.33435376e-05]]
[[ 5.00011024e-02 -6.81301661e-04 -5.85187921e+00  8.22542506e-04
  -1.30826139e-05 -2.75029746e-05]]
[[ 4.88005408e-02 -1.30308374e-03 -5.84852867e+00  8.37884223e-04
  -5.82714280e-05 -2.10581379e-05]]
[[ 5.01797168e-02 -1.55828915e-03 -5.84617348e+00  8.81034018e-04
  -3.75024019e-05 -9.79819359e-05]]
[[ 4.84350925e-02  2.86798664e-05 -5.84393273e+00  8.86004744e-04
  -8.06278895e-05 -4.45242478e-05]]
[[ 4.75856595e-02 -1.64759880e-03  1.58535936e-01  8.94999896e-04
  -1.03496798e-04 -4.68980828e-06]]
[[ 4.84428084e-02 -1.47380541e-03  1.60549678e-01  8.89217661e-04
  -1.34631584e-04  9.94361445e-05]]
[[ 4.79645606e-02 -2.31541283e-03  1.64620711e-01  9.19271889e-04
  -1.58780958e-04  1.03577772e-04]]
[[ 4.72116653e-02 -3.26867012e-03  1.65386823e-01  9.77414812e-04
  -1.58422257e-04  8.47357788e-05]]
[[ 4.59544839e-02 -2.89919142e-03  1.68090196e-01  9.99341121e-04
  -1.71530300e-04  4.43159327e-05]]
[[ 4.39059608e-02 -4.87856193e-03  1.74816991e-01  1.02372062e-03
  -2.40611227e-04  3.94318695e-05]]
[[ 4.21293782e-02 -1.73523210e-03  1.79132991e-01  1.00507597e-03
  -2.32981350e-04  8.05819931e-05]]
[[ 4.27388263e-02 -3.84757133e-03  1.80989058e-01  1.09849801e-03
  -2.31688521e-04  4.45587595e-05]]
[[ 4.35613027e-02 -4.54695119e-03  1.81583131e-01  1.12991245e-03
  -2.48847260e-04  2.40801707e-05]]
[[ 4.51119401e-02 -5.42693502e-03  1.82702118e-01  1.14761387e-03
  -2.27541269e-04 -5.22268184e-06]]
[[ 4.53861649e-02 -6.78037307e-03  1.84505200e-01  1.24255605e-03
  -2.30997630e-04 -2.45800222e-05]]
[[ 4.51298325e-02 -5.20156088e-03  1.83542617e-01  1.19947198e-03
  -1.72967093e-04 -2.77461498e-05]]
[[ 4.35900479e-02 -4.16406299e-03  1.86823194e-01  1.30322134e-03
   1.26150550e-04 -6.74998779e-05]]
[[ 4.63768380e-02 -4.85919682e-03  1.86043414e-01  1.35166528e-03
  -4.76727097e-06 -1.15955495e-04]]
[[ 4.87206781e-02 -5.10222879e-03  1.86217885e-01  1.37933395e-03
   1.53369476e-05 -1.50228150e-05]]
[[ 4.83605560e-02 -5.24311520e-03  1.88469318e-01  1.44317282e-03
  -3.97758487e-05 -6.43432236e-05]]
[[ 5.17089587e-02 -2.53901588e-03  1.86605288e-01  1.46155726e-03
  -1.90074770e-04 -9.47035904e-05]]
[[ 5.19154613e-02 -1.30045339e-03  1.88696315e-01  1.54450989e-03
  -3.18753794e-05 -1.64082939e-04]]
[[ 5.14818576e-02 -6.77044278e-04  1.88802232e-01  1.60437652e-03
  -7.31263635e-05 -2.21624573e-04]]
[[ 5.27705954e-02  4.10688949e-04  1.89914313e-01  1.64062236e-03
  -8.03242876e-05 -2.67231706e-04]]
[[ 5.02855382e-02 -5.30334965e-04  1.92759462e-01  1.59566065e-03
  -6.27164927e-05 -2.73134843e-04]]
[[ 0.05431354 -0.00066669  0.1904715   0.00169919 -0.00054175 -0.00035493]]
[[ 0.05487891 -0.00341697  0.19604085  0.00158765 -0.00046186 -0.00033807]]
[[ 5.55540500e-02 -3.44708736e-03  2.00494223e-01  1.58457477e-03
  -1.82641418e-04 -3.94437978e-04]]
[[ 0.05568599 -0.00286311  0.20113091  0.00162643 -0.00020534 -0.00038297]]
[[ 0.05605281 -0.00395567  0.20184985  0.00155895 -0.00027391 -0.0003807 ]]
[[ 0.05581194 -0.00644743  0.201776    0.00164149 -0.00044204 -0.0003937 ]]
[[ 0.05424027 -0.00580831  0.20644059  0.00158655 -0.00030288 -0.00038995]]
[[ 0.05324567 -0.00597375  0.2077317   0.0015801  -0.00023362 -0.00045474]]
[[ 5.18010753e-02 -1.36513215e-02  2.15556375e-01  1.21179233e-03
   1.03299854e-04 -3.19554511e-04]]
[[ 5.18638992e-02 -8.85296792e-03  2.11486679e-01  1.58390665e-03
  -6.82833149e-05 -3.68835987e-04]]
[[ 5.36114626e-02 -9.52328606e-03  2.13795938e-01  1.56995764e-03
  -1.26646304e-04 -3.77913655e-04]]
[[ 5.67505613e-02 -9.36731818e-03  2.15163792e-01  1.57472865e-03
  -1.59402287e-04 -4.15000251e-04]]
[[ 5.87378137e-02 -1.02338958e-02  2.17060082e-01  1.56130550e-03
  -1.66425581e-04 -3.68575929e-04]]
[[ 5.81962230e-02 -7.90009740e-03  2.20588986e-01  1.63445531e-03
   3.45677562e-05 -3.81269777e-04]]
[[ 0.05837649 -0.00788951  0.22532875  0.00156411  0.00024296 -0.00039236]]
[[ 5.83788456e-02 -7.24419347e-03  2.27785005e-01  1.46802985e-03
   1.82914311e-04 -3.62293697e-04]]
[[ 5.95434598e-02 -8.41475244e-03  2.24831293e-01  1.44597146e-03
  -1.14815799e-04 -3.19727561e-04]]
[[ 6.02805907e-02 -9.37692087e-03  2.30583784e-01  1.35719107e-03
   3.16133420e-05 -2.77092793e-04]]
[[ 6.01363893e-02 -8.40730870e-03  2.26657621e-01  1.48253079e-03
  -1.36128897e-04 -3.72524747e-04]]
[[ 5.91966832e-02 -7.64857368e-03  2.29907065e-01  1.52565067e-03
   7.99601696e-05 -3.60649083e-04]]
[[ 6.05030667e-02 -8.59877347e-03  2.32163073e-01  1.48557410e-03
   1.09390426e-04 -4.06784595e-04]]
[[ 6.22924198e-02 -9.24314416e-03  2.33451568e-01  1.48832245e-03
  -5.12349919e-05 -3.92957308e-04]]
[[ 0.06257087 -0.00838051  0.23371431  0.00145649 -0.00024072 -0.00037583]]
[[ 6.16518338e-02 -1.09971022e-02  2.43193809e-01  1.16909169e-03
   7.13141326e-05 -2.99577215e-04]]
[[ 6.35303194e-02 -7.77775692e-03  2.42280317e-01  1.47201902e-03
  -1.15262109e-04 -3.86375134e-04]]
[[ 6.55414388e-02 -6.83625051e-03  2.45550645e-01  1.48269374e-03
  -8.77234965e-05 -3.75449149e-04]]
[[ 6.52859787e-02 -5.52898989e-03  2.48214212e-01  1.40024342e-03
  -1.46483368e-04 -3.31880503e-04]]
[[ 6.74035359e-02 -7.10519723e-03  2.50471682e-01  1.37680878e-03
  -8.45323008e-05 -3.06338019e-04]]
[[ 0.07044873 -0.00802968  0.25010234  0.00140594 -0.00026105 -0.00035527]]
[[ 6.97743622e-02 -7.59558200e-03  2.54941490e-01  1.38239802e-03
   5.03365445e-05 -3.58717714e-04]]
[[ 7.15094781e-02 -5.90010608e-03  2.55179239e-01  1.34441295e-03
  -2.01692753e-04 -3.66619345e-04]]
[[ 0.07262293 -0.00530308  0.2563855   0.00144683 -0.00032361 -0.0004035 ]]
[[ 7.26380146e-02 -5.50463938e-03  2.61584263e-01  1.43081875e-03
   7.50229682e-05 -4.08428537e-04]]
[[ 7.25300199e-02 -4.49719696e-03  2.65130807e-01  1.46541590e-03
   1.77019795e-04 -3.97031572e-04]]
[[ 7.55986478e-02 -6.81504119e-03  2.64180719e-01  1.30765321e-03
  -1.59624347e-04 -3.87980502e-04]]
[[ 0.07654047 -0.00494652  0.26120537  0.00132322 -0.00051861 -0.00043089]]
[[ 0.07473616 -0.00365898  0.26438476  0.00128736 -0.00028767 -0.00037366]]
[[ 7.38211970e-02 -2.21367001e-03  2.70642155e-01  1.27789095e-03
  -2.08262895e-04 -2.77538420e-04]]
[[ 7.51919541e-02  4.76087893e-04  2.72132571e-01  1.27706480e-03
  -1.74993472e-04 -3.52614467e-04]]
[[ 7.57358214e-02 -1.76766431e-04  2.73719597e-01  1.19600202e-03
  -2.64736632e-04 -4.07169891e-04]]
[[ 0.07736551 -0.00072485  0.27475476  0.00117406 -0.0003421  -0.0003856 ]]
[[ 7.87077628e-02 -3.30043660e-05  2.80112932e-01  1.16900491e-03
  -7.92012772e-05 -3.62861531e-04]]
[[ 0.07987373 -0.00048406  0.28039898  0.00115926 -0.00036547 -0.00039456]]
[[ 0.07995882  0.00042283  0.28497061  0.00117313 -0.00030084 -0.00042409]]
[[ 0.08159012 -0.00159149  0.28660754  0.00105464 -0.00048075 -0.00037203]]
[[ 0.08448834 -0.00054636  0.28797811  0.0011058  -0.00070492 -0.00041461]]
[[ 0.08526678  0.0003683   0.29165948  0.00106923 -0.00059675 -0.00040434]]
[[ 0.08574016 -0.00179649  0.30116871  0.00101365 -0.00033371 -0.00037641]]
[[ 8.34104999e-02 -1.89482857e-03  3.08643864e-01  8.74032212e-04
   1.10679218e-05 -3.04802684e-04]]
[[ 8.39961787e-02 -2.29812257e-03  3.13275759e-01  8.32003043e-04
  -5.72007168e-06 -3.41861367e-04]]
[[ 0.08777261 -0.00231485  0.31354408  0.00087308 -0.0003175  -0.00036829]]
[[ 8.90041136e-02 -4.18186597e-03  3.16038019e-01  9.32750573e-04
  -2.72681462e-04 -4.02326084e-04]]
[[ 0.09156681 -0.00707741  0.31530819  0.00094627 -0.00055598 -0.00044457]]
[[ 0.09093142 -0.00922749  0.31844139  0.00098306 -0.00069464 -0.00049397]]
[[ 0.08936289 -0.00890894  0.32483151  0.00093997 -0.00058458 -0.00048792]]
[[ 8.93528800e-02 -9.74848444e-04 -5.67337370e+00  1.48384546e-03
  -8.30415223e-04 -5.87040084e-04]]
[[ 9.35877253e-02 -2.50760354e-03 -5.67079749e+00  1.41563189e-03
  -8.09437734e-04 -4.84906827e-04]]
[[ 9.67354202e-02 -6.76086041e-03 -5.66132886e+00  1.52593666e-03
  -7.58471209e-04 -3.91007361e-04]]
[[ 9.84270825e-02 -4.67437858e-03 -5.66374523e+00  1.61238392e-03
  -9.16809931e-04 -3.45289117e-04]]
[[ 9.84222726e-02 -3.38241718e-03 -5.66208858e+00  1.62619337e-03
  -9.21240506e-04 -1.84621700e-04]]
[[ 1.00029261e-01 -8.29869065e-03 -5.65536328e+00  1.35412678e-03
  -4.96640952e-04 -5.60152513e-05]]
[[ 1.03246609e-01 -5.24775003e-03 -5.66187334e+00  1.55991798e-03
  -8.10232257e-04  4.01928059e-06]]
[[ 1.04620373e-01 -9.79865817e-03 -5.65882999e+00  1.61142473e-03
  -5.97692433e-04  8.86955473e-05]]
[[ 1.08391345e-01 -1.17472529e-02 -5.66266530e+00  1.76973696e-03
  -9.81142862e-04  1.14783811e-04]]
[[ 1.05678327e-01 -1.99137969e-02 -5.65011319e+00  1.28507441e-03
  -5.01260495e-04  3.07660236e-04]]
[[ 1.09187197e-01 -2.72594904e-02 -5.64442181e+00  9.45430768e-04
  -1.63792990e-04  5.23264317e-04]]
[[ 1.09489087e-01 -3.30823444e-02 -5.64138639e+00  6.05814043e-04
   1.23110680e-04  6.90465640e-04]]
[[ 1.10708929e-01 -3.77629363e-02 -5.63299906e+00  5.06140564e-04
   2.91533915e-04  7.99971854e-04]]
[[ 1.12338224e-01 -3.05834113e-02 -5.63666378e+00  1.02790309e-03
  -1.59212277e-04  8.04410163e-04]]
[[ 1.14137291e-01 -3.53768034e-02 -5.63628303e+00  8.35071880e-04
  -2.33469096e-04  9.76547591e-04]]
[[ 1.14541027e-01 -3.51566107e-02 -5.63355159e+00  9.13032147e-04
  -1.66231745e-04  1.07723612e-03]]
[[ 1.18476585e-01 -3.46097492e-02 -5.63728302e+00  9.92351868e-04
  -6.49753743e-04  1.10543132e-03]]
[[ 1.16385367e-01 -4.48315422e-02 -5.62048652e+00  3.78763985e-04
  -4.82918433e-05  1.40010558e-03]]
[[ 1.19116541e-01 -4.51433649e-02 -5.61761775e+00  4.47995009e-04
  -1.17409441e-04  1.47524350e-03]]
[[ 1.25882785e-01 -4.57159696e-02 -5.62574461e+00  3.93420159e-04
  -5.35726611e-04  1.60563307e-03]]
[[ 1.25954885e-01 -4.49210273e-02 -5.61213257e+00  8.64449585e-04
  -3.96995015e-04  1.50280822e-03]]
[[ 1.31270943e-01 -5.19339658e-02 -5.58585793e+00  1.68104480e-03
  -3.42333813e-04  1.47788819e-03]]
[[ 1.35516349e-01 -7.20759302e-02 -5.56202869e+00  1.09045833e-03
   3.29613181e-04  1.73436683e-03]]
[[ 1.38557734e-01 -6.31918474e-02 -5.56058861e+00  2.10485846e-03
  -4.32865683e-04  1.58929355e-03]]
[[ 1.42499444e-01 -6.89286675e-02 -5.55418075e+00  2.03147633e-03
  -4.16454022e-04  1.67244148e-03]]
[[ 1.38995935e-01 -7.81997081e-02 -5.55111660e+00  1.19222533e-03
  -2.44098629e-04  1.92124993e-03]]
[[ 1.38166666e-01 -7.97730189e-02 -5.55424927e+00  1.25411825e-03
  -2.00910550e-04  1.97097738e-03]]
[[ 1.43472279e-01 -9.38709413e-02 -5.54164162e+00  7.52675513e-04
  -7.81245848e-05  2.16620940e-03]]
[[ 1.41075248e-01 -9.47420818e-02 -5.54578079e+00  4.58161262e-04
   3.71428763e-04  2.41463853e-03]]
[[ 1.37359317e-01 -1.01990861e-01 -5.54616858e+00 -2.16642096e-04
   6.05865948e-04  2.59018057e-03]]
[[ 1.37771631e-01 -1.14829317e-01 -5.54099572e+00 -8.22769458e-04
   5.99985647e-04  2.84422907e-03]]
[[ 1.39546684e-01 -1.23412086e-01 -5.53397872e+00 -1.41197853e-03
   8.80059668e-04  3.09885890e-03]]
[[ 1.40570583e-01 -1.23383804e-01 -5.53307153e+00 -1.67883841e-03
   1.22391193e-03  3.14278425e-03]]
[[ 1.42966563e-01 -1.25586098e-01 -5.53707191e+00 -2.01605895e-03
   1.01435407e-03  3.19177532e-03]]
[[ 1.41867725e-01 -1.32126699e-01 -5.53185861e+00 -2.87001877e-03
   1.57276619e-03  3.50728314e-03]]
[[ 1.42549455e-01 -1.42711361e-01 -5.52256736e+00 -3.93918988e-03
   2.05379073e-03  3.74998408e-03]]
[[ 1.45365976e-01 -1.37855259e-01 -5.53160962e+00 -3.79544770e-03
   1.80615184e-03  3.81708447e-03]]
[[ 1.45657896e-01 -1.40119956e-01 -5.53001018e+00 -3.97568786e-03
   1.92297934e-03  3.89461073e-03]]
[[ 1.44652202e-01 -1.41184393e-01 -5.53040685e+00 -4.14238008e-03
   2.13358141e-03  4.00686459e-03]]
[[ 1.42906153e-01 -1.45684519e-01 -5.52428746e+00 -4.30875966e-03
   2.43382589e-03  4.09755066e-03]]
[[ 1.45385965e-01 -1.53764034e-01 -5.52336103e+00 -4.71143064e-03
   2.35624047e-03  4.23869412e-03]]
[[ 1.48835164e-01 -1.55912352e-01 -5.51900940e+00 -4.88263610e-03
   2.26421388e-03  4.35226773e-03]]
[[ 1.50615801e-01 -1.64003476e-01 -5.51342303e+00 -5.32666794e-03
   2.28720730e-03  4.45247274e-03]]
[[ 1.58756216e-01 -1.58277803e-01 -5.49634929e+00 -3.88593606e-03
   2.37162401e-03  4.25692981e-03]]
[[ 1.56629929e-01 -1.83510232e-01 -5.47951674e+00 -5.01434758e-03
   3.16164119e-03  4.50547345e-03]]
[[ 1.64662398e-01 -1.70403779e-01 -5.47757283e+00 -3.17115128e-03
   1.93877858e-03  4.16737753e-03]]
[[ 1.64389390e-01 -1.77290697e-01 -5.46921846e+00 -3.34507650e-03
   2.25865827e-03  4.21737947e-03]]
[[ 1.69998979e-01 -1.98187876e-01 -5.44199055e+00 -3.94890437e-03
   2.75395176e-03  4.37950457e-03]]
[[ 1.68652652e-01 -2.06273062e-01 -5.44099802e+00 -4.38746373e-03
   2.66830705e-03  4.56187357e-03]]
[[ 1.70691682e-01 -2.04041961e-01 -5.44619969e+00 -3.87915789e-03
   2.22925028e-03  4.41073313e-03]]
[[ 1.68388693e-01 -2.22480744e-01 -5.44012820e+00 -5.22832622e-03
   2.57338037e-03  4.83022267e-03]]
[[ 1.65265741e-01 -2.22194772e-01 -5.43320996e+00 -5.15976106e-03
   2.76047397e-03  4.75914834e-03]]
[[ 1.65216651e-01 -2.25525694e-01 -5.44358981e+00 -5.62237051e-03
   2.69648944e-03  4.90063548e-03]]
[[ 1.60723898e-01 -2.27372156e-01 -5.44332666e+00 -6.42866802e-03
   3.49150253e-03  5.18010680e-03]]
[[ 1.70819591e-01 -2.25165302e-01 -5.43673374e+00 -5.56984403e-03
   2.69709081e-03  4.99705548e-03]]
[[ 1.69657340e-01 -2.53323959e-01 -5.40563521e+00 -7.39445572e-03
   4.13167568e-03  5.33936353e-03]]
[[ 1.75166315e-01 -2.33221276e-01 -5.41178350e+00 -5.78481602e-03
   3.04897720e-03  5.06327898e-03]]
[[ 0.17565938 -0.23538954  0.59551718 -0.00585032  0.00334642  0.00507204]]
[[ 0.17673528 -0.23966133  0.60379292 -0.00584952  0.00339205  0.00512748]]
[[ 0.17787756 -0.26441993  0.61883227 -0.00729389  0.00426124  0.00547275]]
[[ 0.18224964 -0.25600223  0.61412735 -0.00667121  0.00391301  0.00524368]]
[[ 0.1811126  -0.25757933  0.61504715 -0.00655541  0.00374092  0.00531834]]
[[ 0.17918124 -0.2676289   0.61243064 -0.00767027  0.00422033  0.00553774]]
[[ 0.17576947 -0.26867578  0.60165131 -0.00846351  0.00413867  0.00563841]]
[[ 0.17260836 -0.27181031  0.5956027  -0.00908732  0.00429922  0.00576181]]
[[ 0.17079982 -0.27161165  0.59511027 -0.00959086  0.00446529  0.00583662]]
[[ 0.17097132 -0.26956159  0.59344576 -0.00989947  0.00435289  0.0059038 ]]
[[ 0.16792667 -0.27006084  0.59114496 -0.01018999  0.00433173  0.00594091]]
[[ 0.16862418 -0.27156191  0.58858518 -0.01023847  0.00412393  0.0059035 ]]
[[ 0.17000047 -0.27056639  0.58529721 -0.01031687  0.00394266  0.00591733]]
[[ 0.1686612  -0.27127056  0.58733381 -0.0103999   0.00421156  0.00588957]]
[[ 0.17139329 -0.27317099  0.58602838 -0.01042014  0.00405023  0.00585638]]
[[ 0.17540577 -0.27328578  0.57890172 -0.01042927  0.00326966  0.00577009]]
[[ 0.17099567 -0.27687626  0.58976712 -0.01047623  0.00396416  0.00581521]]
[[ 0.17307626 -0.27976779  0.59290784 -0.01059764  0.00397311  0.00585092]]
[[ 0.17594697 -0.28328718  0.59064024 -0.01071576  0.00389002  0.00583446]]
[[ 0.17308375 -0.28639266  0.59300582 -0.01086948  0.00403344  0.00576338]]
[[ 0.17279826 -0.28815086  0.59449901 -0.0109491   0.00403712  0.005764  ]]
[[ 0.1749616  -0.29114724  0.59766771 -0.01099103  0.0039265   0.00570886]]
[[ 0.17529587 -0.28954227  0.60088727 -0.01093715  0.00407416  0.00575549]]
[[ 0.17410243 -0.29218785  0.60396072 -0.01097791  0.0040871   0.00574165]]
[[ 0.17216028 -0.29329481  0.60276281 -0.01109477  0.00401439  0.00574459]]
[[ 0.17506911 -0.2974277   0.60935961 -0.01119754  0.0041231   0.00572244]]
[[ 0.1732604  -0.2958153   0.60859885 -0.01114353  0.00423425  0.00570644]]
[[ 0.17259387 -0.29767427  0.61151294 -0.01104972  0.00435392  0.00568914]]
[[ 0.17109712 -0.30162411  0.61577267 -0.01119731  0.0045582   0.00574269]]
[[ 0.16904793 -0.30170746  0.61801207 -0.01129389  0.00464803  0.00571011]]
[[ 0.17151499 -0.30379887  0.61916115 -0.01136681  0.00433551  0.00560984]]
[[ 0.16988451 -0.30460934  0.61919073 -0.01138699  0.00435531  0.00560862]]
[[ 0.16827876 -0.3058044   0.62308809 -0.0114294   0.0044781   0.00561574]]
[[ 0.1668307  -0.30638868  0.6265775  -0.01148021  0.00467682  0.00565184]]
[[ 0.16819489 -0.30662114  0.62860589 -0.01154339  0.00479359  0.00569982]]
[[ 0.16863899 -0.30746344  0.62888185 -0.01158357  0.00476427  0.00568514]]
[[ 0.17008878 -0.30837337  0.62857747 -0.01161595  0.00469216  0.00569831]]
[[ 0.16860494 -0.30790797  0.63055432 -0.01162134  0.00468858  0.00571464]]
[[ 0.16812794 -0.30834047  0.6331871  -0.01158044  0.00473492  0.00567083]]
[[ 0.16876147 -0.31030503  0.63431802 -0.01159171  0.00491293  0.00567564]]
[[ 0.16839152 -0.3107805   0.63748474 -0.01160398  0.00499599  0.00568668]]
[[ 0.16790486 -0.31249267  0.64090509 -0.01159412  0.00502052  0.00566773]]
[[ 0.16875053 -0.31394949  0.64350922 -0.01159142  0.00497673  0.00565941]]
[[ 0.1688106  -0.3143693   0.64429235 -0.01160414  0.00492296  0.00570132]]
[[ 0.16855609 -0.31346376  0.64872124 -0.01159879  0.00496705  0.00572004]]
[[ 0.16876451 -0.31394038  0.65190908 -0.01159231  0.00498901  0.00570063]]
[[ 0.16816365 -0.31501157  0.65394326 -0.01154718  0.00504394  0.00565715]]
[[ 0.17066366 -0.31809358  0.65679448 -0.01149904  0.00509052  0.00564734]]
[[ 0.16874143 -0.31990855  0.65807839 -0.01147552  0.00508187  0.00571311]]
[[ 0.17159987 -0.32034595  0.66103367 -0.01147984  0.0050897   0.00570544]]
[[ 0.17200013 -0.32049999  0.66231505 -0.01143776  0.00508383  0.00576317]]
[[ 0.17229064 -0.32214799  0.66419061 -0.01143354  0.00505457  0.00571887]]
[[ 0.17358378 -0.32044727  0.66817598 -0.01145845  0.00509881  0.00575975]]
[[ 0.17277023 -0.3188638   0.66984891 -0.01147227  0.00508476  0.00579958]]
[[ 0.17197226 -0.3209892   0.6738376  -0.01149821  0.00508861  0.00580092]]
[[ 0.17145889 -0.32078674  0.67629957 -0.0114963   0.0050778   0.00575654]]
[[ 0.17272315 -0.32090927  0.67795409 -0.01154189  0.00508209  0.00577129]]
[[ 0.17294848 -0.32053921  0.67540829 -0.0115607   0.00510415  0.00577219]]
[[ 0.17560178 -0.32044592  0.67615628 -0.0115866   0.0051273   0.00575116]]
[[ 0.1762472  -0.3202073   0.67701526 -0.01164148  0.00513869  0.00574492]]
[[ 0.17692867 -0.32111181  0.67837442 -0.01164095  0.005141    0.00572452]]
[[ 0.17697149 -0.32326331  0.67957869 -0.01162514  0.00512737  0.00578082]]
[[ 0.17856787 -0.32265104  0.68120518 -0.01166657  0.00514095  0.00583122]]
[[ 0.1761843  -0.32254837  0.68262413 -0.01167216  0.00513139  0.00581878]]
[[ 0.17556196 -0.32220044  0.68337406 -0.01172422  0.00511291  0.00583579]]
[[ 0.17611375 -0.32332764  0.68449625 -0.01180116  0.00513931  0.00577356]]
[[ 0.17614552 -0.32370824  0.68692707 -0.01181724  0.00514588  0.0057663 ]]
[[ 0.17513896 -0.32497442  0.68969895 -0.01188791  0.00516935  0.00580491]]
[[ 0.17518342 -0.3246195   0.69152324 -0.01187596  0.00518591  0.00579507]]
[[ 0.17515382 -0.32474158  0.69163726 -0.01190647  0.00519252  0.00577332]]
[[ 0.17437018 -0.32219     0.69386143 -0.01193289  0.00519174  0.00572406]]
[[ 0.17721223 -0.31940989  0.69498701 -0.01194285  0.00526578  0.00578024]]
[[ 0.17711758 -0.3198022   0.69744771 -0.01198294  0.00528378  0.00577398]]
[[ 0.17928636 -0.3183758   0.70028925 -0.01199563  0.00528471  0.00576877]]
[[ 0.1784755  -0.31643064  0.70447162 -0.01201036  0.0052874   0.00577302]]
[[ 0.17816359 -0.31554255  0.70791526 -0.01203615  0.0053091   0.00577948]]
[[ 0.1801119  -0.31637532  0.70988771 -0.01205551  0.00534152  0.00575807]]
[[ 0.17918569 -0.31663809  0.71075549 -0.01206034  0.00536334  0.0057873 ]]
[[ 0.18138714 -0.31715734  0.7134162  -0.01203178  0.00538892  0.00569403]]
[[ 0.18209053 -0.31668927  0.71489805 -0.01200768  0.00541589  0.0057376 ]]
[[ 0.18390679 -0.3185319   0.7176795  -0.01199154  0.0054225   0.00572036]]
[[ 0.18511124 -0.31719842  0.71983055 -0.01200156  0.00542937  0.00570184]]
[[ 0.18519668 -0.31896409  0.72361646 -0.01199467  0.00538988  0.00569671]]
[[ 0.18626132 -0.31604624  0.72731709 -0.01205555  0.00538259  0.00571731]]
[[ 0.18760544 -0.31675032  0.7329432  -0.01206654  0.00538001  0.00566641]]
[[ 0.18736903 -0.31575057  0.73617912 -0.01210829  0.00535866  0.00574418]]
[[ 0.18803601 -0.31849394  0.74278522 -0.01209451  0.00536541  0.00571305]]
[[ 0.18796453 -0.31983078  0.74369277 -0.01210924  0.00532263  0.00572727]]
[[ 0.18724463 -0.32083423  0.74595645 -0.01207979  0.00527313  0.00567244]]
[[ 0.18770872 -0.32159971  0.74900476 -0.01207056  0.00526724  0.00573262]]
[[ 0.18702596 -0.32316913  0.74988348 -0.01209487  0.00520641  0.00568625]]
[[ 0.18857893 -0.32512049  0.74869778 -0.01214927  0.00496095  0.00572726]]
[[ 0.18792331 -0.32527559  0.75711097 -0.01223505  0.00519068  0.00576252]]
[[ 0.18990329 -0.32579374  0.75846258 -0.01220874  0.00508579  0.00577082]]
[[ 0.19220656 -0.32311284  0.7532039  -0.01205673  0.00485604  0.00574744]]
[[ 0.19254584 -0.32709257  0.76281271 -0.01228472  0.00517662  0.00575503]]
[[ 0.19493623 -0.32345977  0.75898229 -0.01216555  0.00474344  0.00571878]]
[[ 0.19435831 -0.32243379  0.76467353 -0.01220592  0.00487742  0.0057391 ]]
[[ 0.19459075 -0.32315923  0.76410856 -0.0121512   0.00473815  0.00563374]]
[[ 0.19513731 -0.32628428  0.76656257 -0.01217068  0.00455572  0.00562633]]
[[ 1.96767633e-01 -3.26106770e-01 -5.23019492e+00 -1.21731879e-02
   4.63778091e-03  5.56629228e-03]]
[[ 1.96810252e-01 -3.33885739e-01 -5.21777247e+00 -1.25916409e-02
   5.03275061e-03  5.70693056e-03]]
[[ 2.02867469e-01 -3.22506158e-01 -5.22329391e+00 -1.18587007e-02
   4.38083472e-03  5.62700403e-03]]
[[ 2.05164244e-01 -3.12268428e-01 -5.22990498e+00 -1.12603492e-02
   3.92267440e-03  5.63829700e-03]]
[[ 2.06445472e-01 -3.15295451e-01 -5.22142858e+00 -1.14153185e-02
   4.17166084e-03  5.80271993e-03]]
[[ 2.11060224e-01 -3.17300756e-01 -5.21634184e+00 -1.14373276e-02
   4.25935286e-03  5.93621480e-03]]
[[ 2.12955013e-01 -3.15740049e-01 -5.21431702e+00 -1.14479911e-02
   4.20635185e-03  6.08583795e-03]]
[[ 2.19303043e-01 -3.05274125e-01 -5.22399837e+00 -1.08014283e-02
   3.66389964e-03  6.03985008e-03]]
[[ 2.19474628e-01 -3.09854731e-01 -5.21268366e+00 -1.09701795e-02
   3.85453302e-03  6.09744526e-03]]
[[ 2.21349938e-01 -3.15693367e-01 -5.20787387e+00 -1.13126051e-02
   3.93210740e-03  6.29111043e-03]]
[[ 2.21308561e-01 -3.20443931e-01 -5.19872927e+00 -1.15746201e-02
   4.21751295e-03  6.44272056e-03]]
[[ 2.24388809e-01 -3.23043256e-01 -5.19510197e+00 -1.16502422e-02
   4.04336329e-03  6.50833189e-03]]
[[ 2.24206792e-01 -3.17948986e-01 -5.19434177e+00 -1.13551729e-02
   4.03572830e-03  6.63538726e-03]]
[[ 2.26806928e-01 -3.11342985e-01 -5.19626269e+00 -1.08288631e-02
   3.76776586e-03  6.49778200e-03]]
[[ 2.26152937e-01 -3.22547994e-01 -5.18116185e+00 -1.15250108e-02
   4.36597918e-03  6.69649600e-03]]
[[ 2.27364640e-01 -3.20506482e-01 -5.18511472e+00 -1.14241515e-02
   4.24458766e-03  6.71215341e-03]]
[[ 2.28605582e-01 -3.28056031e-01 -5.17868785e+00 -1.18007128e-02
   4.45189627e-03  6.77043790e-03]]
[[ 2.30347648e-01 -3.26154599e-01 -5.18094368e+00 -1.16616487e-02
   4.22210220e-03  6.73072493e-03]]
[[ 2.34880833e-01 -3.27323720e-01 -5.17971087e+00 -1.17123039e-02
   4.02575169e-03  6.75318748e-03]]
[[ 2.35692349e-01 -3.29936261e-01 -5.17501829e+00 -1.18059685e-02
   4.24963905e-03  6.80532401e-03]]
[[ 2.37736803e-01 -3.33233481e-01 -5.17084617e+00 -1.20680383e-02
   4.54097848e-03  6.89835580e-03]]
[[ 2.38594093e-01 -3.30966803e-01 -5.16842764e+00 -1.20443013e-02
   4.52074562e-03  6.99924533e-03]]
[[ 2.42451998e-01 -3.25432142e-01 -5.16905962e+00 -1.16529822e-02
   4.20038000e-03  6.93879883e-03]]
[[ 2.39704955e-01 -3.36263392e-01 -5.14804110e+00 -1.22789793e-02
   5.05697479e-03  7.07195274e-03]]
[[ 2.44081695e-01 -3.33138465e-01 -5.15544797e+00 -1.21751182e-02
   4.53456554e-03  7.09503810e-03]]
[[ 2.46749796e-01 -3.33761683e-01 -5.15595142e+00 -1.21466367e-02
   4.24342962e-03  7.11877892e-03]]
[[ 2.43765505e-01 -3.35191946e-01 -5.14720401e+00 -1.21206073e-02
   4.53503126e-03  7.20809115e-03]]
[[ 2.45780974e-01 -3.36042522e-01 -5.14843412e+00 -1.21477227e-02
   4.52515321e-03  7.22948908e-03]]
[[ 2.45518804e-01 -3.33914658e-01 -5.14206939e+00 -1.19631820e-02
   4.82337690e-03  7.30635853e-03]]
[[ 2.45193161e-01 -3.37176015e-01 -5.13612853e+00 -1.21161394e-02
   4.96667901e-03  7.31906419e-03]]
[[ 2.45497586e-01 -3.44089951e-01 -5.13316225e+00 -1.25767030e-02
   5.08449354e-03  7.41480171e-03]]
[[ 2.47831757e-01 -3.42159213e-01 -5.13531965e+00 -1.23571202e-02
   4.78565793e-03  7.34274723e-03]]
[[ 2.48138518e-01 -3.47652288e-01 -5.12771145e+00 -1.26376904e-02
   5.01477638e-03  7.45373422e-03]]
[[ 2.48441128e-01 -3.47790677e-01 -5.11995469e+00 -1.26907818e-02
   4.98757018e-03  7.46309836e-03]]
[[ 0.24630374 -0.35122521 -5.11013402 -0.01298648  0.00543645  0.00759857]]
[[ 2.48499437e-01 -3.46056448e-01 -5.11903851e+00 -1.24790411e-02
   4.91953400e-03  7.56757352e-03]]
[[ 0.24771723 -0.35408125 -5.10411514 -0.01294588  0.00545748  0.0077067 ]]
[[ 0.24942583 -0.36818763 -5.08995187 -0.01371446  0.00606235  0.00790798]]
[[ 0.25277248 -0.35530066 -5.10084448 -0.01292459  0.00538073  0.00772994]]
[[ 2.55543884e-01 -3.51090266e-01 -5.10382585e+00 -1.27625213e-02
   5.08777085e-03  7.71915497e-03]]
[[ 0.25113258 -0.36951295 -5.08206961 -0.01386111  0.00618385  0.00801718]]
[[ 0.25661098 -0.37206946 -5.06880842 -0.01335496  0.00611948  0.0078317 ]]
[[ 0.26241677 -0.35595316 -5.05943216 -0.0112286   0.00541593  0.00734608]]
[[ 0.26647532 -0.37144772 -5.04677098 -0.01153174  0.00580827  0.00752062]]
[[ 0.26809917 -0.37401367 -5.03793133 -0.01121867  0.00600448  0.00743747]]
[[ 0.2663586  -0.39272568 -5.03804154 -0.01238041  0.00627575  0.00771583]]
[[ 0.26474405 -0.39710853 -5.0322166  -0.01235026  0.00643218  0.00768997]]
[[ 0.26832037 -0.41394534 -5.00540251 -0.01317908  0.0071745   0.0079613 ]]
[[ 0.26579146 -0.4129714   0.99248911 -0.01328462  0.00736259  0.00800499]]
[[ 0.26784231 -0.403123    0.98686707 -0.01279498  0.00671142  0.00791407]]
[[ 0.2671696  -0.42361144  1.01148803 -0.01418823  0.00788609  0.00829279]]
[[ 0.27120237 -0.41833101  1.00627963 -0.01391147  0.00754881  0.00819337]]
[[ 0.26974711 -0.41472201  0.99842525 -0.01399953  0.0073055   0.00815262]]
[[ 0.27208853 -0.42354713  1.00670424 -0.01456708  0.00750092  0.00818464]]
[[ 0.26682926 -0.42197517  0.99416524 -0.01528202  0.00753923  0.00836337]]
[[ 0.26376377 -0.42502129  0.99615445 -0.0156479   0.00752243  0.00835895]]
[[ 0.26727326 -0.41621786  1.00010128 -0.01476813  0.00726518  0.00809288]]
[[ 0.27321927 -0.41756358  1.0060822  -0.01463253  0.007029    0.0080659 ]]
[[ 0.27224475 -0.41490894  1.01065666 -0.0143307   0.00695341  0.00791608]]
[[ 0.27250755 -0.41489987  1.01764248 -0.01409095  0.00700871  0.00794968]]
[[ 0.26620637 -0.4302434   1.02494666 -0.01542524  0.00787875  0.00817107]]
[[ 0.26445555 -0.43283202  1.01224147 -0.01643822  0.00766857  0.00835244]]
[[ 0.26483352 -0.43521928  1.00341086 -0.01708803  0.00744684  0.00841405]]
[[ 0.26449286 -0.43440589  0.99608711 -0.01763229  0.00734832  0.00849297]]
[[ 0.26169693 -0.43464211  0.99374119 -0.01801077  0.00745619  0.00858759]]
[[ 0.26112115 -0.43703677  0.99560328 -0.01832479  0.00762818  0.00866654]]
[[ 0.26077638 -0.43927469  0.99418359 -0.01840705  0.00773498  0.00863937]]
[[ 0.26392814 -0.43854877  0.99557033 -0.01852851  0.0077284   0.00864193]]
[[ 0.26452767 -0.43922069  0.99758473 -0.01858702  0.0076298   0.00859108]]
[[ 0.26401106 -0.43957219  0.9988501  -0.01867601  0.00756678  0.00865605]]
[[ 0.26451743 -0.44094854  1.00049982 -0.01874578  0.0075372   0.00864352]]
[[ 0.26450044 -0.44280278  1.00212146 -0.01877346  0.00759876  0.00868223]]
[[ 0.26331502 -0.44211664  1.00301651 -0.01877316  0.00761838  0.00865514]]
[[ 0.26399763 -0.44259251  1.003054   -0.01878131  0.00762922  0.00865611]]
[[ 0.26340733 -0.44119267  1.00556458 -0.01879535  0.00757912  0.00866905]]
[[ 0.26486787 -0.44151048  1.00494715 -0.01880246  0.00755503  0.00863741]]
[[ 0.26709726 -0.4408624   1.00531877 -0.01876384  0.00751918  0.00868239]]
[[ 0.26639917 -0.44065616  1.00501846 -0.01874073  0.00751416  0.00865168]]
[[ 0.26493305 -0.43976424  1.00530037 -0.01877142  0.00752753  0.008658  ]]
[[ 0.26415519 -0.44109792  1.0052745  -0.01875084  0.00751857  0.00862959]]
[[ 0.26398549 -0.43984051  1.00828939 -0.01874697  0.00749568  0.00865986]]
[[ 0.26603839 -0.43803511  1.01039242 -0.01878283  0.00753509  0.00859391]]
[[ 0.26741252 -0.43813026  1.01209382 -0.01873014  0.00748697  0.00854585]]
[[ 0.26784812 -0.43907347  1.01375039 -0.01872345  0.0074528   0.00854964]]
[[ 0.26916011 -0.43829932  1.01670198 -0.01870097  0.00750855  0.00856008]]
[[ 0.26963119 -0.4384813   1.01851963 -0.01869887  0.00752302  0.00846788]]
[[ 0.26978386 -0.43965378  1.02268416 -0.01864689  0.00747433  0.00839325]]
[[ 0.27012401 -0.44059506  1.02269111 -0.01862463  0.00744625  0.00841502]]
[[ 0.27250626 -0.44033011  1.0264931  -0.01863695  0.0075179   0.00834678]]
[[ 0.27276236 -0.44033631  1.02837239 -0.01859893  0.00754046  0.00838569]]
[[ 0.27351159 -0.44105923  1.02922691 -0.01857394  0.00750907  0.00836583]]
[[ 0.27208581 -0.44284435  1.03095495 -0.01857122  0.00752937  0.00835024]]
[[ 0.27160371 -0.44469996  1.03285436 -0.01855117  0.0075723   0.0083379 ]]
[[ 0.26982297 -0.44247163  1.03617661 -0.01856689  0.0075741   0.00838429]]
[[ 0.27253079 -0.44155528  1.04014828 -0.01857042  0.00761945  0.00833845]]
[[ 0.27443783 -0.44283581  1.04145889 -0.01858331  0.00764047  0.00836604]]
[[ 0.27359759 -0.44438114  1.04448108 -0.01858058  0.00764137  0.00834704]]
[[ 0.27470297 -0.44487915  1.04782207 -0.01871052  0.00768244  0.00835223]]
[[ 0.2739972  -0.44558238  1.04915834 -0.01868858  0.00769383  0.00838421]]
[[ 0.27265857 -0.44559521  1.04790835 -0.01862931  0.00763104  0.00830662]]
[[ 0.27421204 -0.44426944  1.04608768 -0.0186045   0.00749469  0.00826717]]
[[ 0.27345417 -0.44587315  1.05438564 -0.01879433  0.00779126  0.00834982]]
[[ 0.272452   -0.44976052  1.05566612 -0.01894789  0.00778498  0.00835356]]
[[ 0.27198107 -0.4521821   1.05841291 -0.01900374  0.00775311  0.00831893]]
[[ 0.26973342 -0.45848044  1.06754627 -0.01925144  0.00801857  0.00833048]]
[[ 0.27238416 -0.45581823  1.06551249 -0.01896521  0.00806404  0.00830068]]
[[ 0.27538274 -0.45221332  1.05655214 -0.01880365  0.00755968  0.00826345]]
[[ 0.27481356 -0.45374037  1.05671897 -0.01890856  0.00753997  0.00820603]]
[[ 0.274665   -0.45597121  1.06107542 -0.01911004  0.00776463  0.00816129]]
[[ 0.27318526 -0.46050384 -4.93014024 -0.01925093  0.00793287  0.0081641 ]]
[[ 0.27898054 -0.45283023 -4.93833343 -0.01891366  0.00748336  0.00814065]]
[[ 0.27858525 -0.45220293 -4.93391689 -0.01894992  0.00778246  0.00823615]]
[[ 0.28396493 -0.45175058 -4.93982118 -0.0187428   0.00763201  0.00827221]]
[[ 0.28638115 -0.44703549 -4.93621502 -0.01862037  0.00757214  0.00813693]]
[[ 0.28515565 -0.4520369  -4.92770826 -0.01889216  0.00809145  0.00839798]]
[[ 0.28459052 -0.45543898 -4.91977533 -0.01903228  0.0081435   0.0088206 ]]
[[ 0.2868575  -0.45677643 -4.91488884 -0.01908531  0.00813232  0.00884344]]
[[ 0.29226808 -0.4469335  -4.922552   -0.01860494  0.00772954  0.00858816]]
[[ 0.29828376 -0.4528537  -4.9173474  -0.01870975  0.00758758  0.0089865 ]]
[[ 0.29919251 -0.4533247  -4.91560821 -0.01878699  0.00768534  0.00894803]]
[[ 0.30046238 -0.44851125 -4.91670672 -0.0186936   0.00786272  0.00875218]]
[[ 0.29992283 -0.45510387 -4.90520995 -0.01908164  0.00821896  0.00903396]]
[[ 0.31089498 -0.44316117 -4.92210225 -0.01817754  0.00685741  0.00891057]]
[[ 0.30485493 -0.45189317 -4.90409819 -0.01874072  0.00792374  0.00902449]]
[[ 0.30706691 -0.45674445 -4.90428936 -0.01904686  0.00784677  0.00917541]]
[[ 0.31282777 -0.44996689 -4.90834555 -0.01868037  0.00739775  0.00911359]]
[[ 0.30281512 -0.4577566  -4.88389205 -0.01938306  0.00922111  0.00926321]]
[[ 0.30834386 -0.45672617 -4.89012009 -0.01929438  0.00838955  0.00920268]]
[[ 0.30907901 -0.46324201 -4.87928475 -0.0195635   0.00894432  0.00963333]]
[[ 0.31031151 -0.46017519 -4.88446382 -0.01936704  0.00860507  0.00960794]]
[[ 0.31005614 -0.46822918 -4.87090176 -0.0199443   0.00923173  0.00944499]]
[[ 0.31655798 -0.4632822  -4.88052659 -0.0196663   0.00850446  0.00949603]]
[[ 0.32013822 -0.46572246 -4.88185516 -0.019679    0.00787668  0.00970301]]
[[ 0.31812647 -0.45780005 -4.88128735 -0.01915723  0.00803061  0.00977308]]
[[ 0.31617742 -0.46956424 -4.87012829 -0.01993782  0.00860199  0.00966705]]
[[ 0.32037967 -0.46815946 -4.87716382 -0.01991623  0.00802069  0.00995866]]
[[ 0.31781222 -0.46516785 -4.86849762 -0.02010402  0.00845803  0.00980691]]
[[ 0.32045503 -0.46384627 -4.86923182 -0.02010204  0.00818483  0.00980464]]
[[ 0.32253337 -0.46845424 -4.8674445  -0.02041296  0.007979    0.00988398]]
[[ 0.3198387  -0.47812584 -4.85323889 -0.02096769  0.00873646  0.01006532]]
[[ 0.32136275 -0.48588578 -4.84250004 -0.02112794  0.00897571  0.01043818]]
[[ 0.32750085 -0.48028341 -4.84943627 -0.02070615  0.00837924  0.0103542 ]]
[[ 0.32310977 -0.48938498 -4.829927   -0.02137936  0.00914323  0.01024145]]
[[ 0.32727514 -0.48132528 -4.83934023 -0.02098373  0.00843519  0.01024926]]
[[ 0.32789696 -0.48883922 -4.82870784 -0.02157916  0.00873934  0.01037126]]
[[ 0.32979673 -0.48549584 -4.83217522 -0.02128979  0.00846541  0.01038008]]
[[ 0.33015768 -0.48332822 -4.83146969 -0.02100836  0.00834741  0.01039456]]
[[ 0.33019597 -0.48579344 -4.83137066 -0.02122451  0.00835156  0.01054033]]
[[ 0.32729972 -0.49106004 -4.82046838 -0.02150753  0.00857393  0.01061227]]
[[ 0.33027496 -0.49382873 -4.81589507 -0.0218027   0.00861744  0.01061078]]
[[ 0.32850069 -0.49407006 -4.80846028 -0.02201437  0.00884968  0.0107243 ]]
[[ 0.32862469 -0.50014211 -4.80178505 -0.02238612  0.00896169  0.01077235]]
[[ 0.33174103 -0.48855365 -4.80711044 -0.02153297  0.00837203  0.01058673]]
[[ 0.33374856 -0.50117412 -4.79587672 -0.02239762  0.00914751  0.01080401]]
[[ 0.33748263 -0.49031502 -4.80584834 -0.0217266   0.00839393  0.01056081]]
[[ 0.33920812 -0.49445913 -4.79962747 -0.02194499  0.00851634  0.01063351]]
[[ 0.34045026 -0.50478608 -4.78872521 -0.02245383  0.00883748  0.01073125]]
[[ 0.34179455 -0.50201213 -4.79147394 -0.02242713  0.00871588  0.01067915]]
[[ 0.34213148 -0.50289107 -4.78866025 -0.02230485  0.00860384  0.01071639]]
[[ 0.34308026 -0.50153815 -4.78640955 -0.02234561  0.00863252  0.01071708]]
[[ 0.34238101 -0.49852596 -4.78734452 -0.02218708  0.00855613  0.01069764]]
[[ 0.34077199 -0.50973362 -4.77234801 -0.0228877   0.0090105   0.01077389]]
[[ 0.34244846 -0.50367511 -4.77342215 -0.02245592  0.00867702  0.01066237]]
[[ 0.34359596 -0.51824638 -4.76137549 -0.02308915  0.00908539  0.01083128]]
[[ 0.3433455  -0.52320389 -4.75660645 -0.02324289  0.00911391  0.01090231]]
[[ 0.34357737 -0.52100687 -4.75942349 -0.02304664  0.00894444  0.01087886]]
[[ 0.34807804 -0.51498418 -4.76435117 -0.02284299  0.00871338  0.01088285]]
[[ 0.34613944 -0.51850631 -4.76029844 -0.02301285  0.00875366  0.01092475]]
[[ 0.3448913  -0.52056622 -4.75403888 -0.02303954  0.00895119  0.01096073]]
[[ 0.34485564 -0.52083824 -4.7473612  -0.02331091  0.0090723   0.01103374]]
[[ 0.34466038 -0.52881322 -4.73339066 -0.02375915  0.00948508  0.01111638]]
[[ 0.34291533 -0.52886112 -4.72980763 -0.02375536  0.00955611  0.01115506]]
[[ 0.34492604 -0.53263756 -4.7241951  -0.02379248  0.00929345  0.01119319]]
[[ 0.3465019  -0.52548584 -4.7335943  -0.02336943  0.00898227  0.01105372]]
[[ 0.34770764 -0.519627   -4.73305248 -0.02296116  0.00875297  0.01105672]]
[[ 0.34742788 -0.52946552 -4.72553468 -0.02360785  0.00902493  0.01113014]]
[[ 0.34637976 -0.52954619 -4.7190672  -0.0236792   0.00907132  0.01112484]]
[[ 0.34905819 -0.53185843 -4.71682079 -0.02371467  0.00897739  0.01107291]]
[[ 0.34977861 -0.53466653 -4.71726588 -0.02368403  0.00864164  0.01106879]]
[[ 0.34975649 -0.54036814 -4.71092239 -0.02392382  0.00885718  0.01106674]]
[[ 0.34698858 -0.54107642 -4.7097355  -0.02394447  0.00915975  0.01112459]]
[[ 0.34727498 -0.53959431 -4.70515883 -0.02391232  0.00930782  0.01116998]]
[[ 0.34907787 -0.54136362 -4.70733353 -0.02385565  0.00907292  0.0112294 ]]
[[ 0.35036287 -0.54824202  1.2915083  -0.02412232  0.00898035  0.0113191 ]]
[[ 0.34876432 -0.54990169  1.29117051 -0.02436473  0.00894437  0.01133775]]
[[ 0.34588336 -0.55265815  1.29397427 -0.02447925  0.0090265   0.01130377]]
[[ 0.34004909 -0.55215382  1.30277933 -0.02452523  0.00941982  0.01132729]]
[[ 0.33856503 -0.55675557  1.30644527 -0.02473151  0.00950444  0.01135652]]
[[ 0.34011432 -0.56180264  1.30920834 -0.02503073  0.00944499  0.01137915]]
[[ 0.34285654 -0.56339149  1.30632127 -0.02494397  0.00930368  0.01125794]]
[[ 0.34078673 -0.56526269  1.31551771 -0.02513413  0.00966734  0.01123793]]
[[ 0.34210564 -0.56949527  1.32107053 -0.02534101  0.0097438   0.01132148]]
[[ 0.34514861 -0.56979081  1.31415039 -0.02527123  0.00925787  0.0111945 ]]
[[ 0.34148952 -0.57862879  1.33029996 -0.02567104  0.00981883  0.01131338]]
[[ 0.34311987 -0.57577202  1.32334758 -0.02544834  0.00954762  0.01120542]]
[[ 0.34210518 -0.57417211  1.32304523 -0.02541363  0.00957455  0.01115221]]
[[ 0.34447832 -0.57477413  1.31955085 -0.02545312  0.00926631  0.01115326]]
[[ 0.34895813 -0.57860694  1.32227175 -0.02553105  0.00915811  0.01113141]]
[[ 0.34824974 -0.57483973  1.32596017 -0.0254051   0.00919603  0.01114673]]
[[ 0.34687979 -0.57558242  1.3342655  -0.02536031  0.00959029  0.01109264]]
[[ 0.34766304 -0.5744658   1.33342044 -0.02529712  0.00929034  0.01105196]]
[[ 0.34674808 -0.57576905  1.33647455 -0.02528476  0.00920211  0.01093987]]
[[ 0.34636029 -0.57836375  1.34318451 -0.02554971  0.00944156  0.01095812]]
[[ 0.35036987 -0.57660772  1.3376655  -0.0254838   0.00903563  0.01085179]]
[[ 0.35090711 -0.58416927  1.34191618 -0.02605199  0.00918636  0.01088794]]
[[ 0.35030091 -0.57978076  1.3432187  -0.02572899  0.00912857  0.01080156]]
[[ 0.34940239 -0.58103335  7.34300128 -0.02572555  0.00929758  0.01075958]]
[[ 0.34976063 -0.58024017  7.343895   -0.02566358  0.00904542  0.0106509 ]]
[[ 0.34785019 -0.58597002  7.35160804 -0.02577983  0.00935962  0.01066798]]
[[ 0.34808097 -0.59016996  7.35033714 -0.02598179  0.00929744  0.01060174]]
[[ 0.34949109 -0.58225037  7.34862047 -0.02544366  0.00909097  0.01041244]]
[[ 0.35003614 -0.58868957  7.35196157 -0.02582895  0.00929542  0.01020313]]
[[ 0.34342162 -0.60804685  7.37298812 -0.02685427  0.0104592   0.01033175]]
[[ 0.3445974  -0.5969175   7.35805946 -0.02613179  0.00950314  0.01005342]]
[[ 0.34390934 -0.59062645  7.35330307 -0.02582509  0.00874167  0.0096859 ]]
[[ 0.34029859 -0.60905506  7.36785845 -0.02698409  0.00954465  0.00979465]]
[[ 0.3381584  -0.60137136  7.35974969 -0.02664728  0.00918218  0.00960847]]
[[ 0.33483457 -0.60470062  7.36298732 -0.02662216  0.0094736   0.00956149]]
[[ 0.3366874  -0.60365708  7.36442081 -0.02634287  0.00916797  0.00931648]]
[[ 0.33941805 -0.61526172  7.38274836 -0.02593903  0.00949379  0.00911933]]
[[ 0.342012   -0.60606934  7.38457295 -0.02478036  0.0092089   0.00879691]]
[[ 0.34683468 -0.60774581  7.38950806 -0.02436603  0.00913717  0.00857675]]
[[ 0.34424777 -0.60687731  7.39278214 -0.02460334  0.00907547  0.00842114]]
[[ 0.34909041 -0.5905298   7.38210152 -0.02311565  0.00826489  0.00802419]]
[[ 0.3518083  -0.58883323  7.37789163 -0.02285892  0.00759211  0.00792881]]
[[ 0.35278481 -0.58952118  7.38343715 -0.02268113  0.00746941  0.0078003 ]]
[[ 0.3485449  -0.58605827  7.37791832 -0.02279073  0.00775392  0.0077712 ]]
[[ 0.34843536 -0.58565896  7.37605678 -0.02313713  0.00777743  0.0077705 ]]
[[ 0.35023197 -0.59191593  7.39505273 -0.0230788   0.0081842   0.00765862]]
[[ 3.49849708e-01 -5.65663382e-01  7.37647297e+00 -2.19507723e-02
   7.23876230e-03  7.33702847e-03]]
[[ 3.46663804e-01 -5.54023813e-01  7.35722420e+00 -2.20522306e-02
   6.85213949e-03  7.31025922e-03]]
[[ 3.43308149e-01 -5.58317878e-01  7.35295546e+00 -2.29273768e-02
   6.95677298e-03  7.34606604e-03]]
[[ 3.39763561e-01 -5.58218100e-01  7.34737080e+00 -2.33294248e-02
   7.05751009e-03  7.26369589e-03]]
[[ 3.38739853e-01 -5.53390765e-01  7.34339731e+00 -2.32108159e-02
   6.87559666e-03  7.16899532e-03]]
[[ 3.38461128e-01 -5.40701987e-01  7.33284637e+00 -2.26872640e-02
   6.43933538e-03  6.97814845e-03]]
[[ 3.35188070e-01 -5.47635820e-01  7.34070225e+00 -2.32624292e-02
   6.97791046e-03  7.04411267e-03]]
[[ 3.36141632e-01 -5.34091541e-01  7.32866893e+00 -2.24666439e-02
   6.35021616e-03  6.78135127e-03]]
[[ 3.36255428e-01 -5.39672334e-01  7.34628996e+00 -2.21837078e-02
   6.72240977e-03  6.69891868e-03]]
[[ 3.40627348e-01 -5.32028467e-01  7.33867651e+00 -2.11759817e-02
   5.86216677e-03  6.38953107e-03]]
[[ 3.42280533e-01 -5.37876250e-01  7.34512220e+00 -2.15529828e-02
   6.16243138e-03  6.37801268e-03]]
[[ 3.41823662e-01 -5.35163294e-01  7.33601548e+00 -2.16878991e-02
   5.82042310e-03  6.36262651e-03]]
[[ 3.40418097e-01 -5.23911596e-01  7.32144396e+00 -2.13856863e-02
   5.54973350e-03  6.23910986e-03]]
[[ 3.40768120e-01 -5.16671547e-01  7.30461092e+00 -2.12217788e-02
   5.27283200e-03  6.16227634e-03]]
[[ 3.39936620e-01 -5.32398755e-01  7.32310746e+00 -2.21289962e-02
   5.97170114e-03  6.34762332e-03]]
[[ 3.45384271e-01 -5.18352249e-01  7.33672416e+00 -2.08475727e-02
   5.45897976e-03  6.02361436e-03]]
[[ 3.44556305e-01 -5.10751808e-01  7.33201037e+00 -2.07811922e-02
   5.20693185e-03  6.00111877e-03]]
[[ 3.46666500e-01 -5.06796154e-01  7.33115121e+00 -2.08921140e-02
   5.10770216e-03  5.90082253e-03]]
[[ 3.44683450e-01 -5.08317859e-01  7.33652544e+00 -2.05469223e-02
   5.14452044e-03  5.86598102e-03]]
[[ 3.50359542e-01 -4.96709274e-01  7.33865004e+00 -1.92093595e-02
   4.70619729e-03  5.41519255e-03]]
[[ 3.53880016e-01 -5.03026395e-01  7.34539535e+00 -1.89909113e-02
   4.84975436e-03  5.36009702e-03]]
[[ 3.54793414e-01 -4.99945928e-01  7.34434578e+00 -1.89351923e-02
   4.55874778e-03  5.38558099e-03]]
[[ 3.55698920e-01 -4.81695767e-01  7.32796923e+00 -1.84156859e-02
   3.95907784e-03  5.22483806e-03]]
[[ 3.51175085e-01 -4.93018888e-01  7.34095260e+00 -1.94546809e-02
   4.67237208e-03  5.34415241e-03]]
[[ 3.52096851e-01 -4.95790937e-01  7.33558158e+00 -1.98003287e-02
   4.64661117e-03  5.40581065e-03]]
[[ 3.54753131e-01 -4.89217998e-01  7.32411364e+00 -1.96105932e-02
   4.06969810e-03  5.22617271e-03]]
[[ 3.55687680e-01 -4.74860522e-01  7.30809665e+00 -1.91796456e-02
   3.50207488e-03  5.04602584e-03]]
[[ 3.56038578e-01 -4.71657310e-01  7.30583022e+00 -1.91174936e-02
   3.27218959e-03  4.99873696e-03]]
[[ 3.50619466e-01 -4.81312048e-01  7.31828450e+00 -1.97226095e-02
   3.70450820e-03  5.02142595e-03]]
[[ 3.51739175e-01 -4.83214632e-01  7.32267376e+00 -1.98650344e-02
   3.67268833e-03  4.93696040e-03]]
[[ 3.46528434e-01 -4.87497026e-01  7.33166180e+00 -2.02011833e-02
   4.37494113e-03  5.04599255e-03]]
[[ 3.51682475e-01 -4.83322118e-01  7.32353702e+00 -2.00687918e-02
   3.66867937e-03  4.91587625e-03]]
[[ 3.51497317e-01 -4.66492905e-01  7.32006470e+00 -1.91841464e-02
   3.48779803e-03  4.73398984e-03]]
[[ 3.50570887e-01 -4.75439688e-01  7.32675571e+00 -1.95884771e-02
   3.57538856e-03  4.72975395e-03]]
[[ 3.50539649e-01 -4.73026623e-01  7.33628492e+00 -1.94138415e-02
   3.83119088e-03  4.60656922e-03]]
[[ 3.56292244e-01 -4.63892828e-01  7.32963539e+00 -1.89282556e-02
   3.25816262e-03  4.57534635e-03]]
[[ 3.56842345e-01 -4.65348824e-01  7.34704365e+00 -1.84273525e-02
   3.34322133e-03  4.48855946e-03]]
[[ 3.63685706e-01 -4.60367027e-01  7.35415462e+00 -1.74603881e-02
   2.90742866e-03  4.29723523e-03]]
[[ 3.65159746e-01 -4.53156963e-01  7.35844464e+00 -1.66989498e-02
   2.94440133e-03  4.17330179e-03]]
[[ 3.67471114e-01 -4.46066449e-01  7.36275124e+00 -1.66341080e-02
   2.93252925e-03  4.07933996e-03]]
[[ 3.65501163e-01 -4.49968021e-01  7.36658146e+00 -1.72454824e-02
   3.24354975e-03  4.27439427e-03]]
[[ 3.65374151e-01 -4.33789701e-01  7.34755431e+00 -1.68898896e-02
   2.64905715e-03  4.17372678e-03]]
[[ 3.66050735e-01 -4.29771374e-01  7.33474358e+00 -1.69310950e-02
   2.16125469e-03  4.13832695e-03]]
[[ 3.66319185e-01 -4.19537331e-01  7.32344316e+00 -1.67179942e-02
   1.75094500e-03  3.96195568e-03]]
[[ 3.67890822e-01 -4.05657836e-01  7.32165003e+00 -1.60022909e-02
   1.36511027e-03  3.83601666e-03]]
[[ 3.71504668e-01 -4.07192233e-01  7.32978175e+00 -1.61235353e-02
   1.49765790e-03  3.71708929e-03]]
[[ 3.76448947e-01 -4.08075223e-01  7.33958251e+00 -1.60353923e-02
   1.74424918e-03  3.66155195e-03]]
[[ 3.72991861e-01 -4.16149554e-01  7.35215159e+00 -1.67879466e-02
   2.43964656e-03  3.79842334e-03]]
[[ 3.76968561e-01 -4.03170526e-01  7.34981315e+00 -1.59019591e-02
   1.67110318e-03  3.45531223e-03]]
[[ 3.72556738e-01 -3.93831951e-01  7.34509030e+00 -1.59016785e-02
   1.86280257e-03  3.49486130e-03]]
[[ 3.75297462e-01 -3.84253718e-01  7.33974393e+00 -1.54666141e-02
   1.33367914e-03  3.30712622e-03]]
[[ 3.73229332e-01 -3.81507537e-01  7.33149397e+00 -1.56420749e-02
   1.23816597e-03  3.27828130e-03]]
[[ 3.74899554e-01 -3.72660742e-01  7.32226183e+00 -1.53557887e-02
   7.23533401e-04  3.21263627e-03]]
[[ 3.74551280e-01 -3.77521811e-01  7.33342970e+00 -1.57756161e-02
   1.07933770e-03  3.25474020e-03]]
[[ 3.75117099e-01 -3.74609284e-01  7.33233915e+00 -1.56315645e-02
   1.03663833e-03  3.16324013e-03]]
[[ 3.76266100e-01 -3.69533150e-01  7.33152012e+00 -1.53165263e-02
   7.08081220e-04  3.13029105e-03]]
[[ 3.76374810e-01 -3.52637440e-01  7.33332584e+00 -1.39595214e-02
   3.26016589e-04  2.83398178e-03]]
[[ 3.80012637e-01 -3.55004093e-01  7.33227445e+00 -1.42010288e-02
   2.22818079e-04  2.72833828e-03]]
[[ 3.77416696e-01 -3.59348717e-01  7.33303002e+00 -1.44222318e-02
   5.13294150e-04  2.81047664e-03]]
[[ 3.78182846e-01 -3.50576284e-01  7.32188830e+00 -1.41326225e-02
   1.70642989e-04  2.74089864e-03]]
[[ 3.79128152e-01 -3.50025379e-01  7.31722741e+00 -1.42693686e-02
   3.73729222e-05  2.61716572e-03]]
[[ 3.81295218e-01 -3.45137702e-01  7.30792201e+00 -1.37927466e-02
  -3.22428880e-04  2.38029606e-03]]
[[ 3.80214816e-01 -3.53439408e-01  7.32098160e+00 -1.43060196e-02
   4.88341540e-04  2.56845663e-03]]
[[ 3.85416569e-01 -3.36276421e-01  7.31001441e+00 -1.32203395e-02
  -4.16999267e-04  2.13021567e-03]]
[[ 3.89792699e-01 -3.43958278e-01  7.33826864e+00 -1.31724119e-02
   2.59395823e-04  2.13869066e-03]]
[[ 3.96079682e-01 -3.24564497e-01  7.32083963e+00 -1.24860172e-02
  -8.13520696e-04  1.83842356e-03]]
[[ 3.94398647e-01 -3.12196008e-01  7.30608895e+00 -1.21007950e-02
  -1.29264194e-03  1.73214818e-03]]
[[ 3.93611097e-01 -3.17399000e-01  7.31290411e+00 -1.27053935e-02
  -1.03418413e-03  1.78344490e-03]]
[[ 3.97299582e-01 -3.10216359e-01  7.31387173e+00 -1.22533233e-02
  -1.32179750e-03  1.69002025e-03]]
[[ 3.97639483e-01 -3.03134361e-01  7.31423305e+00 -1.14139095e-02
  -1.37734853e-03  1.48384008e-03]]
[[ 4.00583249e-01 -3.07904756e-01  7.30404560e+00 -1.19852964e-02
  -1.77283009e-03  1.48952485e-03]]
[[ 4.01536787e-01 -3.05397343e-01  7.29564505e+00 -1.19398890e-02
  -2.03610410e-03  1.42493264e-03]]
[[ 4.03581728e-01 -2.95170866e-01  7.29235135e+00 -1.14135440e-02
  -2.36153252e-03  1.32631468e-03]]
[[ 4.00398170e-01 -2.90367112e-01  7.29477473e+00 -1.13645597e-02
  -1.97812978e-03  1.30501178e-03]]
[[ 4.03062132e-01 -2.84506850e-01  7.28741809e+00 -1.12038227e-02
  -2.50487930e-03  1.17334110e-03]]
[[ 4.04243404e-01 -2.79950176e-01  1.28329928e+00 -1.10441278e-02
  -2.97266356e-03  1.07323184e-03]]
[[ 4.02367351e-01 -2.82265568e-01  1.28670383e+00 -1.14841095e-02
  -2.71677520e-03  1.19568386e-03]]
[[ 4.04262913e-01 -2.78884892e-01  1.28357857e+00 -1.14053421e-02
  -2.95280580e-03  1.17664457e-03]]
[[ 4.05590683e-01 -2.68874291e-01  1.27112334e+00 -1.09785683e-02
  -3.31724747e-03  1.10203704e-03]]
[[ 4.03465729e-01 -2.69221608e-01  1.28171420e+00 -1.11668826e-02
  -2.85681784e-03  1.19499477e-03]]
[[ 4.04348059e-01 -2.77853729e-01  1.29140541e+00 -1.15211642e-02
  -2.51533724e-03  1.23997780e-03]]
[[ 4.08981169e-01 -2.71884119e-01  1.28560680e+00 -1.13086458e-02
  -2.93729922e-03  1.17135165e-03]]
[[ 4.10265523e-01 -2.70558828e-01  1.28318347e+00 -1.10824248e-02
  -3.31235491e-03  1.05974981e-03]]
[[ 4.08342880e-01 -2.73088386e-01  1.28732538e+00 -1.11130996e-02
  -3.20293463e-03  1.05011635e-03]]
[[ 4.05678604e-01 -2.70155771e-01  1.29616105e+00 -1.09226593e-02
  -2.95699011e-03  9.98725911e-04]]
[[ 4.05586344e-01 -2.71504309e-01  1.29781303e+00 -1.10999339e-02
  -2.89048141e-03  1.05294571e-03]]
[[ 4.09426936e-01 -2.65008579e-01  1.29695708e+00 -1.06858017e-02
  -3.23034529e-03  9.93807323e-04]]
[[ 4.12267862e-01 -2.68452447e-01  1.30315170e+00 -1.07666979e-02
  -3.34637680e-03  9.37830257e-04]]
[[ 4.13405375e-01 -2.70505282e-01  1.30511349e+00 -1.10194870e-02
  -3.03668889e-03  1.03954366e-03]]
[[ 4.17537499e-01 -2.66708376e-01  1.30418272e+00 -1.07030232e-02
  -3.42208718e-03  9.34915011e-04]]
[[ 4.19638395e-01 -2.67001274e-01  1.30546042e+00 -1.06610984e-02
  -3.39184506e-03  9.20627964e-04]]
[[ 4.21659326e-01 -2.68838054e-01  1.30242011e+00 -1.05534952e-02
  -3.43687970e-03  9.52492756e-04]]
[[ 4.23206691e-01 -2.66734438e-01  1.30268603e+00 -1.05022339e-02
  -3.48286761e-03  9.79509021e-04]]
[[ 4.23509553e-01 -2.64290862e-01  1.30267831e+00 -1.04924422e-02
  -3.55951312e-03  9.67296807e-04]]
[[ 4.21772885e-01 -2.64335912e-01  1.30340185e+00 -1.04457015e-02
  -3.62765641e-03  9.29874988e-04]]
[[ 4.23494783e-01 -2.64402659e-01  1.30578905e+00 -1.04188936e-02
  -3.71438753e-03  9.05724054e-04]]
[[ 4.24964191e-01 -2.63924597e-01  1.30587601e+00 -1.03760865e-02
  -3.82295325e-03  9.12488660e-04]]
[[ 4.25817516e-01 -2.62546830e-01  1.30920628e+00 -1.04266342e-02
  -3.85830846e-03  9.66984033e-04]]
[[ 4.27104825e-01 -2.59418615e-01  1.30963120e+00 -1.04406142e-02
  -3.87466252e-03  9.95970287e-04]]
[[ 4.27807877e-01 -2.59261604e-01  1.31129122e+00 -1.04305140e-02
  -3.85854443e-03  1.01078914e-03]]
[[ 4.27470598e-01 -2.58787943e-01  1.31347000e+00 -1.04420835e-02
  -3.87688307e-03  1.02128489e-03]]
[[ 4.29847797e-01 -2.56542604e-01  1.31363006e+00 -1.04222206e-02
  -3.85743020e-03  1.03048693e-03]]
[[ 4.31548821e-01 -2.56609425e-01  1.31295439e+00 -1.04566943e-02
  -3.83350071e-03  1.03811552e-03]]
[[ 4.33478499e-01 -2.56225558e-01  1.31255955e+00 -1.04758688e-02
  -3.87855076e-03  9.52328099e-04]]
[[ 4.33098174e-01 -2.54186376e-01  1.31341406e+00 -1.05175846e-02
  -3.88208586e-03  9.85367504e-04]]
[[ 4.31907781e-01 -2.56398208e-01  1.31541762e+00 -1.05008124e-02
  -3.89564478e-03  1.00669886e-03]]
[[ 4.32332728e-01 -2.58629803e-01  1.31511382e+00 -1.05062146e-02
  -3.86967037e-03  1.01688328e-03]]
[[ 4.33265218e-01 -2.59261192e-01  1.31752918e+00 -1.04651121e-02
  -3.87599557e-03  1.02879691e-03]]
[[ 4.31425967e-01 -2.57610356e-01  1.31936825e+00 -1.04451131e-02
  -3.92820262e-03  1.03006208e-03]]
[[ 4.31811696e-01 -2.56259764e-01  1.32171776e+00 -1.04630618e-02
  -3.94949403e-03  1.00831378e-03]]
[[ 4.34554538e-01 -2.56683705e-01  1.32157308e+00 -1.04739589e-02
  -3.93052831e-03  1.04532009e-03]]
[[ 4.35207042e-01 -2.57604651e-01  1.32358029e+00 -1.04324846e-02
  -3.96862067e-03  9.94218106e-04]]
[[ 4.36978763e-01 -2.54568536e-01  1.32384114e+00 -1.04578464e-02
  -3.92893080e-03  9.92923644e-04]]
[[ 4.38444651e-01 -2.53671611e-01  1.32452431e+00 -1.04312906e-02
  -3.91320434e-03  9.83235732e-04]]
[[ 4.39086708e-01 -2.54803434e-01  1.32519280e+00 -1.04060145e-02
  -3.92730161e-03  9.41325638e-04]]
[[ 4.39102085e-01 -2.53823556e-01  1.32710777e+00 -1.04414427e-02
  -3.93356376e-03  9.15613826e-04]]
[[ 4.38708934e-01 -2.53643764e-01  1.32816621e+00 -1.03854734e-02
  -3.95012644e-03  9.19547218e-04]]
[[ 4.40402770e-01 -2.54223208e-01  1.32862739e+00 -1.03725276e-02
  -3.90797666e-03  9.47459759e-04]]
[[ 4.41098481e-01 -2.53445653e-01  1.33211827e+00 -1.03676036e-02
  -3.87178261e-03  9.75821312e-04]]
[[ 4.41832345e-01 -2.54269612e-01  1.33148630e+00 -1.03491816e-02
  -3.83961064e-03  9.26159210e-04]]
[[ 4.44274913e-01 -2.53273915e-01  1.33459366e+00 -1.04139773e-02
  -3.80811096e-03  9.54929139e-04]]
[[ 4.44088609e-01 -2.52907828e-01  1.33808505e+00 -1.03766465e-02
  -3.83397708e-03  9.13613552e-04]]
[[ 4.42865543e-01 -2.52634941e-01  1.33954167e+00 -1.03920247e-02
  -3.85641372e-03  9.62486249e-04]]
[[ 4.43663608e-01 -2.50818703e-01  1.33851050e+00 -1.03914661e-02
  -3.82746959e-03  1.01597598e-03]]
[[ 4.43741490e-01 -2.49284933e-01  1.34057464e+00 -1.04234261e-02
  -3.80613018e-03  1.02478001e-03]]
[[ 4.46934361e-01 -2.48459954e-01  1.34499684e+00 -1.04381997e-02
  -3.79506802e-03  1.02615797e-03]]
[[ 4.48794041e-01 -2.49079849e-01  1.34721965e+00 -1.04666099e-02
  -3.77877059e-03  1.04953177e-03]]
[[ 4.47775378e-01 -2.49396317e-01  1.35094418e+00 -1.04719978e-02
  -3.74001460e-03  9.66726991e-04]]
[[ 4.47961856e-01 -2.48306626e-01  1.35263454e+00 -1.04686600e-02
  -3.69294356e-03  9.21207728e-04]]
[[ 4.47466899e-01 -2.48374430e-01  1.35683425e+00 -1.04513885e-02
  -3.70824509e-03  9.63559349e-04]]
[[ 4.48767201e-01 -2.49745279e-01  1.36060858e+00 -1.04263940e-02
  -3.68466206e-03  9.99945724e-04]]
[[ 4.49885477e-01 -2.47661969e-01  1.36218079e+00 -1.03843416e-02
  -3.69249583e-03  9.94062238e-04]]
[[ 4.50868266e-01 -2.48602131e-01  1.36719981e+00 -1.03666733e-02
  -3.67234115e-03  9.49903137e-04]]
[[ 4.51971094e-01 -2.47731223e-01  1.36983868e+00 -1.03754209e-02
  -3.60307301e-03  9.31511665e-04]]
[[ 4.51902235e-01 -2.47521298e-01  1.37322116e+00 -1.03613656e-02
  -3.59175287e-03  1.02885437e-03]]
[[ 4.51522649e-01 -2.48602843e-01  1.37779987e+00 -1.03439541e-02
  -3.55083718e-03  1.00207912e-03]]
[[ 4.50936208e-01 -2.48471070e-01  1.38076369e+00 -1.03233365e-02
  -3.52306640e-03  9.96900060e-04]]
[[ 4.52679366e-01 -2.48593337e-01  1.38433155e+00 -1.02861552e-02
  -3.48212224e-03  9.89997745e-04]]
[[ 4.52226890e-01 -2.48091479e-01  1.38696496e+00 -1.02557407e-02
  -3.47568106e-03  1.01306899e-03]]
[[ 4.52573550e-01 -2.48772429e-01  1.38953924e+00 -1.01908372e-02
  -3.44957345e-03  1.06467174e-03]]
[[ 4.54725483e-01 -2.48677768e-01  1.39202650e+00 -1.01494072e-02
  -3.38412665e-03  1.06780944e-03]]
[[ 4.54149235e-01 -2.47722349e-01  1.39488339e+00 -1.01260332e-02
  -3.39074341e-03  1.11334045e-03]]
