[[0 0 0 0 0 0]]
[[-0.041111 -0.124406  0.866791  0.017073 -0.045864 -0.009508]]
[[-0.028335 -0.135039  1.002718  0.017317 -0.043423 -0.011393]]
[[ 0.033068 -0.118588  1.305832 -0.008791 -0.027571 -0.012065]]
[[ 0.059963 -0.141204  1.178351 -0.006507 -0.025664 -0.01082 ]]
[[ 0.053058 -0.154014  0.899556  0.009274 -0.031431 -0.009711]]
[[ 0.063622 -0.12359   1.036799 -0.001152 -0.021996 -0.010068]]
[[ 0.034075 -0.104648  1.156333 -0.00212  -0.029673 -0.00984 ]]
[[-0.030068 -0.101633  0.91084   0.012127 -0.050247 -0.009562]]
[[-0.066941 -0.06495   0.964076  0.013643 -0.06413  -0.009465]]
[[-0.106966 -0.018946  1.006629  0.010317 -0.079571 -0.009012]]
[[-0.091233 -0.001633  1.255754  0.00493  -0.074802 -0.010953]]
[[-0.112753 -0.021916  1.142587  0.010347 -0.077221 -0.014436]]
[[-0.123089 -0.061853  0.746922  0.018455 -0.073838 -0.01475 ]]
[[-0.168205 -0.018736  0.538512  0.01311  -0.076312 -0.018342]]
[[-0.158105  0.046283  0.64901  -0.001358 -0.068501 -0.019668]]
[[-0.080059  0.082574  0.64286  -0.024906 -0.037235 -0.019405]]
[[ 1.8270e-02  9.1922e-02  4.3904e-01 -3.2282e-02  3.0300e-04 -1.5874e-02]]
[[ 0.106144  0.098388  0.425682 -0.048167  0.028389 -0.014336]]
[[ 0.163632  0.07513   0.232162 -0.04616   0.047585 -0.012314]]
[[ 0.235901  0.061245  0.236929 -0.063579  0.087605 -0.01319 ]]
[[ 0.275746  0.048758  0.148703 -0.078862  0.114603 -0.014215]]
[[ 0.22053   0.029936 -0.206729 -0.059861  0.094323 -0.014937]]
[[ 0.199346  0.029441 -0.142218 -0.057253  0.085687 -0.016219]]
[[ 0.171361  0.018417 -0.120217 -0.047455  0.070832 -0.016983]]
[[ 0.207604  0.011144  0.05518  -0.05208   0.088415 -0.016726]]
[[ 0.199572  0.014147  0.210028 -0.049032  0.081369 -0.016384]]
[[ 0.1876    0.011894  0.25341  -0.043093  0.07369  -0.016212]]
[[ 0.199673  0.018201  0.461241 -0.046895  0.077698 -0.016098]]
[[ 0.167776  0.014792  0.526093 -0.038067  0.059029 -0.01603 ]]
[[ 0.153749  0.011554  0.60494  -0.03436   0.050377 -0.016164]]
[[ 0.158665  0.005401  0.665902 -0.0334    0.051479 -0.016144]]
[[ 0.16208  -0.001041  0.894685 -0.026558  0.04524  -0.016204]]
[[ 0.169375 -0.005498  0.899879 -0.027122  0.048867 -0.01638 ]]
[[ 0.179163 -0.011569  0.926011 -0.02779   0.054394 -0.016692]]
[[ 1.48902e-01  3.37000e-04  9.60271e-01 -2.43390e-02  4.15270e-02
  -1.75290e-02]]
[[ 0.124276  0.009932  1.057445 -0.021772  0.028248 -0.017684]]
[[ 0.106157  0.015513  1.052106 -0.018842  0.019197 -0.017829]]
[[ 0.102694  0.017036  1.075265 -0.017917  0.016688 -0.017806]]
[[ 0.097747  0.017109  1.139347 -0.017179  0.012216 -0.017607]]
[[ 0.090514  0.021942  1.154101 -0.016886  0.010229 -0.017697]]
[[ 0.095727  0.019667  1.205269 -0.017555  0.011325 -0.017432]]
[[ 0.089389  0.027355  1.320417 -0.01897   0.006966 -0.017412]]
[[ 8.315300e-02  3.851900e-02  1.436566e+00 -1.935300e-02 -8.800000e-04
  -1.706800e-02]]
[[ 0.082348  0.042787  1.513916 -0.020291 -0.003304 -0.016914]]
[[ 0.089912  0.033518  1.434452 -0.019821  0.003686 -0.017159]]
[[ 0.084165  0.034462  1.308109 -0.017979  0.004014 -0.017282]]
[[ 0.089432  0.031299  1.205065 -0.018392  0.010253 -0.017319]]
[[ 0.094219  0.022808  1.065621 -0.017695  0.016748 -0.017451]]
[[ 0.079344  0.022715  0.940123 -0.014585  0.01302  -0.017722]]
[[ 0.069404  0.025306  0.888282 -0.012292  0.007597 -0.017606]]
[[ 0.073903  0.026599  0.889159 -0.012013  0.006476 -0.017148]]
[[ 0.072351  0.022063  0.898208 -0.011413  0.005776 -0.016736]]
[[ 0.087642  0.022337  1.000296 -0.013481  0.009346 -0.016377]]
[[ 0.0894    0.033252  1.126813 -0.015576  0.007194 -0.016189]]
[[ 0.093395  0.033074  1.202082 -0.016304  0.006712 -0.016006]]
[[ 0.097621  0.036997  1.325798 -0.018374  0.007241 -0.015968]]
[[ 0.099759  0.042744  1.462163 -0.020202  0.004738 -0.015952]]
[[ 9.407200e-02  5.086700e-02  1.578582e+00 -2.133800e-02 -3.000000e-05
  -1.607500e-02]]
[[ 0.085104  0.060105  1.715605 -0.021491 -0.00798  -0.016183]]
[[ 0.082645  0.065524  1.830486 -0.021904 -0.013063 -0.01597 ]]
[[ 0.079877  0.076041  1.947992 -0.023248 -0.017891 -0.015654]]
[[ 0.077967  0.084539  2.031616 -0.024393 -0.021487 -0.015432]]
[[ 0.078197  0.085974  2.086709 -0.024709 -0.023135 -0.015475]]
[[ 0.076005  0.087615  2.128933 -0.024923 -0.024703 -0.015532]]
[[ 0.075753  0.090788  2.179886 -0.026169 -0.026173 -0.015313]]
[[ 0.071624  0.096748  2.137656 -0.026029 -0.028399 -0.014981]]
[[ 0.065379  0.095723  2.04338  -0.02433  -0.029536 -0.015059]]
[[ 0.060599  0.091351  1.945544 -0.022349 -0.029905 -0.01534 ]]
[[ 0.056529  0.091659  1.856543 -0.020616 -0.029912 -0.015646]]
