[[0. 0. 0. 0. 0. 0.]]
[[ 0.00366802 -0.00195352 -0.00477326 -0.00024476 -0.00016121  0.00020656]]
[[ 3.79078634e-03  1.71336702e-04 -3.75483145e-03 -1.15733454e-04
  -8.07075868e-06  2.11442897e-04]]
[[ 5.42920239e-03  2.30232795e-04 -3.35697599e-03 -1.61023311e-04
   2.70270030e-05  2.25395512e-04]]
[[ 0.00768057 -0.00063073 -0.00616961 -0.00029323 -0.00010396  0.00024207]]
[[ 0.00543552 -0.00173904 -0.0080093  -0.00026353 -0.000166    0.00029607]]
[[ 0.00667271 -0.00035094 -0.01225978 -0.00017486 -0.00013713  0.00027854]]
[[ 0.00714701 -0.00146852 -0.00901047 -0.00065982 -0.00078293  0.00023656]]
[[ 0.00395481 -0.00129044 -0.01376819 -0.00053855 -0.00041695  0.00016879]]
[[ 0.00316273 -0.00018509 -0.0189674  -0.00020492 -0.00048092  0.00024789]]
[[ 0.00511468 -0.0002908  -0.02428871 -0.00014781 -0.00061827  0.00026697]]
[[ 0.00283225  0.00058994 -0.0155632  -0.00023342 -0.00018361  0.0002243 ]]
[[ 0.00454469 -0.00011264 -0.01518303 -0.00032348 -0.00042575  0.00029312]]
[[ 0.00399732  0.0007895  -0.01531934 -0.0002777  -0.00039659  0.00034023]]
[[ 0.00454105  0.00027659 -0.01009006 -0.00050047 -0.00037231  0.00030548]]
[[ 0.00695699  0.00534534 -0.02707549  0.00042226 -0.000683    0.00035196]]
[[ 0.00349587 -0.00156393 -0.00631619 -0.00082809 -0.00034367  0.00026319]]
[[ 0.00491432  0.00273506 -0.01665392 -0.00010104 -0.00042472  0.00031355]]
[[ 0.00345642  0.00045431 -0.00242841 -0.00071713 -0.00041613  0.00032803]]
[[ 0.00371928 -0.00091904 -0.00785802 -0.00068894 -0.00044929  0.00027246]]
[[ 0.00342115  0.00095743 -0.00913336 -0.00056678 -0.00070122  0.00033355]]
[[ 0.00326898  0.00214935 -0.01767504 -0.00018479 -0.00074828  0.00028987]]
[[ 0.0012643  -0.00243071 -0.01039016 -0.00052069 -0.0007335   0.00024955]]
[[ 0.00191682 -0.00281391 -0.0121187  -0.00048546 -0.00079042  0.00022055]]
[[ 0.00109405 -0.00048662 -0.0196468  -0.00015104 -0.00072271  0.00024557]]
[[ 0.0027959  -0.00276948 -0.0217631  -0.00019344 -0.0010304   0.00031707]]
[[ 0.00428672 -0.00367819 -0.01782879 -0.00036221 -0.00094895  0.00031926]]
[[ 0.00510146 -0.00487465 -0.02028389 -0.00019087 -0.00065512  0.00023215]]
[[ 4.20057988e-03 -6.51006533e-03 -2.11863545e-02  1.48071995e-05
  -6.78492061e-04  2.13334300e-04]]
[[ 6.76388501e-03 -5.82835089e-03 -2.09311672e-02 -4.95216074e-05
  -8.24991005e-04  2.19513111e-04]]
[[ 0.00605489 -0.00763234 -0.01899902 -0.0003028  -0.00098267  0.00024171]]
[[ 0.00616675 -0.00904399 -0.01482599 -0.00026475 -0.00093495  0.00022215]]
[[ 0.0057158  -0.00779332 -0.01636586 -0.00016941 -0.00091013  0.00018289]]
[[ 0.00656188 -0.00822317 -0.01736075 -0.00016841 -0.00098145  0.00020008]]
[[ 0.00488395 -0.01153067 -0.01213971 -0.00038843 -0.0009933   0.00019108]]
[[ 0.00549067 -0.00895165 -0.02404582  0.00010264 -0.00092102  0.00017211]]
[[ 0.00980743 -0.00644564 -0.02398976  0.00027525 -0.00115797  0.00022765]]
[[ 0.00882248 -0.0077734  -0.02619914  0.00028017 -0.00121906  0.00022879]]
[[ 0.00935704 -0.0153163  -0.01659094 -0.00063822 -0.00203432  0.0002416 ]]
[[ 7.42040454e-03 -1.33671163e-02 -2.37602406e-02  3.60500757e-05
  -1.58254747e-03  2.60612384e-04]]
[[ 0.00216247 -0.0104942  -0.02255823  0.0004654  -0.00088412  0.00024453]]
[[ 0.00356414 -0.01262196 -0.02756632  0.00053989 -0.00111311  0.00022165]]
[[ 0.0027263  -0.0107634  -0.02680964  0.00088486 -0.00085039  0.00020079]]
[[ 0.00396996 -0.01214787 -0.02969308  0.00091411 -0.001016    0.00017141]]
[[ 0.00230829 -0.01555313 -0.02381195  0.0007414  -0.00082573  0.0002357 ]]
[[ 0.00921354 -0.01294736 -0.02601966  0.00081358 -0.00165276  0.00034048]]
[[ 0.00885627 -0.00941774 -0.04810122  0.00145799 -0.00129592  0.0003349 ]]
[[ 0.00641357 -0.01992032 -0.01338846  0.00014572 -0.00097467  0.00020255]]
[[ 0.00473701 -0.01778161 -0.02784542  0.00069984 -0.00054575  0.00018385]]
[[ 0.00315321 -0.01218438 -0.03965506  0.00155365 -0.00045823  0.00024352]]
[[ 0.00462485 -0.01262269 -0.04470899  0.00092019 -0.0009923   0.00019818]]
[[ 0.00496542 -0.00854045 -0.04072978  0.00103612 -0.00094472  0.00022227]]
[[-1.37083251e-03 -6.38627304e-03 -4.76878437e-02  1.77521205e-03
   3.31611208e-05  1.81519815e-04]]
[[-0.00015232 -0.01243817 -0.02805264  0.00063322 -0.00047065  0.00018644]]
[[ 0.00081209 -0.00950771 -0.04483396  0.00118106 -0.00058661  0.00023918]]
[[ 0.00569899 -0.00528124 -0.05267041  0.00187893 -0.00112722  0.00028283]]
[[ 0.00580373 -0.01088549 -0.04781225  0.00142439 -0.00084359  0.00024834]]
[[ 0.00304666 -0.00959101 -0.03797161  0.00141777 -0.00083747  0.0002071 ]]
[[ 0.0030309  -0.01092663 -0.04892908  0.00170514 -0.00067719  0.00015171]]
[[ 0.00299795 -0.00846395 -0.0436395   0.00171914 -0.00074314  0.00022837]]
[[-0.0007887  -0.00973916 -0.0370871   0.00170705 -0.0002699   0.00015808]]
[[ 0.00382536 -0.00375071 -0.05078176  0.0026522  -0.0004851   0.00022144]]
[[ 0.00146596 -0.01017979 -0.04886594  0.00208502 -0.00033883  0.00016452]]
[[-3.57265437e-03 -9.66694245e-03 -2.71787426e-02  2.00690346e-03
   6.29104918e-05  1.17285773e-04]]
[[ 0.00541374 -0.00654794 -0.04134767  0.00192385 -0.00151764  0.00027471]]
[[ 0.00487196 -0.00717792 -0.04294006  0.00178119 -0.00144663  0.00022182]]
[[-0.00012028 -0.01296424 -0.02429511  0.00130201 -0.00076157  0.00016396]]
[[-6.82198732e-04 -1.23650637e-02 -1.50799017e-02  1.12102644e-03
  -1.31654966e-04  7.36408830e-05]]
[[ 0.0005656  -0.00499207 -0.02735419  0.00190422 -0.00015399  0.00012342]]
[[ 0.00326951 -0.00039767 -0.04258152  0.00263117 -0.00039169  0.00023804]]
[[ 2.70535407e-03 -7.97457782e-03 -2.37283120e-02  1.37302612e-03
  -9.65727248e-05  1.08275724e-04]]
[[ 0.00468823 -0.00598325 -0.03012584  0.00180881 -0.00041024  0.00014767]]
[[ 0.00296451 -0.00527117 -0.03961188  0.00223796 -0.00014915  0.00013114]]
[[-6.87555906e-03 -1.81374228e-03 -3.05545749e-02  2.89099451e-03
   1.01779157e-03  6.98231777e-05]]
[[ 0.00277214  0.00085998 -0.03325731  0.00240018 -0.00048847  0.0001229 ]]
[[ 0.00303676 -0.00030469 -0.02207456  0.00223219 -0.00035828  0.00014848]]
[[ 0.00482534 -0.00292354 -0.02209733  0.00165873 -0.00053655  0.00017273]]
[[ 0.00380394  0.00041031 -0.02818199  0.00222429 -0.00032083  0.00020948]]
[[ 0.00607936  0.00375003 -0.03869645  0.00292008 -0.00065741  0.00024059]]
[[ 0.00503944 -0.00164618 -0.03064557  0.00212286 -0.00032093  0.00031522]]
[[ 0.00233793 -0.00334374 -0.01562344  0.00214124  0.00051867  0.00020386]]
[[ 0.0030223  -0.0039351  -0.02050588  0.00232735  0.00019263  0.00018418]]
[[ 0.00409856  0.0036179  -0.02713809  0.00275528  0.00013784  0.00021659]]
[[ 7.36766502e-03  1.03151238e-02 -4.11916310e-02  3.58119237e-03
  -2.40465787e-05  2.93184365e-04]]
[[ 0.00983649  0.00793028 -0.03485601  0.00273389 -0.00061522  0.00025156]]
[[ 0.00754619  0.00507278 -0.0217479   0.00256564 -0.00010436  0.00023748]]
[[ 0.00908538  0.00763554 -0.03333105  0.00303904 -0.00021568  0.00034275]]
[[ 6.92877023e-03  1.14061099e-02 -3.24527350e-02  3.15897506e-03
   1.35836049e-06  3.42228313e-04]]
[[ 6.80094512e-03  1.29818153e-02 -3.40965687e-02  3.37923656e-03
   2.60053494e-05  3.20824392e-04]]
[[ 0.00465642  0.01129347 -0.03231993  0.00322898  0.00025442  0.00034698]]
[[ 0.00437425  0.01079991 -0.02645046  0.00302013  0.00031064  0.00031241]]
[[ 0.00514323  0.01162357 -0.03209514  0.00327426  0.00019725  0.00025526]]
[[ 6.04269242e-03  1.38516085e-02 -2.96685486e-02  3.23979996e-03
   5.52719659e-05  2.75723412e-04]]
[[ 0.00813413  0.01404598 -0.02746815  0.00309608  0.00031119  0.00021863]]
[[ 0.00970513  0.01719687 -0.02811711  0.00327129  0.00019753  0.00022103]]
[[ 0.01264652  0.01659604 -0.02561676  0.00297474 -0.00013642  0.00027605]]
[[ 0.00741376  0.0181499  -0.0219691   0.00351822  0.00078963  0.00026001]]
[[ 0.00699263  0.0222169  -0.02855461  0.00424335  0.00097949  0.00027948]]
[[ 0.00880597  0.02169503 -0.03318876  0.0041125   0.00048137  0.00032579]]
[[ 0.00734431  0.02158921 -0.02800111  0.00412549  0.00020069  0.00035195]]
[[ 0.00659872  0.02182451 -0.01929125  0.00393684  0.00082747  0.00030651]]
[[ 0.00860645  0.02499874 -0.02322527  0.00429339  0.0002144   0.00028917]]
[[ 0.00731142  0.02306858 -0.01987717  0.00411629  0.00030823  0.00027962]]
[[ 0.00749532  0.02265619 -0.01532648  0.0043288   0.00034101  0.00037873]]
[[ 0.00678838  0.02363634 -0.01334482  0.00444482  0.00046609  0.00034147]]
[[ 0.00580361  0.02441839 -0.01301407  0.00446042  0.00031223  0.0004015 ]]
[[ 0.00645571  0.02346195 -0.00540956  0.00415226  0.00010488  0.00038783]]
[[ 0.00730623  0.02513783 -0.00841144  0.00461971  0.00025791  0.00035607]]
[[ 0.00759097  0.02912035 -0.01439194  0.00498639  0.00017839  0.00036823]]
[[ 0.0082159   0.02720999 -0.01798476  0.00500184  0.00015118  0.00039301]]
[[ 0.00743896  0.02483844 -0.00364635  0.00452604  0.00048726  0.00028796]]
[[ 1.11029636e-02  2.62920375e-02 -1.35284872e-02  4.89031915e-03
  -4.02857402e-05  2.67617295e-04]]
[[ 9.51590151e-03  2.68182247e-02 -1.81761995e-02  5.14246776e-03
   3.77774142e-05  2.53341417e-04]]
[[ 9.39076806e-03  2.57479311e-02 -2.15068093e-02  5.21019593e-03
  -4.07309625e-05  2.96766429e-04]]
[[ 7.49987893e-03  2.34721631e-02 -1.79382241e-02  4.89992399e-03
   2.94700524e-05  3.01793785e-04]]
[[ 7.75971036e-03  2.20598759e-02 -2.14934965e-02  4.99911691e-03
   7.64794190e-05  2.74209531e-04]]
[[ 0.00691905  0.02169919 -0.02576995  0.00529197  0.00021532  0.00027634]]
[[ 0.00908876  0.02299678 -0.0219639   0.00519043  0.00023099  0.00023043]]
[[ 0.00659822  0.02562102 -0.02514926  0.00543869  0.00038239  0.00023278]]
[[ 0.00497174  0.02518443 -0.02379393  0.00522206  0.00060386  0.0002851 ]]
[[ 0.00385233  0.02749514 -0.029912    0.00559671  0.00046776  0.00035321]]
[[ 0.00440564  0.02631132 -0.02541554  0.00530475  0.00039614  0.00036807]]
[[ 0.00623818  0.02562958 -0.02740293  0.00528158  0.00014216  0.00038907]]
[[ 0.00475103  0.02864095 -0.03663371  0.00583498  0.00044308  0.00039674]]
[[ 6.34429991e-03  2.13721774e-02 -2.35710605e-02  4.74869416e-03
   3.91593870e-05  4.10806571e-04]]
[[ 0.00410422  0.02234448 -0.02370325  0.00539731  0.00067972  0.00032703]]
[[ 0.00537339  0.0288379  -0.03030125  0.00570271  0.00071131  0.00035038]]
[[ 0.0071884   0.03217309 -0.03283296  0.00575772  0.00028706  0.00035016]]
[[ 0.0054877   0.0298528  -0.02880355  0.00593899  0.00045808  0.00029688]]
[[ 3.84015635e-03  2.81998487e-02 -5.00181856e+01  5.26906537e-03
   5.22260864e-04  2.78394737e-04]]
[[ 2.03899357e-03  3.83004083e-02 -5.00092020e+01  6.42246206e-03
   5.48025324e-04  3.16617762e-04]]
[[ 1.82389096e-03  3.05461921e-02 -5.00044279e+01  5.39777291e-03
   5.75064037e-04  1.99185142e-04]]
[[ 4.21498765e-03  3.61558521e-02 -5.00135931e+01  5.93658958e-03
   1.54183824e-04  1.81449805e-04]]
[[ 5.55808851e-03  3.83685648e-02 -4.99939188e+01  5.66155536e-03
   1.28099049e-03  4.03553877e-05]]
[[ 2.21606948e-02  5.22557454e-02 -5.00402703e+01  7.74643941e-03
  -3.89811580e-04  1.71805588e-04]]
[[ 2.17065673e-02  4.68429765e-02 -5.00364241e+01  7.08294875e-03
   1.02988944e-03 -1.64379067e-04]]
[[ 2.58686406e-02  4.34772805e-02 -5.00205936e+01  6.17466094e-03
   9.18714344e-04 -3.66333193e-04]]
[[ 3.92825128e-02  5.10802107e-02 -5.00404206e+01  7.43941204e-03
  -3.35118419e-05 -3.43713756e-04]]
[[ 4.26110076e-02  4.92777362e-02 -5.00330636e+01  7.00854790e-03
  -1.36793457e-05 -4.67238795e-04]]
[[ 4.68420604e-02  4.82441263e-02 -5.00253950e+01  6.41043939e-03
   4.34097292e-04 -5.81299953e-04]]
[[ 4.98563850e-02  5.40321275e-02 -5.00490920e+01  7.59966385e-03
   9.33946035e-04 -6.65367213e-04]]
[[ 6.25325214e-02  6.16449046e-02 -5.00606939e+01  7.82072559e-03
  -9.28185961e-05 -6.61038429e-04]]
[[ 7.13353316e-02  6.84235803e-02 -5.00591670e+01  8.44031549e-03
  -5.67849919e-04 -6.17558295e-04]]
[[ 7.80931960e-02  7.63731667e-02 -5.00835263e+01  9.83194894e-03
  -7.61089573e-04 -6.08943128e-04]]
[[ 7.30701239e-02  6.36468779e-02 -5.00394396e+01  7.48198905e-03
   6.22271911e-04 -7.91674143e-04]]
[[-1.41279996e-01  7.88438940e-02 -4.91890704e+01  4.56023325e-02
   9.48673203e-02 -3.81240117e-03]]
[[-5.29425659e-01  1.28995860e-01 -4.71266485e+01  1.09020850e-01
   2.61916490e-01 -8.90352334e-03]]
[[-7.52877052e-01  1.63973882e-01 -4.57627935e+01  1.48248029e-01
   3.62273436e-01 -1.17513331e-02]]
[[-9.84786796e-01  1.86576292e-01 -4.44819312e+01  1.84408375e-01
   4.60278369e-01 -1.45802082e-02]]
[[-1.16217565e+00  2.16981881e-01 -4.34223799e+01  2.14442490e-01
   5.37210558e-01 -1.67984621e-02]]
[[-1.31372930e+00  2.32929139e-01 -4.23667842e+01  2.37249038e-01
   6.01505778e-01 -1.88027076e-02]]
[[-1.42301955e+00  2.57900187e-01 -4.14335408e+01  2.51649486e-01
   6.45679510e-01 -2.01484395e-02]]
[[-1.33375484e+00  2.60799686e-01 -4.08408499e+01  2.28993079e-01
   6.01044784e-01 -1.91947291e-02]]
[[-1.19057211e+00  2.44048612e-01 -4.05902661e+01  2.21088907e-01
   5.37063748e-01 -1.82462715e-02]]
[[-1.10140033e+00  2.14075916e-01 -4.00468284e+01  2.33382875e-01
   5.02770724e-01 -1.86539521e-02]]
[[-1.06884841e+00  2.01714595e-01 -3.92799425e+01  2.60463895e-01
   4.89245717e-01 -1.93174025e-02]]
[[-1.05756720e+00  1.83016672e-01 -3.83897430e+01  2.91608179e-01
   4.91289159e-01 -1.99965975e-02]]
[[-9.62090493e-01  1.16787591e-02 -3.74684679e+01  3.40207085e-01
   4.81605826e-01 -2.40593913e-02]]
[[ -0.91149367  -0.44623942 -34.0556648    0.42907428   0.53585372
   -0.03514258]]
[[ -1.13499195  -1.1988303  -24.18980202   0.4608547    0.71251557
   -0.04982397]]
[[ -1.51991965  -1.54622446 -14.38813038   0.37634421   0.85294495
   -0.05288192]]
[[-1.90746935 -2.07721117 -1.98695582  0.30020608  1.00096797 -0.06256837]]
[[-2.21185804 -2.60731783  8.24750334  0.23694319  1.11757002 -0.07178786]]
[[-2.21423238 -3.00152079 12.19867056  0.2257802   1.14581156 -0.05941402]]
[[-1.76164379e+00 -3.23803921e+00  8.90247838e+00  2.65913084e-01
   1.06695959e+00  5.16088094e-03]]
[[-1.55169613 -2.98703609 -0.3748464   0.31535063  0.95964084  0.02957297]]
[[-1.49185809 -2.63674131 -7.88827849  0.351627    0.89264207  0.03770993]]
[[ -1.47762465  -2.43943655 -10.53059891   0.36987252   0.87898238
    0.05375402]]
[[-1.45913544 -2.47556415 -8.35232451  0.35885163  0.89822294  0.08181753]]
[[-1.48050683 -2.56899583 -7.03287995  0.32127369  0.89305842  0.10697927]]
[[-1.42154503 -2.65157899 -4.95968683  0.25968758  0.86479343  0.13002552]]
[[-1.37009592 -2.5972153  -6.42876623  0.18293665  0.78745496  0.13149243]]
[[-1.20786762 -2.5641635  -7.20332535  0.10467801  0.69657101  0.13414005]]
[[-1.11221238 -2.55437894 -7.15775413  0.04524644  0.65583292  0.15232998]]
[[-1.15454218e+00 -2.54284690e+00 -7.45722520e+00  2.19464457e-04
   6.45617711e-01  1.65431704e-01]]
[[-1.13960031 -2.41972879 -9.0831885  -0.00955384  0.63813954  0.16782834]]
[[-1.19903355 -2.38191964 -8.5128709  -0.0195675   0.66616616  0.176401  ]]
[[-1.29172421 -2.41858678 -7.39675428 -0.02395722  0.70160169  0.18352885]]
[[-1.36275843 -2.35808768 -8.25158329 -0.02502405  0.7100585   0.18651593]]
[[-1.38981278 -2.34430769 -7.90057533 -0.02307649  0.72502488  0.19353983]]
[[-1.39392637 -2.36060684 -7.89264223 -0.02518248  0.72181124  0.19506047]]
[[-1.34737856 -2.41941681 -6.89347073 -0.03854925  0.70614207  0.20300885]]
[[-1.25111527 -2.54532177 -7.14970677 -0.050229    0.66438517  0.20020223]]
[[-1.17010856 -2.64925063 -6.51580076 -0.06655355  0.63243545  0.19941248]]
[[-1.15923768 -2.77480364 -5.36497333 -0.08407761  0.63222476  0.20120488]]
[[-1.20967144 -2.78872716 -4.61531569 -0.09792353  0.65477438  0.20739634]]
[[-1.33395372 -2.7808758  -4.31130442 -0.10175804  0.69710355  0.21146918]]
[[-1.49120726 -2.60594266 -4.9198539  -0.0929751   0.74103599  0.21375449]]
[[-1.67121145 -2.47850194 -5.00047344 -0.09108704  0.79208078  0.21672326]]
[[-1.79581761 -2.47733584 -4.46899256 -0.08493421  0.82941056  0.2171782 ]]
[[-1.88512888 -2.46378978 -4.66891441 -0.08734094  0.84912423  0.21733972]]
[[-1.97320732 -2.44196445 -4.6538986  -0.08322453  0.86039152  0.21504186]]
[[-2.02783783 -2.3978977  -4.76234411 -0.1029348   0.85659116  0.21215153]]
[[-2.05718422 -2.37191181 -5.07752306 -0.11862278  0.83654034  0.20722143]]
[[-2.01656523 -2.37095572 -4.74650623 -0.12595433  0.8078178   0.20531157]]
[[-2.10283099 -2.32019556 -5.87645813 -0.1470886   0.80335613  0.1947042 ]]
[[-2.33144803 -2.07957643 -6.77749199 -0.14591666  0.84400583  0.18501099]]
[[-2.55316834 -1.79799079 -7.26167334 -0.17232286  0.89922201  0.1874419 ]]
[[-2.77046564 -1.54357974 -6.75095543 -0.20163185  0.95631829  0.19416984]]
[[-3.04903779 -1.34917487 -5.23309066 -0.24786633  1.04293231  0.20118092]]
[[-3.41210606 -0.93164578 -5.44389765 -0.30463978  1.11062823  0.20182813]]
[[-3.6297705  -0.62649205 -5.27006144 -0.35225165  1.14185859  0.20384824]]
[[-3.7551042  -0.4244649  -4.62144064 -0.39326891  1.15495655  0.20902136]]
[[-3.81421519 -0.29904039 -4.48465114 -0.43341716  1.14935203  0.21097951]]
[[-3.83167297 -0.23000585 -4.8174892  -0.47115359  1.13288237  0.21246338]]
[[-3.80576718 -0.16415941 -4.57210517 -0.50047306  1.10705531  0.21560629]]
[[-3.80299671 -0.15585928 -3.68570403 -0.52776614  1.10436893  0.22286512]]
[[-3.80640586 -0.1558473  -2.50842722 -0.55889341  1.11429656  0.23260515]]
[[-3.83197754 -0.14969422 -0.91131315 -0.5732573   1.143161    0.24701355]]
[[-3.90496326 -0.16475329 -0.08498697 -0.59136952  1.18979395  0.25583743]]
[[-4.0101853  -0.19808884  0.42935824 -0.61369553  1.23697694  0.2566749 ]]
[[-4.10722387 -0.22424915  0.65975952 -0.63031084  1.27389841  0.25377768]]
[[-4.17136674 -0.23232778  0.27241147 -0.63641767  1.29272452  0.24991524]]
[[-4.19604533 -0.22803774 -0.2194382  -0.64017071  1.29474569  0.24739371]]
[[-4.19667808 -0.2094894  -0.7587034  -0.64503338  1.27970687  0.24278359]]
[[-4.19948034 -0.17221452 -1.28998302 -0.64451728  1.25208668  0.23656998]]
[[-4.18075452 -0.10504128 -1.94277598 -0.63853035  1.21184584  0.22936263]]
[[-4.16563818 -0.04378202 -1.93539346 -0.63744613  1.1777688   0.22416314]]
[[-4.16469168 -0.01451799 -1.28401016 -0.64364191  1.16088113  0.22448664]]
[[-4.16362542 -0.01365608 -1.59613047 -0.65490022  1.15458956  0.21992093]]
[[-4.23666563 -0.04527134 -1.1320414  -0.68304395  1.1757645   0.21257537]]
[[-4.39448477e+00  6.78703361e-04 -9.39625177e-01 -7.06271538e-01
   1.21943671e+00  2.02381504e-01]]
[[-4.65526505  0.28152194 -1.46024823 -0.73490681  1.28540943  0.19749983]]
[[-4.87966339  0.47542948 -1.84247418 -0.75178853  1.35060474  0.19361185]]
[[-5.06169123  0.60933016 -1.38852847 -0.7748199   1.40848487  0.19302247]]
[[-5.20144514  0.7156652  -1.34906812 -0.78351234  1.45047671  0.19108097]]
[[-5.31925406  0.81930439 -1.85547198 -0.77790119  1.46326553  0.18461554]]
[[-5.35596942  0.93432002 -2.70343133 -0.75980612  1.44521872  0.18181567]]
[[-5.29974628  1.07137334 -3.85837685 -0.72584723  1.39609112  0.18287492]]
[[-5.26802775  1.20730946 -4.39812559 -0.67599431  1.36367663  0.18542412]]
[[-5.27767953  1.31621821 -4.14129123 -0.62871315  1.35772434  0.191149  ]]
[[-5.33137607  1.28894417 -3.60427723 -0.62213704  1.38118127  0.1932867 ]]
[[-5.42672105  1.25216428 -2.77433623 -0.62480503  1.42711774  0.19308001]]
[[-5.55606049  1.2075655  -1.93665522 -0.63194917  1.48288166  0.19077411]]
[[-5.68581647  1.16104167 -0.86822913 -0.64461782  1.54184099  0.18887886]]
[[-5.81283356  1.1000064   0.05304245 -0.66653434  1.59830032  0.18820549]]
[[-5.95331951  1.15671817 -0.1653512  -0.68957489  1.63430613  0.18280892]]
[[-6.0333497   1.2129251  -1.00644121 -0.69768418  1.64423127  0.17756709]]
[[-6.05816298  1.29026748 -2.03224032 -0.69115949  1.62807001  0.17400566]]
[[-6.04696763  1.37271651 -2.61767933 -0.68232443  1.59986525  0.17283352]]
[[-5.99546697  1.44661011 -2.73315867 -0.6762304   1.56721578  0.17661109]]
[[-5.96514512  1.49694502 -2.27183009 -0.67459148  1.55063364  0.18217849]]
[[-5.94892856  1.49006293 -1.83727334 -0.6893026   1.54688588  0.18518266]]
[[-5.9862974   1.41297028 -1.68242398 -0.72135089  1.56481758  0.1807349 ]]
[[-6.05305839  1.35031985 -1.10507794 -0.75271823  1.60145649  0.17743156]]
[[-6.09822362  1.34263188 -0.65917709 -0.77242651  1.62770365  0.17752268]]
[[-6.13231492  1.32507485 -0.16364473 -0.7917408   1.64953112  0.1783884 ]]
[[-6.20296136  1.32579562  0.31189131 -0.81047456  1.68326827  0.17652146]]
[[-6.29056111  1.40151907  0.24142745 -0.82814809  1.71017896  0.17497923]]
[[-6.36350491  1.52526872 -0.51755583 -0.84718312  1.71297957  0.17011472]]
[[-6.39692465  1.645837   -1.5313299  -0.86296094  1.69700362  0.16368737]]
[[-6.4162532   1.73329671 -1.93552959 -0.88004756  1.67985002  0.15977411]]
[[-6.45831783  1.83834663 -1.92570933 -0.90243786  1.67849502  0.15830468]]
[[-6.49747062  1.93200519 -1.59856405 -0.93869491  1.67656931  0.15608946]]
[[-6.49967814  1.96137913 -0.64354891 -0.98597654  1.67640853  0.15899579]]
[[-6.59780347  2.10042371  0.31113547 -1.04009913  1.70920519  0.16231917]]
[[-6.76625279  2.3173425   1.02255494 -1.09155231  1.76396869  0.1657015 ]]
[[-6.92131921  2.54822549  1.02906813 -1.1273685   1.8070243   0.16689397]]
[[-7.11760705  2.8354956   0.21260114 -1.14796493  1.85190992  0.16245006]]
[[-7.32113077  3.09512401 -0.43665997 -1.15292507  1.90255112  0.1577163 ]]
[[-7.48641107  3.33186384 -0.88368959 -1.15510564  1.94340677  0.15451392]]
[[-7.57600763  3.48827604 -1.03089684 -1.16914264  1.95800278  0.15395715]]
[[-7.62642235  3.60531693 -1.06415008 -1.18276961  1.96062618  0.1545612 ]]
[[-7.64753639  3.68515585 -0.88314733 -1.19780815  1.95984207  0.15620032]]
[[-7.68554604  3.73090409 -0.29007859 -1.21180743  1.97481904  0.15887549]]
[[-7.7521374   3.75118919  0.43506498 -1.22749996  1.99892945  0.15980258]]
[[-7.87728282  3.83641039  0.56004582 -1.23313196  2.04227533  0.15705976]]
[[-8.05718675  3.98175816  0.57060926 -1.22477624  2.10164293  0.15384941]]
[[-8.2378343   4.13686477  0.50818099 -1.20924453  2.16488326  0.15292886]]
[[-8.42170569  4.30590481  0.33185748 -1.18660953  2.2297402   0.15188065]]
[[-8.59333457  4.45189793  0.07143838 -1.16157228  2.28920032  0.15039143]]
[[-8.76617527  4.60955688 -0.65846398 -1.12220013  2.34921149  0.14964315]]
[[-8.88743938  4.74087839 -1.27041455 -1.08701008  2.39330518  0.15087465]]
[[-8.97323981  4.86323166 -1.89101519 -1.04635441  2.42352329  0.15414269]]
[[-9.02883256  4.98220035 -1.96066068 -1.00842211  2.43853747  0.16008132]]
[[-9.06288036  5.07909868 -1.61417275 -0.97272205  2.45477327  0.16951039]]
[[-9.0808983   5.15971157 -1.25353558 -0.93526323  2.46943296  0.18024642]]
[[-9.12231931  5.20915892 49.15381086 -0.90264282  2.49809854  0.18839484]]
[[-9.0451844   5.38716904 44.40302853 -0.80797816  2.4138563   0.17614609]]
[[-8.29942551  5.49210188 36.02954498 -0.65820009  2.07019714  0.16488652]]
[[-7.38120378  5.28959322 29.03232349 -0.55541728  1.73169832  0.15328564]]
[[-6.73509487  5.10900942 24.32889148 -0.50587661  1.50671529  0.14430976]]
[[-6.26394785  4.96415967 20.81565322 -0.47773025  1.34596462  0.13837699]]
[[-5.95113246  4.84020646 18.27958636 -0.46436095  1.24782517  0.13358532]]
[[-5.68913649  4.73312359 15.48629358 -0.45804666  1.17162825  0.13067102]]
[[-5.36312575  4.66230833  8.65246603 -0.39613946  1.09570507  0.13309792]]
[[-5.18183844  4.66192425  1.69881336 -0.30922848  1.08276336  0.13659276]]
[[-5.0701347   4.69490299 -3.24126611 -0.23673558  1.0750595   0.14007162]]
[[-4.9920228   4.75855965 -6.08999777 -0.18425633  1.06101773  0.14337147]]
[[-4.9025183   4.86403346 -7.07032393 -0.15292948  1.01809679  0.14692836]]
[[-4.86670726  4.95636668 -5.83149561 -0.14492085  0.98247201  0.14813524]]
[[-4.92442541  5.01794146 -3.21669031 -0.13982342  0.97933459  0.14670614]]
[[-4.98671391  5.03474233 -0.20113412 -0.13657412  0.9842417   0.14398008]]
[[-5.03152533  5.03469664  1.94938002 -0.13645934  0.98959149  0.14142115]]
[[-5.0598933   5.0415445   3.5274885  -0.13280291  0.991633    0.13969325]]
[[-5.04663921  5.03726069  3.72414259 -0.12160684  0.98500199  0.13873593]]
[[-5.01259844  5.00648431  2.95495217 -0.10866828  0.97778335  0.13805627]]
[[-4.96456138  4.97095365  1.67844931 -0.09501307  0.97035448  0.13755835]]
[[-4.92458439  4.94841179  0.43903097 -0.08012716  0.96419773  0.13747589]]
[[-4.88977788  4.9398926  -0.57157768 -0.06455098  0.95957432  0.13768752]]
[[-4.88774599  4.93267728 -1.17750782 -0.05201798  0.96554851  0.1374685 ]]
[[-4.8928798   4.9279398  -1.52413476 -0.04267293  0.97291862  0.13722088]]
[[-4.91420363  4.93468717 -1.50158664 -0.03411624  0.98365674  0.13715876]]
[[-4.95673156  4.94960144 -1.0291946  -0.02753502  1.00103121  0.13685208]]
[[-4.99717663  4.96107637 -0.46827367 -0.02554123  1.01670311  0.13650345]]
[[-5.04323422  4.97543957  0.23544826 -0.0239683   1.03464857  0.136086  ]]
[[-5.0896892   4.98980695  0.76594371 -0.01923992  1.05275863  0.13570675]]
[[-5.1348102   5.00255353  1.36811361 -0.01604514  1.06951184  0.13537919]]
[[-5.16022891  5.02232458  1.6589326  -0.00904712  1.07810554  0.13524124]]
[[-5.16699896e+00  5.02318228e+00  1.59135891e+00 -4.45447940e-03
   1.08273900e+00  1.35154864e-01]]
[[-5.16398110e+00  5.02663270e+00  1.23024724e+00  3.85945990e-03
   1.08370134e+00  1.35311392e-01]]
[[-5.15385795  5.02452499  0.74382398  0.01304281  1.08414773  0.13553593]]
[[-5.13793049  5.01623216  0.06406209  0.02052091  1.08312103  0.13572847]]
[[-5.12376272  5.01813708 -0.39283676  0.02684397  1.08180296  0.13596581]]
[[-5.11624173  5.01128301 -0.70990993  0.02972894  1.08155803  0.13601625]]
[[-5.11301236  5.00862673 -0.8805323   0.03178327  1.08226278  0.13600257]]
[[-5.12430815  5.00832757 -0.90201142  0.03546393  1.08911438  0.13595676]]
[[-5.15159395  5.01198894 -0.84927252  0.04141073  1.10125685  0.13577161]]
[[-5.17956507  5.01385079 -0.76784341  0.04733216  1.11507748  0.13555407]]
[[-5.21125842  5.01167719 -0.6344453   0.05116915  1.12914729  0.13516944]]
[[-5.24905285  5.00334555 -0.27214221  0.0492986   1.14524379  0.13439139]]
[[-5.29003551  4.99859896  0.11681983  0.04769891  1.16201767  0.13341565]]
[[-5.32177136  5.0065284   0.26839661  0.05386553  1.17359863  0.1330231 ]]
[[-5.34596117  5.01391488  0.52621326  0.05757889  1.18194438  0.13311905]]
[[-5.36016174  5.0286307   0.69789132  0.06229052  1.18738066  0.13316988]]
[[-5.37404577  5.03472502  0.84975777  0.06470282  1.19170756  0.13280073]]
[[-5.37557379  5.04366743  0.72758172  0.07039874  1.19159138  0.13294789]]
[[-5.35160215  5.06133683  0.36650243  0.07965128  1.18359188  0.13384435]]
[[-5.33190353  5.06921405  0.03995016  0.08575143  1.17757556  0.1343788 ]]
[[-5.31700942  5.0699018  -0.25617159  0.09049013  1.17419596  0.13480856]]
[[-5.31262635  5.07339265 -0.3999304   0.09386985  1.1740025   0.13510342]]
[[-5.31753231  5.0771398  -0.48586654  0.09825138  1.17780881  0.13504967]]
[[-5.3220967   5.07828638 -0.51885799  0.10121101  1.18178227  0.13506751]]
[[-5.34389746  5.08178326 -0.53073851  0.10780121  1.19280708  0.13486982]]
[[-5.35686673  5.08415085 -0.55100138  0.11238538  1.19953592  0.13469642]]
[[-5.35805792  5.1023937  -0.59936789  0.1198677   1.19885635  0.1351229 ]]
[[-5.35355992  5.10746374 -0.57634282  0.12217696  1.19815895  0.13552991]]
[[-5.349659    5.11589177 -0.62531435  0.12494879  1.1960833   0.13570918]]
[[-5.34473655  5.1229771  -0.65374567  0.12773585  1.19319798  0.13603549]]
[[-5.34354365  5.12553569 -0.63209337  0.12780539  1.1922332   0.13594638]]
[[-5.34795254  5.12746799 -0.56487927  0.12763362  1.19258182  0.13584594]]
[[-5.35034972  5.13480835 -0.48754782  0.1285827   1.1931027   0.13579592]]
[[-5.35486458  5.14244989 -0.43704512  0.13045431  1.19324955  0.13580987]]
[[-5.35662089  5.14713101 -0.3806912   0.13116006  1.19368911  0.13582734]]
[[-5.36883316  5.1630932   0.19407482  0.12960271  1.19466428  0.13600148]]
[[-5.39641148  5.18148723  0.55946745  0.13623836  1.20450481  0.13587383]]
[[-5.44999152  5.19118773  0.91609181  0.14467436  1.22751199  0.13511345]]
[[-5.47364039  5.20792923 31.09515884  0.15389475  1.23832622  0.13507235]]
[[-5.42127836  5.14960876 28.10221228  0.17632585  1.24273525  0.13415357]]
[[-5.38335871  5.11532446 29.85470656  0.10705015  1.20085611  0.12892138]]
[[-5.36449273e+00  4.97842827e+00  3.19597219e+01  2.52453914e-02
   1.17375171e+00  1.22183908e-01]]
[[-4.80912900e+00  4.53802422e+00  3.25042504e+01 -3.16733498e-02
   9.89611047e-01  1.12359196e-01]]
[[-3.79063391  3.7764107  31.73041091 -0.05742257  0.70072155  0.09645793]]
[[-2.98694579  3.09838734 31.16542256 -0.07300423  0.48928886  0.08156527]]
[[-2.41236145  2.61006734 30.76512113 -0.08248186  0.34142464  0.07067244]]
[[-2.02358498  2.27440831 30.50191463 -0.08818047  0.24125141  0.06321869]]
[[-1.76487002  2.04339939 30.32796607 -0.09240074  0.17523375  0.05804049]]
[[-1.58697379  1.87895302 30.22899767 -0.09567849  0.12945704  0.0544525 ]]
[[-1.45899772  1.76561027 30.12762513 -0.09704435  0.0969389   0.05190126]]
[[-1.37967597  1.6879411  30.08304508 -0.09875468  0.07640133  0.05014785]]
[[-1.3257521   1.6274337  30.05353339 -0.10028995  0.06254077  0.04885405]]
[[-1.28769928  1.58105707 30.03362191 -0.10143788  0.05281052  0.04791746]]
[[-1.26175497  1.55256134 30.0075697  -0.10149947  0.04646314  0.04733682]]
[[-1.24565055  1.52157693 30.01277857 -0.10345979  0.04249616  0.04676248]]
[[-1.23517777  1.50418082 30.01149925 -0.10468512  0.03932698  0.04655585]]
[[-1.22750569  1.4906399  30.00009889 -0.1053625   0.03735757  0.04642316]]
[[-1.21977601  1.49032237 29.96593977 -0.10409531  0.03599125  0.0464101 ]]
[[-1.21809804  1.48418915 29.94891351 -0.10422388  0.03562694  0.04632981]]
[[-1.2195696   1.46805184 -0.03592477 -0.10573848  0.03605951  0.04622303]]
[[-1.21065371  1.46053887 -0.02752619 -0.10556623  0.03454881  0.04610385]]
[[-1.13910914  1.31282255  0.06109584 -0.10191458  0.03482614  0.04193644]]
[[-1.07020517  1.18732338  0.12517715 -0.09911031  0.03394305  0.03842204]]
[[-1.02355472  1.1128194   0.14653925 -0.09613516  0.03315531  0.03617711]]
