[[ 1.72532650e-03  3.14855742e-03  5.56128636e-03  1.10424268e-04
  -9.00755495e-05 -1.06145583e-05]]
[[ 2.06859868e-03  3.11790539e-03  1.41198265e-02 -2.85610355e-05
   1.90452631e-04 -4.06672468e-05]]
[[ 3.15198610e-03  1.54606764e-03  1.47845990e-02 -2.75097754e-04
  -3.16986137e-04  3.25844500e-07]]
[[ 2.16015782e-03  4.14295029e-03  1.88745133e-02 -2.17993082e-04
  -1.97755603e-04 -3.97038327e-05]]
[[2.50141112e-04 5.16427679e-03 1.75583682e-02 4.62962161e-06
  8.60518745e-05 3.19015939e-06]]
[[ 3.71486680e-03  7.53264588e-03  2.11428830e-02 -6.87235557e-05
   1.80512736e-05 -4.27198073e-05]]
[[ 5.04732816e-03  6.40625882e-03  2.94307466e-02 -5.12381396e-04
  -4.59100595e-05 -1.16841131e-04]]
[[ 0.0039228   0.00642847  0.03216161 -0.00046661  0.00046223 -0.00011123]]
[[ 4.83802795e-03  1.13464450e-02  1.43890095e-02  3.81535691e-04
  -1.16975053e-04  5.46610760e-05]]
[[ 5.11215177e-03  9.52065231e-03  2.48098176e-02 -1.29317961e-04
  -4.44010141e-05 -5.73966070e-05]]
[[ 0.00437581  0.01030369  0.03180241 -0.00033605  0.00047325 -0.00011345]]
[[ 0.00396018  0.00914656  0.04018885 -0.0006168   0.0008649  -0.00016982]]
[[ 0.00472768  0.00981759  0.03446428 -0.00038568  0.0005455  -0.00015232]]
[[ 7.75885697e-03  1.16613191e-02  2.42984233e-02  1.37229590e-04
  -1.48441024e-04 -4.34160993e-05]]
[[ 7.26569903e-03  1.32632728e-02  2.04562275e-02  3.52793050e-04
  -4.10816952e-04  3.61341077e-05]]
[[ 5.02746848e-03  1.53724693e-02  2.37881404e-02  2.99056885e-04
  -1.35143062e-04 -4.70012571e-05]]
[[ 3.18216534e-03  1.23135036e-02  3.18553484e-02  2.66238570e-05
   4.56495252e-04 -9.82632454e-05]]
[[ 0.00299936  0.01073723  0.04069107 -0.00049626  0.00040793 -0.00018729]]
[[ 3.00770561e-03  1.33825059e-02  3.27937896e-02 -2.12264661e-05
   3.52177379e-04 -1.33246286e-04]]
[[ 3.88068180e-03  1.36280569e-02  2.65436224e-02  2.87441037e-04
  -1.14171372e-04 -5.24794287e-05]]
[[ 0.00586047  0.01060521  0.04196162 -0.00080348 -0.00054575 -0.00011098]]
[[ 4.05310130e-03  1.08139061e-02  3.41031118e-02  6.52326714e-05
   2.03031411e-04 -1.17761636e-04]]
[[ 4.95329791e-03  1.52521247e-02  2.38262520e-02  3.34931298e-04
  -1.04828684e-04  1.74814943e-05]]
[[ 2.82468656e-03  1.15001892e-02  3.89333138e-02 -2.59877467e-04
   2.17822797e-04 -9.50643204e-05]]
[[ 0.0024078   0.01240575  0.04136952 -0.00052692  0.00027144 -0.00016854]]
[[ 0.00167431  0.01370468  0.04653507 -0.00055389  0.00045159 -0.00015803]]
[[ 0.00116963  0.01511283  0.04266895 -0.00037899  0.00024829 -0.00010101]]
[[ 4.62367522e-03  2.17015683e-02  3.58072680e-02  6.73233546e-04
  -6.23020475e-05  1.42509399e-04]]
[[ 3.24912057e-03  1.71777620e-02  3.93278033e-02 -2.41938321e-04
  -4.04549120e-04 -5.29623919e-05]]
[[ 5.46508577e-03  1.88523347e-02  4.27375314e-02 -2.55699411e-04
  -4.40239495e-04 -2.38706093e-05]]
[[ 6.59672728e-03  2.28483100e-02  3.82696376e-02  2.66922839e-04
  -3.00472406e-04  6.40999097e-05]]
[[ 0.00779192  0.02539403  0.03273603  0.00078272 -0.00042325  0.00018978]]
[[ 0.00895149  0.02604847  0.03963041  0.00051576 -0.000355    0.00033123]]
[[ 0.00944157  0.02785644  0.0388747   0.00068993 -0.00019335  0.00024328]]
[[ 0.00896478  0.03117249  0.03300814  0.00101942 -0.00063991  0.00028134]]
[[ 5.59076790e-03  2.97389498e-02  3.77377456e-02  1.09701064e-03
  -3.92054852e-05  1.55603321e-04]]
[[ 0.00663943  0.03375978  0.03228541  0.00136272 -0.00026886  0.00019892]]
[[4.78056156e-03 3.43478370e-02 3.34017557e-02 1.60936629e-03
  5.26142664e-05 2.27803160e-04]]
[[0.00381443 0.03327445 0.04630553 0.00117225 0.00032198 0.0001382 ]]
[[0.00391818 0.03401137 0.0469333  0.00127326 0.00055322 0.00040495]]
[[0.00132587 0.03660908 0.04199497 0.00166262 0.00057449 0.00021426]]
[[0.00177215 0.03472454 0.04701794 0.0016928  0.00120939 0.00011314]]
[[3.48328979e-03 3.73218888e-02 5.52063261e-02 1.50658151e-03
  1.09218329e-03 1.11586692e-05]]
[[ 0.00108868  0.0402571   0.05731719  0.00116136  0.00144006 -0.00032146]]
[[ 3.42523962e-03  3.99905914e-02  5.64833101e-02  1.92899366e-03
   1.81028450e-03 -8.23030102e-05]]
[[ 0.00412262  0.04206423  0.05403279  0.0020453   0.00173518 -0.00011519]]
[[7.81586497e-03 4.38026817e-02 5.79245268e-02 2.12791156e-03
  9.27286579e-04 4.44712585e-05]]
[[1.10869769e-02 4.57201388e-02 5.32579921e-02 2.08825516e-03
  9.55565541e-04 3.33676104e-05]]
[[ 6.99466715e-03  4.70600318e-02  6.46222809e-02  2.00624823e-03
   1.44518223e-03 -5.61153908e-05]]
[[ 7.02821704e-03  4.55650854e-02  6.61546191e-02  1.81500975e-03
   1.60832414e-03 -5.80523646e-05]]
[[4.16931263e-03 4.82494769e-02 6.58090658e-02 2.18874659e-03
  1.90597109e-03 1.08347372e-06]]
[[5.76274949e-03 4.97757996e-02 6.24342431e-02 2.22754351e-03
  1.47950792e-03 3.30419820e-06]]
[[0.0083633  0.05174564 0.05714893 0.00286276 0.00136525 0.0002624 ]]
[[0.00623325 0.04995709 0.06531818 0.00269381 0.00166787 0.00022231]]
[[4.82058493e-03 5.06277205e-02 6.65172504e-02 2.86941078e-03
  1.78765913e-03 8.18051036e-05]]
[[ 5.84155730e-03  5.16648423e-02  6.26374098e-02  2.95603031e-03
   1.58164028e-03 -8.06634599e-06]]
[[ 4.65924683e-03  5.20642872e-02  6.95350215e-02  2.74401890e-03
   1.93970144e-03 -3.95240146e-05]]
[[ 1.05755797e-03  5.12106751e-02  7.30565961e-02  3.27081851e-03
   2.47132858e-03 -6.20690650e-05]]
[[3.83063721e-03 5.46017943e-02 6.53748637e-02 3.52145644e-03
  2.04093168e-03 8.20024329e-05]]
[[-6.93015904e-05  5.31495069e-02  8.10048924e-02  3.30755691e-03
   3.15027438e-03 -6.99513394e-05]]
[[ 3.36675259e-03  5.46746920e-02  7.40479729e-02  3.09628432e-03
   2.38894183e-03 -7.59088512e-05]]
[[ 1.16073339e-04  5.31190375e-02  8.29504372e-02  3.11797005e-03
   2.83298857e-03 -5.46701584e-05]]
[[0.00109224 0.05483944 0.06312453 0.00409121 0.00260421 0.00010028]]
[[-1.06095933e-03  5.26890086e-02  7.15143709e-02  3.62843981e-03
   2.03364187e-03  8.17319792e-05]]
[[-2.57911559e-03  5.16474555e-02  8.11066498e-02  3.26479932e-03
   2.75522021e-03  6.44982497e-05]]
[[0.00020696 0.05787201 0.06149947 0.00423027 0.00228053 0.00023716]]
[[6.78039924e-06 5.58682353e-02 6.47739551e-02 3.74382254e-03
  2.27840436e-03 2.12305015e-04]]
[[-0.00076031  0.05720946  0.06699703  0.00379588  0.00235739  0.00014745]]
[[-0.00459072  0.054885    0.06827131  0.00376967  0.00239391  0.00011746]]
[[-0.00336633  0.05736361  0.05919265  0.00410681  0.0020834   0.00024265]]
[[-0.00184023  0.05512566  0.06620406  0.00383371  0.00236987  0.00017031]]
[[-5.17327315e-03  5.36901187e-02  7.76204625e-02  3.39371373e-03
   3.17045164e-03  8.86374020e-05]]
[[-0.00361998  0.05716433  0.06601459  0.00403866  0.0028776   0.00013978]]
[[-0.00384996  0.05506907  0.06952246  0.00366543  0.00290857  0.00010659]]
[[-4.21489234e-03  5.54496581e-02  6.77983878e-02  3.59046357e-03
   2.56763859e-03  8.86654825e-05]]
[[-6.64279514e-03  5.42965465e-02  6.78790594e-02  3.59424796e-03
   3.24541328e-03  2.96460929e-05]]
[[-4.54090325e-03  5.33064077e-02  6.76878330e-02  3.49404439e-03
   3.07702611e-03  8.57500685e-07]]
[[-0.00053894  0.05451668  0.05886058  0.0036911   0.00249842  0.00012756]]
[[0.00030333 0.05321397 0.0549486  0.00379497 0.00248288 0.00012666]]
[[-2.76534995e-03  5.14953148e-02  6.08285969e-02  3.77531869e-03
   3.11577792e-03 -4.28196315e-05]]
[[1.62359793e-03 5.46371576e-02 4.61900661e-02 4.25425756e-03
  2.39907179e-03 2.43117858e-05]]
[[2.23137394e-03 5.44423234e-02 4.59041851e-02 4.27072730e-03
  2.71399959e-03 1.30778793e-05]]
[[-0.00076868  0.05281831  0.05417174  0.00386103  0.00312736 -0.00010469]]
[[8.96315363e-04 5.47140281e-02 4.35906744e-02 4.59265718e-03
  2.96374761e-03 8.44773906e-05]]
[[3.75972734e-03 5.65755004e-02 4.16116897e-02 4.51791208e-03
  2.73557639e-03 6.62477446e-05]]
[[4.09220474e-03 4.83656276e-02 3.00354802e+01 3.80696496e-03
  3.47861606e-03 8.17078068e-05]]
[[8.01803379e-03 6.46719629e-02 2.99953119e+01 7.04987275e-03
  2.80917854e-03 3.99345573e-04]]
[[6.91217947e-03 5.96245445e-02 3.00304762e+01 5.28183237e-03
  3.34987737e-03 8.91778111e-06]]
[[ 7.50178015e-03  4.43645629e-02  3.01097614e+01  2.46874563e-04
   3.79075706e-03 -3.65832853e-04]]
[[ 4.32706419e-03  5.93300198e-02  3.00756219e+01  3.31829922e-03
   3.37128322e-03 -3.57931975e-04]]
[[1.24198689e-02 5.51977277e-02 3.00731164e+01 3.15081707e-03
  2.27180124e-03 3.74108580e-05]]
[[ 6.57725192e-03  4.77315864e-02  3.01094380e+01  9.00836108e-04
   3.23720420e-03 -4.77225575e-04]]
[[ 3.10972019e-03  4.40473430e-02  3.01137802e+01  1.25269178e-03
   3.95414527e-03 -3.12870659e-04]]
[[ 0.0028505   0.0208469   0.19408479 -0.00498316  0.0038448  -0.00096209]]
[[ 0.00513067  0.03528175  0.15914473 -0.00145278  0.00264883 -0.00060393]]
[[ 0.00470331  0.02365461  0.17431515 -0.00268107  0.00272752 -0.00060586]]
[[-0.00063141  0.01341643  0.1899544  -0.00381954  0.00333783 -0.00076722]]
[[ 0.00115782  0.01539833  0.17118039 -0.00317564  0.00291377 -0.00056704]]
[[ 1.07876783e-04  1.10451228e-02  1.80371988e-01 -3.78353639e-03
   2.94913318e-03 -7.23485767e-04]]
[[ 1.60989093e-04  8.38050402e-03  1.83460984e-01 -4.16625477e-03
   3.02839622e-03 -7.37125561e-04]]
[[-0.00189059  0.00712516  0.18327747 -0.00396445  0.00345578 -0.00073578]]
[[ 1.27292036e-04  4.75294992e-03  1.89790196e-01 -4.58384258e-03
   3.06494353e-03 -8.36114015e-04]]
[[ 0.00188295  0.00795596  0.1809931  -0.00392219  0.00276769 -0.00067701]]
[[ 7.20704772e-06  5.50535682e-03  1.98328128e-01 -4.70574628e-03
   3.65160128e-03 -8.25962907e-04]]
[[ 0.00123974  0.00918328  0.19154409 -0.0041972   0.00345848 -0.00082729]]
[[ 0.0041158   0.01162219  0.18269786 -0.00376177  0.00286511 -0.00070354]]
[[ 0.00173397  0.00995015  0.19778923 -0.00432365  0.00385446 -0.00084483]]
[[-2.26636210e-03  9.43497572e-03 -2.97567418e+01 -4.78171748e-03
   4.33974539e-03 -1.01753580e-03]]
[[ 2.56291504e-02  3.19390967e-02 -2.98391937e+01  2.05320841e-03
   2.71481532e-03 -5.99620230e-04]]
[[ 7.44342454e-02 -3.25326951e-02 -2.97974825e+01  2.86779811e-03
   3.86404024e-03 -2.94183488e-03]]
[[ 1.08716449e-01 -6.98188119e-02 -2.97624662e+01  3.68303741e-03
   5.37722418e-03 -4.77181618e-03]]
[[ 1.36561641e-01 -1.01989757e-01 -2.97316833e+01  3.39565701e-03
   4.37174772e-03 -5.83218199e-03]]
[[ 1.59560237e-01 -9.72541241e-02 -2.97910371e+01  9.98857680e-03
   5.10736710e-03 -5.88390748e-03]]
[[ 1.74755475e-01 -9.20381941e-02 -2.98475627e+01  1.54677265e-02
   5.42710239e-03 -5.70278503e-03]]
[[ 1.79386500e-01 -1.04713210e-01 -2.98236201e+01  1.44003816e-02
   6.50854682e-03 -6.27728933e-03]]
[[ 1.82582643e-01 -1.15562422e-01 -2.97819357e+01  1.24073860e-02
   6.94636201e-03 -6.69455257e-03]]
[[ 1.90838177e-01 -1.19122915e-01 -2.97889980e+01  1.41040116e-02
   6.70862479e-03 -6.96645842e-03]]
[[ 1.93288195e-01 -1.14303497e-01 -2.98109099e+01  1.62361680e-02
   6.91128748e-03 -6.91422203e-03]]
[[ 1.94991213e-01 -1.10414340e-01 -2.98349500e+01  1.83394863e-02
   7.85707379e-03 -6.82432402e-03]]
[[ 2.01589277e-01 -9.46334652e-02 -2.98911403e+01  2.32127533e-02
   7.34861072e-03 -6.29183114e-03]]
[[ 1.98500920e-01 -9.91167129e-02 -2.98711217e+01  2.17550165e-02
   8.69036036e-03 -6.84773197e-03]]
[[ 1.97929714e-01 -1.07388211e-01 -2.98275393e+01  1.91474994e-02
   8.90034351e-03 -7.05710778e-03]]
[[ 2.01654112e-01 -7.95230830e-02 -2.99158924e+01  2.50173095e-02
   7.75247775e-03 -6.55486344e-03]]
[[ 2.06110288e-01 -5.91652210e-02 -2.99862723e+01  2.99710733e-02
   7.28780484e-03 -6.12162418e-03]]
[[ 2.00462317e-01 -6.07960127e-02 -2.99556170e+01  2.88258315e-02
   6.28820827e-03 -6.70108917e-03]]
[[ 7.85761863e-01 -1.06887653e-01 -3.02651875e+01  7.60408237e-02
  -1.06605315e-01 -1.00115625e-02]]
[[ 2.04977636e+00 -2.32120696e-01 -3.09129397e+01  1.49886386e-01
  -3.08504525e-01 -1.97772328e-02]]
[[ 3.75101919e+00 -3.28362286e-01 -3.17115096e+01  2.35038084e-01
  -5.48883672e-01 -3.14178850e-02]]
[[  5.56290755  -0.34565538 -32.55260993   0.33412589  -0.77795872
   -0.04487203]]
[[  7.09360983  -0.18134472 -33.58577738   0.44511623  -0.94480014
   -0.05442237]]
[[  8.3943663    0.06406532 -34.7322936    0.56126164  -1.05605363
   -0.06303122]]
[[  9.43294385   0.33417282 -35.6235675    0.66781971  -1.12278454
   -0.07010823]]
[[ 10.19256283   0.55101689 -36.2577845    0.75337758  -1.15954877
   -0.07614831]]
[[ 10.85357202   0.77171469 -36.73365649   0.83537882  -1.18081503
   -0.08268186]]
[[ 11.47684978   1.09595125 -37.12756152   0.92179961  -1.19643178
   -0.08950672]]
[[ 12.01373553   1.43748436 -37.31430452   1.00380273  -1.20942131
   -0.096558  ]]
[[ 12.47564677   1.77226983 -37.34268991   1.07903454  -1.21744551
   -0.10369894]]
[[ 13.01899595   2.35956061 -37.262832     1.17794233  -1.22886413
   -0.11461637]]
[[ 13.85792875   3.91460659 -34.50545738   1.37078531  -1.32052148
   -0.13619301]]
[[ 14.72083715   5.92768144 -29.49326502   1.59397558  -1.42186658
   -0.18041381]]
[[ 15.40078538   8.80768225 -26.96826066   1.88158896  -1.46747904
   -0.27277917]]
[[ 15.91587345  11.52477236 -27.71324941   2.0986679   -1.52313162
   -0.31075999]]
[[ 16.02316306  12.00601332 -24.08894376   2.17499244  -1.52865514
   -0.32446167]]
[[ 16.11379303  13.19929403 -21.12907439   2.32090669  -1.53432119
   -0.3319241 ]]
[[ 16.22025112  15.22914662 -19.94779551   2.50985749  -1.53790448
   -0.34031729]]
[[ 16.32600112  17.94377991 -20.21696852   2.73220223  -1.54510144
   -0.34647438]]
[[ 16.02111677  21.87876478 -19.77911542   2.97314504  -1.46739211
   -0.35819451]]
[[ 15.09659396  26.03551772 -14.96952061   3.24192138  -1.32667914
   -0.34012744]]
[[13.81912939 31.8245765  -7.20344974  3.64822005 -1.16018864 -0.32198244]]
[[12.60234627 37.06691158  0.2198873   4.02730453 -1.00870969 -0.30470878]]
[[11.71213503 40.87191333  5.36382688  4.30304782 -0.88990553 -0.29307265]]
[[11.08352636 43.59358439  8.66842937  4.50596974 -0.79878186 -0.28599854]]
[[10.71667863 45.65794354  9.56138355  4.66183513 -0.74849076 -0.28315743]]
[[10.878271   46.2273831   6.70406935  4.66736605 -0.75583657 -0.29422126]]
[[11.27306133 45.60562893  2.84632502  4.58635012 -0.79740883 -0.31244428]]
[[11.68953169 44.17271145 -1.18290717  4.45744017 -0.84473101 -0.32770358]]
[[12.05392021 42.5534353  -4.38184596  4.33241892 -0.88412961 -0.33936803]]
[[12.29158139 41.21992404 -6.3562105   4.22841138 -0.90357552 -0.34597367]]
[[12.35298546 40.35182374 -5.95994726  4.1703778  -0.90064715 -0.34914813]]
[[12.08784583 40.77417631 -2.82067996  4.22223948 -0.85710575 -0.34912511]]
[[11.7718167  41.56715571 -0.07011076  4.29351029 -0.81396207 -0.3443075 ]]
[[11.53411175 42.24442398  2.05558432  4.35753603 -0.78164283 -0.34113013]]
[[11.36003314 42.82977994  3.52864115  4.41013053 -0.75783609 -0.33939181]]
[[11.23976292 43.50434832  4.21568935  4.48159471 -0.74282055 -0.33916209]]
[[11.23991917 44.05350703  3.70492217  4.53795492 -0.7453781  -0.33848198]]
[[11.37344663 44.15243027  2.55432707  4.55679159 -0.7585409  -0.34040638]]
[[11.54941675 43.97603128  0.6823821   4.537383   -0.76557647 -0.34341422]]
[[11.75300722 43.55537892 -1.76372467  4.48404707 -0.77085863 -0.34875156]]
[[11.88761602 43.23650582 -3.41457322  4.44207521 -0.76784316 -0.35286781]]
[[11.90063088 43.08518091 -3.74730528  4.42066458 -0.75229135 -0.35250545]]
[[11.80732767 43.25236086 -2.23923176  4.4358122  -0.72871217 -0.3520753 ]]
[[ 1.16433415e+01  4.36438622e+01  3.04943857e-02  4.47619732e+00
  -6.93971299e-01 -3.53822509e-01]]
[[11.50253359 43.9628414   1.7082829   4.50859253 -0.6663451  -0.35546895]]
[[11.4034944  44.17090515  2.74066953  4.53247845 -0.6376165  -0.35666688]]
[[11.31898526 44.2655234   3.0245762   4.55823095 -0.60670123 -0.35786763]]
[[11.25729933 44.28562104  2.91049298  4.57633721 -0.57892779 -0.35852312]]
[[11.22484828 44.22137814  2.32346067  4.6020594  -0.56287944 -0.35819523]]
[[11.23316451 44.07710365  1.7281871   4.63059531 -0.55608493 -0.35676855]]
[[11.26611024 43.95204665  1.20559987  4.64993347 -0.5519604  -0.3587098 ]]
[[11.33385781 43.76960473  0.27932304  4.64424152 -0.55019798 -0.36107236]]
[[11.37326887 43.61115047 -0.61297569  4.63390971 -0.5430597  -0.3603426 ]]
[[11.43323685 43.41639678 -1.58679674  4.61659806 -0.54000447 -0.36003218]]
[[11.47209562 43.31116659 -2.10527932  4.60459932 -0.53635874 -0.360491  ]]
[[11.50489233 43.20346762 -2.70451898  4.58580822 -0.52440047 -0.36138336]]
[[11.50369641 43.23949226 -2.374357    4.57833617 -0.50931367 -0.36206958]]
[[11.51403613 43.31158822 -1.80668144  4.5590362  -0.4933436  -0.3626265 ]]
[[11.46786731 43.53025103 -0.77959174  4.553299   -0.47235377 -0.36388481]]
[[11.40233745 43.82132271  0.17070028  4.54561405 -0.44827516 -0.36689984]]
[[11.3307372  44.07257552  1.05166457  4.54848215 -0.43086208 -0.36845087]]
[[11.31707642 44.30390725  1.88435135  4.55773093 -0.42346944 -0.37092215]]
[[11.37142667 44.55737903  2.76507284  4.57358599 -0.42783907 -0.37355572]]
[[11.4131981  44.75218902  3.45829649  4.5881993  -0.43333865 -0.37520562]]
[[11.49415223 44.88357245  3.92733906  4.59641374 -0.4425878  -0.37840262]]
[[11.60655433 45.02591516  4.38213881  4.60559655 -0.46044447 -0.37914277]]
[[11.76066052 45.25209942  5.07365635  4.62863243 -0.48371754 -0.37956766]]
[[11.73149153 45.39192363  5.48091391  4.65456567 -0.471511   -0.38179478]]
[[11.55558931 45.43191439  5.52913858  4.6703686  -0.44392736 -0.38316464]]
[[11.68512683 45.65512001  6.08937969  4.68926346 -0.46951226 -0.38189283]]
[[11.95649093 46.04722405 36.97134574  4.72279851 -0.51732372 -0.38410752]]
[[12.13087642 46.3283857  37.55146285  4.74274479 -0.5619981  -0.3828777 ]]
[[12.30919053 46.55276653 38.19875471  4.75418481 -0.63632846 -0.37921452]]
[[12.39433568 46.79429767 38.75955819  4.77340948 -0.68149426 -0.3775728 ]]
[[12.1110007  46.92691631 38.72215227  4.78010841 -0.71019653 -0.36969696]]
[[11.66717608 47.02377497 38.39530557  4.78945952 -0.69485503 -0.3577848 ]]
[[11.25269402 47.13826725 37.95327032  4.81526943 -0.57872964 -0.35357112]]
[[10.95109342 47.226097   37.65573967  4.8356968  -0.48727023 -0.35091419]]
[[10.72945063 47.29098481 37.43737221  4.8516213  -0.41699643 -0.34907603]]
[[10.57588051 47.33868147 37.28012558  4.86328254 -0.36300133 -0.34807475]]
[[10.46463742 47.37568838 37.18104952  4.87202045 -0.32346123 -0.34753203]]
[[10.38520834 47.40241529 37.10705145  4.87870579 -0.29272181 -0.34718531]]
[[10.33046864 47.41728858 37.06665525  4.88316175 -0.27184623 -0.34667862]]
[[10.28664448 47.42779351 37.04172623  4.88656662 -0.25619099 -0.34656148]]
[[10.25716052 47.43782427 37.02178374  4.8888942  -0.24549186 -0.3463271 ]]
[[10.23567023 47.44394225 37.00230113  4.89115908 -0.23446372 -0.34614383]]
[[10.20756047 47.45389482 36.97239628  4.89434446 -0.21849907 -0.34641349]]
[[10.18689254 47.46508359 36.9574238   4.89712969 -0.20565652 -0.34656618]]
[[10.1698734  47.46994043 36.94574151  4.89917169 -0.19502003 -0.34673726]]
[[10.15329572 47.47551977 36.92161876  4.90131218 -0.18316508 -0.34714365]]
[[10.13005063 47.48847674 36.89142949  4.90490179 -0.16477209 -0.34766576]]
[[10.10447477 47.50242415 36.86816219  4.9087451  -0.14567527 -0.34796487]]
[[10.07386657 47.51599832 36.8428208   4.91255249 -0.12662689 -0.34848155]]
[[10.05081972 47.53112262 36.82208127  4.91627029 -0.10831034 -0.34896653]]
[[10.03562438 47.53267859 36.82688467  4.91800618 -0.09963341 -0.34878816]]
[[10.03752984 47.53299646 36.85073281  4.91681624 -0.10558407 -0.3485079 ]]
[[10.04107133 47.53143611 36.88205014  4.91512927 -0.11429665 -0.3479647 ]]
[[10.04356454 47.52987876 36.90875029  4.91387749 -0.12097447 -0.34743475]]
[[10.04624494 47.53038196 36.93183023  4.91293111 -0.12604095 -0.34714148]]
[[10.04931911 47.52814746 36.94630419  4.91214982 -0.12968921 -0.34686427]]
[[10.05271229 47.52712284 36.95894634  4.9114177  -0.1327534  -0.34674705]]
[[10.04966886 47.52718187 36.96323569  4.91100566 -0.13453382 -0.34663162]]
[[10.05057066 47.52370854 36.97308318  4.91053034 -0.13625866 -0.34651939]]
[[10.04740939 47.51837877 36.98088998  4.91052876 -0.13704681 -0.34616335]]
[[10.04837481 47.51950766 36.98313845  4.91049208 -0.13763205 -0.34624011]]
[[10.05017491 47.51621206 36.99226918  4.91025325 -0.13803237 -0.34619333]]
[[10.05267151 47.51285348 36.98586251  4.90976431 -0.13902672 -0.34649308]]
[[10.05275466 47.51061434 36.99085746  4.9097339  -0.13961642 -0.34634645]]
[[10.05472065 47.51088824 36.99108283  4.90977052 -0.13971217 -0.34638673]]
[[10.05521492 47.51026231 36.99218234  4.90978831 -0.13971222 -0.34632182]]
[[10.0555269  47.50866539 36.99670001  4.90995312 -0.13960724 -0.34654744]]
[[10.05441957 47.50518532 36.99372447  4.90992936 -0.1396721  -0.34641515]]
[[10.0505802  47.50285786 37.02188857  4.91081594 -0.14004865 -0.34443467]]
[[10.03898787 47.49676392 37.12709979  4.91576796 -0.14177862 -0.33786603]]
[[10.0318106  47.49755359 37.2083028   4.91876737 -0.14437194 -0.33361759]]
[[10.02871068 47.49652511 37.26643393  4.92087373 -0.14695766 -0.33064061]]
[[10.02769063 47.50034751 37.3066766   4.9220672  -0.14932265 -0.32856782]]
[[10.02563135 47.50014486 37.34228391  4.92268023 -0.1509748  -0.32711361]]
[[10.02239358 47.49920882 37.36055625  4.92307044 -0.1525013  -0.3263021 ]]
[[10.02283023 47.50112982 37.37181007  4.92324576 -0.15374606 -0.32578299]]
[[10.02363191 47.49972673 37.38513074  4.92334698 -0.15504889 -0.32534614]]
[[10.01340594 47.5092067  37.3955014   4.92240388 -0.16007965 -0.32374738]]
[[ 9.97181343 47.56021019 37.27290138  4.90724446 -0.18172014 -0.31801037]]
[[ 9.90806487 47.61255942 36.61677281  4.8668734  -0.17804771 -0.31709543]]
[[ 9.71875808 47.43666825 35.07954601  4.76643561 -0.1247941  -0.31572999]]
[[ 9.41977910e+00  4.63315836e+01  3.34909386e+01  4.60856820e+00
  -3.96662917e-02 -3.11364825e-01]]
[[ 9.18923118e+00  4.46098855e+01  3.20459818e+01  4.43416240e+00
   3.56034801e-02 -3.06003336e-01]]
[[ 9.03857958 42.89093511 30.63885022  4.28172247  0.09261687 -0.30192145]]
[[ 8.80480842 41.32266688 29.46802525  4.1503381   0.16255722 -0.29032247]]
[[ 8.48096974 39.7443094  28.42084302  4.02497368  0.25880715 -0.27181943]]
[[ 8.18462847 38.34818398 27.59836157  3.91856673  0.34759396 -0.2558184 ]]
[[ 7.98985605 37.2441609  26.90623461  3.83462141  0.40726963 -0.24430647]]
[[ 7.85838405 36.25739143 26.228303    3.76168279  0.45001359 -0.23588164]]
[[ 7.7735967  35.54724789 25.74064111  3.70981306  0.47787732 -0.23039405]]
[[ 7.71811392 35.02288042 25.38352803  3.67196195  0.49705443 -0.22637915]]
[[ 7.67663046 34.64807776 25.13582378  3.64530697  0.5100509  -0.22346435]]
[[ 7.65045825 34.38559332 24.96068996  3.62687677  0.51851486 -0.22167917]]
[[ 7.63350887 34.19565048 24.83739575  3.61368472  0.52416434 -0.22026295]]
[[ 7.62108019 34.05967407 24.75573164  3.60441127  0.52773551 -0.21905461]]
[[ 7.61330788 33.95942621 24.6837988   3.597327    0.53012313 -0.21856535]]
[[ 7.60889538 33.88406428 24.63174658  3.59219638  0.53154796 -0.21799883]]
[[ 7.60592714 33.82457708 24.58840412  3.58814731  0.53249921 -0.21762725]]
[[ 7.60433368 33.7774321  24.55183273  3.58484278  0.5327811  -0.21761123]]
[[ 7.59875476 33.73885537 24.52967924  3.58235355  0.53325294 -0.21717834]]
[[ 7.6000634  33.70503368 24.5098567   3.580379    0.53299206 -0.21685588]]
[[ 7.59792591 33.68172076 24.49613705  3.5786046   0.53309115 -0.21686878]]
[[ 7.5966031  33.6563454  24.4893882   3.57730209  0.53304584 -0.21640397]]
[[ 7.59624227 33.63922189 24.47874877  3.57626765  0.53320672 -0.21653222]]
[[ 7.59411546 33.62210545 24.47556415  3.57543136  0.53332659 -0.21619367]]
[[ 7.59730169 33.60737174 24.4745433   3.57469396  0.53292477 -0.21617813]]
[[ 7.59691174 33.59393543 24.47378722  3.57408558  0.53282871 -0.21607852]]
[[ 7.60025479 33.58305311 24.46924735  3.57349941  0.53254762 -0.21588155]]
[[ 7.60170817 33.56945868 24.46238042  3.57285773  0.53271036 -0.21576538]]
[[ 7.60720727 33.55297099 24.4669129   3.57265709  0.53299757 -0.21533229]]
[[ 7.62512565 33.53272084 24.47192106  3.5731672   0.53391415 -0.21432896]]
[[ 7.63658665 33.51726842 24.47311921  3.57351489  0.5352998  -0.21356909]]
[[ 7.64515448 33.50418344 24.47581259  3.57367307  0.53564322 -0.21288542]]
[[ 7.65073476 33.49307621 24.47814891  3.57382433  0.53611658 -0.21265229]]
[[ 7.64553576 33.4917314  24.48498429  3.57484294  0.53875027 -0.21205157]]
[[ 7.63877327 33.49358781 24.49874786  3.57602395  0.54145682 -0.2117734 ]]
[[ 7.63126724 33.49448206 24.50525517  3.57689339  0.54365087 -0.2116339 ]]
[[ 7.62828657 33.49214607 24.518009    3.57790082  0.54539336 -0.21144483]]
[[ 7.62093984 33.49218346 24.53134344  3.57872458  0.5470439  -0.21123097]]
[[ 7.61976079 33.49524819 24.53897984  3.57937948  0.54794826 -0.21145059]]
[[ 7.61329202 33.49406677 24.55076593  3.57986641  0.54885964 -0.21115214]]
[[ 7.61335771 33.49478559 24.57020565  3.5802193   0.54879004 -0.21106848]]
[[ 7.60564764 33.49457714 24.5680894   3.58079424  0.54968412 -0.21114296]]
[[ 7.60434465 33.49266907 24.57451797  3.5810783   0.5500625  -0.21114114]]
[[ 7.60482973 33.49361865 24.58123509  3.58144323  0.5504644  -0.21114716]]
[[ 7.60205294 33.49331737 24.58811825  3.58173382  0.55111037 -0.21100358]]
[[ 7.60010377 33.48935727 24.59373975  3.58194109  0.55101443 -0.21090354]]
[[ 7.6000496  33.48872586 24.59821185  3.58194898  0.55094114 -0.21078946]]
[[ 7.602503   33.4906079  24.59135771  3.58167396  0.5508675  -0.21113835]]
[[ 7.60206919 33.48934475 24.58917807  3.58171801  0.55084078 -0.2111118 ]]
[[ 7.59903823 33.48987182 24.59690197  3.58173681  0.55113423 -0.21109415]]
[[ 7.6002674  33.48836706 24.59871844  3.58183218  0.55135465 -0.21115506]]
[[ 7.59723935 33.48764211 24.60529265  3.58210604  0.55181801 -0.21098166]]
[[ 7.59267186 33.48726099 24.60905154  3.58237037  0.55241649 -0.2109823 ]]
[[ 7.59364424 33.49106472 24.61827402  3.58272074  0.55257001 -0.2110723 ]]
[[ 7.59056748 33.48713067 24.61938428  3.58275254  0.55273396 -0.2109575 ]]
[[ 7.58799116 33.4826705  24.6167182   3.58244683  0.55280048 -0.21095267]]
[[ 7.58701768 33.4791602  24.61814475  3.58226993  0.55256857 -0.210963  ]]
[[ 7.58433394 33.48298528 24.61874445  3.58239675  0.55283663 -0.21101687]]
[[ 7.58751978 33.48277298 24.61761924  3.58254703  0.55277919 -0.21109911]]
[[ 7.59002049 33.47974892 24.61486534  3.58244471  0.55262616 -0.21108474]]
[[ 7.59145866 33.47455426 24.61930766  3.58202527  0.55216446 -0.21101711]]
[[ 7.58896356 33.47104938 24.61282792  3.58152603  0.55194754 -0.21101705]]
[[ 7.58611975 33.46583916 24.61058141  3.58123264  0.55213879 -0.21096735]]
[[ 7.58727148 33.46840845 24.61353587  3.58139892  0.55206763 -0.21108188]]
[[ 7.59019334 33.46945966 24.61986169  3.58162283  0.55181121 -0.21103097]]
[[ 7.59065546 33.47105771 24.61711231  3.5815566   0.55191948 -0.21116856]]
[[ 7.58795205 33.46851832 24.61538913  3.58103801  0.55203513 -0.211091  ]]
[[ 7.5863749  33.46253955 24.60773662  3.58058637  0.55174512 -0.21119019]]
[[ 7.58541892 33.45969867 24.59976743  3.58031132  0.55187268 -0.21130602]]
[[ 7.58437413 33.45842938 24.60059916  3.58045135  0.55161195 -0.21123079]]
[[ 7.58600697 33.45913829 24.60487823  3.58071123  0.55178166 -0.21136523]]
[[ 7.58518176 33.45935835 24.61164192  3.58059414  0.55146621 -0.21135547]]
[[ 7.58462441 33.45599481 24.60525822  3.58033209  0.55147738 -0.21122966]]
[[ 7.58314919 33.45249796 24.59828334  3.58006536  0.55154352 -0.21130449]]
[[ 7.58100053 33.45276202 24.60119056  3.57996632  0.55167569 -0.21124986]]
[[ 7.58074686 33.45440136 24.60306086  3.58001591  0.55182246 -0.21125145]]
[[ 7.58374033 33.45377177 24.60943876  3.58018135  0.55155754 -0.21110617]]
[[ 7.5811196  33.4524804  24.61195285  3.58018923  0.55186006 -0.21108285]]
[[ 7.58122282 33.44911516 24.60893264  3.57998695  0.55162654 -0.21121978]]
[[ 7.58325034 33.44601635 24.60729312  3.57987967  0.55135795 -0.21125081]]
[[ 7.57554859 33.45005335 24.5881588   3.58042462  0.55255896 -0.21116958]]
[[ 7.56838902 33.45228144 24.57816     3.58052228  0.55354947 -0.21125359]]
[[ 7.5703787  33.45176202 24.56721962  3.58053757  0.55342223 -0.21146212]]
[[ 7.57624403 33.44527663 24.5480057   3.57967138  0.55233537 -0.21135135]]
[[ 7.57503898 33.44371638 24.54520609  3.57932147  0.55163892 -0.21147856]]
[[ 7.57421494 33.44132431 24.54028352  3.57906013  0.55119564 -0.21138431]]
[[ 7.57786611 33.43842434 24.52731322  3.57868522  0.55106094 -0.21143795]]
[[ 7.57524136 33.44274351 24.54010838  3.57945173  0.55198065 -0.21145765]]
[[ 7.57022409 33.44081997 24.55771166  3.57992169  0.55227669 -0.21109733]]
[[ 7.56348708 33.44606078 24.57635704  3.58081482  0.55381419 -0.21124328]]
[[ 7.54804613 33.45395739 24.61331867  3.58304675  0.55696513 -0.21078511]]
[[ 7.53858544 33.46311113 24.65653828  3.5847924   0.55911306 -0.21072259]]
[[ 7.53106089 33.46914747 24.68073407  3.58595742  0.56102167 -0.21063828]]
[[ 7.53240062 33.46873275 24.66888833  3.58567781  0.56069429 -0.21074474]]
[[ 7.54258583 33.46231347 24.65053269  3.58427317  0.55872226 -0.210878  ]]
[[ 7.54925393 33.4563353  24.6345395   3.58319801  0.5572479  -0.2108194 ]]
[[ 7.56129716 33.44695922 24.5870295   3.58099325  0.55473738 -0.21113417]]
[[ 7.57359946 33.43911959 24.56485107  3.57937522  0.55213265 -0.21113363]]
[[ 7.57878677 33.4291195  24.52954921  3.57745849  0.55015538 -0.21135836]]
[[ 7.57545283 33.43033808 24.53032845  3.57788558  0.55095929 -0.21138212]]
[[ 7.57283937 33.4324845  24.54383861  3.57826657  0.55165044 -0.21126417]]
[[ 7.56841775 33.43929508 24.549013    3.57911868  0.55282859 -0.21128011]]
[[ 7.56763398 33.44237249 24.56929129  3.57992815  0.55352692 -0.21125397]]
[[ 7.56528742 33.44363711 24.58435022  3.58039302  0.55415728 -0.21112568]]
[[ 7.56250763 33.44387394 24.58593111  3.58067531  0.55475213 -0.2109115 ]]
[[ 7.56223224 33.4456683  24.59305709  3.58076751  0.55494791 -0.21106927]]
[[ 7.56268947 33.4474688  24.60044127  3.58101048  0.55501393 -0.21097257]]
[[ 7.56178274 33.448238   24.60011968  3.58107128  0.55516447 -0.21091861]]
[[ 7.56401823 33.44602639 24.60958562  3.58132668  0.55491368 -0.21079842]]
[[ 7.56061081 33.44696337 24.6168781   3.58149888  0.55550983 -0.2107643 ]]
[[ 7.558354   33.44875788 24.61559057  3.58139803  0.55600749 -0.21077064]]
[[ 7.56354763 33.44636268 24.61316966  3.58119359  0.55514287 -0.21100604]]
[[ 7.56660013 33.44456598 24.60819272  3.5809667   0.55445467 -0.21101004]]
[[ 7.56635324 33.44269971 24.6106613   3.58075612  0.55403522 -0.21083594]]
