[[0. 0. 0. 0. 0. 0.]]
[[-1.63059891e-03  7.80895699e-04  1.94254542e-02  4.44099765e-05
   2.65910445e-03  3.31573900e-04]]
[[-0.00213413  0.0005949   0.02251326 -0.00010226  0.00294253  0.00048601]]
[[-2.49440918e-03  9.95888255e-05  2.58198175e-02 -1.83851737e-04
   3.25627430e-03  6.70147186e-04]]
[[-0.00283948  0.00062757  0.0314137  -0.00018952  0.00352502  0.00080598]]
[[-2.19390657e-03 -1.91750263e-05  3.66042352e-02 -8.64652859e-05
   3.82262791e-03  8.77480819e-04]]
[[-1.81699317e-03  8.72365692e-04  3.99644807e-02  3.72286315e-05
   4.18553695e-03  8.95908183e-04]]
[[-0.00040312 -0.00091411  0.04628109  0.00010627  0.00453117  0.00101349]]
[[ 0.00052464 -0.00106461  0.05007615  0.00016057  0.00486413  0.00112781]]
[[3.97353970e-03 2.44539169e-03 5.57152058e-02 5.64059727e-05
  5.11887003e-03 1.21230851e-03]]
[[ 0.00537349  0.00122801  0.05911602 -0.00010809  0.00524768  0.00134128]]
[[ 0.00370134  0.00157628  0.06067733 -0.00078728  0.00538167  0.00169697]]
[[ 0.00391101 -0.00045354  0.06213792 -0.00117404  0.00550195  0.00186498]]
[[ 0.00579891 -0.00469221  0.06548396 -0.00143199  0.00565492  0.00208912]]
[[ 0.00838849 -0.00543787  0.06832216 -0.0017298   0.00588119  0.00226441]]
[[ 0.0090958  -0.00495526  0.07127416 -0.00183125  0.00603687  0.00238643]]
[[ 0.00784251 -0.00631713  0.07545343 -0.00185106  0.00625519  0.00246137]]
[[ 0.00674805 -0.00563827  0.08057492 -0.00184855  0.00639556  0.00253249]]
[[ 0.00680078 -0.00729662  0.082614   -0.0019052   0.00641014  0.00265235]]
[[ 0.00806758 -0.00721603  0.0874056  -0.00180211  0.00653832  0.00269027]]
[[ 0.00646277 -0.00607684  0.08863332 -0.00204219  0.00658952  0.00272871]]
[[ 0.0071904  -0.00497922  0.09094785 -0.00222486  0.00665568  0.00281577]]
