[[0. 0. 0. 0. 0. 0.]]
[[ 0.08593539  0.48604613 -1.20467223  0.10885879  0.00479092  0.00396297]]
[[ 0.08668042  0.49548157 -1.22575013  0.11142911  0.00509801  0.00390536]]
[[ 0.08860658  0.50062838 -1.23932445  0.11303173  0.00521946  0.00397468]]
[[ 0.08857188  0.50764798 -1.24944125  0.1144047   0.00547055  0.0039848 ]]
[[ 0.09072414  0.51302837 -1.26325911  0.11542105  0.0053348   0.00397509]]
[[ 0.09181237  0.51481394 -1.26188435  0.1158363   0.00524304  0.00399936]]
[[ 0.09396568  0.51652332 -1.26818308  0.11638824  0.00541836  0.00399084]]
[[ 0.0933092   0.51549228 -1.26524004  0.11656587  0.00543993  0.00400246]]
[[ 0.09418769  0.51990618 -1.26906633  0.11684347  0.00563414  0.00405135]]
[[ 0.09506416  0.52291255 -1.26892064  0.11693482  0.00528389  0.00400383]]
[[ 0.09582051  0.52475253 -1.26784642  0.11704569  0.00528572  0.00401974]]
[[ 0.09200191  0.52531432 -1.2625973   0.11706192  0.00548796  0.00397728]]
[[ 0.09486348  0.52479247 -1.26174835  0.11704728  0.00542683  0.00403515]]
[[ 0.09407697  0.52713153 -1.2625027   0.11725551  0.00550247  0.00403052]]
[[ 0.09897145  0.53000632 -1.2630855   0.11730974  0.00518358  0.00403047]]
[[ 0.09603782  0.52588302 -1.25252072  0.11707669  0.00544744  0.00397371]]
[[ 0.09230231  0.52890673 -1.25145869  0.11715653  0.00570887  0.00393921]]
[[ 0.09719014  0.5340487  -1.2559085   0.11751803  0.00527844  0.00405517]]
[[ 0.09779539  0.53316304 -1.24664728  0.11720315  0.00529889  0.00401287]]
[[ 0.09365728  0.53283229 -1.24142832  0.11712741  0.00594528  0.00398974]]
[[ 0.09684218  0.53642515 -1.24522367  0.11744411  0.00549957  0.00406803]]
[[ 0.10009025  0.53726851 -1.24496595  0.11748536  0.0050234   0.00402348]]
[[ 0.09681525  0.53308816 -1.23642451  0.1172325   0.00562601  0.00400412]]
[[ 0.09812805  0.53128465 -1.23776342  0.11746944  0.00575704  0.00392003]]
[[ 0.10215118  0.53601857 -1.24112071  0.11768074  0.00519102  0.00394884]]
[[ 0.1032945   0.53533919 -1.23409848  0.11748087  0.00535057  0.00391372]]
[[ 0.10141534  0.53477181 -1.22606886  0.11738798  0.00580643  0.00383291]]
[[ 0.10311264  0.5370128  -1.22554506  0.11757869  0.00574833  0.00382093]]
[[ 0.10593838  0.53940818 -1.22259513  0.11759041  0.00534017  0.00390905]]
