[[0. 0. 0. 0. 0. 0.]]
[[-6.21408337e-03 -1.80191312e-03  2.97270685e-03 -1.24770185e-04
  -2.14765525e-04 -3.02826521e-06]]
[[-6.21548313e-03 -2.04566786e-03  4.80983487e-03 -2.75475112e-04
  -1.22341483e-04  1.55316630e-07]]
[[-8.47257974e-03 -1.13718083e-03  5.10213223e-03 -7.19341121e-05
  -3.30656433e-05 -4.97407956e-05]]
[[-0.01282905 -0.00031965  0.00335298 -0.00095906  0.0037251   0.00035107]]
[[-8.49998180e-03 -6.50175023e-04  6.14091848e-03  1.02088838e-03
  -1.23976434e-03  3.77937943e-06]]
[[-1.66065665e-02 -3.32584650e-04  3.93195859e-03  3.67402757e-03
   3.11395612e-03 -8.71874945e-05]]
[[-0.01574687 -0.00180006  0.00377274  0.00033289  0.00438002 -0.00019607]]
[[-0.01326166  0.00336344  0.00839455  0.00677315 -0.00013144 -0.00056804]]
[[-0.01102051  0.00581338  0.00728946  0.01075274 -0.00299799 -0.00087521]]
[[-0.00195887  0.00113608  0.00521231  0.00808383 -0.01171082 -0.00110895]]
[[-0.01017309 -0.01084539  0.01499361 -0.00805872  0.00208381  0.00034815]]
[[-7.93690221e-03  4.60077108e-04  2.63658611e-03  1.28052058e-03
  -1.43573799e-03 -9.59920099e-05]]
[[ 0.00900101  0.00798615 -0.00870637  0.0106886  -0.02008635 -0.00116851]]
[[ 5.78505732e-04 -5.48107965e-03 -3.31211564e-03 -3.16032671e-03
  -1.02234556e-02 -4.00085638e-05]]
[[-0.01043432 -0.02278752 -0.00447694 -0.01996223  0.00398421  0.00146504]]
[[-0.00302433  0.00549203 -0.00962134  0.01006308 -0.0103419  -0.00033502]]
[[ 0.00763173  0.00717196 -0.00889311  0.01344276 -0.02020078 -0.00123026]]
[[-0.00675472 -0.01130717 -0.01305669 -0.00852492 -0.00141076  0.00052057]]
[[ 0.00436082 -0.01414095 -0.01326556 -0.01252685 -0.00755101  0.00050152]]
[[ 0.00722286  0.00428485 -0.01996419  0.00616921 -0.01571799 -0.00072166]]
[[ 0.00854506  0.00581737 -0.01932438  0.0056361  -0.01561657 -0.00063101]]
[[ 0.00669847 -0.0114447  -0.01743822 -0.0111073  -0.00909646  0.00045926]]
