[[-0.00952229  0.02451565 -0.00989344 -0.00713903  0.01414068  0.00351849]]
[[-0.00183179  0.01113274 -0.00881594 -0.00547006  0.00843774  0.00146144]]
[[-0.00689232  0.01205244 -0.00117743 -0.00756849  0.00759659  0.00155098]]
[[-0.00783071  0.01520173  0.00231686 -0.00785178  0.00863938  0.00179072]]
[[-0.00892232  0.02050175  0.00961437 -0.00746256  0.00920539  0.0026397 ]]
[[-0.01541163  0.03289012  0.01189885 -0.00642576  0.01262559  0.0049794 ]]
[[-0.02311893  0.04700727  0.01369971 -0.00903857  0.01918601  0.00730782]]
[[-0.02575572  0.0563166   0.01132102 -0.00906491  0.02233627  0.00898338]]
[[-0.03170803  0.06251449  0.00147205 -0.01337391  0.02717027  0.00910674]]
[[-0.02205441  0.04183521 -0.01499623 -0.01252244  0.0223433   0.00574133]]
[[-0.02167961  0.03860359 -0.01331469 -0.01442816  0.02188317  0.00485933]]
[[-0.02219428  0.01660673 -0.00626158 -0.02336167  0.02175621  0.00164934]]
[[-0.03918088  0.03422689  0.00878614 -0.03025999  0.02962658  0.00379805]]
[[-0.02813179  0.03319629 -0.00568864 -0.02259842  0.02546571  0.00351358]]
[[-0.01577782  0.01590994 -0.01613991 -0.02202661  0.02430007  0.00198217]]
[[-0.06403656  0.03227072  0.01436443 -0.06159483  0.05807491  0.00495724]]
[[-0.05908854  0.05301143  0.01420937 -0.04805572  0.04631016  0.00459467]]
[[-0.04508768  0.06218379  0.00404586 -0.03369958  0.03452823  0.00305649]]
[[-0.05766199  0.07434369  0.02408879 -0.02298047  0.02885296  0.00952196]]
[[-0.1220083   0.11774056  0.11631773 -0.06615088  0.07649418  0.02741495]]
[[-0.02944384  0.18680259  2.13203932  0.02800021 -0.05721226  0.03438115]]
[[-0.3241101   0.89593052  6.60806813  0.00989113 -0.1101275   0.13131176]]
[[-0.5201993   1.62781808 11.3499191   0.02875591 -0.16837267  0.25267884]]
[[-5.05883160e-01  1.81217803e+00  1.57401442e+01 -4.56676171e-03
  -2.41858351e-01  2.96162818e-01]]
[[-0.44677607  1.7528464  18.04265935 -0.07532819 -0.27354141  0.30838518]]
[[-0.39974048  1.62626696 18.07147631 -0.10012638 -0.29021714  0.28438017]]
[[-0.31021606  1.31397279 15.79303078 -0.07377401 -0.30157435  0.23334837]]
[[-1.29362821e-01  9.90702209e-01  1.21216675e+01  1.06216889e-02
  -2.72756298e-01  1.83120184e-01]]
[[-0.1114412   0.78409574  8.79877809  0.01126731 -0.19691248  0.13526773]]
[[-9.03489846e-02  5.62750790e-01  5.98812440e+00 -3.62075269e-04
  -1.31677942e-01  9.60085847e-02]]
[[-1.01231091e-01  4.02232051e-01  3.89987029e+00 -2.08702114e-03
  -1.17252062e-01  7.24502507e-02]]
[[-0.05265504  0.03509749  1.5773274   0.05416738 -0.22361975  0.02546387]]
[[-0.06958613 -0.1785589  -1.58160312 -0.07800093 -0.08960936 -0.04901268]]
[[ 0.02483345 -0.40035667 -5.23156904 -0.15010426 -0.0231977  -0.08763237]]
[[ 0.08883355 -0.62352285 -7.81634135 -0.0932495  -0.11757996 -0.09452348]]
[[ 0.06693592 -0.69772954 -9.97948029 -0.17722138 -0.02188216 -0.10095898]]
[[ 3.48467226e-03 -7.48241779e-01 -1.15792427e+01 -2.55182361e-01
   5.61507557e-02 -9.59664595e-02]]
[[ -0.03165063  -0.79498608 -12.54820576  -0.28893384   0.0848925
   -0.09414818]]
[[ -0.09777908  -0.80276079 -13.2524762   -0.32557775   0.11823425
   -0.09506785]]
[[ -0.12037583  -0.82072956 -13.68226777  -0.34507272   0.13480951
   -0.09489625]]
[[ -0.13203148  -0.83753441 -13.77235176  -0.31052001   0.10205519
   -0.09410157]]
[[ -0.16243451  -0.84035369 -13.71339266  -0.26094849   0.04627908
   -0.09253915]]
[[-1.96134683e-01 -8.34688349e-01 -1.36637158e+01 -2.30256238e-01
   1.09815653e-02 -9.43204979e-02]]
[[ -0.21706583  -0.83492601 -13.53809229  -0.18506119  -0.04149582
   -0.09621985]]
[[ -0.23124449  -0.84355062 -13.46520057  -0.14720886  -0.0895409
   -0.09759969]]
[[ -0.2561789   -0.84385561 -13.40878239  -0.11202802  -0.13306601
   -0.09988143]]
[[ -0.27013905  -0.85061045 -13.38655562  -0.07524262  -0.17948614
   -0.09835873]]
[[ -0.25941635  -0.85894336 -13.38446305  -0.04999142  -0.21052347
   -0.09979366]]
[[ -0.27604077  -0.86924513 -13.52356477  -0.03567414  -0.23493267
   -0.10187544]]
[[ -0.29249089  -0.89494513 -14.0014219   -0.05552413  -0.23317201
   -0.11575844]]
[[ -0.27045999  -0.96262216 -14.63705688  -0.07467056  -0.23928606
   -0.12633036]]
[[ -0.21037398  -1.06122993 -15.30835915  -0.09636751  -0.24980172
   -0.1368521 ]]
[[ -0.10562183  -1.19992789 -16.04585224  -0.1067105   -0.27619888
   -0.14371288]]
[[ -0.03702296  -1.31242232 -16.84931661  -0.11966092  -0.2909151
   -0.14498889]]
[[  0.02089905  -1.414455   -17.54181895  -0.09690201  -0.34314742
   -0.14315659]]
[[  0.11455618  -1.56288824 -18.74836853   0.14465972  -0.65358597
   -0.15737711]]
[[  0.2371885   -0.86585748 -18.12939145   0.62086519  -0.84520746
   -0.3006421 ]]
[[  0.45170112  -0.4201066  -14.12386637   0.41657408  -0.35182544
   -0.22327353]]
[[  0.26179217  -0.08016507 -13.46126008   0.458684    -0.25337846
   -0.13454823]]
[[ 3.68730590e-01 -3.60799093e-03 -1.26609222e+01  7.17780668e-01
  -4.25773743e-01 -1.58811912e-01]]
[[ 0.25700951  0.34403731 -9.7033683   0.57883525 -0.24454096 -0.14290566]]
[[ 0.06204662  0.25229194 -7.47085763  0.31339415 -0.06369138 -0.08168999]]
[[ 0.07421589  0.56909683 -7.09056991  0.45212679 -0.12068712 -0.10227925]]
[[ 0.22278001  0.81564077 -6.57541576  0.77090944 -0.34688712 -0.12988949]]
[[-0.03447766  0.41971279 -6.78944151  0.67774584 -0.43324774 -0.06432609]]
[[-0.91692821  1.35178048 -7.32595203  0.33310216  0.0997247  -0.02173349]]
[[-0.97639156  1.45401276 -7.49230287  0.39645009 -0.02506909 -0.05032977]]
[[-0.95110379  1.16707017 -8.21130754  0.27035691  0.02839332 -0.05850219]]
[[-1.02726637  1.18248793 -8.64396102  0.263241   -0.00928928 -0.03408824]]
[[-1.48588935  1.92757748 -9.29896906  0.22010506  0.11538432 -0.01104775]]
[[-1.70639054  2.31201332 -9.9823723   0.2967029   0.05344737 -0.02294572]]
[[ -1.63834556   2.11174804 -10.51283958   0.36896553  -0.03655996
   -0.03145494]]
[[-1.91173534e+00  2.63517118e+00 -1.09264379e+01  3.82740817e-01
  -6.35918794e-03 -2.95361253e-02]]
[[ -2.00189583   2.87509223 -11.24718197   0.36047678   0.03509744
   -0.02410126]]
[[ -1.97894535   2.9133549  -11.42721677   0.39197087   0.02483365
   -0.03305232]]
[[ -2.01085133   2.98248884 -11.54547624   0.39344329   0.03120302
   -0.03762019]]
[[ -2.03602197   3.00082154 -11.67882782   0.37516404   0.0406094
   -0.03780009]]
[[ -2.02728343   2.93981504 -11.77073968   0.35498775   0.04251161
   -0.03681226]]
[[ -1.99909536   2.87739221 -11.78600449   0.34095125   0.04398076
   -0.03627172]]
[[ -2.06126812   2.92290605 -11.76331713   0.30024568   0.06992512
   -0.03420376]]
[[ -2.17116508   3.00257568 -11.79500971   0.24576979   0.1059282
   -0.02929326]]
[[ -2.18781315   2.96878216 -11.98062027   0.24537241   0.09258238
   -0.02720809]]
[[ -1.58410561   2.1785381  -12.54970787   0.65396142  -0.39920155
   -0.06842067]]
[[ -1.49022679   1.562553   -11.60154656   0.58978857  -0.52684949
   -0.11349552]]
[[ -1.3589717    1.5125709  -10.79119216   0.61696345  -0.55708132
   -0.14085764]]
[[-0.98631374  1.07440529 -8.3470374   0.44491584 -0.37298813 -0.07975611]]
[[-0.65311822  0.82492509 -5.7370343   0.3109687  -0.23098237 -0.04077239]]
[[-0.63605105  1.03463194 -7.82523859  0.30060941 -0.07682272  0.02138456]]
[[ -0.81158204   0.8506872  -12.13668946   0.02168975   0.32806821
    0.06910422]]
[[ -1.08006986   0.96201721 -16.15890691  -0.2322121    0.76145182
    0.08959286]]
[[ -1.27311315   0.99325953 -18.98729121  -0.42197604   1.06785885
    0.09974041]]
[[ -1.37480748   0.93993226 -20.96900065  -0.5296784    1.21318151
    0.11507571]]
[[ -1.46095769   0.90727133 -21.9038318   -0.50384705   1.16708369
    0.13013239]]
[[ -1.61534702   1.36062005 -21.8181705   -0.3011174    1.00702129
    0.13388973]]
[[-1.66560807e+00  1.64160530e+00 -2.20781249e+01  4.28377998e-03
   7.20887948e-01  1.51594971e-01]]
[[ -1.63549079   1.61577803 -22.66075292   0.14027261   0.52996711
    0.15833237]]
[[ -1.60029809   1.68675268 -22.6860401    0.23464989   0.44825085
    0.15432423]]
[[ -1.56367205   1.7465011  -22.7474095    0.34662667   0.34579178
    0.15082617]]
[[ -1.59516778   2.03826544 -22.19697352   0.44422367   0.31025882
    0.14342824]]
[[ -1.63286652   2.22885094 -22.01844078   0.54046634   0.25591033
    0.13950588]]
[[ -1.65029074   2.30534081 -22.04464916   0.63250265   0.18769186
    0.13791941]]
[[ -1.81764544   2.37691671 -22.24922456   0.72908878   0.06290778
    0.10672265]]
[[ -2.00184568   1.30837552 -21.81411039   0.99606364  -0.76247153
   -0.02374062]]
[[ -1.92054706   0.40772901 -21.11181263   1.15215407  -1.31826007
   -0.08659556]]
[[ -1.62111957  -0.15092033 -19.21859151   1.29107411  -1.6294752
   -0.16770663]]
[[ -1.09542434  -0.17457208 -16.36151893   1.57834187  -1.7973838
   -0.29877667]]
[[ -0.25687979  -0.47676599 -13.45388504   1.92272201  -2.01701995
   -0.4721982 ]]
[[  0.31189533  -0.69670936 -11.63723332   2.17010109  -2.1836084
   -0.61131488]]
[[  0.45325845  -0.75444915 -10.73216568   2.21798236  -2.22285868
   -0.6708661 ]]
[[  0.38731851  -0.70637962 -10.55602414   2.21448693  -2.24104942
   -0.690453  ]]
[[  0.15522012  -0.59073113 -10.78460046   2.1396406   -2.20945287
   -0.67295024]]
[[ -0.02032303  -0.47250579 -10.86179675   2.05791558  -2.14428436
   -0.65023052]]
[[ -0.08571771  -0.23254376 -10.63874847   2.0736824   -2.0978466
   -0.65078628]]
[[ -0.08518297  -0.13124137 -10.42545378   2.09297775  -2.08145228
   -0.65660609]]
[[ -0.04979973  -0.12264083 -10.27146203   2.10607837  -2.08172194
   -0.6629177 ]]
[[  0.06491863  -0.15523446 -10.04637542   2.16025333  -2.11423934
   -0.68329032]]
[[ 0.20915306 -0.21085385 -9.82986608  2.23628018 -2.17024206 -0.70180096]]
[[ 0.22151881 -0.17675505 -9.82092355  2.27235614 -2.20297745 -0.69794799]]
[[ 8.33253374e-02  6.36252626e-03 -1.00501069e+01  2.26176095e+00
  -2.17172135e+00 -6.80403679e-01]]
[[ -0.12971533   0.1938624  -10.43551378   2.216589    -2.12229176
   -0.65833222]]
[[ -0.19840044   0.30164809 -10.56110083   2.21790733  -2.10560855
   -0.65275134]]
[[ -0.22966614   0.37633815 -10.58976983   2.22319183  -2.09556822
   -0.64849985]]
[[ -0.25795577   0.38984835 -10.64401024   2.20897952  -2.08736509
   -0.64145166]]
[[ -0.2610106    0.42434813 -10.62312755   2.21106336  -2.07976712
   -0.63885457]]
[[ -0.24159966   0.44255976 -10.54202008   2.2160602   -2.07156882
   -0.63843631]]
[[ -0.25117004   0.47196423 -10.51624571   2.20778339  -2.0556863
   -0.63540801]]
[[ -0.27183325   0.4824962  -10.53985374   2.19225997  -2.04085645
   -0.63103769]]
[[ -0.25879322   0.48785131 -10.51398069   2.1983447   -2.04204953
   -0.63202034]]
[[ -0.27036658   0.44701939 -10.75763376   2.22147825  -2.08782947
   -0.634178  ]]
[[ -0.38815224   0.50878331 -11.84144553   2.3818087   -2.26723915
   -0.65755535]]
[[ -0.90573922   1.37131557 -10.99154692   2.09013865  -1.91462902
   -0.58200661]]
[[-0.49684496  0.85065027 -7.5832376   1.35929065 -1.24458293 -0.39155779]]
[[-0.18797357  0.41492804 -5.33063178  0.8981905  -0.78779892 -0.26581065]]
[[-0.05342284  0.45930367 -3.79441672  0.66086097 -0.54519356 -0.17823591]]
[[ 0.01814041  0.22471623 -2.73367879  0.43677253 -0.31321549 -0.12092489]]
[[ 0.07384233  0.07184992 -2.02948443  0.26514061 -0.15388826 -0.08031316]]
[[ 0.108218    0.22762561 -1.50246794  0.23085798 -0.10955833 -0.05154805]]
[[ 0.09210987  0.17231542 -1.19271555  0.13147034 -0.01092751 -0.03025234]]
[[ 0.10698501 -0.05124893 -0.9432452   0.03787666  0.07382157 -0.01845836]]
[[ 0.15787661  0.10610368 -0.77541445  0.08965339  0.02172107 -0.01356788]]
[[ 0.15047688  0.11502271 -0.61280092  0.07179944  0.04956409 -0.00675725]]
[[ 0.14336212 -0.11488319 -0.55289398 -0.01070583  0.10605168 -0.00427885]]
[[ 1.66280218e-01  6.40052340e-02 -4.96697082e-01  2.74482256e-02
   7.32506946e-02 -1.65453656e-04]]
[[ 0.16603968  0.11060707 -0.43328447  0.04396116  0.06741957  0.00156925]]
[[ 0.15647557 -0.12537038 -0.40786849 -0.03374465  0.12594119  0.00196246]]
[[ 0.16680086  0.01960647 -0.36280278  0.00453894  0.09295091  0.00397131]]
[[ 0.17890742  0.13915772 -0.32643357  0.03442812  0.07152607  0.00549216]]
[[ 0.16934867 -0.12547157 -0.327275   -0.04207962  0.13228766  0.00452136]]
[[ 0.1921255  -0.04084951 -0.30195464 -0.0194776   0.11633115  0.00614142]]
[[ 0.1981581   0.1563193  -0.26747411  0.03587968  0.07373889  0.00723621]]
[[ 0.19207835 -0.07235166 -0.26816966 -0.03627338  0.13143465  0.00702476]]
[[ 0.20815032 -0.08078947 -0.2618125  -0.04200173  0.13575697  0.00771855]]
[[ 0.21130758  0.14965837 -0.23158578  0.03412526  0.07721877  0.00782834]]
[[ 0.21091187 -0.02828401 -0.23178709 -0.01177087  0.12254672  0.00729434]]
[[ 0.22267231 -0.16242673 -0.22948834 -0.05816663  0.15991921  0.00781981]]
[[ 0.21991887  0.14602563 -0.19774279  0.03398389  0.08030665  0.00830426]]
[[ 0.18740922 -0.20414953 -0.22181823 -0.06554534  0.15652075  0.00636958]]
[[ 0.29742322 -0.09451012 -0.22898201 -0.08317282  0.18180553  0.0160322 ]]
[[ 0.25268861  0.11644147 -0.18225603  0.01503435  0.10075584  0.01077445]]
[[ 0.24434417 -0.11786386 -0.17987094 -0.05045058  0.15320172  0.00960607]]
[[ 0.20556558  0.03718736 -0.16870646  0.00254631  0.09288573  0.00669239]]
[[ 0.20858283  0.09835383 -0.15681738  0.01967149  0.07967316  0.00756766]]
[[ 0.16256696 -0.11617051 -0.17615979 -0.034792    0.10488081  0.00345981]]
[[ 0.15327442 -0.02281896 -0.16271692 -0.00331658  0.07426881  0.00287796]]
[[ 0.14459458  0.01337913 -0.15507127  0.01301133  0.06083622  0.0020647 ]]
[[ 0.11689498 -0.07180639 -0.15972494 -0.01210962  0.06879631  0.0002625 ]]
[[ 0.11281045 -0.02764039 -0.15292653 -0.00191083  0.05458856  0.00020185]]
[[ 1.13065871e-01 -5.15297765e-03 -1.48146191e-01  5.74659191e-03
   4.64965664e-02  8.42304468e-05]]
[[ 0.09596084 -0.04308163 -0.14654951 -0.0078154   0.0538391  -0.00036698]]
[[ 0.09512147 -0.03778447 -0.1447144  -0.00483495  0.04802499 -0.00075477]]
[[ 0.10316869 -0.01626792 -0.13909973  0.00362544  0.04243444 -0.00067452]]
[[ 0.0929047  -0.03706761 -0.1364472  -0.00623462  0.04856593 -0.00068193]]
[[ 0.09055166 -0.03519765 -0.13615655 -0.00540129  0.04493568 -0.00084684]]
[[ 0.0933419  -0.0317922  -0.13275922 -0.00434969  0.04560324 -0.00072041]]
[[ 0.0966133  -0.03106829 -0.12972735 -0.00182192  0.04275672 -0.00096718]]
[[ 0.09135137 -0.03475006 -0.12720333 -0.00633819  0.04497877 -0.00074694]]
[[ 0.09210727 -0.0268716  -0.12312217 -0.00544075  0.04449808 -0.00050498]]
[[ 0.09752595 -0.02417065 -0.11894    -0.00371197  0.04226913 -0.00067547]]
[[ 0.08222318 -0.02957694 -0.11780946 -0.00910354  0.04361454 -0.00074626]]
[[ 0.0868995  -0.01029789 -0.11263992 -0.00395239  0.03727859 -0.00054963]]
[[ 0.08962365 -0.03427629 -0.10876662 -0.00655102  0.03842137 -0.00116934]]
[[ 0.08143115 -0.03377251 -0.10628138 -0.007885    0.03971223 -0.00111406]]
[[ 0.08279222 -0.02396674 -0.10288142 -0.00556422  0.03950979 -0.00085734]]
[[ 0.08972339 -0.02914029 -0.10072902 -0.00436871  0.03800016 -0.00105732]]
[[ 0.08738528 -0.03137264 -0.09835779 -0.00263308  0.03669985 -0.00136794]]
[[ 0.08206646 -0.03312219 -0.09532316 -0.00613498  0.03774133 -0.00123014]]
[[ 0.08353278 -0.03865199 -0.09317567 -0.00541153  0.03674568 -0.00149761]]
[[ 0.08541194 -0.03282834 -0.09021508 -0.0018163   0.03407817 -0.00174198]]
[[ 0.08651595 -0.01155368 -0.08717354  0.0029857   0.03179944 -0.00134088]]
[[ 0.08652011 -0.03264029 -0.08438977  0.0017781   0.03232589 -0.00193543]]
[[ 0.08186136 -0.05625675 -0.08379701 -0.00582452  0.03439868 -0.00241943]]
[[ 0.08223466 -0.03842853 -0.0788811  -0.0024344   0.03162282 -0.00221007]]
[[ 0.08256993 -0.03762833 -0.08020098 -0.00045315  0.03144454 -0.00228781]]
[[ 0.08109111 -0.04443242 -0.07823008 -0.00156638  0.03149889 -0.00250389]]
[[ 0.080117   -0.04239553 -0.07820896 -0.00265905  0.03159312 -0.00237385]]
[[ 0.07835254 -0.03808136 -0.07818996 -0.00128957  0.02966492 -0.00243688]]
[[ 0.08057696 -0.03751338 -0.07751487 -0.00159515  0.0296188  -0.00239649]]
[[ 0.07840067 -0.04150262 -0.07644208 -0.00319861  0.03004107 -0.00248031]]
[[ 0.0763783  -0.04043468 -0.07477366 -0.004644    0.03061798 -0.00229491]]
[[ 0.08233837 -0.03483044 -0.07237691 -0.00236701  0.03057619 -0.00209097]]
[[ 0.08173453 -0.03596985 -0.07092092 -0.00372502  0.03168003 -0.00187914]]
[[ 0.07563644 -0.03615342 -0.06816626 -0.00609413  0.03296196 -0.00183455]]
[[ 0.07634286 -0.04562551 -0.06419591 -0.00613101  0.03047812 -0.00230107]]
[[ 0.07897996 -0.0388475  -0.06375222 -0.00420791  0.0295529  -0.00215104]]
[[ 0.07611733 -0.02881282 -0.06450265 -0.00062507  0.02917392 -0.00194357]]
[[ 0.07559865 -0.0453943  -0.06496831 -0.0047645   0.03116924 -0.00227681]]
[[ 0.0795428  -0.04192433 -0.06157819 -0.00421852  0.03068173 -0.00209964]]
[[ 0.08203209 -0.03108454 -0.05867559 -0.00203156  0.03222314 -0.0016665 ]]
[[ 0.08294517 -0.04321186 -0.06113484 -0.00364222  0.03358472 -0.00201928]]
[[ 0.08312933 -0.04621544 -0.06024731 -0.00295445  0.03348218 -0.00223418]]
[[ 0.0832085  -0.03884838 -0.0599711  -0.00142064  0.03234677 -0.00199147]]
[[ 0.08426345 -0.04126512 -0.05781576 -0.00267898  0.03369361 -0.0019498 ]]
[[ 0.07973492 -0.04219702 -0.05622404 -0.00328274  0.03313309 -0.00204662]]
[[ 0.0854896  -0.03998361 -0.05511166 -0.00137583  0.03225954 -0.00208403]]
[[ 8.64393001e-02 -3.21344168e-02 -5.30778658e-02  8.92384689e-05
   3.25470188e-02 -1.85258583e-03]]
[[ 0.07762155 -0.04473094 -0.05359663 -0.006644    0.03470134 -0.0020039 ]]
[[ 0.08430423 -0.03906104 -0.05342681 -0.00106276  0.03032835 -0.00214249]]
[[ 0.08191211 -0.03674982 -0.05357132 -0.00217357  0.03106057 -0.00205594]]
[[ 0.07574698 -0.05264927 -0.05309382 -0.00763843  0.03263325 -0.00234596]]
[[ 0.07973842 -0.03961437 -0.04984989 -0.00246305  0.03135064 -0.00211473]]
[[ 0.08526472 -0.03243235 -0.04892271  0.00026161  0.02969792 -0.00202861]]
[[ 0.08143542 -0.03261423 -0.04716402 -0.0026295   0.03239226 -0.00170149]]
[[ 0.07739414 -0.05547906 -0.04928592 -0.00810293  0.03284957 -0.00234046]]
[[ 0.0834257  -0.03401234 -0.04522718 -0.00054776  0.02865371 -0.00214091]]
[[ 0.07669797 -0.03065867 -0.04631479 -0.00188054  0.02945792 -0.00200446]]
[[ 0.07178995 -0.04832106 -0.04754793 -0.00741928  0.02945482 -0.00248454]]
[[ 0.07738372 -0.04010745 -0.0433383  -0.00252945  0.0278678  -0.00237049]]
[[ 0.07610992 -0.03751442 -0.0435435  -0.0036224   0.02917269 -0.00215702]]
[[ 0.07371014 -0.04154289 -0.04363777 -0.00497425  0.02970344 -0.00221113]]
[[ 0.0756038  -0.04403101 -0.04072662 -0.00386732  0.02814756 -0.00242073]]
[[ 0.07440819 -0.03826286 -0.04066466 -0.0043971   0.02835674 -0.00228437]]
[[ 0.07251008 -0.0405017  -0.04255601 -0.00357709  0.02814086 -0.00241674]]
[[ 0.07468215 -0.0413907  -0.03944382 -0.00499198  0.02791565 -0.00238866]]
[[ 0.0740601  -0.03663625 -0.03822095 -0.00516076  0.02870964 -0.00208832]]
[[ 0.07427835 -0.03630595 -0.03935995 -0.00475007  0.0280045  -0.00219045]]
[[ 0.0753454  -0.04189411 -0.03879523 -0.00509308  0.0302904  -0.00219946]]
[[ 0.07726676 -0.03898469 -0.03670291 -0.00195562  0.0281649  -0.00241231]]
[[ 0.07653351 -0.03686941 -0.03817082 -0.0022471   0.02885152 -0.00224945]]
[[ 0.07712171 -0.04459196 -0.03862217 -0.00344699  0.02974735 -0.00233817]]
[[ 0.0746133  -0.04182065 -0.03857263 -0.00415033  0.02916594 -0.00225893]]
[[ 0.07518639 -0.04065677 -0.04093881 -0.0038545   0.0292917  -0.00228528]]
[[ 0.07925094 -0.04154767 -0.0405453  -0.00297942  0.02994373 -0.00216995]]
[[ 0.07665632 -0.01941417 -0.0466163   0.00204347  0.02817173 -0.00177772]]
[[ 0.07135917 -0.04662697 -0.04163505 -0.0055444   0.03261887 -0.00217088]]
[[ 0.07352386 -0.04077546 -0.04571526 -0.0045047   0.03050627 -0.00221463]]
[[ 0.09652578 -0.00288939 -0.01052412  0.02355829  0.01272063 -0.00343284]]
[[ 0.07103685 -0.0958612  -0.0683512  -0.00924208  0.0400835  -0.00272748]]
[[ 0.11122538  0.0948758   0.01485247  0.07920853 -0.02965184 -0.00665806]]
[[0.1665928  0.21585199 0.02706792 0.04219243 0.05237716 0.00867783]]
[[ 0.16439551 -0.07371422 -0.00075772 -0.07335696  0.1198567   0.01003996]]
[[ 0.24456706 -0.11455224 -0.02624741 -0.05547629  0.12900308  0.00914564]]
[[ 0.21835045 -0.06770894 -0.00998996 -0.00891001  0.08831654  0.004507  ]]
[[ 0.20630223 -0.0231384  -0.02025425  0.01419826  0.05875638  0.00221881]]
[[ 0.15908955 -0.10949225 -0.04633073 -0.00983626  0.0590394  -0.00065993]]
[[ 0.12102601 -0.05386419 -0.03749123 -0.00258109  0.04372068 -0.00072814]]
[[ 0.09757206 -0.09373632 -0.04031226 -0.01014622  0.044847   -0.00231474]]
[[ 0.12070402 -0.05527295 -0.03191044  0.0126056   0.02498994 -0.00301833]]
[[ 0.10542764 -0.08724513 -0.04323257 -0.00232878  0.03541555 -0.0027501 ]]
[[ 0.0956915  -0.08528474 -0.04454532 -0.0045556   0.03718593 -0.00295359]]
[[ 0.11215801 -0.0372114  -0.03798373  0.01552592  0.02694545 -0.00271765]]
[[ 0.1093621  -0.09530271 -0.04506159  0.00350249  0.03518941 -0.00374274]]
[[ 0.10523941 -0.05455613 -0.03984805  0.01101858  0.02858871 -0.0031963 ]]
[[ 0.09615559 -0.0684337  -0.04293207  0.00386873  0.03276019 -0.00315562]]
[[ 0.09861755 -0.07356087 -0.04503328  0.00550317  0.03030478 -0.00347794]]
[[ 0.09719576 -0.06331064 -0.04405151  0.00886479  0.02805551 -0.00353851]]
[[ 0.09366975 -0.06788378 -0.04662465  0.00637045  0.03116293 -0.00342957]]
[[ 0.09542712 -0.06220257 -0.04404769  0.00321405  0.03157259 -0.00301869]]
[[ 0.09488355 -0.06390208 -0.04565728  0.00295008  0.03135886 -0.00298221]]
[[ 0.09095977 -0.0611892  -0.04505996  0.00468842  0.0296157  -0.00325819]]
[[ 0.08703802 -0.06171227 -0.04600314  0.00281833  0.02920805 -0.00318553]]
[[ 0.08125863 -0.07164374 -0.04777791  0.00168932  0.02885739 -0.00377873]]
[[ 0.08586042 -0.0584951  -0.04438439  0.00555738  0.02662932 -0.00354526]]
[[ 0.08083554 -0.05602312 -0.04590667  0.0009155   0.02856769 -0.00309278]]
[[ 0.08220284 -0.07228497 -0.04656388 -0.00192832  0.02944889 -0.0034691 ]]
[[ 0.08642931 -0.06244414 -0.04224995  0.00158623  0.02697574 -0.00345293]]
[[ 0.08088453 -0.06197129 -0.04310745 -0.00091493  0.02976254 -0.00326558]]
[[ 0.08480428 -0.05482867 -0.04373075  0.00225001  0.02695069 -0.00329318]]
[[ 0.08232606 -0.05577132 -0.04469724  0.00239166  0.02743789 -0.00338394]]
[[ 0.08018482 -0.05935552 -0.0442426  -0.00093194  0.02785297 -0.00344043]]
[[ 0.08396954 -0.05337488 -0.0423682   0.0002626   0.02662693 -0.00328426]]
[[ 0.08302161 -0.05580197 -0.04261513  0.00054715  0.02672259 -0.00334358]]
[[ 0.08047527 -0.05147132 -0.04214253 -0.00054949  0.02860896 -0.00308193]]
[[ 0.08167431 -0.05668874 -0.04200812 -0.00070197  0.02757146 -0.00326053]]
[[ 0.08026244 -0.06317738 -0.04310103 -0.00312109  0.02810572 -0.00333516]]
[[ 0.08027963 -0.06192254 -0.04210789 -0.00199115  0.02810449 -0.00333766]]
[[ 0.08006365 -0.05334574 -0.04129647 -0.00094751  0.02755731 -0.00315821]]
[[ 0.08011315 -0.06101703 -0.04097717 -0.00207736  0.02773764 -0.00322255]]
[[ 0.07939519 -0.0595842  -0.04180286 -0.00075953  0.02718059 -0.00339039]]
[[ 0.07689076 -0.05866179 -0.04319798 -0.0009105   0.02619467 -0.00346178]]
[[ 0.07792771 -0.06358383 -0.04598827 -0.00091148  0.02544024 -0.00366099]]
[[ 0.0810242  -0.05780224 -0.04525853  0.00125153  0.02593114 -0.00342492]]
[[ 0.08140028 -0.06045775 -0.04527965  0.00228395  0.02633776 -0.00362821]]
[[ 0.07925597 -0.07064872 -0.04856439 -0.0014957   0.02913382 -0.00374217]]
[[ 0.09473521 -0.04718222 -0.01712755  0.01682873  0.00766456 -0.00487109]]
[[ 0.09267247 -0.00951389 -0.02107723  0.02830609  0.00763014 -0.00433212]]
[[ 0.07858599 -0.0987876   0.00314377 -0.00728298  0.02838735 -0.00393314]]
[[ 0.08780321 -0.03688654 -0.02759648  0.00880283  0.00615525 -0.00384554]]
[[ 0.04897112 -0.05612067 -0.05579685 -0.01784649  0.02877018 -0.00266013]]
[[ 0.04808463 -0.01963604 -0.03718769 -0.00632149  0.02231345 -0.00223134]]
[[ 0.07793748 -0.03027646 -0.05224861  0.01128399  0.01106119 -0.00398319]]
[[ 0.09662115 -0.08213436 -0.05406226  0.00793782  0.01298879 -0.00526172]]
[[ 0.09105385 -0.08115356 -0.05123166  0.0058924   0.0157456  -0.00504344]]
[[ 0.07997402 -0.06554822 -0.04919379  0.00247473  0.02041981 -0.0040945 ]]
[[ 0.07543562 -0.07739838 -0.05154176 -0.00489087  0.02856688 -0.00352661]]
[[ 0.08430784 -0.07172163 -0.04907472  0.00295318  0.02392672 -0.00394692]]
[[ 0.08049915 -0.07539955 -0.05299722  0.00299201  0.02606849 -0.00405573]]
[[ 0.08078943 -0.07155884 -0.05798427  0.00449667  0.02860047 -0.00379089]]
[[ 0.08917363 -0.06468143 -0.05849972  0.00687234  0.02799296 -0.00370415]]
[[ 0.08057267 -0.09163555 -0.06465497  0.00107856  0.03305647 -0.00421744]]
[[ 0.10325148 -0.03332754 -0.0570959   0.02164747  0.02060391 -0.00353047]]
[[ 0.08958437 -0.08891737 -0.06470252  0.00301192  0.03456246 -0.00379539]]
[[ 0.0860316  -0.06973618 -0.06368917  0.00490102  0.03031439 -0.00364108]]
[[ 0.09023052 -0.07118855 -0.0657231   0.00833298  0.02942102 -0.00390228]]
[[ 0.08812144 -0.07903674 -0.06948564  0.00644193  0.03053123 -0.00400982]]
[[ 0.08884076 -0.07589612 -0.06763595  0.00685251  0.03103808 -0.00385744]]
[[ 0.08707207 -0.06814071 -0.06937847  0.01044519  0.02941087 -0.00398092]]
[[ 0.0874826  -0.07258096 -0.06987535  0.00929708  0.0296334  -0.00404793]]
[[ 0.09326952 -0.07310835 -0.0637375   0.01110462  0.02889801 -0.00414953]]
[[ 0.09379414 -0.06453564 -0.06320369  0.01019271  0.03126969 -0.00359728]]
[[ 0.0886777  -0.07490139 -0.06529532  0.00818068  0.03198349 -0.00385818]]
[[ 0.09006738 -0.07958789 -0.06684777  0.00675121  0.03252381 -0.00397356]]
[[ 0.09466005 -0.07612019 -0.0644645   0.00835156  0.03190638 -0.00399166]]
[[ 0.09400897 -0.06686754 -0.06457003  0.01058295  0.03052943 -0.00393142]]
[[ 0.08728797 -0.07036887 -0.06402236  0.00665054  0.03248711 -0.00363981]]
[[ 0.09089104 -0.0807135  -0.06293821  0.00606964  0.03181152 -0.00402923]]
[[ 0.08722081 -0.06918449 -0.06207029  0.0065704   0.03197993 -0.00361805]]
[[ 0.08672886 -0.07590197 -0.0662913   0.00368134  0.03377733 -0.00365267]]
[[ 0.09158017 -0.06581166 -0.06369425  0.00949611  0.02971452 -0.0037123 ]]
[[ 0.09116405 -0.06058488 -0.06469882  0.00730381  0.03023744 -0.00340771]]
[[ 0.08771296 -0.05486632 -0.06429982  0.00633169  0.03146846 -0.00302842]]
[[ 0.09181472 -0.06302015 -0.06415707  0.00512478  0.03080714 -0.00332691]]
[[ 0.09371114 -0.06050141 -0.06057082  0.00629473  0.03189208 -0.00318207]]
[[ 0.08939927 -0.06458174 -0.06316294  0.00308724  0.03393541 -0.00310315]]
[[ 0.08913766 -0.06437088 -0.06082646  0.00118627  0.03493324 -0.00296018]]
[[ 0.09382389 -0.068865   -0.06031468  0.00454266  0.03272795 -0.00333788]]
[[ 0.08782325 -0.06912674 -0.05903584  0.00062407  0.03495512 -0.0031007 ]]
[[ 0.09571569 -0.05916592 -0.05609185  0.00363801  0.0328645  -0.0030293 ]]
[[ 0.09217296 -0.06367236 -0.05441829  0.00177876  0.03268757 -0.00313735]]
[[ 0.09160094 -0.05681887 -0.05525754  0.00103171  0.03330018 -0.00276894]]
[[ 0.09351172 -0.04719961 -0.05346465  0.00302932  0.02988361 -0.00275206]]
[[ 0.09095462 -0.05545629 -0.05389373 -0.00014273  0.03185677 -0.00271008]]
[[ 0.08793059 -0.05926986 -0.05771394 -0.00273184  0.03159653 -0.00282535]]
[[ 0.09210727 -0.04945211 -0.05437552 -0.00098717  0.03251247 -0.00245475]]
[[ 0.09620305 -0.02800707 -0.05415402  0.00554243  0.027594   -0.0022852 ]]
[[ 0.08659383 -0.09071718 -0.06135059 -0.01278431  0.03923824 -0.00295836]]
[[ 0.10311657 -0.05600569 -0.05988444  0.0011058   0.02693817 -0.00297465]]
[[ 0.10484429 -0.03791605 -0.05330533  0.00666775  0.02445782 -0.00279083]]
[[ 0.09852705 -0.09660462 -0.06107831 -0.00143248  0.03327482 -0.00425905]]
[[ 0.10829325  0.01370949 -0.05851721  0.02056026  0.02767379 -0.00109709]]
[[ 0.1357302   0.03391246 -0.05754182  0.03186886  0.0286839  -0.00054976]]
[[ 0.13296814 -0.11019159 -0.06286943  0.00423526  0.05408859 -0.00276927]]
[[ 0.11634597 -0.03652715 -0.04994704  0.00916142  0.0418735  -0.00111104]]
[[ 0.09538923 -0.0731632  -0.05434714 -0.00534036  0.04413293 -0.00206533]]
[[ 0.09050419 -0.03092957 -0.04291898 -0.00649706  0.03835368 -0.00073075]]
[[ 0.0957219  -0.12146459 -0.05326801 -0.02358068  0.05811361 -0.00164637]]
[[ 0.09795627 -0.0325276  -0.04287154  0.00372003  0.03671743 -0.00134319]]
[[ 0.09581032  0.00688659 -0.04235981  0.01257237  0.03171052 -0.00079272]]
[[ 0.08322862 -0.05774468 -0.04769929 -0.01074333  0.04674217 -0.00091354]]
[[ 0.07881716 -0.04285837 -0.11218262 -0.00543758  0.03802689 -0.00162526]]
[[ 0.04490048  0.01337222 -0.02631968 -0.01553902  0.03739515  0.00057769]]
[[ 4.25304280e-02  1.40660449e-03 -4.24310286e-02 -1.70476905e-02
   3.53675454e-02  4.46322240e-05]]
[[ 0.06825651 -0.04733577 -0.04439354 -0.00868146  0.02337973 -0.00257091]]
[[ 0.04910324  0.00585308 -0.06681576 -0.01160273  0.02989284 -0.00025225]]
[[ 0.04607891 -0.01688122 -0.05224916 -0.01547849  0.03286802 -0.00091166]]
[[ 0.05496899 -0.03752134 -0.0583538  -0.01586092  0.03027881 -0.00164272]]
[[ 0.06283738 -0.04847398 -0.06388423 -0.01233658  0.02967411 -0.00235513]]
[[ 0.07676302 -0.03555831 -0.05047685 -0.00489057  0.02642658 -0.00227021]]
[[ 0.07986272 -0.02699487 -0.04472101 -0.00019406  0.02620802 -0.00220151]]
[[ 0.08255399 -0.03277205 -0.05651433 -0.00053907  0.02961065 -0.00217682]]
[[ 0.08173491 -0.04484073 -0.05839894 -0.00546879  0.03308386 -0.00208833]]
[[ 0.08681877 -0.03405804 -0.05390075 -0.00306839  0.03344043 -0.00168552]]
[[ 0.09410766 -0.03539782 -0.05114977 -0.00078619  0.03328393 -0.00170053]]
[[ 0.09524581 -0.04830422 -0.05173824 -0.00419293  0.03563027 -0.00199483]]
[[ 0.08456855 -0.05728737 -0.05889053 -0.01014136  0.03931268 -0.0018793 ]]
[[ 0.09973331 -0.04938282 -0.053845   -0.00331806  0.0324806  -0.00236851]]
[[ 0.10152281 -0.06761289 -0.06459071 -0.0028619   0.03154026 -0.00308541]]
[[ 0.09852249 -0.03272987 -0.05053391  0.00080634  0.03042077 -0.0020304 ]]
[[ 0.08934036 -0.03030345 -0.04947163 -0.0080781   0.03865834 -0.00089083]]
[[ 0.08680521 -0.06744122 -0.05983821 -0.01594226  0.04291484 -0.00161904]]
[[ 0.11662218 -0.00715001 -0.05417344  0.00715817  0.02526846 -0.00146516]]
[[ 0.09526296 -0.06183007 -0.06134476 -0.01448339  0.0424377  -0.00152084]]
[[ 0.09853733 -0.04110303 -0.05114022 -0.01028913  0.03735661 -0.00120232]]
[[ 0.09103152 -0.05430757 -0.06208016 -0.0126646   0.03626249 -0.00185893]]
[[ 0.09217187 -0.0377386  -0.05901514 -0.01232467  0.03685984 -0.00118597]]
[[ 0.0877978  -0.02690999 -0.05570396 -0.01218909  0.03792231 -0.00072354]]
[[ 0.09580073 -0.01022311 -0.05333365 -0.00245078  0.03290391 -0.00083516]]
[[ 0.05285614 -0.01742255 -0.05339868 -0.02664102  0.04100348  0.00015341]]
[[ 0.02781307  0.03867764 -0.03412878 -0.02956114  0.03875217  0.00197693]]
[[ 0.04784806 -0.01399863 -0.02625896 -0.02846412  0.0307183  -0.00049109]]
[[ 0.02793584  0.00410825 -0.05573013 -0.03611276  0.03967237  0.00096227]]
[[ 0.05334823  0.01202641 -0.05313284 -0.02308591  0.02748852  0.00035905]]
[[ 0.05819268 -0.06304125 -0.05172376 -0.03217855  0.04058591 -0.00122837]]
[[ 0.07911074 -0.00302367 -0.08101569 -0.00876568  0.02545542 -0.00102272]]
[[ 0.06622942  0.00105277 -0.0479252  -0.01855545  0.03301829  0.00016052]]
[[ 0.08629266 -0.04305667 -0.04781904 -0.01480932  0.02956038 -0.00167113]]
[[ 0.09441581 -0.0412188  -0.04876782 -0.01007367  0.02258475 -0.00243204]]
[[ 0.09006393 -0.0147641  -0.04821603 -0.00823555  0.02627254 -0.0012994 ]]
[[ 0.07089181 -0.01751228 -0.04730056 -0.01675131  0.03438114 -0.00062407]]
[[ 0.08459054 -0.04052831 -0.05456946 -0.01647448  0.03247331 -0.00147523]]
[[ 0.09456069 -0.02758534 -0.05062695 -0.00848577  0.02895548 -0.00142708]]
[[ 0.09078923 -0.03520854 -0.05235161 -0.01093601  0.03173547 -0.00142534]]
[[ 0.08714952 -0.03257452 -0.05515966 -0.01334738  0.03351194 -0.0012602 ]]
[[ 0.09009399 -0.02530636 -0.0510263  -0.00969022  0.03176014 -0.00133766]]
[[ 0.08823779 -0.02759683 -0.05289621 -0.01142889  0.03312537 -0.00123375]]
[[ 0.08813739 -0.02566531 -0.0517347  -0.01219422  0.03271666 -0.00109291]]
[[ 0.07471506  0.01395041 -0.05734488 -0.00803448  0.03302103 -0.00021506]]
[[ 7.24020329e-02 -6.01643492e-03 -5.93460723e-02 -1.71853311e-02
   3.83307587e-02  8.09044585e-05]]
[[ 0.08572907 -0.06305793 -0.0642564  -0.01936899  0.03392481 -0.00199876]]
[[ 0.0912567  -0.02902151 -0.05827461 -0.00853129  0.02617929 -0.00199525]]
[[ 0.08832332  0.02068846 -0.05231497  0.00098843  0.02335498 -0.00087978]]
[[ 0.0831773   0.00286505 -0.0517735  -0.00829759  0.03512319 -0.00020342]]
[[ 0.08339691 -0.00952173 -0.06295784 -0.01599867  0.04018037  0.00035988]]
[[ 0.08097441 -0.0483304  -0.05474347 -0.02179541  0.04244127 -0.00036584]]
[[ 0.07151326 -0.03399561 -0.06635378 -0.02371665  0.04687898  0.00014093]]
[[ 0.08709525  0.01958955 -0.06033325 -0.00721881  0.03288585  0.00059807]]
[[ 0.07440655 -0.06333068 -0.06719729 -0.03133387  0.05212548 -0.0001512 ]]
[[ 0.08736843  0.00697417 -0.03820075  0.0004707   0.02451862 -0.00136763]]
[[ 0.08490506  0.0017424  -0.05656626 -0.00805709  0.03436269  0.00012539]]
[[ 0.06627337 -0.05301143 -0.05871519 -0.03036255  0.0400443  -0.00075569]]
[[ 0.07726709 -0.00026485 -0.07921204 -0.01308761  0.02983183 -0.00040379]]
[[ 0.07178021  0.00181975 -0.07021189 -0.01236236  0.02646092 -0.00077256]]
[[ 0.07372999 -0.01767866 -0.04683908 -0.01620885  0.0299165  -0.00101018]]
[[ 0.08519063 -0.01745465 -0.05487565 -0.01247784  0.02669875 -0.00135295]]
[[ 0.07181499 -0.01727861 -0.06215707 -0.01816574  0.03096366 -0.00084409]]
[[ 0.07177021 -0.01387475 -0.06369738 -0.01696113  0.03254493 -0.00069783]]
[[ 0.07619255 -0.01835929 -0.06223963 -0.01664165  0.03187149 -0.00089641]]
[[ 0.08060192 -0.02811189 -0.05939854 -0.01485837  0.03254547 -0.00130527]]
[[ 0.08192584 -0.02114774 -0.06409815 -0.01292922  0.03188773 -0.00121547]]
[[ 0.08095778 -0.0160922  -0.06058905 -0.01281455  0.03447069 -0.00078908]]
[[ 0.08728761 -0.01225541 -0.06343609 -0.00876778  0.03188237 -0.00093889]]
[[ 0.08258122 -0.02697406 -0.06270452 -0.01214056  0.03286679 -0.00134139]]
[[ 0.08050174 -0.02466713 -0.06257987 -0.01248568  0.03128575 -0.00138287]]
[[ 0.08042871 -0.01929481 -0.06121843 -0.01105768  0.03170088 -0.00107714]]
[[ 0.08680309 -0.02752106 -0.06083352 -0.00870424  0.03124215 -0.00151508]]
[[ 0.07720764 -0.03165783 -0.06203947 -0.01420292  0.03377446 -0.00136627]]
[[ 0.07890038 -0.02680491 -0.06154297 -0.01085759  0.03176256 -0.00142311]]
[[ 0.08231529 -0.02782264 -0.06259484 -0.01032891  0.03113723 -0.00146132]]
[[ 0.08004352 -0.02611928 -0.06237963 -0.01050126  0.03142719 -0.00144108]]
[[ 0.07609653 -0.02531808 -0.06269366 -0.0123476   0.0335028  -0.00122375]]
[[ 0.08179838 -0.02715868 -0.06331505 -0.00926936  0.03229171 -0.00148423]]
[[ 0.07958338 -0.02778459 -0.0616716  -0.00845784  0.03241523 -0.00163779]]
[[ 0.07900952 -0.01536587 -0.06354408 -0.00837691  0.03128231 -0.00121199]]
[[ 0.08339061 -0.0214068  -0.06255285 -0.00623838  0.02972148 -0.00154411]]
[[ 0.07957353 -0.03058786 -0.06202684 -0.00915496  0.03427112 -0.00148689]]
[[ 0.07525208 -0.02094732 -0.06086181 -0.01079724  0.03477835 -0.00104317]]
[[ 0.07746134 -0.02747221 -0.06175339 -0.01197502  0.03354896 -0.00135952]]
[[ 0.08194786 -0.02478291 -0.06445293 -0.00628597  0.02902443 -0.00191629]]
[[ 0.07010933 -0.03375804 -0.06717009 -0.01210893  0.03197497 -0.00189717]]
[[ 0.07252072 -0.03036415 -0.06712077 -0.01256152  0.03215045 -0.00169852]]
[[ 0.07161701 -0.02688265 -0.06631461 -0.01121817  0.0307278  -0.00188779]]
[[ 0.07873636  0.01537261 -0.06704472 -0.00572022  0.02901318 -0.00021402]]
[[ 0.0840218  -0.11522296 -0.07486566 -0.0281221   0.04925134 -0.00238069]]
[[ 0.09552397 -0.05019135 -0.06782409 -0.00766204  0.03410367 -0.00201391]]
[[ 0.12196475 -0.0221935  -0.10342843  0.01960592  0.00523886 -0.00409622]]
[[ 0.07915117 -0.03040625 -0.03353555 -0.00978134  0.03128885 -0.00122732]]
[[ 0.08494996 -0.07991355 -0.0493469  -0.0134811   0.02733669 -0.00326721]]
[[-0.00340128  0.12798203 -0.04344857 -0.03119962  0.05454477  0.00679199]]
[[ 0.081619   -0.03175311 -0.07483031 -0.02715235  0.06077366  0.00233821]]
[[ 0.09360194 -0.07344701 -0.04002633 -0.02383626  0.05296137 -0.0003569 ]]
[[ 0.11954998  0.1311384  -0.01004999  0.03689375 -0.00586805  0.00041256]]
[[0.17435099 0.01468546 0.02033007 0.02015267 0.04528095 0.00166146]]
[[ 0.15198531 -0.13972414 -0.02667573 -0.02688878  0.05095195 -0.00177599]]
[[ 0.1439719   0.01620278  0.00020757  0.00974383  0.01749094 -0.00048457]]
[[ 0.0654419   0.00846891  0.05201844 -0.03893759  0.06215965  0.00440484]]
[[ 0.11238996 -0.11498859 -0.04176629 -0.0472246   0.07163687  0.001725  ]]
[[ 0.10359042  0.06973994 -0.02238118 -0.00422524  0.03885926  0.00349565]]
[[ 0.09017642 -0.06738724 -0.00970489 -0.03157882  0.05304474  0.00040573]]
[[ 0.07164604 -0.02912598 -0.00941035 -0.02890831  0.04894931  0.00074425]]
[[ 0.09285554  0.01240484 -0.00994538 -0.00202888  0.02313197 -0.00078624]]
[[ 0.08387138 -0.04885459 -0.00717338 -0.01561132  0.02354197 -0.00264671]]
[[ 0.07555081 -0.05574558 -0.02403706 -0.01763151  0.01894096 -0.00328324]]
[[ 0.03612709  0.02574031  0.00758495 -0.02513508  0.02912593  0.00025734]]
[[ 0.04880646  0.01468372 -0.00308911 -0.018809    0.02230939 -0.00073295]]
[[ 0.05047068 -0.06975079 -0.00925874 -0.03261909  0.03189991 -0.00263731]]
[[ 0.07603785 -0.01784662 -0.00874774 -0.01469012  0.02592139 -0.00179109]]
[[ 0.09760031 -0.0563355  -0.01720345 -0.01748339  0.02595802 -0.00222486]]
[[ 0.07806665 -0.05504973 -0.01542336 -0.0240438   0.03042603 -0.00199414]]
[[ 0.06271072  0.02757678 -0.01322652 -0.01502528  0.02572926 -0.00016976]]
[[ 0.12449131 -0.07455684 -0.01560517  0.00866185 -0.00562283 -0.00707068]]
[[ 0.06248682 -0.05355774 -0.00972587 -0.02746317  0.01792479 -0.00307681]]
[[ 0.05526703  0.01220868  0.00892207 -0.02076979  0.01639957 -0.00115372]]
[[ 6.76637686e-02  2.34589952e-02 -8.32865367e-06 -9.06232293e-03
   1.10142275e-02 -1.74776429e-03]]
[[ 0.08607863 -0.28538752  0.00880099  0.1631936   0.03274404 -0.01961082]]
[[ 0.0770734  -0.24825388  0.26585267  0.09918532  0.0199947  -0.01411662]]
[[ 0.03015898 -0.25678788  0.41381609  0.06275284 -0.00878056 -0.01360847]]
[[-0.01959772 -0.10436698  0.41865994  0.05411379 -0.05163348 -0.00937303]]
[[-0.08202914 -0.13303611  0.40446913  0.04053806 -0.07826138 -0.00962879]]
[[-0.02085353 -0.29865019  0.47516183  0.08587615 -0.04460078 -0.01516039]]
[[ 0.03137079 -0.19934045  0.42241806  0.08358078 -0.01166206 -0.01079261]]
[[ 0.06621858 -0.14733115  0.2559909   0.06160997 -0.00452254 -0.00873609]]
[[ 0.08266303 -0.53270684  0.16670603  0.17432819  0.04471482 -0.01621929]]
[[ 0.56415889 -0.50080358  0.29029601  0.20937885  0.28465211 -0.00180849]]
[[ 0.88076089 -0.66250661  0.38535634  0.31756468  0.4401016   0.00259158]]
[[ 1.15343939 -0.61106808  0.35200166  0.26904227  0.57616719  0.01077756]]
[[ 1.70464178  0.6496327  -0.35221235 -0.23237115  0.84387809  0.11335159]]
[[ 1.57576596  0.57102135 -0.35238776 -0.36912156  0.82364866  0.12132669]]
[[ 1.4492505   0.41989972 -0.26065563 -0.16176352  0.70798203  0.0993821 ]]
[[ 0.99627353  0.35964888 -0.20891387 -0.09659586  0.48424194  0.06874121]]
[[ 0.69154336  0.04207687 -0.17539593 -0.12842808  0.38844792  0.04468448]]
[[ 0.51863122  0.09389318 -0.13252488 -0.08213784  0.27508432  0.03129303]]
[[ 0.3944021   0.15931654 -0.09345739 -0.02431122  0.17804835  0.0207618 ]]
[[ 0.29362773 -0.05178535 -0.08490923 -0.06609409  0.17731202  0.01365859]]
[[ 0.23215495  0.02314549 -0.06841296 -0.0331133   0.12848052  0.01033195]]
[[ 0.1952677   0.10783406 -0.04742217 -0.00340983  0.09077114  0.00905401]]
[[ 0.16291987 -0.07462488 -0.08485529 -0.04088582  0.10228084  0.00482822]]
[[ 0.15400087 -0.06507436 -0.08699995 -0.02173065  0.07719381  0.00210331]]
[[ 0.14758508  0.05391129 -0.07077338  0.01457814  0.04874221  0.00228048]]
[[ 0.12544213 -0.05488845 -0.09450496 -0.01723612  0.0680041   0.001237  ]]
[[ 0.11508359 -0.07337747 -0.10243943 -0.01803394  0.06425178  0.00014431]]
[[ 1.22032459e-01  1.99268688e-03 -1.00436355e-01  8.25311698e-03
   4.34715942e-02 -1.41824210e-05]]
[[ 0.11523856 -0.02280511 -0.10768146 -0.00043966  0.04882437 -0.0001764 ]]
[[ 0.09728704 -0.0604344  -0.1151936  -0.01596671  0.05555946 -0.00066904]]
[[ 0.1038252  -0.02713496 -0.11917477 -0.00560822  0.04818767 -0.00048896]]
[[ 0.11346385 -0.00347979 -0.12095309  0.00568646  0.04360744 -0.00035036]]
[[ 0.12235773 -0.07690871 -0.13978222  0.00807912  0.06013333 -0.00225715]]
[[ 0.10499007 -0.1734611  -0.16285627  0.03343831  0.05969752 -0.00741704]]
[[ 0.11904702 -0.09917707 -0.15489416  0.04045788  0.05160127 -0.0053089 ]]
[[ 0.11519566 -0.07077086 -0.15302946  0.03024362  0.05156802 -0.00364709]]
[[ 0.10325308 -0.09674917 -0.15421436  0.01184624  0.05759587 -0.00343947]]
[[ 0.11039525 -0.08437984 -0.15410649  0.01618255  0.05743966 -0.0032079 ]]
[[ 0.12868469 -0.13102951 -0.18172012  0.060318    0.05958061 -0.00715547]]
[[ 0.10109867 -0.25777062 -0.20277215  0.10525283  0.05618792 -0.01412879]]
[[ 0.10875218 -0.42385534 -0.2270534   0.1593717   0.06835523 -0.02223935]]
[[ 0.15031859 -0.48005394 -0.22447937  0.19898334  0.0827799  -0.02540532]]
[[ 0.20426665 -0.50822428 -0.22029446  0.2284626   0.10013964 -0.02653433]]
[[ 0.2565721  -0.60776822 -0.22844158  0.25521815  0.12915291 -0.02988357]]
[[ 0.31469994 -0.66351764 -0.24676236  0.27559415  0.15708602 -0.03143238]]
[[ 0.38360206 -0.72654195 -0.26349514  0.30978509  0.1846192  -0.03398849]]
[[ 0.40984941 -0.78826407 -0.28184566  0.33689487  0.19548894 -0.03733444]]
[[ 0.40824085 -0.85430465 -0.30226565  0.35582747  0.19901426 -0.04092894]]
[[ 0.38643771 -0.87501082 -0.32425463  0.35979331  0.19229822 -0.04251724]]
[[ 0.36121482 -0.85004146 -0.33629755  0.35559809  0.18119899 -0.04218409]]
[[ 0.35869026 -0.83261285 -0.35006875  0.34785687  0.18055679 -0.04124324]]
[[ 0.36772734 -0.81369355 -0.35118463  0.33334509  0.18659015 -0.03938392]]
[[ 0.38709891 -0.79313398 -0.35014434  0.32633192  0.19281437 -0.0378541 ]]
[[ 0.40753124 -0.77840883 -0.34395768  0.32542807  0.19839431 -0.03692071]]
[[ 0.43569757 -0.77590328 -0.3345899   0.32226127  0.20987616 -0.03595081]]
[[ 0.42417148 -0.72724661 -0.31449343  0.29612944  0.20499093 -0.03297162]]
[[ 0.40603391 -0.64331643 -0.28957975  0.26087594  0.1944216  -0.02838954]]
[[ 0.35878967 -0.53073343 -0.26394549  0.22311195  0.17145193 -0.023446  ]]
[[ 0.27043583 -0.54580218 -0.23814588  0.22044349  0.13390936 -0.0264142 ]]
[[ 0.17692232 -0.55603514 -0.19245567  0.21882701  0.09175189 -0.02930005]]
[[ 0.07725929 -0.58660265 -0.19029406  0.22384705  0.05200759 -0.03355394]]
[[ 0.0450257  -0.49834031 -0.185606    0.19523077  0.0363547  -0.02984376]]
[[ 0.06757798 -0.37526586 -0.16768213  0.14284279  0.0444953  -0.02188313]]
[[ 0.07723438 -0.27554831 -0.16313665  0.09302716  0.05103307 -0.01507348]]
[[ 0.08902232 -0.19278048 -0.15396757  0.06481928  0.04980902 -0.01044693]]
[[ 0.09235069 -0.12485261 -0.14758202  0.04577242  0.05076188 -0.00675633]]
[[ 0.09928791 -0.10176768 -0.1422617   0.03194778  0.05212278 -0.0049507 ]]
[[ 0.1018263  -0.09479651 -0.14537633  0.01998552  0.05187527 -0.00411521]]
[[ 0.10142903 -0.06749437 -0.14123741  0.01372188  0.05231589 -0.00270497]]
[[ 0.11170665 -0.0509733  -0.13927612  0.01377942  0.05099007 -0.00214006]]
[[ 0.10962368 -0.05379847 -0.13831371  0.00506062  0.05383922 -0.00181193]]
[[ 0.10967922 -0.05280044 -0.13536796  0.00205681  0.05562326 -0.00151327]]
[[ 0.11333094 -0.04441382 -0.13097736  0.00325042  0.0558775  -0.00106177]]
[[ 0.11578803 -0.03169931 -0.12971751  0.00341652  0.056219   -0.00053281]]
[[ 0.11421507 -0.03418403 -0.12835466  0.00216434  0.05499391 -0.0006358 ]]
[[ 0.11066371 -0.03882077 -0.13022262 -0.00233545  0.05787227 -0.00039384]]
[[ 0.11307477 -0.02816768 -0.12725092  0.00064525  0.0570655  -0.00019357]]
[[ 0.1158823  -0.02457002 -0.12496764  0.00176168  0.05556715 -0.00019672]]
[[ 0.1115417  -0.03066609 -0.12859094 -0.00032451  0.05678147 -0.00028043]]
[[ 0.1078876  -0.02945851 -0.12785164 -0.00167975  0.05679627 -0.00021343]]
[[ 0.11186652 -0.0265654  -0.12890666 -0.00035323  0.05632873 -0.00018028]]
[[ 1.14616790e-01 -2.02020095e-02 -1.29273751e-01  4.07730139e-04
   5.60223915e-02  2.62708561e-05]]
[[ 1.10603895e-01 -2.44231383e-02 -1.31905124e-01 -2.22043627e-03
   5.73367828e-02  7.05678801e-05]]
[[ 1.09489124e-01 -2.92369034e-02 -1.33655060e-01 -3.42767860e-03
   5.68832125e-02 -1.07595702e-04]]
[[ 1.12635116e-01 -2.07626378e-02 -1.31384421e-01 -1.37422544e-03
   5.60602449e-02  1.21929811e-04]]
[[ 0.10912162 -0.01693592 -0.13161939 -0.00264447  0.05568354  0.00029839]]
[[ 1.09882849e-01 -2.62723501e-02 -1.31824184e-01 -2.42913455e-03
   5.57741875e-02 -5.01461779e-05]]
[[ 1.10964644e-01 -2.86436528e-02 -1.32499737e-01 -2.27944464e-03
   5.65933476e-02 -3.25257516e-05]]
[[ 0.11198225 -0.02004578 -0.13113762 -0.00215777  0.05629915  0.00020765]]
[[ 0.11347051 -0.01829751 -0.12963252 -0.00208913  0.05610418  0.00024852]]
[[ 0.1120666  -0.02388108 -0.13130394 -0.00448841  0.0572243   0.00021995]]
[[ 0.11230299 -0.02344085 -0.13129811 -0.00426626  0.05735821  0.00023014]]
[[ 0.1124508  -0.02182286 -0.13351665 -0.00126698  0.05586641  0.00014644]]
[[ 1.13612623e-01 -2.35661507e-02 -1.34360006e-01 -9.22939576e-04
   5.62572690e-02  5.54945303e-05]]
[[ 1.13671283e-01 -3.09149772e-02 -1.34353335e-01 -1.13131910e-03
   5.78542111e-02 -1.15120114e-04]]
[[ 1.17060064e-01 -3.05696153e-02 -1.37085105e-01 -5.99574937e-04
   5.94517759e-02  8.58259660e-05]]
[[ 1.20062698e-01 -2.62253073e-02 -1.39819840e-01  1.08250621e-03
   5.91704143e-02  1.31048286e-04]]
[[ 0.1195115  -0.02758936 -0.14201986  0.00080675  0.05980902  0.00017105]]
[[ 1.19295200e-01 -3.34044130e-02 -1.42631733e-01  4.98679743e-04
   6.05574732e-02 -6.78517745e-05]]
[[ 1.19333526e-01 -3.35145611e-02 -1.43689935e-01  1.43066079e-03
   6.02852796e-02 -8.52227178e-05]]
[[ 0.12055353 -0.03357568 -0.14435286  0.00440193  0.06007923 -0.00019439]]
[[ 1.22986679e-01 -3.46310696e-02 -1.45802644e-01  3.63656415e-03
   6.15867892e-02 -4.02644659e-05]]
[[ 1.21666973e-01 -3.76102311e-02 -1.47197194e-01  2.11650249e-03
   6.18814344e-02 -9.52240443e-05]]
[[ 1.21116826e-01 -3.43096272e-02 -1.49289436e-01  2.23736145e-03
   6.10210915e-02 -8.62006411e-05]]
[[ 1.21640179e-01 -3.21974743e-02 -1.47693717e-01  3.66195344e-03
   6.04575501e-02 -1.11030676e-04]]
[[ 1.21754133e-01 -3.44242552e-02 -1.49261540e-01  3.22979264e-03
   6.11401013e-02 -1.41291626e-04]]
[[ 0.12082275 -0.03853935 -0.15124498  0.00311753  0.06168391 -0.00022599]]
[[ 0.12199266 -0.03698944 -0.15453786  0.0041365   0.06129546 -0.0002444 ]]
[[ 1.21951661e-01 -3.27486854e-02 -1.55708963e-01  3.21060123e-03
   6.17913328e-02  2.86961340e-06]]
[[ 1.22722547e-01 -3.38886664e-02 -1.53917341e-01  2.99705412e-03
   6.14634919e-02 -5.58297288e-05]]
[[ 1.21665023e-01 -3.53117799e-02 -1.53723690e-01  1.34188657e-03
   6.17709131e-02 -1.32825541e-04]]
[[ 0.12442876 -0.03442475 -0.15567283  0.0028178   0.06132541 -0.00019435]]
[[ 1.27690550e-01 -3.31229597e-02 -1.51547162e-01  2.88529033e-03
   6.28258963e-02  1.15830032e-06]]
[[ 1.25765773e-01 -3.21549461e-02 -1.47907210e-01  1.06246387e-03
   6.29265285e-02  1.05821673e-04]]
[[ 0.12415315 -0.03131372 -0.15583189 -0.00041699  0.06500623  0.0003704 ]]
[[ 0.12483101 -0.02913606 -0.15863937  0.00070683  0.06308441  0.00026016]]
[[ 0.12642327 -0.0308879  -0.16075976  0.00137382  0.06230436  0.00021702]]
[[ 0.12761445 -0.03126943 -0.16113576  0.00109021  0.06357883  0.00028306]]
[[ 0.12656937 -0.03246176 -0.16164216  0.00080922  0.06379671  0.00024343]]
[[ 0.12809959 -0.03277302 -0.16166741  0.00145721  0.06417778  0.00022276]]
[[ 0.12925545 -0.0323805  -0.16079745  0.00284757  0.06387203  0.00017271]]
[[ 0.12897208 -0.03328159 -0.16085497  0.00182645  0.06534431  0.0002685 ]]
[[ 0.13049471 -0.03368162 -0.16183876  0.00192975  0.06545396  0.00028629]]
[[ 0.13017294 -0.03247527 -0.16132314  0.00182611  0.06586205  0.00042662]]
[[ 0.13134494 -0.02704168 -0.16061126  0.00091356  0.06704593  0.00078599]]
[[ 0.13285176 -0.02756039 -0.16048523  0.00071816  0.06638722  0.00067198]]
[[ 0.13284697 -0.02702264 -0.16271633 -0.00089381  0.06842785  0.00091704]]
[[ 1.33729865e-01 -2.42419296e-02 -1.64649802e-01  6.06978744e-08
   6.81222525e-02  9.38133276e-04]]
[[ 0.13501388 -0.0241102  -0.16868701 -0.00123662  0.0687768   0.00107618]]
[[ 0.13447654 -0.0224476  -0.16755678 -0.00225285  0.07011901  0.00130931]]
[[ 0.13364336 -0.02399887 -0.17246883 -0.00071848  0.0685339   0.00096399]]
[[ 0.13393107 -0.02441341 -0.17532201 -0.00048527  0.06886116  0.00105717]]
[[ 0.14018514 -0.02527742 -0.17562501  0.00101832  0.06976168  0.00104149]]
[[ 0.13789983 -0.02920828 -0.1800071   0.00019441  0.07054116  0.00101077]]
[[ 0.13824711 -0.02893944 -0.18239119  0.00129503  0.06924628  0.00087247]]
[[ 0.13671206 -0.02660023 -0.18109845 -0.00028557  0.07062401  0.00107915]]
[[ 0.13522318 -0.02377314 -0.18252827 -0.0005924   0.07058748  0.00115605]]
[[ 0.1364197  -0.02621129 -0.18433267 -0.00041192  0.06890542  0.00094108]]
[[ 0.13340636 -0.0259008  -0.18709461 -0.00028529  0.06779674  0.00080585]]
[[ 0.12911634 -0.02095442 -0.18510969 -0.00098466  0.0669462   0.00093901]]
[[ 0.1276544  -0.02542475 -0.18631779 -0.00043478  0.06535393  0.00063143]]
[[ 0.12850669 -0.02606312 -0.18567821 -0.00119717  0.0654169   0.00067438]]
[[ 0.13012915 -0.0234124  -0.18731781 -0.00116     0.06671591  0.00083539]]
[[ 0.13273801 -0.02472043 -0.18752929 -0.00081406  0.06744607  0.00078861]]
[[ 0.13273557 -0.02380885 -0.18802797 -0.00107681  0.06740682  0.00081613]]
[[ 0.13131134 -0.02204633 -0.1920856  -0.00181484  0.06731245  0.00090139]]
[[ 0.13022405 -0.02201776 -0.1944462  -0.0020704   0.06605308  0.00081557]]
[[ 0.1295647  -0.02024431 -0.19599311 -0.00223971  0.06599999  0.00082837]]
[[ 0.12796841 -0.02176751 -0.19643642 -0.0014947   0.06623925  0.00073853]]
[[ 0.12839463 -0.02180923 -0.20141437 -0.00244288  0.06653457  0.00076381]]
[[ 0.12734644 -0.02393075 -0.20665718 -0.0006545   0.06455656  0.00046489]]
[[-0.03818443  0.00487216 -0.17617692 -0.03676845  0.05636179 -0.00521659]]
[[-0.02937511  0.00816525 -0.17933983 -0.00396411  0.02964292 -0.00889214]]
[[-0.03401487 -0.04897258 -0.17993175  0.00486644  0.02607198 -0.01107284]]
[[-0.01349933 -0.08823357 -0.19736436 -0.0085777   0.04180444 -0.00906299]]
[[ 0.03257083 -0.07113565 -0.20888502 -0.00420772  0.0412948  -0.00682742]]
[[ 0.06920721 -0.03926544 -0.21286345  0.00276542  0.04428595 -0.00446835]]
[[ 0.08089429 -0.03240099 -0.21690919 -0.0025195   0.05219866 -0.00274604]]
[[ 0.08426869 -0.04046485 -0.22209031 -0.00941133  0.05740625 -0.00185406]]
[[ 0.0926053  -0.01019164 -0.19769688  0.00091956  0.05581677  0.00292765]]
[[ 0.10100488  0.00929327 -0.20740971  0.00188241  0.05477246  0.00265666]]
[[ 0.10669142 -0.00900374 -0.21626309 -0.0052871   0.05916656  0.00209426]]
[[ 0.10841553 -0.01966106 -0.21928415 -0.00605847  0.05940713  0.00126774]]
[[ 0.10753832 -0.0077204  -0.22127121 -0.00606423  0.06055046  0.00141282]]
[[ 0.11297369 -0.0009456  -0.22286239 -0.00372072  0.05862168  0.00127957]]
[[ 0.10978095 -0.00348135 -0.22181029 -0.00677528  0.05915104  0.00110011]]
[[ 0.10248443 -0.00853594 -0.22335305 -0.01156154  0.06090242  0.00102164]]
[[ 0.10692033  0.00090141 -0.2214865  -0.00966023  0.05973929  0.00123108]]
[[ 0.10987741  0.00495441 -0.22252422 -0.00659956  0.0572487   0.00102359]]
[[ 0.10559048 -0.00198174 -0.22351397 -0.01022252  0.05995965  0.00100435]]
[[ 0.10182716 -0.00619378 -0.22512291 -0.01041204  0.05884173  0.00074872]]
[[ 0.10209448 -0.00090304 -0.22587014 -0.00850022  0.05708205  0.00079758]]
[[ 0.10126009  0.00425486 -0.22577429 -0.0069653   0.05696717  0.00087514]]
[[ 0.09979036 -0.004883   -0.22662377 -0.00695215  0.05591653  0.00035438]]
[[ 0.1000967  -0.01059523 -0.2264103  -0.00861814  0.05693064  0.00027296]]
[[ 9.74164629e-02  1.06858907e-04 -2.25876251e-01 -7.84808223e-03
   5.63341523e-02  5.28133945e-04]]
[[ 0.1011775   0.00272713 -0.22638014 -0.00650363  0.05636219  0.00063956]]
[[ 0.09860696 -0.00451324 -0.22603205 -0.00894455  0.05611733  0.00045346]]
[[ 0.096667   -0.00584018 -0.2253688  -0.00884612  0.05559868  0.00026722]]
[[ 9.48512903e-02  1.93821367e-04 -2.26110863e-01 -7.66838141e-03
   5.46681926e-02  4.26175769e-04]]
[[ 0.09694113  0.00123086 -0.22690144 -0.00622309  0.05308161  0.00026606]]
[[ 9.42289801e-02 -3.03835558e-03 -2.27380055e-01 -9.38031246e-03
   5.33877063e-02  2.03464702e-04]]
[[ 0.09276813 -0.00390593 -0.22553896 -0.01078542  0.05427309  0.00031057]]
[[ 9.58924086e-02  2.19192206e-07 -2.24743805e-01 -7.67790214e-03
   5.26273716e-02  2.51454115e-04]]
[[ 9.50312044e-02 -1.95453850e-03 -2.28892986e-01 -7.07552608e-03
   5.22818379e-02  1.14950339e-04]]
[[ 9.19448137e-02 -2.66746273e-03 -2.28064592e-01 -9.74827380e-03
   5.24304048e-02  1.32162234e-04]]
[[ 9.06004694e-02 -5.10629908e-03 -2.27833886e-01 -9.43185172e-03
   5.09829290e-02 -6.88483053e-05]]
[[ 9.23516005e-02  1.94937765e-03 -2.27405698e-01 -9.30110709e-03
   5.10889429e-02  1.99115884e-04]]
[[ 0.09369137  0.00372777 -0.22604174 -0.00962595  0.0518286   0.00035263]]
[[ 9.06329913e-02 -2.76110638e-03 -2.28641630e-01 -1.11455828e-02
   5.12374956e-02  1.46960110e-04]]
[[ 9.10685937e-02 -4.51397244e-03 -2.26473562e-01 -9.50460718e-03
   5.12945411e-02 -2.55524478e-05]]
[[ 9.21250419e-02  4.67790226e-04 -2.28926024e-01 -7.82739386e-03
   5.05738431e-02  1.59829761e-04]]
[[ 9.09661068e-02 -4.84173438e-03 -2.29111394e-01 -6.92992405e-03
   5.01529814e-02 -1.60649519e-04]]
[[ 0.089528   -0.00940001 -0.22923715 -0.00734715  0.04989901 -0.00030734]]
[[ 9.08758270e-02 -8.13450082e-03 -2.27812642e-01 -7.74829706e-03
   5.11078680e-02 -1.19089220e-04]]
[[ 9.32555670e-02 -5.47168921e-03 -2.28460411e-01 -5.07566447e-03
   5.02100520e-02 -1.34452413e-04]]
[[ 9.11520157e-02 -7.25448134e-03 -2.28188734e-01 -6.30272162e-03
   4.98944831e-02 -1.99832960e-04]]
[[ 0.08852629 -0.01049548 -0.22667599 -0.00745341  0.0497577  -0.00037897]]
[[ 0.08736207 -0.00785159 -0.22672387 -0.00719115  0.04899567 -0.00040677]]
[[ 0.08925887 -0.00625538 -0.22618672 -0.00562567  0.04818972 -0.00044988]]
[[ 0.08819599 -0.0084454  -0.22507723 -0.00572659  0.04881312 -0.00051874]]
[[ 0.08678033 -0.0085464  -0.22388041 -0.00741277  0.0489084  -0.00051779]]
[[ 0.08960572 -0.00896259 -0.22470913 -0.00677814  0.04943987 -0.00043989]]
[[ 0.0911529  -0.00722812 -0.2252506  -0.0054915   0.04985891 -0.00041943]]
[[ 0.0910112  -0.0092134  -0.2239564  -0.00533342  0.05032595 -0.00042895]]
[[ 0.09169612 -0.01295792 -0.22302197 -0.00542516  0.0512091  -0.00046668]]
[[ 0.09299576 -0.01325245 -0.22357619 -0.00359697  0.05135783 -0.00050169]]
[[ 0.09210015 -0.01244388 -0.22321189 -0.00302311  0.05063792 -0.00058912]]
[[ 0.09159856 -0.01409157 -0.22709617 -0.0034159   0.0506206  -0.00062632]]
[[ 0.09171574 -0.0149885  -0.22551721 -0.00443668  0.05173197 -0.00050327]]
[[ 0.09048757 -0.01355357 -0.22466063 -0.00390469  0.05044745 -0.00058928]]
[[ 0.08974747 -0.01390062 -0.22456137 -0.00208811  0.04898394 -0.00076715]]
[[ 0.09186397 -0.01281279 -0.22383568 -0.00401868  0.05102846 -0.00057757]]
[[ 0.08892283 -0.01393944 -0.22376396 -0.0050423   0.04996985 -0.00069824]]
[[ 0.08881089 -0.01269002 -0.22385431 -0.00466216  0.04957691 -0.00070696]]
[[ 0.09023018 -0.01143563 -0.22496331 -0.00394365  0.04981323 -0.0006255 ]]
[[ 0.08956745 -0.01173367 -0.22453638 -0.00517418  0.04974497 -0.00068255]]
[[ 0.08598115 -0.01135602 -0.22449207 -0.00695687  0.04956995 -0.00061396]]
[[ 0.08517379 -0.00906898 -0.22342739 -0.00550461  0.0473415  -0.00079414]]
[[ 0.08255586 -0.00771875 -0.22369617 -0.00608339  0.04657545 -0.00085104]]
[[ 0.08427751 -0.00845729 -0.22127475 -0.00635111  0.04740912 -0.00080555]]
[[ 0.08176918 -0.010877   -0.22062369 -0.00672742  0.0465845  -0.00096038]]
[[ 0.07981106 -0.00989393 -0.2217934  -0.00539709  0.04522752 -0.00104688]]
[[ 0.07867857 -0.00862329 -0.22377026 -0.00509501  0.04426897 -0.00112512]]
[[ 0.07662008 -0.01178557 -0.22160952 -0.00600207  0.04411434 -0.0012499 ]]
[[ 0.07878017 -0.01193858 -0.21841357 -0.00590107  0.04453453 -0.00118463]]
[[ 0.07771234 -0.00937639 -0.21969789 -0.00563282  0.04407317 -0.00111613]]
[[ 0.07937929 -0.00956426 -0.21462554 -0.0050698   0.04426738 -0.00115586]]
[[ 0.07888397 -0.01459806 -0.21716812 -0.00452352  0.04449506 -0.0012866 ]]
[[ 0.07710074 -0.01574551 -0.216922   -0.00423703  0.04392116 -0.00149635]]
[[ 0.07784329 -0.01188879 -0.21488274 -0.00431346  0.04344967 -0.00140144]]
[[ 0.07729981 -0.01097068 -0.21560129 -0.00526456  0.04354045 -0.00130106]]
[[ 0.07749106 -0.01391131 -0.21613251 -0.00500377  0.04422476 -0.00140128]]
[[ 0.07992794 -0.01499401 -0.21649094 -0.00410463  0.04546343 -0.00128493]]
[[ 0.08073253 -0.01256165 -0.21492774 -0.00395185  0.04514686 -0.00124822]]
[[ 0.07817776 -0.01080983 -0.21528248 -0.00499474  0.04409142 -0.00123084]]
[[ 0.07761207 -0.01364866 -0.21415821 -0.00560818  0.04429071 -0.00130217]]
[[ 0.07679227 -0.01239395 -0.21373566 -0.00583452  0.04385881 -0.0012433 ]]
[[ 0.07736505 -0.01035998 -0.21379652 -0.0052315   0.0430031  -0.00123114]]
[[ 0.07627243 -0.01393406 -0.21615671 -0.0044943   0.04308126 -0.0012703 ]]
[[ 0.07430332 -0.01435494 -0.21607401 -0.00491747  0.04196261 -0.00144396]]
[[ 0.07509062 -0.01271148 -0.2148667  -0.00578538  0.04265314 -0.00132983]]
[[ 0.07677952 -0.01203265 -0.21312769 -0.00489463  0.04245837 -0.00137087]]
[[ 0.07654162 -0.01399353 -0.21160041 -0.00501604  0.04278282 -0.00139843]]
[[ 0.0774557  -0.01553485 -0.21030433 -0.00505522  0.04355495 -0.00139035]]
[[ 0.07806961 -0.01469046 -0.20720954 -0.00509066  0.04342972 -0.00139293]]
[[ 0.08008468 -0.0153585  -0.2048268  -0.00413345  0.04376088 -0.00139015]]
[[ 0.07862019 -0.01640556 -0.20488894 -0.00402995  0.0428388  -0.00153941]]
[[ 0.0759443  -0.01661988 -0.2035784  -0.00509025  0.04349963 -0.00148783]]
[[ 0.07894158 -0.01613888 -0.20248547 -0.00324863  0.04153504 -0.00175195]]
[[ 0.07527353 -0.0151584  -0.20515638 -0.00530919  0.04149846 -0.00169719]]
[[ 0.07203842 -0.01430549 -0.20648747 -0.00583934  0.0415942  -0.00161702]]
[[ 0.07577888 -0.01558337 -0.20456666 -0.00565721  0.04128338 -0.00173519]]
[[ 0.07386609 -0.01449015 -0.20340072 -0.0062726   0.04071951 -0.00169725]]
[[ 0.07128741 -0.01006082 -0.20353451 -0.00691269  0.04085424 -0.00154048]]
[[ 0.07363711 -0.0126677  -0.20178316 -0.00667005  0.04039542 -0.00169171]]
[[ 0.07332975 -0.01217276 -0.20389172 -0.00666096  0.04000303 -0.00167039]]
[[ 0.07143533 -0.01039772 -0.20407065 -0.00695242  0.04074656 -0.00156562]]
[[ 0.07244666 -0.01205218 -0.20439539 -0.00743064  0.04028238 -0.00163678]]
[[ 0.06962477 -0.01160057 -0.20563781 -0.00715681  0.03908684 -0.00170141]]
[[ 0.06853162 -0.00881069 -0.20249025 -0.0075003   0.03964092 -0.00157454]]
[[ 0.06990826 -0.0109286  -0.2041114  -0.00688783  0.03907682 -0.00171985]]
[[ 0.07011928 -0.01308196 -0.20475258 -0.00585096  0.0390933  -0.00176419]]
[[ 0.07187928 -0.01138617 -0.2042377  -0.00652914  0.04106099 -0.00151769]]
[[ 0.07162247 -0.01107019 -0.20542942 -0.00706143  0.04104371 -0.00151856]]
[[ 0.07203941 -0.0110606  -0.20294351 -0.0068183   0.04082302 -0.00153834]]
[[ 0.07391223 -0.00931725 -0.20270789 -0.00722568  0.04197729 -0.00129753]]
[[ 0.07336218 -0.00886853 -0.20300126 -0.00688862  0.04206269 -0.00125101]]
[[ 0.0712847  -0.01155953 -0.20432149 -0.00584658  0.04050613 -0.00154656]]
[[ 0.06931763 -0.01306073 -0.20275319 -0.00634194  0.04035181 -0.00161368]]
[[ 0.06878228 -0.01095725 -0.2042538  -0.00566602  0.03933293 -0.00163543]]
[[ 0.06969809 -0.0128942  -0.20381124 -0.00493997  0.03996962 -0.00173185]]
[[ 0.0711809  -0.01317561 -0.20521799 -0.00480244  0.04122072 -0.0016381 ]]
[[ 0.07445169 -0.01348139 -0.20534024 -0.00491839  0.04318362 -0.00147047]]
[[ 0.07713092 -0.01381679 -0.20549025 -0.00378991  0.04347363 -0.00146006]]
[[ 0.08102236 -0.0150009  -0.20131229 -0.00254751  0.04256989 -0.00156878]]
[[ 0.08206196 -0.0199894  -0.20308663 -0.00308681  0.0435783  -0.00167123]]
[[ 0.08015533 -0.01931593 -0.20495579 -0.00433135  0.04584471 -0.00139075]]
[[ 0.08463781 -0.02088843 -0.20357963 -0.0021958   0.04604781 -0.00149201]]
[[ 0.08761521 -0.02425466 -0.20436954 -0.00087725  0.04610302 -0.00160792]]
[[ 8.81218194e-02 -2.05427841e-02 -2.06021072e-01  7.57552307e-06
   4.73045448e-02 -1.33034465e-03]]
[[ 0.09123894 -0.02811565 -0.20543841 -0.00035364  0.04947463 -0.00140342]]
[[ 0.09260804 -0.03412448 -0.20578376  0.00106917  0.04929377 -0.00166068]]
[[ 0.09183456 -0.02850852 -0.20799182  0.00214578  0.04925207 -0.00150658]]
[[ 0.09404321 -0.02795854 -0.2084487   0.001618    0.05002974 -0.00140127]]
[[ 0.09508924 -0.0304961  -0.20928864  0.00122035  0.05004312 -0.0014767 ]]
[[ 0.0926035  -0.02978943 -0.20780965  0.00037434  0.05118977 -0.00146077]]
[[ 0.09481001 -0.02705048 -0.2073279   0.00112964  0.05158706 -0.0012928 ]]
[[ 0.09934003 -0.02718173 -0.20847565  0.00206287  0.05138352 -0.00129102]]
[[ 0.09621725 -0.03196381 -0.21095637  0.00186099  0.05228679 -0.00136936]]
[[ 0.09707688 -0.03084095 -0.21115354  0.00101483  0.0533697  -0.00122986]]
[[ 0.09689655 -0.02818113 -0.20997295  0.00159383  0.0514543  -0.00132585]]
[[ 0.09625741 -0.02696138 -0.21163816  0.00149349  0.05166854 -0.00122207]]
[[ 0.09208827 -0.02636792 -0.20972036 -0.00039766  0.05075331 -0.0013528 ]]
[[ 9.32531017e-02 -2.92080893e-02 -2.08684488e-01 -7.59818265e-05
   5.02538532e-02 -1.48647292e-03]]
[[ 0.09381297 -0.02771079 -0.21001746  0.00155219  0.05030117 -0.00151662]]
[[ 0.09280397 -0.02656968 -0.21032589  0.00107873  0.05030599 -0.00141527]]
[[ 0.09477135 -0.03033661 -0.20738757  0.00034091  0.0510868  -0.00139049]]
[[ 9.45983926e-02 -2.83908574e-02 -2.02851195e-01 -6.84320210e-05
   5.12606595e-02 -1.36611920e-03]]
[[ 0.09819493 -0.02975097 -0.21002031  0.00214148  0.05171177 -0.00141212]]
[[ 0.09941342 -0.03108259 -0.20711448  0.00153753  0.05207437 -0.00143501]]
[[ 0.09455856 -0.03356229 -0.21074448 -0.00083374  0.04871493 -0.00138536]]
[[ 0.09823777 -0.0704642  -0.2142667  -0.01051322  0.05932426 -0.00143805]]
[[ 0.08791189 -0.0448915  -0.20983246 -0.00530381  0.05066477 -0.00178468]]
[[ 0.09025461 -0.00549608 -0.20499891  0.00548918  0.04502856 -0.00136314]]
[[ 0.08462731 -0.00281857 -0.19591808  0.00047673  0.05085375 -0.00068719]]
[[ 0.07620777 -0.01947959 -0.1963577  -0.00612297  0.05290591 -0.00086884]]
[[ 0.08099589 -0.01421275 -0.19988072 -0.00262119  0.05070883 -0.00083688]]
[[ 0.08307757 -0.00365855 -0.19994108  0.00142392  0.04827522 -0.00077625]]
[[ 0.07950286 -0.020417   -0.19766647 -0.00367789  0.05226793 -0.00100141]]
[[ 0.0820556  -0.02258929 -0.19901053 -0.0024398   0.05249416 -0.0010991 ]]
[[ 0.08604113 -0.00491923 -0.19201317  0.00157009  0.05005281 -0.00066259]]
[[ 6.71585087e-02  3.39210692e-03 -1.77959431e-01 -5.93353268e-03
   5.33191998e-02 -5.12715808e-05]]
[[ 0.06585031 -0.00464613 -0.20227016 -0.01131907  0.06146087  0.00054662]]
[[ 0.08138196  0.0126282  -0.19430003  0.01185235  0.04764636 -0.00103257]]
[[ 0.09972447 -0.02345942 -0.18684941  0.00666616  0.04816671 -0.00150241]]
[[ 0.09683933 -0.04415991 -0.19206346 -0.00465104  0.05659862 -0.00128911]]
[[ 0.0905723  -0.03901528 -0.19787037 -0.00471726  0.0591741  -0.00093433]]
[[ 0.0875826  -0.00152694 -0.18925722  0.00421137  0.05181682 -0.00044722]]
[[ 0.09236888 -0.00834875 -0.19577556  0.00133723  0.05043603 -0.00057897]]
[[ 0.08970196 -0.04213524 -0.19730723 -0.00442367  0.05461125 -0.00145801]]
[[ 0.08766221 -0.02873242 -0.20002457 -0.00154287  0.05227464 -0.00133612]]
[[ 0.10032296 -0.00506128 -0.20545014  0.00507473  0.04775713 -0.00097863]]
[[ 0.0933954  -0.02235466 -0.2016446  -0.00076617  0.0501137  -0.00135601]]
[[ 0.09029348 -0.04586241 -0.21123232 -0.01222349  0.05633717 -0.00115394]]
[[ 0.10181269 -0.00680009 -0.20844211  0.00876972  0.04205641 -0.00175674]]
[[ 0.10300078 -0.02572596 -0.21079123  0.00090489  0.04565627 -0.00163705]]
[[ 0.1375165  -0.06294866 -0.24837911  0.0128113   0.03527183 -0.00342231]]
[[ 0.1143215  -0.11086898 -0.23905338 -0.01315118  0.05073305 -0.00300872]]
[[ 0.0822666  -0.02208641 -0.24152564 -0.01147508  0.04286966 -0.00070322]]
[[ 0.06771066  0.01935439 -0.20531323 -0.01464904  0.04221581  0.00076242]]
[[ 6.35113697e-02 -1.63406585e-02 -2.12320516e-01 -2.44783281e-02
   4.75682235e-02  1.46890630e-04]]
[[ 0.05452375  0.00501884 -0.20585403 -0.01974351  0.04633384  0.00021259]]
[[ 0.06034433  0.0256382  -0.17908102 -0.00991489  0.03690251 -0.0003645 ]]
[[ 0.07482495  0.00578775 -0.19499075 -0.00656383  0.03800753 -0.00101778]]
[[ 0.0607127  -0.03752765 -0.2056549  -0.02327471  0.05069541 -0.00099355]]
[[ 0.06538596 -0.00368316 -0.2040273  -0.01327545  0.04651119 -0.0005612 ]]
[[ 0.0832673   0.01821977 -0.21377159  0.00354223  0.03856278 -0.00095006]]
[[ 0.08526017 -0.02046012 -0.21837016 -0.00522718  0.04525602 -0.00144286]]
[[ 0.08494847 -0.0374596  -0.22540079 -0.01021481  0.05064904 -0.00142505]]
[[ 0.09466011 -0.01622576 -0.23250979 -0.00211215  0.04966372 -0.00103873]]
[[ 0.10230007 -0.01001845 -0.23440386  0.00127723  0.05088817 -0.0007757 ]]
[[ 0.09556848 -0.02792995 -0.23385296 -0.00466455  0.05465547 -0.00103655]]
[[ 0.09262215 -0.02046383 -0.231537   -0.00539963  0.05533159 -0.00071231]]
[[ 9.52296019e-02  5.16174867e-03 -2.33134360e-01  3.95352686e-04
   5.34823176e-02 -1.25670829e-04]]
[[ 9.65965540e-02  2.99229336e-03 -2.34358974e-01 -1.11217844e-03
   5.60593077e-02  1.14180887e-04]]
[[ 9.28257258e-02 -1.34942197e-02 -2.38458467e-01 -8.17419133e-03
   5.94989788e-02 -3.59115010e-05]]
[[ 9.38720789e-02 -8.35325035e-03 -2.38652317e-01 -5.79414950e-03
   5.74623447e-02 -6.26619195e-05]]
[[ 0.09479743  0.0114037  -0.23429854 -0.0016837   0.05552221  0.00039253]]
[[ 9.19563180e-02  3.95107625e-03 -2.37980295e-01 -2.98589681e-03
   5.60374282e-02  2.36375216e-04]]
[[ 8.38965825e-02 -8.63641238e-03 -2.39307020e-01 -8.53266541e-03
   5.76017739e-02 -1.18493693e-05]]
[[ 0.07748057  0.01857006 -0.23709469 -0.00561666  0.05596536  0.00063837]]
[[ 8.87946429e-02  2.72539664e-02 -2.48532775e-01  3.72239926e-03
   4.98466003e-02  2.45810521e-04]]
[[ 0.08337811 -0.01890361 -0.25166674 -0.00828699  0.05417115 -0.00067641]]
[[ 0.07807549 -0.02133931 -0.25045204 -0.01227069  0.05636591 -0.00053118]]
[[ 8.49039683e-02  2.34631437e-02 -2.36382960e-01 -1.18762166e-03
   4.84008887e-02  1.41223991e-04]]
[[ 9.12240866e-02  1.16629914e-02 -2.43022576e-01 -1.49868989e-04
   4.84820444e-02 -2.50702979e-04]]
[[ 0.08826752 -0.0207467  -0.24767087 -0.00837359  0.05046375 -0.00110999]]
[[ 0.08028587 -0.0107927  -0.25547253 -0.00837726  0.04912362 -0.00093447]]
[[ 8.01300051e-02  1.63783724e-02 -2.57667139e-01 -5.29387728e-03
   4.66913253e-02 -1.77049299e-04]]
[[ 0.08406307  0.00796036 -0.25339592 -0.00626916  0.04511097 -0.00060929]]
[[ 0.07410115 -0.01318564 -0.24860695 -0.01211512  0.04646128 -0.00115677]]
[[ 0.06947605  0.00732695 -0.24710545 -0.01004826  0.04618665 -0.00058863]]
[[ 7.31911648e-02  2.80563785e-02 -2.36584317e-01 -6.10373263e-03
   4.43255998e-02 -7.52669929e-05]]
[[ 0.08221722  0.00637243 -0.253013   -0.00242584  0.0422297  -0.00112465]]
[[ 0.07539705 -0.0280139  -0.26446047 -0.01310083  0.04559457 -0.00171022]]
[[ 0.07268606 -0.00284224 -0.25857723 -0.00747708  0.04135713 -0.0013697 ]]
[[ 0.07401085  0.01257869 -0.25653583 -0.00234436  0.03805859 -0.00122442]]
[[ 0.0721726  -0.00945793 -0.2574936  -0.01064359  0.04148855 -0.00142686]]
[[ 0.06948517 -0.01290313 -0.25343637 -0.01284887  0.04220797 -0.00145664]]
[[ 7.06890180e-02  7.38989878e-05 -2.52494761e-01 -9.34929832e-03
   4.00040245e-02 -1.22627980e-03]]
[[ 0.07476923  0.00439765 -0.25340033 -0.00818755  0.03989506 -0.001004  ]]
[[ 0.06985941 -0.00592431 -0.25235672 -0.01004352  0.04076858 -0.00132387]]
[[ 0.06752529 -0.01251935 -0.254261   -0.01313628  0.04234779 -0.00135333]]
[[ 0.0708356   0.00377684 -0.25181026 -0.00816219  0.03978112 -0.00116489]]
[[ 0.07240446  0.00271321 -0.25112711 -0.00718156  0.04014212 -0.00123734]]
[[ 0.06626014 -0.01133018 -0.25532591 -0.01083381  0.04161819 -0.00156772]]
[[ 0.06737008 -0.01007434 -0.25354861 -0.00928974  0.04076003 -0.00164478]]
[[ 0.06870399 -0.00067309 -0.25216744 -0.00693078  0.039698   -0.00149818]]
[[ 0.07090294 -0.00216569 -0.25174803 -0.00582727  0.04044977 -0.0015227 ]]
[[ 0.06755807 -0.014058   -0.25228875 -0.008431    0.04136536 -0.0017295 ]]
[[ 0.06777634 -0.01076663 -0.25074718 -0.00867721  0.04205327 -0.0015166 ]]
[[ 0.06970158 -0.00213271 -0.25028556 -0.00428843  0.04034757 -0.00147406]]
[[ 0.07025175 -0.00825173 -0.25066663 -0.00532347  0.04081813 -0.00161712]]
[[ 0.0667462  -0.01620228 -0.25268391 -0.00747733  0.04201056 -0.00173113]]
[[ 0.06613819 -0.00982532 -0.25408819 -0.00689776  0.04060809 -0.00165419]]
[[ 0.06752789 -0.00430926 -0.25496496 -0.00473001  0.03891844 -0.00166188]]
[[ 0.06702407 -0.00983228 -0.25411652 -0.00544595  0.04067028 -0.00171832]]
[[ 0.06394499 -0.01670605 -0.25792167 -0.00706026  0.04070593 -0.00197499]]
[[ 0.0649962  -0.00841805 -0.25560523 -0.00716456  0.03964451 -0.00175973]]
[[ 0.06789698 -0.00245755 -0.25538939 -0.0053588   0.03981502 -0.00152772]]
[[ 0.06373442 -0.00755833 -0.25581214 -0.0076369   0.03967538 -0.00169749]]
[[ 0.06374315 -0.01233844 -0.25454469 -0.0087325   0.03986239 -0.00179225]]
[[ 0.06408593 -0.00651442 -0.25328459 -0.0076881   0.03897096 -0.00169144]]
[[ 0.06380758 -0.00353579 -0.25153862 -0.00589222  0.03791447 -0.00171197]]
[[ 0.06439496 -0.00744891 -0.24959246 -0.00828405  0.03933686 -0.00171148]]
[[ 0.06088923 -0.01161343 -0.2511241  -0.00893062  0.0383326  -0.00194632]]
[[ 0.06436556 -0.00825661 -0.24946843 -0.00647404  0.03874003 -0.00180148]]
[[ 0.064815   -0.00474536 -0.24859128 -0.00613697  0.038308   -0.00171699]]
[[ 0.06165218 -0.00988472 -0.2477731  -0.007742    0.03776102 -0.00190831]]
[[ 0.06051641 -0.00781802 -0.24823804 -0.01070946  0.03826866 -0.00171443]]
[[ 6.37997642e-02 -1.11421259e-04 -2.47244320e-01 -9.59460630e-03
   3.84622919e-02 -1.37441689e-03]]
[[ 0.06533914  0.00086984 -0.24798136 -0.00961238  0.03877008 -0.00132644]]
[[ 0.06261725 -0.00372426 -0.24847556 -0.01092985  0.03905147 -0.00139552]]
[[ 0.06484007 -0.00274951 -0.24686247 -0.01264903  0.04022508 -0.0012235 ]]
[[ 0.06304684  0.00098304 -0.24601986 -0.01103346  0.03787752 -0.00134729]]
[[ 0.06209842  0.00314524 -0.24499416 -0.01119126  0.03725631 -0.00127947]]
[[ 0.05997688 -0.00226605 -0.24466721 -0.01214397  0.03693534 -0.00144606]]
[[ 0.05815343 -0.00255966 -0.24213335 -0.01232346  0.03624703 -0.00159083]]
[[ 0.05919024  0.00066227 -0.24119763 -0.01067223  0.03590505 -0.00147727]]
[[ 0.06011746  0.00041549 -0.23896298 -0.01096465  0.03581729 -0.00149773]]
[[ 0.05711012 -0.00322591 -0.23775498 -0.01214185  0.03541872 -0.00162745]]
[[ 0.05891239 -0.00061838 -0.23445555 -0.01342982  0.03602511 -0.00145327]]
[[ 0.06151359  0.00294945 -0.23384703 -0.01243499  0.03623773 -0.00130164]]
[[ 0.05999926  0.00184014 -0.23527054 -0.01223016  0.03612315 -0.00134854]]
[[ 0.05539699 -0.00309948 -0.23595401 -0.01219251  0.03447129 -0.00174893]]
[[ 0.05650341 -0.00415804 -0.23592558 -0.01133736  0.03475726 -0.00180934]]
[[ 0.05626193 -0.00217573 -0.23522258 -0.00968002  0.03390262 -0.00184438]]
[[ 0.05749232 -0.0031392  -0.23415226 -0.00996363  0.03461259 -0.00179287]]
[[ 0.05757291 -0.00711977 -0.2370768  -0.01042503  0.03574813 -0.00177786]]
[[ 0.05932398 -0.00504007 -0.23642462 -0.010215    0.03653675 -0.00168841]]
[[ 0.0613836  -0.00166422 -0.235941   -0.01020417  0.03634106 -0.00156587]]
[[ 0.05974034 -0.00477063 -0.23719888 -0.00953739  0.03615968 -0.00178153]]
[[ 0.05626686 -0.00567076 -0.23895709 -0.0105014   0.03517915 -0.00184202]]
[[ 0.05612517 -0.00639042 -0.23897763 -0.00947394  0.03440805 -0.00195903]]
[[ 0.05779818 -0.0048809  -0.23919556 -0.00862883  0.03475825 -0.00191687]]
[[ 0.05713572 -0.00427831 -0.23941873 -0.00993338  0.0350749  -0.00184677]]
[[ 0.05453148 -0.00753167 -0.23957169 -0.00976735  0.03361691 -0.00216686]]
[[ 0.05585776 -0.00642915 -0.24166692 -0.00932897  0.03473761 -0.00198543]]
[[ 0.05589009 -0.00401075 -0.24351517 -0.00893616  0.03471511 -0.00192435]]
[[ 0.05816493 -0.00688234 -0.2429597  -0.00860849  0.03569867 -0.00192496]]
[[ 0.07480838 -0.09542353 -0.22875482 -0.05369821  0.07550752  0.00094429]]
[[ 0.12399133  0.0887267  -0.2237553   0.01993829  0.02051771  0.00043465]]
[[ 0.17727994  0.03635449 -0.22401247  0.00598238  0.08080024  0.00496618]]
[[ 0.25674283 -0.12241335 -0.2282833  -0.12717493  0.19755744  0.01622403]]
[[ 0.22523772  0.1190641  -0.20627623 -0.01886605  0.09617817  0.0117892 ]]
[[ 0.22039482  0.0546913  -0.21454919 -0.0147259   0.09158023  0.00760628]]
[[ 0.11374543  0.03579903 -0.19367669 -0.05153676  0.10735658  0.00900619]]
[[ 0.12524485  0.02607137 -0.22647219 -0.01838215  0.05896382  0.00314675]]
[[ 0.07744756  0.0429336  -0.21216311 -0.02896491  0.0625851   0.00378967]]
[[ 0.09820805 -0.0264299  -0.23223249 -0.01622848  0.04356012 -0.00076374]]
[[ 0.100839   -0.01344571 -0.23160378 -0.00500237  0.03352748 -0.00170339]]
[[ 0.07985316 -0.02075455 -0.22850847 -0.01231083  0.04213584 -0.00148047]]
[[ 0.08807518  0.06042218 -0.22324306  0.01060942  0.03022    -0.00031755]]
[[ 0.11008048  0.02438317 -0.22812743  0.01528358  0.03935437 -0.00079322]]
[[ 0.11965582 -0.10434636 -0.24070908 -0.01345333  0.06187828 -0.00215866]]
[[ 0.10635786 -0.04034432 -0.23190943 -0.00343711  0.046582   -0.00159964]]
[[ 0.09619481 -0.03336774 -0.23561719 -0.00615538  0.04943668 -0.00118319]]
[[ 0.09168152 -0.0460051  -0.23388374 -0.00713423  0.04668276 -0.00196671]]
[[ 0.09562667  0.03643449 -0.22209112  0.01336771  0.03645106 -0.00059425]]
[[ 0.08293878 -0.05657093 -0.22857477 -0.00962458  0.0527256  -0.00200575]]
[[ 0.09567584 -0.07440243 -0.23233714 -0.01576263  0.05687524 -0.00145088]]
[[ 0.09753661 -0.05725369 -0.22958038 -0.0059294   0.05231254 -0.00177592]]
[[ 0.10171869  0.00891798 -0.21851509  0.01484702  0.04056033 -0.00147105]]
[[ 0.09019873 -0.05854828 -0.22732185 -0.00425033  0.05335829 -0.00214108]]
[[ 0.09428314 -0.05524565 -0.22229394 -0.00815351  0.05679964 -0.00128744]]
[[ 0.10379099 -0.03240744 -0.22201389  0.00766301  0.04545055 -0.00230478]]
[[ 0.10226186 -0.01664562 -0.22025951  0.01244312  0.04068063 -0.0023555 ]]
[[ 0.09022431 -0.02824733 -0.21852462  0.00215956  0.04783776 -0.00171934]]
[[ 0.09132371 -0.03920832 -0.21951599  0.00373666  0.04205162 -0.00267618]]
[[ 0.084443   -0.04849624 -0.21849606 -0.00269589  0.04278621 -0.00265048]]
[[ 0.08373064 -0.04605805 -0.2207176  -0.00259361  0.04322097 -0.00267353]]
[[ 0.08804471 -0.02481929 -0.21315704  0.00553633  0.04172006 -0.00224143]]
[[ 0.09679483 -0.04217318 -0.2167637   0.00511182  0.04160311 -0.00273497]]
[[ 9.60765486e-02 -6.66150890e-02 -2.16690023e-01  1.64282262e-04
   4.43135867e-02 -3.14251873e-03]]
[[ 0.08796935 -0.0561993  -0.21243611 -0.00172837  0.04668591 -0.00264589]]
[[ 0.09653689 -0.03587474 -0.2061676   0.00498463  0.04166304 -0.00241686]]
[[ 0.09900386 -0.03747285 -0.2056141   0.00436373  0.04305825 -0.00228457]]
[[ 0.10215042 -0.06514582 -0.09920271 -0.00072334  0.04626319 -0.00252087]]
[[ 0.11453732 -0.08365184 -0.2389666   0.01037274  0.020648   -0.00585472]]
[[ 0.10371429 -0.05380281 -0.1983864   0.00442133  0.02981177 -0.00369401]]
[[ 4.04035462e-02 -7.30009449e-03 -2.03166416e-01 -2.22865520e-02
   5.17086333e-02 -1.89592134e-04]]
[[ 0.06315699 -0.01132215 -0.18059988 -0.00426887  0.02227395 -0.002863  ]]
[[ 0.09670546 -0.06355634 -0.19672163  0.00403507  0.00774709 -0.00576587]]
[[ 0.01735082 -0.00520437 -0.19675311 -0.04810821  0.07724485  0.0036915 ]]
[[ 0.016932   -0.01880187 -0.20939588 -0.05584986  0.11479419  0.00712503]]
[[ 0.09990479 -0.09918792 -0.17328868 -0.0039864   0.05958532 -0.00194567]]
[[ 0.07501208 -0.10273744 -0.19873394 -0.01815516  0.0690009  -0.00142866]]
[[ 8.63691773e-02 -3.01703853e-02 -1.79185519e-01  3.97653014e-05
   5.38355166e-02 -7.36070094e-04]]
[[ 0.10428731 -0.0468822  -0.17939441  0.00705881  0.04432736 -0.0023635 ]]
[[ 0.10722401 -0.07542767 -0.18120229  0.00452809  0.04279687 -0.00358221]]
[[ 0.10343378 -0.05305691 -0.17978145  0.00266821  0.0455508  -0.0025748 ]]
[[ 0.10161536 -0.03075028 -0.17225572  0.00476914  0.04622712 -0.00192774]]
[[ 0.10397654 -0.04980571 -0.17454143  0.0014348   0.04535499 -0.00259974]]
[[ 0.10625269 -0.04583003 -0.17440733  0.00258905  0.04434626 -0.00257906]]
[[ 0.10072806 -0.03628195 -0.17719833  0.0015316   0.04407934 -0.00234833]]
[[ 0.10281316 -0.04240616 -0.18036071  0.00071689  0.04338865 -0.00252653]]
[[ 0.10297404 -0.04315705 -0.17589118 -0.00084368  0.04397481 -0.00248535]]
[[ 0.09718493 -0.021632   -0.17389964  0.00021862  0.04524982 -0.00169979]]
[[ 0.09364044 -0.00882274 -0.18500493  0.00252316  0.04487654 -0.00142631]]
[[ 0.09070977  0.00490142 -0.17924585  0.00538234  0.03820604 -0.00144749]]
[[ 0.06647325 -0.08238173 -0.19055344 -0.02036256  0.04879913 -0.00309702]]
[[ 8.53072948e-02 -1.29419965e-02 -2.04829189e-01 -8.08666419e-05
   3.87940495e-02 -1.84612013e-03]]
[[ 0.0215425   0.06781998 -0.12096141 -0.01904591  0.04633515  0.00202269]]
[[-0.00814337  0.02623844 -0.13479062 -0.03519652  0.0534544   0.0010974 ]]
[[ 0.02890473  0.01853021 -0.10624475 -0.01654372  0.02985344 -0.0010768 ]]
[[ 0.06099247  0.02005455 -0.15142409  0.0028429   0.02029531 -0.00253192]]
[[ 0.05709158 -0.02464917 -0.15301808 -0.00984702  0.03440335 -0.00255198]]
[[ 0.03895135 -0.01248881 -0.14854518 -0.01772684  0.04053696 -0.00157208]]
[[ 0.04720803  0.01638731 -0.15491317 -0.00919965  0.03391374 -0.00135042]]
[[ 0.08904228 -0.04422311 -0.15403208  0.00861288  0.0083417  -0.00583536]]
[[ 0.04741693 -0.03737457 -0.1429166  -0.0146908   0.02445093 -0.00376353]]
[[ 8.28662992e-03  2.41783362e-02 -1.57381447e-01 -2.76406140e-02
   3.84229448e-02 -1.47165049e-04]]
[[ 0.04586704  0.01279666 -0.17051114 -0.01035322  0.02783671 -0.00178397]]
[[ 0.06342946 -0.0247153  -0.16453876 -0.00708029  0.02628217 -0.00328713]]
[[ 0.05780007 -0.03752287 -0.1570778  -0.0124995   0.03234608 -0.00323514]]
[[ 0.05655854 -0.01308138 -0.16138171 -0.01074848  0.03468981 -0.0022676 ]]
[[ 0.0648505  -0.00092652 -0.16604835 -0.0052051   0.03325313 -0.00208765]]
