[[-6.55773488e-04  2.66444199e-03  8.44946099e-03 -6.63485132e-07
  -2.07448914e-04  1.97821909e-04]]
[[-0.00149281  0.00150655  0.01555307  0.00010463 -0.00025052  0.00026159]]
[[ 0.00053691  0.00244337  0.01989594  0.0001453  -0.00022561  0.00011522]]
[[-4.94776785e-04  3.16081098e-03  2.13205856e-02  3.02186369e-05
  -2.34147471e-04  1.45130272e-04]]
[[ 4.53987447e-04  2.59966337e-03  2.43097775e-02  1.93723190e-04
  -7.99342207e-05  1.11726657e-04]]
[[-5.96555709e-04  2.17430603e-03  2.83654927e-02  1.75555331e-04
  -2.19964328e-04  3.05290060e-05]]
[[-6.32998799e-04  2.21480581e-03  3.04034633e-02 -1.33806353e-06
  -2.35950738e-04  1.06317726e-04]]
[[-2.16446607e-03  1.05710192e-03  3.36860897e-02  1.64517465e-04
  -1.55502467e-04  7.42158098e-05]]
[[-2.10693918e-03  9.12528133e-04  3.56430128e-02  3.13316105e-05
  -2.16567129e-04  3.57632337e-05]]
[[-1.92270052e-03  2.97479874e-03  3.68337352e-02 -9.06369958e-05
  -4.03391333e-04  7.15427642e-05]]
[[-1.40752559e-03  2.62501290e-03  4.11688247e-02  5.87799164e-05
  -2.56332947e-04  5.01332390e-05]]
[[-2.07601743e-04  2.22753710e-03  4.63741724e-02  8.83764091e-05
  -1.69140826e-04  1.32056773e-04]]
[[-7.97412826e-04  1.05642396e-03  5.06335157e-02  5.00365640e-05
  -2.87982442e-04  1.03472004e-04]]
[[-0.00397385  0.00093886  0.05392199  0.00010405 -0.00014963  0.00013129]]
[[-0.00510275  0.00162959  0.0574709   0.00012103 -0.00014464  0.00016445]]
[[-0.00618912  0.00051081  0.06054722  0.00014883 -0.00026175  0.0002225 ]]
[[-5.94479436e-03 -2.66231923e-04  6.20255787e-02  4.83146062e-05
  -2.91261920e-04  1.91943202e-04]]
[[-2.53149471e-03  1.24668895e-03  6.50680222e-02  2.40099446e-05
  -2.26702758e-04  1.60945277e-04]]
[[-3.78616798e-03  3.18744794e-03  6.75690545e-02 -8.97387318e-05
  -3.14612433e-04  1.26360505e-04]]
[[-2.54573545e-03  3.26683356e-03  7.07827025e-02 -8.53291266e-06
  -2.24740283e-04  1.61062084e-04]]
[[-3.30939170e-03  2.57305906e-03  7.37109030e-02  3.22492755e-07
  -2.16526863e-04  1.14118418e-04]]
[[-1.64451713e-03  1.55948953e-03  7.62034191e-02 -4.11985272e-05
  -1.85220357e-04  8.57560540e-05]]
[[-2.22183221e-03  2.01456588e-03  7.76900130e-02  5.91105623e-05
  -1.24189315e-04  1.27467469e-04]]
[[-9.24475106e-04  3.73080610e-03  8.00118409e-02  4.11271965e-05
  -1.11417774e-04  1.03327796e-04]]
[[-2.75207971e-03  2.39689230e-03  8.04413267e-02 -1.88353703e-05
  -2.10019782e-04  1.15468264e-04]]
[[-3.38961507e-03  5.13308468e-03  8.44257017e-02  4.26441816e-05
  -1.45296441e-04  1.83473208e-04]]
[[-2.50767069e-03  5.35375227e-03  8.72322615e-02  5.60316862e-05
  -1.51463970e-04  9.41122521e-05]]
[[-4.77967504e-03  6.38914640e-03  8.83439701e-02 -1.11406219e-05
  -1.30402225e-04  1.17448484e-04]]
[[-0.00255488  0.00436039  0.08957583  0.0001317  -0.00012102  0.00014759]]
[[-0.00234612  0.00343383  0.09233641  0.0001396  -0.00077836  0.00017339]]
[[-6.76254103e-03  6.50145201e-03  9.25651398e-02  1.37477112e-03
   2.97003252e-03  1.60382433e-05]]
[[ 5.63448311e-05  1.21573976e-03  9.67319632e-02  7.23772123e-05
  -3.19801493e-03  1.41531055e-04]]
[[-0.00585098  0.00219778  0.09684578  0.00023142  0.00154717  0.00013874]]
[[ 0.00211566  0.00296092  0.10110068  0.00036859 -0.00183257  0.0001373 ]]
[[ 0.0014009   0.00167275  0.10100071 -0.00050113 -0.00079105  0.00022737]]
[[-4.89178519e-03  5.00458754e-03  1.02987515e-01  1.73861463e-03
   4.22156101e-03  2.61874039e-05]]
[[ 0.00682614  0.00073164  0.10504754 -0.00031437 -0.00486873  0.00013473]]
[[ 0.00416558  0.00169532  0.10760679 -0.00032261 -0.0026804   0.00014717]]
[[ 0.00314865  0.00273375  0.10983038  0.00052522 -0.00168348  0.00014008]]
[[ 1.05851636e-02 -5.83157299e-05  1.13658505e-01 -1.34457891e-03
  -7.94604136e-03  1.96635047e-04]]
[[ 0.00912287 -0.0013116   0.11604785 -0.00128032 -0.0067948   0.00020652]]
[[ 0.00508257 -0.00065461  0.11807165 -0.00095943 -0.00234142  0.00027048]]
[[ 1.02371797e-02 -4.62478440e-04  3.12131059e+00 -1.54023569e-03
  -6.52906892e-03  3.08426818e-04]]
[[ 4.29830587e-03  2.05883193e-03  3.12262315e+00 -5.51274431e-04
  -1.96729125e-03  1.43564007e-04]]
[[-1.08371031e-02  6.51370865e-03  3.13095665e+00  2.82600237e-03
   1.08410551e-02 -1.80495481e-04]]
[[-4.78174055e-03  5.74052164e-03  3.13303987e+00  1.60456685e-03
   3.02017109e-03  1.36995736e-04]]
[[-1.19359524e-03  5.96880595e-03  3.13570893e+00  2.02146637e-03
  -1.01151772e-04  1.15442766e-04]]
[[-4.75814716e-03  7.72661276e-03  3.13442094e+00  3.90108987e-03
   2.68460845e-03 -1.10956511e-04]]
[[-9.96092924e-03  1.17216877e-02  3.13823239e+00  6.29003534e-03
   6.58172566e-03 -2.26291195e-04]]
[[-9.40127226e-03  1.26879743e-02  3.15037323e+00  7.31983424e-03
   6.42083979e-03 -2.15446083e-04]]
[[ 5.65972029e-03  8.33325017e-03  3.14408152e+00  3.86388436e-03
  -9.12078532e-03 -1.44536375e-04]]
[[-3.39674077e-03  1.11610719e-02  3.14491254e+00  4.96713093e-03
   1.83637491e-03 -2.30552631e-04]]
[[ 2.35357577e-03  1.06724032e-02  3.15513563e+00  4.61191963e-03
  -3.73122060e-03 -2.55935841e-04]]
[[ 1.42009720e-02  4.45357301e-03  3.16018711e+00  5.32152051e-04
  -1.18285441e-02  1.27499406e-04]]
[[ 1.36378295e-02  1.33353342e-03  3.15650856e+00 -2.05844315e-03
  -1.24157310e-02  3.17216333e-04]]
[[ 1.41864756e-02 -1.22203731e-03  3.15812731e+00 -3.37193212e-03
  -1.32020924e-02  4.36947771e-04]]
[[ 1.99559126e-02 -2.12190643e-04  3.16537065e+00 -3.14771252e-03
  -1.74527037e-02  4.36711846e-04]]
[[ 1.93256999e-02 -1.96610776e-04  3.16480692e+00 -3.19946943e-03
  -1.53141608e-02  4.30573918e-04]]
[[ 2.41162650e-02  2.04668327e-03  3.16767725e+00 -2.54526118e-03
  -2.03407833e-02  3.16742299e-04]]
[[ 3.30012061e-02  5.74654501e-04  3.16723573e+00 -3.99808064e-03
  -2.76597269e-02  3.98811598e-04]]
[[ 1.92924507e-02  1.29036844e-03  3.16969679e+00 -2.04837819e-03
  -1.74790722e-02  3.42943548e-04]]
[[ 2.02576253e-02  8.19350426e-04  3.17824461e+00 -2.20342604e-03
  -1.92145047e-02  3.52105873e-04]]
[[ 2.03532552e-02  2.23170732e-03  3.18980107e+00 -3.08616376e-03
  -1.62772102e-02  3.97727140e-04]]
[[ 1.30289937e-02  2.63884350e-03  3.18323408e+00 -2.32836817e-03
  -1.17815764e-02  4.33545927e-04]]
[[ 1.22861908e-02  6.53424180e-03  3.18792279e+00 -7.57229144e-04
  -1.14900701e-02  3.00822275e-04]]
[[ 1.63202191e-02  9.95758722e-03  3.19774885e+00  1.46622856e-03
  -1.24883003e-02 -2.34152605e-05]]
[[ 1.50311591e-02  1.04778829e-02  3.19628554e+00  2.42861593e-03
  -1.22938303e-02 -9.16335158e-05]]
[[ 2.29655926e-02  6.85938795e-03  3.20348513e+00  1.24797645e-03
  -1.97173400e-02  4.01547415e-05]]
[[ 1.61667972e-02  5.92689057e-03  3.21117244e+00  9.81718307e-04
  -1.34643338e-02  1.47191366e-04]]
[[ 1.26290523e-02  6.21744689e-03  3.21530466e+00  5.39810822e-05
  -8.81173508e-03  2.57751704e-04]]
[[ 1.37600318e-02  5.03440801e-03  3.21647973e+00 -2.28853020e-03
  -8.51015980e-03  6.06506153e-04]]
[[ 1.17377212e-02  1.10024029e-02  3.21772496e+00  3.22215077e-03
  -8.48599689e-03 -1.19654801e-04]]
[[ 2.08401051e-02  7.83071452e-03  3.23162262e+00 -2.84935358e-04
  -1.39181092e-02  2.14928574e-04]]
[[ 1.94176632e-02  1.02626894e-02  3.23274925e+00  2.44976844e-03
  -1.30333979e-02 -4.15325398e-05]]
[[ 1.97247165e-02  9.63288851e-03  3.22996105e+00  3.00221749e-06
  -1.12367839e-02  2.19160959e-04]]
[[ 2.33391775e-02  1.25859268e-02  3.23562568e+00  2.23429108e-03
  -1.40925085e-02 -3.13803381e-05]]
[[ 2.11409677e-02  1.11013392e-02  3.23307396e+00  1.51273554e-03
  -1.31246474e-02 -9.20651613e-05]]
[[ 1.96296690e-02  1.10889320e-02  3.23629662e+00  2.31566208e-03
  -1.11843451e-02 -4.62923288e-05]]
[[ 2.18077013e-02  1.00103155e-02  3.24670422e+00  2.78601949e-03
  -1.18600963e-02 -1.28543338e-04]]
[[ 0.02394923  0.01368773  0.25236988  0.00408762 -0.0119366  -0.00030959]]
[[ 0.01904522  0.0158127   0.25199541  0.00528686 -0.00995997 -0.00031584]]
[[ 0.02695703  0.01372599  0.26050056  0.00528631 -0.01575004 -0.00037982]]
[[ 3.24776535e-02  1.14856813e-02  2.66308426e-01  3.36877472e-03
  -1.95757381e-02 -8.55690455e-05]]
[[ 1.97937069e-02  1.33346948e-02  2.67836874e-01  4.75603359e-03
  -8.63482317e-03 -1.25257118e-04]]
[[ 1.90565224e-02  1.40193145e-02  2.72193261e-01  4.25976645e-03
  -5.96332012e-03 -1.32498767e-04]]
[[ 2.74713865e-02  1.44147070e-02  2.77137152e-01  2.97145175e-03
  -1.39381658e-02 -6.99906700e-05]]
[[ 2.51482575e-02  1.43537882e-02  2.77986027e-01  3.37449724e-03
  -1.20379823e-02 -1.04510094e-04]]
[[ 2.13862478e-02  1.14852483e-02  2.86469990e-01  1.63629851e-03
  -8.67828904e-03  1.28485630e-04]]
[[ 0.02968874  0.01494591  0.29115444  0.00653149 -0.01702698 -0.000432  ]]
[[ 1.96801263e-02  1.37331850e-02  2.92572749e-01  4.57703099e-03
  -6.95168600e-03 -2.30100060e-04]]
[[ 0.02697201  0.01630164  0.29583093  0.00711373 -0.01297845 -0.00048092]]
[[ 0.02784209  0.01585447  0.2994147   0.00668862 -0.0111536  -0.00054546]]
[[ 0.02769383  0.01721725  0.30185896  0.00722567 -0.01119105 -0.00056729]]
[[ 0.02585274  0.01932466  0.30556462  0.00792931 -0.01082931 -0.00058107]]
[[ 0.02672655  0.01833384  0.30296853  0.00678194 -0.01108189 -0.0004131 ]]
[[ 0.03039822  0.01815061  0.30732427  0.00695821 -0.01414325 -0.00041547]]
[[ 0.0265906   0.0190228   0.3139224   0.0079601  -0.01014671 -0.00058193]]
[[ 0.02726579  0.01909694  0.31592322  0.00784292 -0.01036653 -0.00058625]]
[[ 0.02680309  0.01803185  0.31725225  0.00632393 -0.00978878 -0.00037001]]
[[ 0.02686623  0.01975729  0.31895708  0.00649452 -0.01093253 -0.00049135]]
[[ 2.51963980e-02  1.86409615e-02  3.25561928e-01  5.95146864e-03
  -9.51540663e-03 -3.21413491e-04]]
[[ 2.61686598e-02  1.63171289e-02  3.24637056e-01  4.93731603e-03
  -9.65400480e-03 -2.86301929e-04]]
[[ 3.00459952e-02  1.43716250e-02  3.29113611e-01  4.66503054e-03
  -1.07888337e-02 -2.54624977e-04]]
[[ 2.97196371e-02  1.83039481e-02  3.32263577e-01  5.16328633e-03
  -9.33709757e-03 -2.37901870e-04]]
[[ 0.02687447  0.02185841  0.339132    0.00724721 -0.0083881  -0.00041652]]
[[ 3.26051279e-02  1.81243261e-02  3.38890201e-01  6.03816646e-03
  -1.38064642e-02 -3.04132885e-04]]
[[ 0.02127245  0.0200539   0.33767338  0.00807031 -0.00693105 -0.00045038]]
[[ 0.02540641  0.01733277  0.34090242  0.00681572 -0.01028234 -0.0003725 ]]
[[ 0.02563742  0.02117321  0.34155176  0.01036759 -0.01027387 -0.00066116]]
[[ 0.02921283  0.02051068  0.34539053  0.00913955 -0.01234255 -0.00053829]]
[[ 0.02726535  0.02017416  0.34992447  0.00777991 -0.01048796 -0.00046613]]
[[ 0.02594241  0.0193165   0.35428571  0.00609571 -0.00967892 -0.00038054]]
[[ 2.75998796e-02  1.62014820e-02  3.58359308e-01  3.34913833e-03
  -1.04627665e-02 -1.22243004e-04]]
[[ 2.62210510e-02  1.82518290e-02  3.59174739e-01  5.11725194e-03
  -9.82034638e-03 -3.19130826e-04]]
[[ 0.02758608  0.02048256  0.35923126  0.00652909 -0.01090538 -0.00040304]]
[[ 0.02572909  0.02319953  0.36217655  0.00748391 -0.01061517 -0.00051276]]
[[ 0.02326893  0.02410006  0.36715757  0.00781951 -0.00825936 -0.00046213]]
[[ 0.02764311  0.02343186  0.36811252  0.00687133 -0.01305219 -0.00046202]]
[[ 2.50773339e-02  2.15976143e-02  3.68910672e-01  6.14841624e-03
  -1.20493017e-02 -2.89898023e-04]]
[[ 0.02447558  0.02259517  0.37170005  0.00690116 -0.01302959 -0.00045428]]
[[ 0.02377532  0.02086811  0.37104159  0.00560119 -0.01268415 -0.00043293]]
[[ 0.02898626  0.02042865  0.37532113  0.00531258 -0.01699386 -0.00041007]]
[[ 2.58493503e-02  2.05752917e-02  3.76628644e-01  5.76869009e-03
  -1.28871174e-02 -3.48338526e-04]]
[[ 0.03129381  0.0232352   0.38158838  0.00734206 -0.01505411 -0.00059668]]
[[ 0.02683476  0.02151594  0.38623938  0.00626188 -0.01160544 -0.0003891 ]]
[[ 0.03469624  0.01967764  0.38480074  0.0069104  -0.01823879 -0.00043542]]
[[ 0.03549319  0.02029664  0.38604946  0.00616157 -0.01837487 -0.00041521]]
[[ 2.89729579e-02  2.30889984e-02  3.88120953e-01  6.43244068e-03
  -1.17912138e-02 -2.45035714e-04]]
[[ 3.62427811e-02  1.94437655e-02  3.93110038e-01  3.97222348e-03
  -1.75196742e-02 -1.76716819e-04]]
[[ 3.72152379e-02  2.11984800e-02  3.99359081e-01  4.62310742e-03
  -1.81349530e-02 -2.46050218e-04]]
[[ 3.34737123e-02  2.25694786e-02  4.03029241e-01  5.68865887e-03
  -1.51167972e-02 -3.01633183e-04]]
[[ 3.59004913e-02  2.21469115e-02  4.08699568e-01  5.43469600e-03
  -1.64424325e-02 -3.44538122e-04]]
[[ 3.90409604e-02  2.42149972e-02  4.11892098e-01  5.72095924e-03
  -1.71891041e-02 -3.55687206e-04]]
[[ 0.04034317  0.03158311  0.41465698  0.01099571 -0.01866871 -0.00088029]]
[[ 0.04029228  0.03002647  0.41683186  0.00843124 -0.01820008 -0.00062093]]
[[ 3.94290821e-02  2.45287330e-02  4.18215430e-01  4.56044174e-03
  -1.77464592e-02 -8.84261646e-05]]
[[ 0.04099391  0.02946854  0.42415103  0.00852647 -0.01808026 -0.00055164]]
[[ 4.21504264e-02  2.55494792e-02  4.25074133e-01  4.31485065e-03
  -1.66481429e-02 -2.03011843e-04]]
[[ 4.55030412e-02  2.69677286e-02  4.25228759e-01  5.31040035e-03
  -1.80159862e-02 -2.85565428e-04]]
[[ 4.73922159e-02  2.61697679e-02  4.27699601e-01  5.15142960e-03
  -2.00246641e-02 -3.19903644e-04]]
[[ 0.04665791  0.03175513  0.43025821  0.00811272 -0.01933001 -0.00061223]]
[[ 0.04609781  0.02992839  0.42965324  0.00776951 -0.02065599 -0.0005562 ]]
[[ 0.03938928  0.03297503  0.43176993  0.01070367 -0.0151896  -0.00075556]]
[[ 0.04776366  0.02978086  0.43415046  0.00923143 -0.02215643 -0.00066879]]
[[ 0.05397222  0.03242165  0.43888964  0.01077879 -0.0276346  -0.00093477]]
[[ 0.04531118  0.03457127  0.44293684  0.01182236 -0.02060472 -0.00085812]]
[[ 0.05564163  0.03087509  0.44641461  0.00874629 -0.02993195 -0.00062522]]
[[ 0.04854094  0.03003294  0.44736912  0.00746196 -0.02247742 -0.00054736]]
[[ 0.04772761  0.02850922  0.44587398  0.00706196 -0.02324336 -0.0004491 ]]
[[ 0.05256347  0.02664328  0.45031356  0.00747121 -0.02601885 -0.00048989]]
[[ 0.05065795  0.02641601  0.45395389  0.00791172 -0.02404073 -0.00053167]]
[[ 0.05378352  0.03193703  0.45766073  0.00998004 -0.02612576 -0.00075482]]
[[ 0.05288978  0.04172987  0.46308741  0.01813032 -0.02829113 -0.00172434]]
[[ 0.05296615  0.03280874  0.46330439  0.00868662 -0.02365638 -0.00062783]]
[[ 0.04973579  0.04050862  0.46533444  0.01531325 -0.0220077  -0.00135115]]
[[ 0.05368659  0.03123275  0.46811888  0.0085953  -0.02443382 -0.00065336]]
[[ 0.04135712  0.03731179  0.47360891  0.01345502 -0.01605931 -0.00104994]]
[[ 0.0506597   0.03274656  0.47456718  0.00949029 -0.02290735 -0.00083929]]
[[ 0.04691963  0.03575417  0.47339406  0.01237034 -0.02199561 -0.00102173]]
[[ 0.04137845  0.03973005  0.47494518  0.01414267 -0.01802074 -0.00112092]]
[[ 0.05174307  0.04060668  0.47957682  0.01527711 -0.0260041  -0.00138727]]
[[ 0.05020276  0.04202386  0.47916039  0.01479991 -0.02455359 -0.0013497 ]]
[[ 0.05224066  0.03873062  0.47935229  0.0148207  -0.02728198 -0.00128205]]
[[ 0.05191673  0.04069784  0.48164201  0.01429023 -0.02628082 -0.00126651]]
[[ 0.04969168  0.04246007  0.48207436  0.01442299 -0.02703292 -0.00120729]]
[[ 0.04484555  0.04100553  0.48294743  0.014614   -0.02379178 -0.00127248]]
[[ 0.04722673  0.04054595  0.48675373  0.01314911 -0.02585777 -0.00106912]]
[[ 0.04436186  0.04156949  0.48464383  0.01346816 -0.02217217 -0.00106682]]
[[ 0.05010746  0.0383719   0.48609642  0.01152366 -0.02668246 -0.00100322]]
[[ 0.05782442  0.03903201  0.48743072  0.01279367 -0.03416778 -0.00117877]]
[[ 0.04969245  0.04471825  0.4915714   0.01707315 -0.02810907 -0.00156465]]
[[ 0.05121205  0.04232699  0.49527417  0.01733681 -0.02843318 -0.00165154]]
[[ 0.05582088  0.03914904  0.497485    0.01496153 -0.02860976 -0.00140913]]
[[ 0.05496809  0.03961405  0.49950296  0.014186   -0.02762703 -0.00116905]]
[[ 0.05680247  0.0380822   0.5003567   0.01342821 -0.02743238 -0.00119927]]
[[ 0.05739079  0.03274815  0.50356193  0.01049979 -0.02824888 -0.00095888]]
[[ 0.05393866  0.03188696  0.50268688  0.00924691 -0.02497599 -0.0008365 ]]
[[ 0.05442669  0.03425154  0.50498019  0.01131005 -0.02657959 -0.00095313]]
[[ 0.05278036  0.03695758  0.50623464  0.01398428 -0.02558207 -0.00110642]]
[[ 0.05782716  0.04019358  0.510647    0.01451726 -0.02886224 -0.00118439]]
[[ 0.05337661  0.04019546  0.51046789  0.01458265 -0.02595754 -0.00120383]]
[[ 0.05708627  0.03939932  0.51353431  0.01554211 -0.03041871 -0.00134584]]
[[ 0.06455396  0.03777736  0.51601212  0.01424697 -0.03518908 -0.0012252 ]]
[[ 0.05705894  0.04484612  0.51728598  0.01848983 -0.02854832 -0.00164516]]
[[ 0.06407371  0.04284317  0.52083007  0.01712088 -0.03320956 -0.0014006 ]]
[[ 0.0624203   0.04091464  0.51785704  0.0148032  -0.03254089 -0.00116904]]
[[ 0.05116835  0.04003605  0.52543864  0.01366781 -0.02575823 -0.0009817 ]]
[[ 0.06294417  0.03489661  0.53090194  0.00930907 -0.03366322 -0.00064278]]
[[ 0.06031236  0.03614997  0.53160045  0.00971551 -0.03111881 -0.0006189 ]]
[[ 0.05894297  0.03643475  0.53527012  0.00944175 -0.0306874  -0.0006147 ]]
[[ 6.68485269e-02  3.46872453e-02  5.38937387e-01  7.30548368e-03
  -3.81918856e-02 -4.53917387e-04]]
[[ 7.15144324e-02  3.38004520e-02  5.40454151e-01  6.04768334e-03
  -4.09688882e-02 -3.97511204e-04]]
[[ 0.06828579  0.03765456  0.54073314  0.00880683 -0.03795936 -0.00062735]]
[[ 0.06060285  0.03968136  0.53919337  0.01023333 -0.03297234 -0.00071867]]
[[ 0.06735771  0.03930356  0.54038463  0.00938237 -0.03971244 -0.00064925]]
[[ 0.07444578  0.03732832  0.55458234  0.00697528 -0.04566071 -0.00058888]]
[[ 0.06925654  0.04291865  0.55241614  0.01179072 -0.04248534 -0.00097305]]
[[ 0.05803144  0.04387938  0.54848226  0.01191801 -0.03154248 -0.00084173]]
[[ 0.06653238  0.04522342  0.55203159  0.01304074 -0.04017179 -0.0011888 ]]
[[ 0.06419288  0.04010329  0.55512143  0.010149   -0.03575133 -0.00087079]]
[[ 0.06542905  0.04022851  0.55681095  0.0100117  -0.03742612 -0.00083509]]
[[ 0.05591261  0.04411893  0.56075228  0.01332234 -0.02836708 -0.00109619]]
[[ 0.06761704  0.04405656  0.56417206  0.01451512 -0.04106887 -0.00132592]]
[[ 0.05822955  0.04908158  0.56510661  0.01774289 -0.03372445 -0.0015517 ]]
[[ 0.06583765  0.05172561  0.56954329  0.01723944 -0.03883485 -0.00158209]]
[[ 0.06496369  0.05159915  0.57214593  0.01698424 -0.03872516 -0.00158101]]
[[ 0.06468292  0.04756763  0.57624474  0.01434179 -0.03739645 -0.00126831]]
[[ 0.06007609  0.04524977  0.57506523  0.01366786 -0.03449741 -0.00106795]]
[[ 0.06074341  0.04539848  0.57789338  0.0142873  -0.03526254 -0.00114658]]
[[ 0.06496215  0.04282021  0.58110531  0.0121185  -0.03930558 -0.000918  ]]
[[ 0.06955086  0.04083681  0.58068716  0.01162311 -0.04336546 -0.00099298]]
[[ 0.0724136   0.04367255  0.58642139  0.01461545 -0.04799662 -0.00132819]]
[[ 0.06762439  0.04564206  0.58288778  0.01582751 -0.04411863 -0.00137456]]
[[ 0.0646618   0.04261713  0.58508659  0.01476597 -0.04244064 -0.00133919]]
[[ 0.06908992  0.04217553  0.58750016  0.01380384 -0.04702776 -0.00134653]]
[[ 0.06726062  0.04331856  0.58827828  0.01400086 -0.04574546 -0.00136176]]
[[ 0.0748961   0.0431837   0.59006227  0.01311744 -0.05169334 -0.0010921 ]]
[[ 0.0638427   0.04426517  0.59450614  0.01327775 -0.04004863 -0.0011563 ]]
[[ 0.06843811  0.04004696  0.59600428  0.01125068 -0.04565865 -0.00091038]]
[[ 0.06306986  0.04157067  0.59826022  0.01268405 -0.03999139 -0.00103426]]
[[ 0.0624877   0.04506727  0.60165028  0.01398165 -0.03779165 -0.00115701]]
[[ 0.07090666  0.04318139  0.60421275  0.01431288 -0.04392548 -0.00129031]]
[[ 0.07046684  0.04647053  0.60478538  0.01495927 -0.04267243 -0.0013581 ]]
[[ 0.07173021  0.05012643  0.60828363  0.01709012 -0.04333683 -0.00156619]]
[[ 0.07126983  0.05134395  0.61170934  0.01748664 -0.04280722 -0.00160822]]
[[ 0.06992059  0.05006482  0.61475854  0.01690721 -0.04369808 -0.00158588]]
[[ 0.06625421  0.04991389  0.62017391  0.01729845 -0.04110072 -0.00164786]]
[[ 0.07541245  0.04879978  0.62344775  0.01747439 -0.04967495 -0.00161321]]
[[ 0.06624483  0.05059432  0.6243571   0.01737089 -0.03924693 -0.00154211]]
[[ 0.07487577  0.04867882  0.62811699  0.0131875  -0.04586966 -0.00122019]]
[[ 0.05772348  0.05056045  0.63108336  0.01493904 -0.02803587 -0.00110419]]
[[ 0.07425817  0.04546775  0.63177828  0.01153469 -0.04426337 -0.00101965]]
[[ 0.07820402  0.0437027   0.63566849  0.01085917 -0.0461024  -0.00104238]]
[[ 0.07730973  0.04753922  0.63808915  0.01266337 -0.04449196 -0.00121729]]
[[ 0.0788142   0.04907959  0.64554363  0.01458164 -0.04695414 -0.00139619]]
[[ 0.07609382  0.04936021  0.64723531  0.01484573 -0.04570856 -0.00142379]]
[[ 0.07487236  0.05436925  0.65041569  0.01756777 -0.04421606 -0.00157537]]
[[ 0.08022438  0.05508915  0.65887145  0.01663748 -0.04632488 -0.00158285]]
[[ 0.07352676  0.0579822   0.66060521  0.01879843 -0.04110997 -0.0016923 ]]
[[ 0.07221299  0.06065447  0.65966267  0.01990122 -0.03933341 -0.00170747]]
[[ 0.0835954   0.05955487  0.66506354  0.01853049 -0.0486956  -0.00173771]]
[[ 0.07182909  0.05812416  0.66781127  0.0191321  -0.0408906  -0.00173319]]
[[ 0.07239589  0.06074231  0.66847914  0.02047924 -0.04065046 -0.00172597]]
[[ 0.07401458  0.05963995  0.67398159  0.01978672 -0.04327746 -0.00176715]]
[[ 0.07217151  0.06162063  0.6708401   0.0215558  -0.0426308  -0.00195301]]
[[ 0.07925836  0.06037873  0.67941066  0.02055233 -0.04861264 -0.00188478]]
[[ 0.07403908  0.06034246  0.67824793  0.02140866 -0.04542408 -0.00198996]]
[[ 0.07311594  0.05768601  0.68145797  0.01855174 -0.04426807 -0.00159827]]
[[ 0.07666231  0.05509562  0.68287241  0.0175812  -0.04565957 -0.00156511]]
[[ 0.07789766  0.05482044  0.68525581  0.01662318 -0.04593033 -0.00142036]]
[[ 0.07794513  0.05816931  0.68755464  0.0174035  -0.04663271 -0.00166448]]
[[ 0.07801006  0.05804818  0.68777435  0.01759677 -0.04691018 -0.00161022]]
[[ 0.08097341  0.05998893  0.68958786  0.01905708 -0.04838968 -0.00182799]]
[[ 0.07868733  0.06133554  0.69252903  0.01992161 -0.04555888 -0.00188988]]
[[ 0.08243686  0.06279591  0.69695356  0.02202317 -0.04750097 -0.00204862]]
[[ 0.09032049  0.06137899  0.70115384  0.0208942  -0.05615175 -0.00201271]]
[[ 0.07828909  0.06473547  0.70397211  0.02296519 -0.04637779 -0.00219223]]
[[ 0.08581379  0.06301475  0.70685992  0.02003619 -0.05091751 -0.00192682]]
[[ 0.07853352  0.06620875  0.71368306  0.02213973 -0.04472454 -0.0020561 ]]
[[ 0.08965095  0.0619673   0.71252661  0.01960798 -0.0550436  -0.00195464]]
[[ 0.07990263  0.06763949  0.71611553  0.02358446 -0.04633421 -0.00232851]]
[[ 0.08501291  0.06712639  0.71474273  0.02269608 -0.05014882 -0.00216277]]
[[ 0.08824949  0.06656283  0.71732457  0.02290534 -0.0515851  -0.00214912]]
[[ 0.09437253  0.06454195  0.72140324  0.02185483 -0.0554583  -0.00204249]]
[[ 0.08607652  0.06876317  0.72483628  0.02308264 -0.04771676 -0.00212958]]
[[ 0.0953756   0.06463957  0.72631953  0.01994102 -0.0574388  -0.00183847]]
[[ 0.09313309  0.06744216  0.72500881  0.02258735 -0.05585342 -0.00223313]]
[[ 0.09690555  0.06496082  0.73128311  0.02047438 -0.05705398 -0.00204139]]
[[ 0.09587794  0.06374963  0.73586985  0.02080439 -0.05424516 -0.00208427]]
[[ 0.0973454   0.06705377  0.7376956   0.02193084 -0.05524167 -0.00217753]]
[[ 0.09517331  0.07170158  0.74287541  0.02583488 -0.05369628 -0.0026224 ]]
[[ 0.10050754  0.07053803  0.7483042   0.02453226 -0.05789725 -0.00247321]]
[[ 0.09710832  0.07131924  0.74482203  0.02453204 -0.05422402 -0.0024599 ]]
[[ 0.09677182  0.0693389   0.75241605  0.02301493 -0.05402057 -0.0022394 ]]
[[ 0.09258025  0.06759647  0.75373668  0.02147035 -0.05195058 -0.00202631]]
[[ 0.09129109  0.07056973  0.75047442  0.02414488 -0.05203972 -0.00222854]]
[[ 0.10327073  0.06756967  0.75678618  0.02200564 -0.06446242 -0.00209238]]
[[ 0.09657455  0.07106936  0.75948532  0.02436352 -0.05639107 -0.00234159]]
[[ 0.08679264  0.07532724  0.76236291  0.0262243  -0.04922976 -0.00244523]]
[[ 0.0948056   0.07039947  0.76640303  0.02447622 -0.05513442 -0.0023676 ]]
[[ 0.09450181  0.06947012  0.76779701  0.02323295 -0.05440513 -0.00226048]]
[[ 0.09548653  0.07141621  0.76916185  0.02290491 -0.05439482 -0.00210921]]
[[ 0.09769049  0.07044253  0.77166835  0.0223213  -0.05626988 -0.00204951]]
[[ 0.09283869  0.07247124  0.7763949   0.0235857  -0.05163544 -0.00209695]]
[[ 0.1029624   0.07288145  0.78038519  0.02338872 -0.05914267 -0.00211882]]
[[ 0.09325753  0.07695281  0.78376435  0.02662871 -0.05241758 -0.00248075]]
[[ 0.09725722  0.074488    0.78750973  0.02433581 -0.05734537 -0.00226267]]
[[ 0.09207689  0.07676125  0.79045649  0.02508391 -0.05404911 -0.0022627 ]]
[[ 0.09514335  0.0772856   0.79429408  0.02601479 -0.05549179 -0.00248525]]
[[ 0.09723973  0.08002516  0.79799662  0.02701568 -0.05625327 -0.00264038]]
[[ 0.09629705  0.07925063  0.79934242  0.0246082  -0.05508966 -0.00240767]]
[[ 0.10398696  0.08178115  0.80225188  0.02717912 -0.06207129 -0.00265499]]
[[ 0.09548539  0.08372731  0.80106696  0.02752877 -0.05435637 -0.00256759]]
[[ 0.0999698   0.08227716  0.80858704  0.0264535  -0.05705854 -0.00253945]]
[[ 0.10056873  0.07593229  0.8003355   0.02197795 -0.05836294 -0.00218509]]
[[ 0.09912875  0.08048927  0.81131386  0.02591321 -0.05635648 -0.00246983]]
[[ 0.10039952  0.08120586  0.81579242  0.02544179 -0.05673109 -0.00241843]]
[[ 0.10998102  0.07834501  0.81626638  0.02521007 -0.06529387 -0.00248954]]
[[ 0.0968263   0.08602574  0.81993727  0.03157917 -0.05606451 -0.0030985 ]]
[[ 0.10355793  0.08225303  0.82294191  0.02635829 -0.05984908 -0.00261408]]
[[ 0.10324134  0.08453987  0.82653935  0.02719608 -0.06010404 -0.00266986]]
[[ 0.10150566  0.08475989  0.8344712   0.0260414  -0.05636586 -0.00249465]]
[[ 0.10098252  0.0849785   0.8395684   0.02765524 -0.05657655 -0.00268126]]
[[ 0.10489679  0.08381841  0.83559701  0.0261552  -0.06044967 -0.00263498]]
[[ 0.10337567  0.08837271  0.83865659  0.02834631 -0.05880613 -0.00283294]]
[[ 0.10385013  0.09079217  0.84076579  0.02823575 -0.06013505 -0.00282896]]
[[ 0.10344078  0.09119058  0.8423488   0.02963247 -0.05984459 -0.00296322]]
[[ 0.10921153  0.09050321  0.84369745  0.02938049 -0.06319149 -0.00306395]]
[[ 0.10559133  0.09391888  0.84652479  0.03235004 -0.0617893  -0.0031785 ]]
[[ 0.10067392  0.09024285  0.84824055  0.03140829 -0.05849171 -0.00301545]]
[[ 0.10771866  0.08607935  0.84944309  0.02705876 -0.06244984 -0.00265675]]
[[ 0.10086374  0.0909306   0.85016453  0.03130668 -0.0586672  -0.0029873 ]]
[[ 0.10087087  0.08791724  0.85392766  0.02820185 -0.05900058 -0.00275932]]
[[ 0.1018376   0.09232085  0.85776188  0.03134756 -0.05846217 -0.00307903]]
[[ 0.10200946  0.09031097  0.85918346  0.02951141 -0.05916233 -0.00292379]]
[[ 0.10635216  0.09590517  0.86142191  0.03361378 -0.06306788 -0.0033559 ]]
[[ 0.1042637   0.092849    0.86305913  0.03262919 -0.06460461 -0.00320093]]
[[ 0.10096293  0.09254839  0.86428683  0.03318689 -0.06129693 -0.00328147]]
[[ 0.10658389  0.09126317  0.86309268  0.03241675 -0.06577128 -0.00316881]]
[[ 0.11067641  0.0923627   0.86213166  0.03340124 -0.06741588 -0.00324605]]
[[ 0.10788058  0.08894705  0.8651714   0.03213867 -0.06413155 -0.00309675]]
[[ 0.11034456  0.08824686  0.86447395  0.03360188 -0.06481655 -0.00329422]]
[[ 0.11110958  0.09095247  0.8679501   0.03562673 -0.06552789 -0.00347537]]
[[ 0.10785221  0.0909382   0.87288244  0.03446851 -0.06244854 -0.00338092]]
[[ 0.11856707  0.08320356  0.86693532  0.02852889 -0.07300986 -0.00282633]]
[[ 0.11448982  0.08747377  0.87129173  0.03056253 -0.06771692 -0.00297689]]
[[ 0.10574535  0.08876815  0.87657958  0.0314544  -0.06050882 -0.00302435]]
[[ 0.11007521  0.08699304  0.87628417  0.03017244 -0.06383445 -0.00285306]]
[[ 0.10874746  0.0916357   0.87799201  0.03369066 -0.06377242 -0.0033839 ]]
[[ 0.11418092  0.08890031  0.87800483  0.03334847 -0.06847724 -0.00325219]]
[[ 0.11860346  0.08572457  0.88171028  0.03122122 -0.07160835 -0.00303303]]
[[ 0.12141443  0.0860749   0.88316985  0.03208546 -0.0727728  -0.00309149]]
[[ 0.11824798  0.08551     0.88401178  0.03164441 -0.0697157  -0.00301483]]
[[ 0.11839387  0.08425637  0.88793183  0.03043392 -0.06875225 -0.00292309]]
[[ 0.11926367  0.09247037  0.88802121  0.03720617 -0.07109305 -0.00371218]]
[[ 0.11835358  0.09137513  0.88990381  0.0345658  -0.07146359 -0.00339749]]
[[ 0.10772245  0.09756543  0.89903263  0.03905162 -0.06425195 -0.00378021]]
[[ 0.10718145  0.09686028  0.90104238  0.03795922 -0.06434555 -0.0037061 ]]
[[ 0.10810053  0.09833886  0.90541677  0.0390537  -0.0644374  -0.00381834]]
[[ 0.101363    0.09680503  0.90506483  0.03904914 -0.05954021 -0.00378609]]
[[ 0.09505465  0.10014358  0.91000826  0.04000381 -0.05172842 -0.00386902]]
[[ 0.11483744  0.09413968  0.91238182  0.03599835 -0.07053886 -0.00351831]]
[[ 0.11040547  0.09574542  0.91920913  0.03561266 -0.0655683  -0.00341881]]
[[ 0.12315215  0.09208225  0.9352286   0.03434935 -0.07421762 -0.00342579]]
[[ 0.11873528  0.0921198   0.92205958  0.03457444 -0.06960537 -0.00336626]]
[[ 0.12517864  0.09177827  0.92115969  0.0349929  -0.07417609 -0.00349718]]
[[ 0.12910921  0.09115106  0.9260633   0.03372425 -0.07640102 -0.00332871]]
[[ 0.1339957   0.0891722   0.92960699  0.03304413 -0.08098898 -0.00336465]]
[[ 0.13197375  0.09048692  0.93086806  0.03404757 -0.08021544 -0.00333807]]
[[ 0.13263889  0.09261743  0.93333596  0.03543052 -0.07923193 -0.00353904]]
[[ 0.13560976  0.08925502  0.93249639  0.03335624 -0.08317485 -0.00343715]]
[[ 0.1299833   0.09069028  0.94040212  0.0340884  -0.07730664 -0.00347596]]
[[ 0.13436757  0.0859629   0.93970833  0.03156589 -0.08061493 -0.00309233]]
[[ 0.12869869  0.08410476  0.9396196   0.03098457 -0.07632125 -0.00301472]]
[[ 0.12143811  0.09198702  0.94545011  0.0350694  -0.0707056  -0.00348004]]
[[ 0.12257048  0.09135024  0.94917945  0.03439533 -0.07152298 -0.00341258]]
[[ 0.12060994  0.09059298  0.95034416  0.03456857 -0.07001963 -0.00332918]]
[[ 0.1294246   0.09046858  0.95381141  0.03319051 -0.07589667 -0.00325942]]
[[ 0.12647055  0.0916936   0.95310677  0.0347889  -0.07439102 -0.00337478]]
[[ 0.13100486  0.09240033  0.9561885   0.03407647 -0.07653391 -0.00346653]]
[[ 0.13710235  0.09159156  0.95658477  0.03290174 -0.08114862 -0.00334001]]
[[ 0.13269962  0.09527569  0.96300746  0.03419836 -0.07661608 -0.00345073]]
[[ 0.13213147  0.09366515  0.96485427  0.03286534 -0.07769614 -0.00328224]]
[[ 0.13197098  0.09337221  0.96497905  0.03293968 -0.07641852 -0.00336048]]
[[ 0.1324112   0.09274665  0.96896645  0.03249803 -0.07618935 -0.00323508]]
[[ 0.13208822  0.09269949  0.97189776  0.03286559 -0.07520387 -0.00328245]]
[[ 0.12989192  0.09551721  0.97710824  0.03516621 -0.07480023 -0.00356698]]
[[ 0.12918735  0.09455173  0.98076283  0.03474655 -0.07479675 -0.00347521]]
[[ 0.12756025  0.09531627  0.9849985   0.0355998  -0.07351681 -0.0034836 ]]
[[ 0.13391268  0.09281189  0.98295866  0.03326318 -0.07954207 -0.0034012 ]]
[[ 0.12391885  0.09558705  0.99022808  0.03405344 -0.07113307 -0.00340168]]
[[ 0.13398667  0.09392247  0.98936078  0.03273102 -0.08043774 -0.00327975]]
[[ 0.13397527  0.09566531  0.98826965  0.03386487 -0.07963439 -0.00334582]]
[[ 0.12795372  0.09662429  0.99136336  0.03418649 -0.07411002 -0.00333163]]
[[ 0.12881222  0.09616737  0.99558095  0.03333892 -0.07651089 -0.00333664]]
[[ 0.13518396  0.09565113  0.99814608  0.03218391 -0.08091876 -0.00336931]]
[[ 0.13043155  0.09904302  1.00400918  0.03192977 -0.07588546 -0.0030829 ]]
[[ 0.12832938  0.10964204  1.00793553  0.0434298  -0.07804895 -0.00435969]]
[[ 0.13744594  0.0977263   1.00901109  0.03352899 -0.08409984 -0.00343185]]
[[ 0.13224761  0.10662114  1.01438579  0.04014409 -0.07936306 -0.00406569]]
[[ 0.13756408  0.10226341  1.01469233  0.03386701 -0.08005713 -0.00340084]]
[[ 0.14486817  0.10155229  1.02106336  0.03610547 -0.08692471 -0.00360122]]
[[ 0.128607    0.1035758   1.02409051  0.03547677 -0.07221962 -0.00353182]]
[[ 0.14376381  0.09722734  1.02526216  0.03397341 -0.08593981 -0.00344174]]
[[ 0.14237817  0.09381992  1.02104627  0.03200697 -0.08136191 -0.00316875]]
[[ 0.15340863  0.09306115  1.02738877  0.03310926 -0.08934136 -0.00340962]]
[[ 0.14217727  0.09524542  1.02749641  0.03385015 -0.08266271 -0.00349204]]
[[ 0.1482392   0.09805869  1.03031736  0.03499314 -0.08689997 -0.00364142]]
[[ 0.1564788   0.09792007  1.03434324  0.03399719 -0.09309055 -0.00349364]]
[[ 0.14466963  0.10350117  1.03123145  0.0381511  -0.08377913 -0.0039146 ]]
[[ 0.14475879  0.10233929  1.03814605  0.03833346 -0.08417736 -0.00397231]]
[[ 0.15538266  0.09717779  1.04111457  0.03609791 -0.09283819 -0.00387296]]
[[ 0.14031944  0.09575292  1.03922181  0.03566556 -0.08133524 -0.00358917]]
[[ 0.14447002  0.09524403  1.04315875  0.03395169 -0.08605994 -0.00349411]]
[[ 0.14066286  0.09767414  1.04366224  0.0355892  -0.08281219 -0.00359546]]
[[ 0.14296963  0.10089014  1.05121276  0.03660616 -0.08371684 -0.00365352]]
[[ 0.14628103  0.09966054  1.05391418  0.0365487  -0.08607438 -0.00364319]]
[[ 0.14124354  0.10312781  1.05445503  0.03848566 -0.08235474 -0.00387891]]
[[ 0.13814444  0.10174459  1.05913073  0.03635381 -0.07948936 -0.00357996]]
[[ 0.14485931  0.10230276  1.06125576  0.03582154 -0.0871753  -0.00360815]]
[[ 0.13650491  0.10430958  1.06742212  0.0373022  -0.07946267 -0.00365233]]
[[ 0.14000368  0.10706223  1.06880348  0.0388593  -0.08393855 -0.003914  ]]
[[ 0.13896967  0.1045142   1.06918385  0.03751369 -0.08206924 -0.00373472]]
[[ 0.14176168  0.10666031  1.07136441  0.03977301 -0.08621719 -0.00402757]]
[[ 0.14218545  0.10586842  1.07473238  0.03843816 -0.08532705 -0.00382529]]
[[ 0.14500548  0.10370554  1.07556966  0.03752865 -0.08696704 -0.00379929]]
[[ 0.13904791  0.10517429  1.0764567   0.03880294 -0.08185683 -0.00380133]]
[[ 0.15340666  0.10041546  1.07924762  0.03541383 -0.09385554 -0.00364053]]
[[ 0.13997451  0.10439642  1.08276862  0.03842498 -0.08081997 -0.00386566]]
[[ 0.14597384  0.10495406  1.08763833  0.03915037 -0.08499235 -0.00384098]]
[[ 0.14617161  0.10424434  1.08894448  0.03879912 -0.08547512 -0.0039457 ]]
[[ 0.14241853  0.10645358  1.08797821  0.0412855  -0.08225413 -0.00415882]]
[[ 0.13487268  0.11188992  1.08738529  0.04467279 -0.07572274 -0.00435341]]
[[ 0.14447544  0.11162912  1.09467382  0.04401728 -0.08333235 -0.0043694 ]]
[[ 0.14943906  0.11289262  1.102828    0.04518097 -0.08612057 -0.00454377]]
[[ 0.14533402  0.11189486  1.10236594  0.04369726 -0.08356384 -0.00437873]]
[[ 0.14098428  0.11250559  1.10781377  0.04397032 -0.08007709 -0.00429398]]
[[ 0.14563485  0.1087994   1.11357588  0.03959968 -0.08301735 -0.00392109]]
[[ 0.1406938   0.10957519  1.11578995  0.03845527 -0.0783691  -0.00379897]]
[[ 0.14357181  0.10480356  1.11825711  0.03709629 -0.0816943  -0.00362045]]
[[ 0.14154079  0.10357104  1.11820281  0.03582021 -0.08106843 -0.00349066]]
[[ 0.14697157  0.10512724  1.11954977  0.03579141 -0.08481304 -0.00354946]]
[[ 0.14856389  0.10328632  1.12149851  0.03649947 -0.08629084 -0.00356223]]
[[ 0.14976038  0.10896652  1.12739962  0.03875976 -0.08708785 -0.00375936]]
[[ 0.15921092  0.10840425  1.13253981  0.03737735 -0.09566255 -0.00369205]]
[[ 0.1423123   0.11275425  1.12651802  0.04105281 -0.08055892 -0.00409164]]
[[ 0.15343717  0.11262734  1.13843731  0.03941604 -0.08863687 -0.0039709 ]]
[[ 0.15431694  0.11290097  1.14411383  0.03987422 -0.08979512 -0.00399042]]
[[ 0.15530029  0.11466502  1.14433436  0.04134136 -0.09133426 -0.00413133]]
[[ 0.1473893   0.11531741  1.14521645  0.0410708  -0.08391544 -0.00411503]]
[[ 0.15234559  0.11082693  1.14882351  0.03887557 -0.08835819 -0.00385312]]
[[ 0.14036078  0.11371988  1.15267737  0.04168178 -0.0799733  -0.00412324]]
[[ 0.14083277  0.11410385  1.15373869  0.04177498 -0.0805046  -0.00411915]]
[[ 0.14886466  0.1128743   1.15544255  0.04108986 -0.08724985 -0.00410534]]
[[ 0.14597219  0.11568475  1.15549607  0.04312218 -0.08475935 -0.00427   ]]
[[ 0.15620778  0.11510706  1.15941062  0.04279878 -0.09061001 -0.00432136]]
[[ 0.15957344  0.115814    1.15995825  0.04323561 -0.09258364 -0.00441705]]
[[ 0.15582317  0.11587875  1.16029455  0.04317398 -0.09096329 -0.00435633]]
[[ 0.15317526  0.11601262  1.1647805   0.04314483 -0.08856169 -0.00437521]]
[[ 0.16430693  0.11697571  1.16566206  0.04293599 -0.0974062  -0.00444872]]
[[ 0.15546473  0.11750966  1.17154981  0.04324748 -0.09088346 -0.00435753]]
[[ 0.15738806  0.11559843  1.17219486  0.04033165 -0.09382385 -0.00400944]]
[[ 0.14954314  0.1162433   1.1714733   0.04010753 -0.08748304 -0.00406331]]
[[ 0.1510282   0.11449061  1.17551686  0.03993716 -0.08823677 -0.00399753]]
[[ 0.15427124  0.11381993  1.18346188  0.0381121  -0.09179561 -0.00387213]]
[[ 0.15771695  0.11323307  1.18661761  0.03781171 -0.09445046 -0.00386243]]
[[ 0.16718939  0.10943957  1.182673    0.03670867 -0.1032605  -0.00384572]]
[[ 0.16076184  0.11291433  1.18494668  0.0383061  -0.09721431 -0.00390494]]
[[ 0.15896937  0.11383266  1.18236518  0.03837698 -0.09612333 -0.00379971]]
[[ 0.17577814  0.10982576  1.18496144  0.03659842 -0.10903911 -0.00383632]]
[[ 0.17565489  0.10930383  1.17677817  0.03518392 -0.10965858 -0.00368788]]
[[ 0.16980813  0.10997073  1.18304257  0.03558839 -0.1024579  -0.00376021]]
[[ 0.1649923   0.11049465  1.18954473  0.03527812 -0.09786018 -0.00351738]]
[[ 0.16535502  0.11205053  1.19414637  0.03620047 -0.09763452 -0.0036598 ]]
[[ 0.15585668  0.11348173  1.20058041  0.03833387 -0.09017564 -0.00374679]]
[[ 0.15380233  0.1188666   1.20291047  0.04336824 -0.09085499 -0.00440349]]
[[ 0.15755428  0.11812499  1.20762697  0.04253706 -0.09246605 -0.00415598]]
[[ 0.15881455  0.12376829  1.20572316  0.04570088 -0.09436663 -0.00475867]]
[[ 0.15790018  0.12259004  1.21396662  0.04510075 -0.09255247 -0.00454474]]
[[ 0.15562632  0.12483867  1.21835655  0.04756937 -0.09171282 -0.00477867]]
[[ 0.15688404  0.12543431  1.2170879   0.04560303 -0.09286181 -0.00455797]]
[[ 0.15245963  0.12650261  1.21718468  0.04586906 -0.08993694 -0.00467801]]
[[ 0.15205601  0.12539522  1.22414129  0.04484753 -0.09095922 -0.00442387]]
[[ 0.15600985  0.12439047  1.22691699  0.04512129 -0.09572885 -0.00454906]]
[[ 0.1660502   0.12097597  1.22388678  0.04238064 -0.10204156 -0.00435672]]
[[ 0.15722371  0.12254804  1.22370783  0.04373454 -0.09451832 -0.00431742]]
[[ 0.16354231  0.11915445  1.22527995  0.04130385 -0.099066   -0.0041786 ]]
[[ 0.15888623  0.12063353  1.22101301  0.04251997 -0.09479793 -0.0043237 ]]
[[ 0.16931017  0.11948863  1.22535616  0.042867   -0.10471784 -0.00439279]]
[[ 0.16454726  0.12326052  1.22909573  0.04511158 -0.09690684 -0.00464751]]
[[ 0.16363857  0.12330951  1.23311071  0.04582592 -0.09515898 -0.00459864]]
[[ 0.16405609  0.12204944  1.23536964  0.04409286 -0.09555131 -0.00444762]]
[[ 0.15633712  0.12198924  1.23890983  0.04490079 -0.09156184 -0.00446813]]
[[ 0.15522533  0.12195974  1.23734246  0.04501589 -0.09173867 -0.0045072 ]]
[[ 0.15467906  0.12122505  1.24054919  0.04543084 -0.09195781 -0.00461146]]
[[ 0.15107822  0.123084    1.24090818  0.04587232 -0.08901925 -0.00463653]]
[[ 0.15961214  0.1176227   1.24149936  0.04332618 -0.09656921 -0.00443694]]
[[ 0.16015537  0.12066806  1.24872446  0.04562366 -0.09558028 -0.0045718 ]]
[[ 0.16393546  0.1198482   1.24283035  0.04478523 -0.0992662  -0.00456216]]
[[ 0.14977772  0.12063738  1.24791587  0.04532164 -0.08708465 -0.00446036]]
[[ 0.14692031  0.12150504  1.24982328  0.04602119 -0.0875174  -0.00462015]]
[[ 0.15697844  0.12091038  1.2534208   0.04412535 -0.095343   -0.00456529]]
[[ 0.14934673  0.12701804  1.25558125  0.04825725 -0.0893497  -0.00485425]]
[[ 0.1452539   0.13012758  1.25697363  0.05017805 -0.08648913 -0.0050002 ]]
[[ 0.16039776  0.12622867  1.25729995  0.0471477  -0.09800388 -0.00486587]]
[[ 0.15349372  0.12689759  1.25219735  0.04728677 -0.09203927 -0.00479451]]
[[ 0.15977844  0.12492723  1.26253895  0.04664968 -0.09666984 -0.00472045]]
[[ 0.1610924   0.12260525  1.25934095  0.04527787 -0.09748608 -0.00454678]]
[[ 0.16092267  0.11795944  1.26320103  0.04309538 -0.09617977 -0.00424406]]
[[ 0.1572629   0.11373714  1.26633151  0.03910312 -0.09019973 -0.00384451]]
[[ 0.16146255  0.11440151  1.26941044  0.04061614 -0.09657815 -0.00400008]]
[[ 0.1598942   0.11799048  1.27146422  0.04288149 -0.09368134 -0.00429388]]
[[ 0.16678913  0.12290997  1.27873283  0.04686282 -0.10112142 -0.00479382]]
[[ 0.16649007  0.12599116  1.28344297  0.05003048 -0.09925352 -0.00509403]]
[[ 0.1613973   0.12771175  1.28497531  0.04889049 -0.09416794 -0.00487677]]
[[ 0.16527218  0.12602589  1.28953139  0.04824785 -0.0976038  -0.00482082]]
[[ 0.16455272  0.12269221  1.29173173  0.04576947 -0.09605753 -0.00455511]]
[[ 0.17211383  0.11863502  1.30209574  0.04256901 -0.10181121 -0.00432918]]
[[ 0.15644221  0.12299757  1.2998966   0.0456036  -0.08870658 -0.00452954]]
[[ 0.15408539  0.12863643  1.3049497   0.0489308  -0.08586226 -0.00490288]]
[[ 0.1714023   0.12391876  1.31080879  0.04627945 -0.09956759 -0.00476395]]
[[ 0.16942988  0.12505782  1.3128749   0.0477755  -0.09740993 -0.00493315]]
[[ 0.16810929  0.12802855  1.31485062  0.05006145 -0.09801892 -0.00515365]]
[[ 0.17705177  0.12863361  1.31894211  0.04935238 -0.10289128 -0.00517381]]
[[ 0.17439106  0.1288022   1.31985571  0.0473254  -0.09996819 -0.00495337]]
[[ 0.17394616  0.12846725  1.32126449  0.04670643 -0.10138651 -0.0048444 ]]
[[ 0.17592582  0.12688269  1.32554918  0.04492838 -0.10358709 -0.00463441]]
[[ 0.17030271  0.12783109  1.32375009  0.04536676 -0.09686956 -0.0046209 ]]
[[ 0.18215057  0.12867333  1.33146769  0.04559399 -0.10706466 -0.00468469]]
[[ 0.1726299   0.1278713   4.33317062  0.04554492 -0.10167764 -0.00474053]]
[[ 0.17305795  0.13116488  4.33289018  0.04869752 -0.10411366 -0.00510155]]
[[ 0.17304821  0.12993472  4.33764817  0.04746767 -0.10271317 -0.00498962]]
[[ 0.16941597  0.13098994  4.34056468  0.04844402 -0.09905287 -0.00506365]]
[[ 0.17695811  0.1293196   4.3472988   0.04750005 -0.10675912 -0.00504012]]
[[ 0.16821005  0.1331984   4.34279193  0.04936756 -0.10050503 -0.00522395]]
[[ 0.15871398  0.13445119  4.34315633  0.05131982 -0.09434516 -0.0052404 ]]
[[ 0.16488028  0.13207862  4.35190999  0.05016083 -0.09934742 -0.00510585]]
[[ 1.71720052e-01  1.25405197e-01  4.35487463e+00  4.23122963e-02
  -1.02214843e-01 -4.35407898e-03]]
[[ 0.17256125  0.13622747  4.35616951  0.05182099 -0.10657325 -0.00553056]]
[[ 0.16576564  0.13404301  1.35621385  0.05061064 -0.09817258 -0.00527112]]
[[ 0.16899868  0.13831449  1.35825528  0.05394046 -0.10084881 -0.00568412]]
[[ 0.17910709  0.13423996  1.35737874  0.04877729 -0.10821767 -0.00516773]]
[[ 0.16807957  0.14011989  1.35551551  0.0520511  -0.10066134 -0.0053666 ]]
[[ 0.17852689  0.13704502  1.35898586  0.04880932 -0.10927621 -0.00523258]]
