[[ 0.00402735 -0.00670101  0.00284579  0.002517    0.00188133 -0.0001283 ]]
[[ 3.63625772e-03 -7.11575967e-03  1.30635834e-03  3.32702636e-03
   1.71515814e-03 -9.67086535e-05]]
[[ 0.0048494  -0.00945573  0.0025495   0.00431378  0.00183394 -0.00025424]]
[[ 0.00541325 -0.01232438  0.00196004  0.00557257  0.00250549 -0.00034425]]
[[ 0.00686063 -0.0128582   0.00232976  0.00562001  0.00305622 -0.00033324]]
[[ 0.0096015  -0.01396704  0.00449772  0.00592965  0.0023867  -0.00033668]]
[[ 0.00979452 -0.01192223  0.00479938  0.00634932  0.0036922  -0.00022961]]
[[ 0.00692912 -0.01614062  0.00542832  0.00598213  0.00463079 -0.00014043]]
[[ 0.00867534 -0.01839781  0.00761995  0.00470346  0.00539125 -0.00092014]]
[[ 0.00727897 -0.01051524  0.01212764  0.00627969  0.00058242 -0.00049833]]
[[ 8.04816175e-03 -8.57343895e-03  1.26342124e-02  6.08603798e-03
  -3.07337977e-05 -3.93177132e-04]]
[[ 0.00364206 -0.01933687  0.01400251  0.00523244  0.00330184 -0.00054902]]
[[-0.00124869 -0.02563997  0.01107083  0.00310342  0.00513388 -0.00059163]]
[[-0.00038773 -0.00895029  0.01418472  0.00887816  0.00124113 -0.00047554]]
[[-0.00095509  0.00626651  0.01906557  0.01427348 -0.00297525 -0.00067198]]
[[-0.0014031  -0.03107612  0.01418704  0.00184656  0.00594024 -0.0006157 ]]
[[-0.00317507 -0.03184653  0.01345032  0.00101216  0.00793062 -0.0003296 ]]
[[-0.00212913  0.00441859  0.01925689  0.01247148 -0.00027284 -0.00034859]]
[[-0.00067296 -0.00426378  0.01872551  0.00937393  0.00277677 -0.00033495]]
[[ 0.00222427 -0.03237494  0.01783151  0.00093385  0.00851192 -0.00038434]]
[[ 0.0005649  -0.01181609  0.02066901  0.006912    0.00525837 -0.00029251]]
[[ 0.00088949  0.00412244  0.01686417  0.01101387  0.00018394 -0.00033289]]
[[-0.01695485  0.01378061  0.0491805   0.01282096  0.00206909 -0.00015207]]
[[-0.01197985 -0.00950258  0.02341189  0.00710357  0.00517808 -0.00027296]]
[[-1.11225067e-02 -1.29780874e-02  1.18519950e-02  5.75396271e-03
   9.79454779e-03 -4.93763907e-05]]
[[ 0.00666215 -0.000749    0.01969099  0.0134644  -0.00335324 -0.00089513]]
[[ 0.01053398 -0.00943686  0.02315843  0.00914928 -0.00046781 -0.00066506]]
[[ 0.00125173 -0.01174768  0.02560411  0.00982332  0.00423741 -0.00050355]]
[[ 0.00391164 -0.01686036  0.02509999  0.00565952  0.00603464 -0.00033084]]
[[ 0.00933487 -0.00887838  0.02690113  0.00826771  0.00315303 -0.0003504 ]]
[[ 0.00787309 -0.00046719  0.02242681  0.01237113  0.00345473 -0.00028354]]
[[ 0.01017662 -0.00878695  0.01951884  0.00790129  0.00451197 -0.00020835]]
[[ 0.00950341 -0.01015698  0.02150428  0.00755633  0.00458385 -0.00021878]]
[[ 7.21366643e-03 -1.36530237e-03  2.15686868e-02  7.88048510e-03
   5.07634077e-03  2.68754068e-05]]
[[ 8.52143300e-03  1.18519100e-03  2.56858393e-02  8.32010241e-03
   3.57093599e-03 -7.50751566e-05]]
[[ 0.00538058 -0.00375138  0.02536253  0.00801477  0.00437217 -0.00017796]]
[[ 7.13093228e-03 -6.06710670e-03  2.36342747e-02  7.62650189e-03
   6.07182339e-03 -4.35390633e-05]]
[[0.008747   0.00341597 0.02512907 0.008797   0.00515141 0.00014501]]
[[0.00543025 0.00460332 0.02547581 0.00819013 0.00501792 0.00017508]]
[[-0.02006385  0.01311064  0.03386367  0.00906264  0.02176401  0.00270734]]
[[-0.02324337  0.01435656  0.03682459  0.0089418   0.02374346  0.00336372]]
[[-0.02291085  0.01069013  0.06521872  0.00774122  0.01984818  0.0024684 ]]
[[-0.01598258  0.01047353  0.07887298  0.01066555  0.00610296  0.00142184]]
[[-0.01194288  0.0136777   0.07941272  0.01401692  0.00461553  0.00272145]]
[[-0.02909348  0.02200039  0.04696532  0.00685544  0.01700013  0.00624191]]
[[ 0.0320108  -0.11576408 -0.16600283 -0.06767988  0.01252722  0.01337043]]
[[ 0.04582963 -0.14373828 -0.11379036 -0.07651137  0.02841839  0.01636585]]
[[ 0.02883699 -0.0472715  -0.0595014  -0.02616763  0.01202209  0.01556013]]
[[ 0.00897829 -0.05276613  0.02156129 -0.0152763   0.01565233  0.01382749]]
[[ 0.10658514  0.02267544  0.12116635  0.10090147 -0.15037916  0.00637334]]
[[ 0.32850357  0.03621311  0.1253397   0.23912095 -0.4124651  -0.00749653]]
[[ 0.78693571 -0.08103299  0.12723227  0.46975399 -0.80762201 -0.04197393]]
[[ 1.4617107  -0.44971297  0.18609899  0.72008899 -1.23545484 -0.09797275]]
[[ 2.41765401 -1.04808927  0.22780537  1.10018684 -1.77364024 -0.19464071]]
[[ 3.45630192 -1.80134089  0.32042075  1.5203339  -2.30582493 -0.29766652]]
[[ 4.44875463 -2.57506291  0.44932458  2.04658517 -2.90031926 -0.42589179]]
[[ 5.4967478  -3.4702852   0.3907004   2.54931451 -3.45841637 -0.54316844]]
[[ 6.7353514  -4.51963272  0.29534709  3.0818782  -4.0379332  -0.65504563]]
[[ 8.06298609 -5.64127774  0.42736069  3.64306569 -4.64528622 -0.78261609]]
[[ 9.36317158 -6.70481176  0.58907078  4.13131145 -5.15770815 -0.90365789]]
[[10.02703039 -7.273565    0.7741825   4.41513433 -5.46452211 -0.99207289]]
[[ 9.5424452  -6.97245165  0.92556772  4.32028752 -5.35311401 -0.99697261]]
[[ 8.01342509 -5.91932119  0.79528349  3.81853343 -4.84398712 -0.91490135]]
[[ 6.71866047 -5.10683118  0.34166547  3.33556085 -4.37231913 -0.7852273 ]]
[[ 7.03014444 -5.26208958  0.65644517  3.66869097 -4.67769665 -0.78849957]]
[[ 8.21380777 -5.94521335  1.2531521   4.47923993 -5.39968042 -0.83375054]]
[[ 9.36790596 -6.86045409  1.69562692  5.02188118 -5.94521532 -0.85678169]]
[[ 9.27780243 -6.84581671  1.83302018  5.00515286 -5.98532747 -0.9230806 ]]
[[ 8.01877136 -6.02053606  1.64966895  4.49471363 -5.50820016 -0.91362555]]
[[ 6.21817552 -4.84618438  1.14050528  3.54660669 -4.56395995 -0.738565  ]]
[[ 4.24376424 -3.45301094  0.43970032  2.42696814 -3.33555636 -0.53768035]]
[[ 2.63719761 -2.22501104 -0.03252374  1.61960399 -2.38124331 -0.37942918]]
[[ 1.50037146 -1.36251017 -0.4248013   1.07109828 -1.72754516 -0.26868287]]
[[ 0.73872135 -0.7709077  -0.71958208  0.7224029  -1.29662831 -0.18839733]]
[[ 0.21168622 -0.35586801 -1.02744951  0.49193529 -1.01758189 -0.13829424]]
[[-0.12453276 -0.11003733 -1.14910421  0.32635209 -0.82822251 -0.10537626]]
[[-0.35580929  0.06447003 -1.22682275  0.20425768 -0.68957695 -0.08458995]]
[[-0.51932842  0.13309734 -1.27141515  0.10004674 -0.57562239 -0.07001196]]
[[-0.62327372  0.18774637 -1.306874    0.03106691 -0.50232965 -0.06023098]]
[[-0.70375921  0.27426975 -1.32096597  0.00227112 -0.46654218 -0.05387097]]
[[-0.75724586  0.30595645 -1.33341392 -0.0264606  -0.43514279 -0.04987017]]
[[-0.79470281  0.29408479 -1.34275559 -0.0568055  -0.4084061  -0.04686542]]
[[-0.81614439  0.31336407 -1.3404583  -0.07157034 -0.39537415 -0.04455881]]
[[-0.83235399  0.34553223 -1.33256664 -0.07244572 -0.39262977 -0.04318107]]
[[-0.84382084  0.33868495 -1.32524982 -0.08309374 -0.38418806 -0.04236269]]
[[-0.84881638  0.32362635 -1.31704616 -0.09331434 -0.37490153 -0.0417342 ]]
[[-0.85410502  0.33705953 -1.30687385 -0.09474359 -0.37441851 -0.0411494 ]]
[[-0.85884938  0.35510762 -1.29569731 -0.09192898 -0.37854218 -0.04095562]]
[[-0.86392706  0.34537577 -1.28724502 -0.09769194 -0.37592957 -0.04092494]]
[[-0.867736    0.33549069 -1.27881702 -0.1057691  -0.37241101 -0.04062292]]
[[-0.87189728  0.34802519 -1.26707474 -0.10260163 -0.37761731 -0.04067768]]
[[-0.87321496  0.35823464 -1.25593177 -0.10065649 -0.38116027 -0.04070142]]
[[-0.87719554  0.34645046 -1.24675788 -0.10566024 -0.37991097 -0.04086145]]
[[-0.87998815  0.34116324 -1.23917709 -0.10852756 -0.38002332 -0.0412722 ]]
[[-0.87906334  0.35343146 -1.2278967  -0.10654194 -0.38226542 -0.04050736]]
[[-0.88340885  0.35659475 -1.22156051 -0.10427187 -0.3851751  -0.04053399]]
[[-0.88156588  0.34628054 -1.21585565 -0.10948123 -0.38220053 -0.04069114]]
[[-0.88367569  0.34264427 -1.21069939 -0.11039255 -0.38169615 -0.04066303]]
