[[-1.96764879e-03 -3.28966565e-03  1.70490508e-02 -7.54242191e-05
  -3.76262994e-04 -1.24243094e-04]]
[[-0.00847872 -0.01557916  0.03226392 -0.00096689 -0.00029066 -0.00020709]]
[[-0.0082103   0.00065819  0.01937894  0.00037468  0.00014969  0.00024552]]
[[-0.01421049 -0.01646154  0.04004176 -0.00100364 -0.00023274 -0.00027973]]
[[-1.53745691e-02 -6.96900334e-03  3.26229338e-02  7.84990767e-05
   3.04565153e-04  1.65996874e-04]]
[[-0.01317524 -0.00449139  0.03008094  0.0001828   0.00013146  0.00020455]]
[[-0.00856513  0.00611451  0.03123577  0.00100508 -0.00014347  0.00038553]]
[[-0.01784921 -0.00159388  0.04512355  0.0006266   0.00096707  0.000441  ]]
[[-0.01753576 -0.03162203  0.07300926 -0.00257107 -0.00053986 -0.00071777]]
[[-1.76805372e-02 -6.13904856e-03  5.56071334e-02 -6.25770912e-05
   1.88671173e-04  4.35005323e-05]]
[[-0.01753484  0.00125785  0.05177645  0.00040801  0.000285    0.00024304]]
[[-0.02766666 -0.01122641  0.07270821 -0.00022986  0.0010416   0.00011091]]
[[-2.50503022e-02 -5.03337363e-03  6.80987849e-02 -4.42688843e-05
   8.28476129e-04  1.34437978e-04]]
[[-0.01611257  0.00229938  0.06384503  0.00062291 -0.00010003  0.00010109]]
[[-0.02490289  0.00424395  0.06211961  0.0011984   0.00158349  0.00063053]]
[[-0.01331061 -0.03336404  0.09429812 -0.00322111 -0.00171782 -0.00108585]]
[[-0.02114699 -0.00728292  0.07773661 -0.00025906  0.00027826  0.00013265]]
[[-0.02912359 -0.01102882  0.08104205 -0.00052758  0.00120871  0.0002683 ]]
[[-0.02126699 -0.00322718  0.07937088 -0.00013157 -0.00016711  0.0001008 ]]
[[-2.48127932e-02 -3.04713497e-03  8.59739367e-02  1.66098739e-05
   1.24305556e-04  1.63530550e-04]]
[[-2.64947332e-02 -1.05831330e-02  9.19920111e-02 -4.76404760e-04
   1.83002026e-05 -3.99700748e-05]]
[[-0.03214908  0.00850794  0.08024604  0.0013661   0.00168357  0.00083215]]
[[-0.02603641 -0.00933138  0.09537473 -0.00056005  0.00017982 -0.00010171]]
[[-0.03120663 -0.00111307  0.09328792  0.00034691  0.00083171  0.00033988]]
[[-0.02802327 -0.03301316  0.11994432 -0.00283915 -0.00035728 -0.00071175]]
[[-2.23506189e-02 -3.61932380e-03  1.01159849e-01 -1.25803650e-04
  -3.47090830e-04  5.86804696e-05]]
[[-0.03382946 -0.0089638   0.11118919 -0.00049921  0.00134175  0.00027262]]
[[-0.03238757 -0.00698209  0.11159305 -0.00012218  0.00089539  0.00019641]]
[[-0.02793406  0.00137801  0.10441535  0.00071346  0.00053744  0.00038402]]
[[-3.11785028e-02 -1.13848923e-02  1.19160570e-01 -2.70995204e-04
   7.42960302e-04  5.89371655e-05]]
[[-3.25793421e-02 -1.70285207e-02  1.32041238e-01 -2.53613894e-04
   2.59132310e-04 -1.12314018e-04]]
[[-0.03281034 -0.01227326  0.12937938  0.00033305  0.00076406  0.00022391]]
[[-0.0370523  -0.00675687  0.1187615   0.00046232  0.00120666  0.00041453]]
[[-0.04060767  0.0064693   0.10543734  0.00129418  0.00133275  0.00071905]]
[[-0.03490166  0.02752887  0.09102358  0.00293066  0.00066703  0.00109806]]
[[-0.02558178  0.04211388  0.07197073  0.00336859 -0.00098289  0.00100941]]
[[-0.0109631   0.06242807  0.05990534  0.0052032  -0.00202075  0.00153281]]
[[-0.00013183  0.10472035  0.01283212  0.00801654 -0.0019489   0.00249965]]
[[ 0.02235875  0.16241989 -0.05966429  0.01189096 -0.00278475  0.00363458]]
[[ 0.04871173  0.19306231 -0.08973849  0.01357094 -0.00510294  0.00380933]]
[[ 0.07339685  0.2522906  -0.1532528   0.01750481 -0.00665981  0.00474589]]
[[ 0.10326093  0.31835786 -0.23746879  0.02209962 -0.00791934  0.00580521]]
[[ 0.13349831  0.38056031 -0.31108879  0.02652079 -0.00964582  0.00695555]]
[[ 0.17543604  0.44601248 -0.39531037  0.03083952 -0.01226818  0.00748944]]
[[ 0.20963971  0.51798815 -0.48243642  0.03620205 -0.01326334  0.00872949]]
[[ 0.25157253  0.61051604 -0.59066881  0.04316095 -0.01473938  0.01050979]]
[[ 0.310202    0.69731526 -0.70644129  0.04921605 -0.01875794  0.01130151]]
[[ 0.36038918  0.80041844 -0.84565703  0.05674035 -0.02105057  0.01283201]]
[[ 0.41560476  0.89529345 -0.96122267  0.06347194 -0.02446648  0.01383534]]
[[ 0.4778908   1.00736931 -1.10798872  0.07174807 -0.02796176  0.01520953]]
[[ 0.52967001  1.11828675 -1.26524508  0.07991779 -0.03034371  0.01670472]]
[[ 0.59498092  1.24326495 -1.442246    0.08940728 -0.03401757  0.01817473]]
[[ 0.64071538  1.36801229 -1.60735602  0.09941828 -0.03554571  0.01988121]]
[[ 0.71674661  1.48194215 -1.78521197  0.10818944 -0.04169107  0.02083999]]
[[ 0.77736333  1.59549894 -1.94548056  0.11721389 -0.04587937  0.02180811]]
[[ 0.84269054  1.71354414 -2.12321919  0.12779601 -0.04996166  0.02287705]]
[[ 0.90073199  1.83010556 -2.31158915  0.13859696 -0.05312688  0.02399443]]
[[ 0.95924552  1.93657528 -2.47982885  0.14798831 -0.05736532  0.02471748]]
[[ 1.00649158  2.0530562  -2.66203408  0.15841037 -0.05975969  0.02578038]]
[[ 1.06415693  2.16897448 -2.85431011  0.16836459 -0.06382073  0.0265556 ]]
[[ 1.10139042  2.27692691 -3.03582076  0.17813461 -0.06743681  0.02756041]]
[[ 1.13464942  2.38435107 -3.22704133  0.18941864 -0.07143971  0.02830411]]
[[ 1.16618349  2.47153398 -3.40419671  0.19874903 -0.07651548  0.0287204 ]]
[[ 1.17726939  2.57611627 -3.60517461  0.21016311 -0.0784389   0.03014836]]
[[ 1.20114545  2.68239711 -3.8053882   0.22131102 -0.08341187  0.03094041]]
[[ 1.20470166  2.75871672 -3.97335552  0.23116982 -0.08636282  0.03146668]]
[[ 1.23310169  2.84108041 -4.17020105  0.2425679  -0.09094381  0.0315794 ]]
[[ 1.25921714  2.92271422 -4.35778406  0.25515514 -0.09491549  0.03164579]]
[[ 1.27376369  2.98016511 -4.51916874  0.26482007 -0.09831157  0.03144816]]
[[ 1.34079509  3.02170848 -4.68226934  0.27892097 -0.10243215  0.029917  ]]
[[ 1.38326842  3.04980523 -4.83631991  0.28950951 -0.10658955  0.02854189]]
[[ 1.40511404  3.10791921 -4.99962654  0.30179351 -0.10986625  0.02789627]]
[[ 1.42828291  3.16521393 -5.18352387  0.31269917 -0.1145261   0.02752424]]
[[ 1.43007939  3.23816736 -5.36961072  0.32463296 -0.11717759  0.02726714]]
[[ 1.44195001  3.31658719 -5.56518006  0.33620281 -0.1219991   0.02704532]]
[[ 1.48015861  3.34055055 -5.7112929   0.3475458  -0.12509429  0.0254236 ]]
[[ 1.56443241  3.35056234 -5.85757925  0.36174748 -0.12968817  0.02250088]]
[[ 1.65012045  3.32294591 -5.95558617  0.37501756 -0.13209639  0.01845127]]
[[ 1.71742193  3.32955831 -6.10462677  0.38760198 -0.13655467  0.0156077 ]]
[[ 1.755235    3.35913864 -6.26359973  0.40096769 -0.13874817  0.01355566]]
[[ 1.79486974  3.39742639 -6.42415159  0.41240549 -0.14400128  0.01186672]]
[[ 1.85189895  3.41774717 -6.56678452  0.42402393 -0.14802279  0.0090986 ]]
[[ 1.90249505e+00  3.44647788e+00 -6.72310337e+00  4.35867353e-01
  -1.51938392e-01  6.66142096e-03]]
[[ 1.99767055e+00  3.43493774e+00 -6.83364968e+00  4.48032936e-01
  -1.55664103e-01  2.49742992e-03]]
[[ 2.08867645e+00  3.43648684e+00 -6.95269523e+00  4.61610616e-01
  -1.58666794e-01 -1.53044240e-03]]
[[ 2.14449863e+00  3.44023237e+00 -7.06680811e+00  4.71960137e-01
  -1.62134874e-01 -4.47370655e-03]]
[[ 2.18195249e+00  3.47200155e+00 -7.20887763e+00  4.83068849e-01
  -1.65334582e-01 -6.52871942e-03]]
[[ 2.20576258  3.50905969 -7.33455789  0.49207166 -0.16827914 -0.00790523]]
[[ 2.22282374  3.55055568 -7.46048913  0.50050806 -0.1717722  -0.0091051 ]]
[[ 2.25153399  3.58193172 -7.57556647  0.50885482 -0.17411055 -0.01073749]]
[[ 2.27443805  3.60936051 -7.66770211  0.51618231 -0.17609852 -0.01260096]]
[[ 2.35109801  3.63754863 -7.7635969   0.5226943  -0.18162942 -0.01426183]]
[[ 2.53785304  3.70686305 -7.87186825  0.53157741 -0.17609234 -0.01947658]]
[[ 2.76778706  3.76515369 -7.95720955  0.53695709 -0.1786486  -0.02383643]]
[[ 2.88898377  3.82455812 -8.04284959  0.54300296 -0.17891111 -0.0267275 ]]
[[ 2.97298577  3.86497271 -8.13311106  0.54772647 -0.18122918 -0.02837569]]
[[ 2.99783512  3.89503882 -8.18208497  0.55162831 -0.18089315 -0.02969637]]
[[ 3.02039685  3.92811551 -8.25310873  0.55509249 -0.18242508 -0.03013227]]
[[ 3.04930003  3.95063079 -8.28910417  0.55725728 -0.18740683 -0.03029921]]
[[ 3.02708441  3.95815776 -8.3087694   0.55914941 -0.18471951 -0.03080405]]
[[ 3.12211207  3.99636865 -8.35698462  0.56188466 -0.18635844 -0.03154124]]
[[ 3.17970226  4.02693903 -8.38353698  0.56449301 -0.18503064 -0.03255478]]
[[ 3.23492038  4.04053792 -8.40878932  0.56556756 -0.18526625 -0.03298096]]
[[ 3.25753489  4.04941838 -8.40662034  0.56631263 -0.18406297 -0.03321216]]
[[ 3.28979149  4.05892688 -8.41863429  0.5666187  -0.18549494 -0.0331739 ]]
[[ 3.31257406  4.06203462 -8.40720556  0.56677872 -0.18466839 -0.03357338]]
[[ 3.32580948  4.07213968 -8.42219777  0.56768681 -0.18347613 -0.03378418]]
[[ 3.34365136  4.0667223  -8.40001563  0.56694623 -0.18307492 -0.03407257]]
[[ 3.35990758  4.0811997  -8.42344643  0.56754145 -0.18476952 -0.03385026]]
[[ 3.34942737  4.07708921 -8.41220478  0.56763183 -0.18330618 -0.03394671]]
[[ 3.35977279  4.07913242 -8.41849397  0.56746255 -0.18464102 -0.03376796]]
[[ 3.35401677  4.07954365 -8.40886001  0.5677034  -0.1838457  -0.03386301]]
[[ 3.35644186  4.07868162 -8.4116629   0.56752356 -0.18426502 -0.03378738]]
[[ 3.35563276  4.07962345 -8.40596314  0.56754428 -0.18410847 -0.03376473]]
[[ 3.35720961  4.08301322 -8.41357008  0.56787564 -0.18431514 -0.03375118]]
[[ 3.35894356  4.08148356 -8.40390573  0.56746695 -0.18459583 -0.03368537]]
[[ 3.35374661  4.0821536  -8.4017745   0.56761656 -0.18395128 -0.03375643]]
[[ 3.3557473   4.08573107 -8.40411023  0.56787833 -0.18435601 -0.0336898 ]]
[[ 3.35926281  4.08532661 -8.39633216  0.56767294 -0.18468243 -0.03368218]]
[[ 3.35640946  4.08453076 -8.39370249  0.56761212 -0.18424846 -0.03369069]]
[[ 3.35627726  4.08746587 -8.39094056  0.56764294 -0.1841978  -0.03370597]]
[[ 3.35971927  4.09227186 -8.39191124  0.56795631 -0.18451442 -0.03361539]]
[[ 3.36169912  4.09072673 -8.38149092  0.56764479 -0.18464527 -0.03358883]]
[[ 3.35884716  4.09002199 -8.37845719  0.56756626 -0.18428497 -0.03362335]]
[[ 3.35525583  4.09540907 -8.37598727  0.56785771 -0.18403166 -0.03367388]]
[[ 3.36293136  4.09740239 -8.37691646  0.56787447 -0.18478499 -0.03359407]]
[[ 3.35961204  4.09298127 -8.36986642  0.56757774 -0.1847377  -0.03362085]]
[[ 3.35670704  4.09491278 -8.36827262  0.56783195 -0.18411462 -0.03371175]]
[[ 3.362299    4.10071483 -8.36790747  0.56795887 -0.18455576 -0.0336343 ]]
[[ 3.36667834  4.10168555 -8.36299041  0.56799744 -0.18501258 -0.03360571]]
[[ 3.36090704  4.09142229 -8.34381351  0.56823009 -0.1840992  -0.03364864]]
[[ 3.52724221  3.94440302 -8.29427198  0.55587618 -0.20275187 -0.02648382]]
[[ 4.16717102  3.58099065 -7.82974572  0.52305005 -0.25388205 -0.00895958]]
[[ 4.58450979e+00  3.32135931e+00 -7.64362925e+00  5.09650494e-01
  -2.87861277e-01 -4.27032560e-03]]
[[ 4.64094314e+00  3.20309046e+00 -7.66427081e+00  5.06592060e-01
  -2.92666945e-01 -6.35860539e-03]]
[[ 4.36938038  3.33651254 -7.84951407  0.51787516 -0.27082533 -0.01374503]]
[[ 4.0486406   3.57179182 -8.00538209  0.53443177 -0.24285731 -0.02033124]]
[[ 3.83743147  3.72896494 -8.10167658  0.54531952 -0.22448029 -0.02473376]]
[[ 3.6958513   3.83800315 -8.17069111  0.55275044 -0.21219705 -0.02772581]]
[[ 3.59736785  3.90844117 -8.21173689  0.55767126 -0.20347127 -0.02979617]]
[[ 3.53051654  3.96061721 -8.24564596  0.56128526 -0.19768709 -0.03117227]]
[[ 3.48896941  4.00001713 -8.26204215  0.56383803 -0.19417742 -0.03208852]]
[[ 3.45651695  4.02269674 -8.26824858  0.56493699 -0.19134476 -0.03272764]]
[[ 3.4292739   4.04170404 -8.27471698  0.56630147 -0.18886758 -0.03313777]]
[[ 3.41894612  4.05660824 -8.28157375  0.56725698 -0.1881529  -0.03337862]]
[[ 3.40792058  4.06245584 -8.27551608  0.56754372 -0.18714379 -0.03364457]]
[[ 3.39854448  4.06518023 -8.27304605  0.56780733 -0.186152   -0.03386278]]
[[ 3.39563105  4.07305847 -8.27927019  0.56848812 -0.18599136 -0.03384797]]
[[ 3.39724179  4.07690172 -8.27533644  0.56855223 -0.18627337 -0.03392845]]
[[ 3.3910603   4.07511595 -8.26849283  0.56842527 -0.18551788 -0.03405696]]
[[ 3.38449423  4.07629014 -8.26683122  0.56862931 -0.18493788 -0.03416718]]
[[ 3.38959296  4.08141444 -8.26923246  0.56891895 -0.1857031  -0.03412879]]
[[ 3.3896912   4.07891    -8.26227812  0.56888165 -0.18568572 -0.03409858]]
[[ 3.38555031  4.0779445  -8.25562814  0.56876439 -0.18492836 -0.03417073]]
[[ 3.38549837  4.08064659 -8.25512904  0.56896898 -0.18510332 -0.03419089]]
[[ 3.39070033  4.0822447  -8.25709992  0.56915606 -0.18563029 -0.03414217]]
[[ 3.38992654  4.07968316 -8.25070193  0.56903499 -0.18537936 -0.03417834]]
[[ 3.38775542  4.07835403 -8.24386065  0.56885554 -0.18491619 -0.03426272]]
[[ 3.38969409  4.08168426 -8.24777713  0.5692279  -0.18529901 -0.03424065]]
[[ 3.39168843  4.08433182 -8.24340611  0.56917915 -0.18557065 -0.0342794 ]]
[[ 3.3930786   4.0822568  -8.23557551  0.5688648  -0.18544113 -0.03420899]]
[[ 3.39003498  4.08217377 -8.23256494  0.56904584 -0.18500493 -0.03419192]]
[[ 3.3960113   4.08622395 -8.22920654  0.5690222  -0.18542987 -0.03413026]]
[[ 3.39673822  4.09044802 -8.23362391  0.56938928 -0.18566149 -0.0341251 ]]
[[ 3.39783158  4.09170307 -8.22559138  0.5692087  -0.18573078 -0.03414068]]
[[ 3.39392977  4.08580413 -8.21864387  0.56884368 -0.18527948 -0.034268  ]]
[[ 3.39361847  4.08856575 -8.21524281  0.56897206 -0.1851607  -0.0342484 ]]
[[ 3.39663051  4.09331828 -8.21313255  0.56909715 -0.18562999 -0.03421022]]
[[ 3.39856969  4.09345937 -8.20651692  0.56883491 -0.18586638 -0.03420231]]
[[ 3.39350336  4.09169509 -8.1937554   0.56867677 -0.1851221  -0.03427513]]
[[ 3.39238078  4.10145434 -8.19596976  0.56958606 -0.18500277 -0.03425328]]
[[ 3.39629693  4.10378073 -8.19132218  0.56959441 -0.18568766 -0.03420024]]
[[ 3.3915526   4.10690778 -8.17953602  0.56966277 -0.18515794 -0.0342295 ]]
[[ 3.39300726  4.10392108 -8.17298886  0.5694031  -0.18541298 -0.0342034 ]]
[[ 3.39704162  4.09995713 -8.15274349  0.56853371 -0.1862139  -0.03424357]]
[[ 3.39511458  4.10618671 -8.15091767  0.56919461 -0.18621099 -0.0342406 ]]
[[ 3.38533467  4.10189795 -8.14128552  0.5690611  -0.18558577 -0.03421056]]
[[ 3.37997837  4.10346632 -8.14116694  0.56963333 -0.18526847 -0.03425086]]
[[ 3.38113613  4.09764153 -8.13392059  0.56918545 -0.18623784 -0.03410041]]
[[ 3.37269426  4.10072036 -8.13525165  0.56959932 -0.18559635 -0.03412183]]
[[ 3.36794418  4.09384019 -8.1248185   0.56912103 -0.18579295 -0.03414836]]
[[ 3.36663066  4.08941866 -8.11860237  0.56858736 -0.18627531 -0.03412584]]
[[ 3.36691091  4.09237948 -8.11696382  0.56901918 -0.18672262 -0.03402903]]
[[ 3.34862738  4.09731498 -8.11440978  0.56992391 -0.18543234 -0.03416253]]
[[ 3.34401536  4.08385753 -8.10311114  0.56853866 -0.18640962 -0.03410913]]
[[ 3.33697775  4.08935524 -8.10716049  0.56942244 -0.1866644  -0.03393994]]
[[ 3.32277114  4.08351276 -8.1043237   0.56874869 -0.1868516  -0.03382007]]
[[ 3.30621346  4.08643929 -8.09928422  0.56928519 -0.18665883 -0.03365981]]
[[ 3.29643847  4.08173141 -8.09169431  0.56858644 -0.1874788  -0.03345327]]
[[ 3.27848457  4.07633356 -8.08349225  0.56867124 -0.18689426 -0.0333106 ]]
[[ 3.26972138  4.08771777 -8.09802315  0.56994127 -0.1870589  -0.03303223]]
[[ 3.25691365  4.08480656 -8.08790321  0.5697792  -0.18727629 -0.03303309]]
[[ 3.24220023  4.07081786 -8.06962274  0.56864299 -0.18735559 -0.0329505 ]]
[[ 3.228405    4.08497036 -8.08359309  0.57029264 -0.18664312 -0.0328202 ]]
[[ 3.23532096  4.0774692  -8.06816955  0.56871536 -0.18851922 -0.03263467]]
[[ 3.223463    4.07230873 -8.04803023  0.56796767 -0.1877943  -0.03258594]]
[[ 3.24465742  4.12327689 -8.13613053  0.57632904 -0.19082585 -0.03250512]]
[[ 3.49903151  4.2508923  -8.59178548  0.62159961 -0.21054314 -0.03671194]]
[[ 4.23102119  4.52652212 -9.42072736  0.73226282 -0.2400902  -0.05133306]]
[[  4.96606214   4.79666947 -10.18310686   0.83936416  -0.26476444
   -0.06612407]]
[[  5.53406862   5.03260851 -10.76853195   0.92659992  -0.27572194
   -0.07892822]]
[[  5.89972041   4.97610734 -10.91570094   0.96095581  -0.28844372
   -0.08854682]]
[[  6.111211     4.88190283 -10.9757244    0.97714503  -0.29447134
   -0.09500958]]
[[  6.24896044   4.78768033 -11.05781808   0.98285215  -0.29992273
   -0.09970428]]
[[  6.33525438   4.71894256 -11.11224818   0.98635872  -0.30293116
   -0.10285198]]
[[  6.38772558   4.65980042 -11.11861011   0.98683751  -0.30405544
   -0.10511852]]
[[  6.43002631   4.61387542 -11.12357177   0.98583257  -0.30626964
   -0.10648044]]
[[  6.45239724   4.57322621 -11.13856166   0.98445846  -0.30823802
   -0.10749521]]
[[  6.8153285    5.08803713 -11.72580248   1.06933756  -0.30315648
   -0.11137482]]
[[  7.19462754   5.64260867 -12.37551187   1.15858904  -0.29622924
   -0.11585119]]
[[  7.44546972   6.00964417 -12.80776911   1.21796319  -0.29090052
   -0.11894119]]
[[  7.61404369   6.25653115 -13.09848128   1.25804752  -0.28686464
   -0.12106813]]
[[  7.73058536   6.42934714 -13.2980589    1.28584891  -0.28392273
   -0.1226017 ]]
[[  7.80683957   6.53512154 -13.42487138   1.30360262  -0.28196803
   -0.12365247]]
[[  7.86198237   6.60777656 -13.50861757   1.315467    -0.2808271
   -0.12438653]]
[[  7.89737823   6.65544227 -13.57026103   1.3233803   -0.28011817
   -0.12485374]]
[[  7.92376439   6.68924706 -13.61140045   1.32861346  -0.27968168
   -0.12523783]]
[[  7.94108531   6.70305628 -13.62232482   1.33098717  -0.27964108
   -0.12545791]]
[[  7.95330789   6.71043056 -13.62764709   1.33234977  -0.27933184
   -0.12561906]]
[[  7.96299922   6.71948061 -13.65292009   1.33410627  -0.27949159
   -0.12575282]]
[[  7.96714481   6.72012928 -13.65266158   1.33421085  -0.27981162
   -0.12585496]]
[[  7.9697887    6.7147462  -13.63573444   1.33303951  -0.27966111
   -0.12600942]]
[[  7.97106841   6.71173097 -13.64306871   1.33295389  -0.27966926
   -0.12608602]]
[[  7.97571087   6.71268846 -13.6635829    1.33324495  -0.28033314
   -0.12607516]]
[[  7.97701441   6.70477174 -13.64637873   1.33148218  -0.28080848
   -0.12619406]]
[[  7.9777506    6.69479999 -13.63896419   1.33024412  -0.2810788
   -0.12625526]]
[[  7.98006259   6.69394884 -13.6579031    1.33053027  -0.28160982
   -0.12629641]]
[[  7.98189829   6.68871092 -13.65860349   1.32982126  -0.28216081
   -0.12635058]]
[[  7.98234417   6.67923972 -13.63787336   1.32828659  -0.28238244
   -0.12640794]]
[[  7.98365337   6.67798283 -13.64422679   1.32791314  -0.28260103
   -0.12646697]]
[[  7.98508039   6.67941856 -13.65528963   1.32805217  -0.28288158
   -0.12639652]]
[[  7.98683424   6.67324133 -13.64919651   1.32720708  -0.28319293
   -0.1264513 ]]
[[  7.98908063   6.66657086 -13.63801975   1.32622048  -0.283319
   -0.12650231]]
[[  7.99075547   6.66449296 -13.64121483   1.32600852  -0.28373387
   -0.12647754]]
[[  7.98997584   6.66096417 -13.63984801   1.32572778  -0.28396446
   -0.12646948]]
[[  7.99019049   6.6565812  -13.63487055   1.32521172  -0.28387876
   -0.12655189]]
[[  7.99141645   6.65629172 -13.63599236   1.32520402  -0.28378213
   -0.12658171]]
[[  7.99215127   6.65199473 -13.62588114   1.3244505   -0.28420001
   -0.12669561]]
[[  7.9875196    6.64741509 -13.62362546   1.32437128  -0.28371566
   -0.12666054]]
[[  7.98530659   6.64643273 -13.62751185   1.32473873  -0.28356547
   -0.12671138]]
[[  7.98124006   6.63632846 -13.59280323   1.32315078  -0.28309809
   -0.1267339 ]]
[[  7.98146987   6.635737   -13.59586221   1.32309466  -0.28331151
   -0.12673521]]
[[  7.98359922   6.6354562  -13.60236115   1.3229719   -0.28394074
   -0.12682469]]
[[  7.98356551   6.6290295  -13.58955167   1.32206064  -0.28411852
   -0.12682304]]
[[  7.98246309   6.62280469 -13.57243294   1.32119106  -0.28397523
   -0.12682356]]
[[  7.98170997   6.62860519 -13.591593     1.32205896  -0.28411529
   -0.12687087]]
[[  7.98131397   6.62715239 -13.59826477   1.32226815  -0.28415131
   -0.12695419]]
[[  7.98226545   6.62432047 -13.58663928   1.32180695  -0.28395935
   -0.12690434]]
[[  7.98264898   6.61816625 -13.58565886   1.32068669  -0.28438997
   -0.12696175]]
[[  7.98301014   6.61554056 -13.6054397    1.31989794  -0.28624313
   -0.12712956]]
[[  7.98877991   6.60627147 -13.60497771   1.31808699  -0.28782133
   -0.12721308]]
[[  7.99408349   6.59775609 -13.59967041   1.31662205  -0.28936751
   -0.12717415]]
[[  7.99696292   6.59485202 -13.60613078   1.31613279  -0.28994602
   -0.12727   ]]
[[  7.99405736   6.67126269 -13.71662752   1.3277916   -0.28505146
   -0.12747817]]
[[  8.00351346   6.77060847 -13.83923061   1.34084749  -0.27830986
   -0.12761025]]
[[  8.0292465    6.82902953 -13.92745893   1.34863257  -0.27665133
   -0.12417386]]
[[  8.08712716   6.79565636 -13.96786686   1.34995023  -0.27903431
   -0.11513701]]
[[  8.0962556    6.74447804 -13.91379363   1.34329956  -0.28291578
   -0.11808382]]
[[  8.16199232   6.58265069 -13.77139227   1.32044451  -0.30295488
   -0.117531  ]]
[[  8.28560349   6.30268218 -13.3269494    1.29811993  -0.31448845
   -0.10531247]]
[[  8.01114489   6.01263759 -12.90540017   1.26761871  -0.28858577
   -0.10569351]]
[[  7.70441423   5.85005242 -12.69874369   1.24828078  -0.2609907
   -0.11295011]]
[[  7.72709182   6.0076814  -12.94619448   1.2678361   -0.25844239
   -0.11874781]]
[[  7.7900455    6.05029414 -13.02419468   1.27248798  -0.26534455
   -0.12331818]]
[[  7.83608859   6.08317093 -13.06966977   1.27545541  -0.27017933
   -0.12633473]]
[[  7.85014842   6.08870985 -13.09995614   1.27664729  -0.27154614
   -0.12846218]]
[[  7.89938155   6.12633313 -13.14846173   1.28012971  -0.27804304
   -0.12822011]]
[[  7.94563085   6.11714145 -13.13082545   1.27666031  -0.28477497
   -0.12590034]]
[[  7.94368139   6.11495398 -13.11886196   1.2769639   -0.28355217
   -0.1283139 ]]
[[  7.93508199   6.12027074 -13.18517972   1.27956465  -0.28318193
   -0.13065536]]
[[  7.92270573   6.11294449 -13.19293446   1.27912742  -0.28249934
   -0.1321052 ]]
[[  7.94206793   6.1006976  -13.17916711   1.27627225  -0.28557548
   -0.12916303]]
[[  7.98282125   6.10210311 -13.23324914   1.2759666   -0.29440498
   -0.12575064]]
[[  7.9978693    6.09780383 -13.25565074   1.27477392  -0.29729921
   -0.12436746]]
[[  8.02354539   6.09273653 -13.25241861   1.27328843  -0.30085455
   -0.1209593 ]]
[[  8.03950562   6.08441463 -13.2560283    1.27181318  -0.30174695
   -0.11590207]]
[[  8.03398525   6.09418076 -13.25546606   1.27175776  -0.30191506
   -0.11555426]]
[[  8.01097016   6.11232165 -13.28106437   1.27655254  -0.29851592
   -0.11977468]]
[[  7.99090288   6.12525048 -13.29611546   1.27994585  -0.29666198
   -0.12441314]]
[[  7.98208278   6.14496684 -13.31281813   1.28312878  -0.29512963
   -0.12689156]]
[[  7.97881392   6.15104811 -13.30606152   1.28316068  -0.29359372
   -0.12616189]]
[[  7.97617052   6.15076081 -13.29151284   1.28238657  -0.29288945
   -0.12498761]]
[[  7.97777031   6.13707193 -13.28940751   1.28057361  -0.29599709
   -0.12507024]]
[[  7.98499382   6.12071596 -13.28629027   1.27732811  -0.30025903
   -0.12448681]]
[[  7.99152265   6.10936556 -13.27603249   1.27546793  -0.30111668
   -0.12330629]]
[[  7.9394053    6.13349965 -13.29032184   1.28182923  -0.29702609
   -0.13901559]]
[[  7.79096318   6.24048106 -13.28097205   1.29831925  -0.28113807
   -0.17467117]]
[[  7.84800058   6.34711394 -13.06293003   1.31638319  -0.27870122
   -0.22458748]]
[[  8.00907993   6.43894448 -12.78018738   1.33352056  -0.28481003
   -0.29241084]]
[[  8.10573165   6.54312    -12.48901079   1.35065478  -0.28721832
   -0.37077922]]
[[  8.18017152   6.63612452 -12.26102716   1.36584415  -0.28593209
   -0.42010389]]
[[  8.25997817   6.68597    -12.08452135   1.37495153  -0.28493186
   -0.44307534]]
[[  8.25426631   6.68308602 -11.9954741    1.37905011  -0.27138322
   -0.43673872]]
[[  8.33798569   6.53613637 -12.25435217   1.35804282  -0.28020013
   -0.3734016 ]]
[[  8.31267604   6.34269738 -12.32091933   1.32743743  -0.28149353
   -0.31056579]]
[[  8.2949512    6.2141019  -12.39376534   1.30775658  -0.28415992
   -0.26371198]]
[[  8.28715235   6.13043901 -12.46200606   1.2949718   -0.286577
   -0.23044612]]
[[  8.29576851   6.05096458 -12.51103048   1.28283032  -0.29335083
   -0.20568658]]
[[  8.32195452   5.97899347 -12.51944995   1.27031479  -0.30385365
   -0.19028359]]
[[  8.3679798    5.89293819 -12.49893184   1.2559513   -0.31552423
   -0.17760013]]
[[  8.39439459   5.74837106 -12.38841823   1.23456423  -0.32771912
   -0.16962129]]
[[  8.37071805   5.63621515 -12.27663793   1.22047301  -0.33075097
   -0.16402832]]
[[  8.32924396   5.56290701 -12.19283902   1.21208296  -0.32857739
   -0.16000308]]
[[  8.28714353   5.55871369 -12.17820379   1.21377752  -0.32292214
   -0.15712743]]
[[  8.23164675   5.69632322 -12.30384754   1.23470453  -0.30472185
   -0.15468469]]
[[  8.19323746   5.80144398 -12.42323531   1.25227244  -0.29051409
   -0.15311823]]
[[  8.18469526   5.89153948 -12.51296804   1.26561082  -0.28315571
   -0.15442864]]
[[  8.15018285   5.94896691 -12.5874236    1.27602     -0.27366181
   -0.15659287]]
[[  8.10336343   5.98189559 -12.65082342   1.28349807  -0.26386836
   -0.16044809]]
[[  8.08539292   6.00862005 -12.6696677    1.28766114  -0.25715273
   -0.16074164]]
[[  8.08464855   6.0097185  -12.6613289    1.2866801   -0.25587519
   -0.15933811]]
[[  8.08725775   6.0076837  -12.67368619   1.28565098  -0.25775837
   -0.15773057]]
[[  8.09708448   6.00436084 -12.68736614   1.28354736  -0.26131168
   -0.15359434]]
[[  8.09734956   5.9921238  -12.68833274   1.28106734  -0.26474923
   -0.15243203]]
[[  8.08647892   5.99130536 -12.65423965   1.27929014  -0.26304773
   -0.15212878]]
[[  8.09797202   5.99631742 -12.66209291   1.28012771  -0.26296113
   -0.15010178]]
[[  8.13355675   6.00308533 -12.65779743   1.27956168  -0.26607632
   -0.14579656]]
[[  8.162342     5.97612553 -12.61314802   1.27354515  -0.2724747
   -0.14752326]]
[[  8.20563588   5.9438476  -12.53256648   1.25949696  -0.28718565
   -0.15237916]]
[[  8.25236542   5.93839244 -12.51602162   1.24827381  -0.30484867
   -0.15507838]]
[[  8.27896366   5.96374026 -12.51939375   1.24474605  -0.31451928
   -0.1595239 ]]
[[  8.18890109   6.07506958 -12.59838546   1.25904217  -0.30345308
   -0.17678403]]
[[  8.01949954   6.22890154 -12.74149302   1.28952339  -0.2701664
   -0.18990156]]
[[  7.85145539   6.35108218 -12.83596833   1.31693152  -0.23376985
   -0.19906884]]
[[  7.72325166   6.43836274 -12.88788892   1.33323443  -0.21261715
   -0.2089244 ]]
[[  7.67675419   6.48120489 -12.91624637   1.33772409  -0.20764241
   -0.20823084]]
[[  7.73126312   6.46881001 -12.98559471   1.33203302  -0.21991982
   -0.19638309]]
[[  7.81747875   6.35098349 -12.92221019   1.31314287  -0.23545874
   -0.17984487]]
[[  7.77804337   6.30757319 -13.04345341   1.31280094  -0.22726943
   -0.17522171]]
[[  7.51869399   6.60661555 -15.1393371    1.36451609  -0.17425307
   -0.18885753]]
[[  7.37600509   7.21798868 -18.56908196   1.43706929  -0.14081782
   -0.1959871 ]]
[[  7.75525603   8.2021993  -21.78792035   1.54923594  -0.14630674
   -0.19658837]]
[[  8.47401725   9.02729291 -24.41696389   1.63958311  -0.19726377
   -0.19844616]]
[[  9.05333968   9.50944468 -26.52136732   1.68404622  -0.258191
   -0.19864814]]
[[  9.47908132   9.77470333 -28.15129209   1.70143663  -0.31274069
   -0.19754592]]
[[  9.77884811   9.96248617 -29.22903015   1.71130899  -0.35394083
   -0.19535309]]
[[ 10.24717459  10.08901979 -30.07771523   1.73355599  -0.42226942
   -0.19401959]]
[[ 10.94584577  10.50397101 -30.71008338   1.80636952  -0.49576386
   -0.1945036 ]]
[[ 11.62304508  10.88962552 -31.34960948   1.88590969  -0.55638421
   -0.18866496]]
[[ 12.2170027   11.39209968 -31.54923721   2.0039692   -0.61427657
   -0.18547654]]
[[ 12.69771522  12.49820382 -31.06522986   2.18853434  -0.65278163
   -0.18521625]]
[[ 12.99493225  14.11008608 -30.15755657   2.43485397  -0.65836404
   -0.1913233 ]]
[[ 13.11929184  16.36068304 -28.59629628   2.73194577  -0.64180912
   -0.20376516]]
[[ 13.16610247  18.50234082 -26.84979263   3.00122384  -0.62160899
   -0.21649453]]
[[ 13.17031111  20.2382854  -25.31503978   3.21468835  -0.59948803
   -0.22696881]]
[[ 13.15540696  21.52131489 -24.11612578   3.3706411   -0.58207615
   -0.23502142]]
[[ 13.13876161  22.45321976 -23.22371395   3.48346711  -0.56966562
   -0.24223993]]
[[ 13.12378132  23.16528999 -22.52306727   3.56814639  -0.56079126
   -0.24847649]]
[[ 13.11194667  23.67518383 -22.01702039   3.62733726  -0.55349756
   -0.25347618]]
[[ 13.11021427  24.00932169 -21.77000397   3.66264256  -0.549724
   -0.25702299]]
[[ 13.12728281  24.22039437 -21.6471571    3.68343147  -0.55124697
   -0.26073891]]
[[ 13.1245043   24.38619289 -21.36959766   3.70737337  -0.54645269
   -0.26286074]]
[[ 13.11394032  24.71254164 -20.86735579   3.74882928  -0.53413927
   -0.26521671]]
[[ 13.10802442  24.98753473 -20.55136558   3.77955535  -0.52539326
   -0.26650888]]
[[ 13.1055719   25.17726931 -20.31992779   3.80282557  -0.51812988
   -0.26603261]]
[[ 13.10346542  25.31964777 -20.14843564   3.81958856  -0.51288628
   -0.26497308]]
[[ 13.10058647  25.42068395 -20.01847272   3.83145975  -0.50936446
   -0.26447164]]
[[ 13.09983179  25.49956192 -19.88930172   3.84309546  -0.50811605
   -0.26324826]]
[[ 13.10203683  25.57500327 -19.76426587   3.85547393  -0.50451058
   -0.2606797 ]]
[[ 13.10956759  25.64061164 -19.67340124   3.86565639  -0.49920668
   -0.25816178]]
[[ 13.11575243  25.69339523 -19.60947003   3.87311788  -0.49450652
   -0.25657756]]
[[ 13.12614006  25.74204736 -19.56880285   3.87897398  -0.49142985
   -0.25559725]]
[[ 13.14106233  25.7978123  -19.52370036   3.88324316  -0.48997419
   -0.25490241]]
[[ 13.14313714  25.82983438 -19.50513081   3.88482985  -0.48667413
   -0.25446264]]
[[ 13.15133301  25.85574981 -19.50169645   3.88663402  -0.4847713
   -0.25436965]]
[[ 13.15806023  25.87485775 -19.49515508   3.88809975  -0.48329635
   -0.25418766]]
[[ 13.16110643  25.88241456 -19.50120748   3.88828868  -0.48170447
   -0.25414174]]
[[ 13.16157263  25.88536057 -19.51119812   3.88825067  -0.48000906
   -0.25426766]]
[[ 13.16779634  25.8882422  -19.518634     3.88830751  -0.4790611
   -0.25415756]]
[[ 13.16943376  25.88941744 -19.52784967   3.8882725   -0.4778831
   -0.25427553]]
[[ 13.17133268  25.88918699 -19.53921096   3.88804106  -0.47702336
   -0.25434085]]
[[13.17009805 25.88508981 30.44973674  3.88732675 -0.47604407 -0.25430451]]
[[13.16891472 25.88336129 30.43729706  3.88711584 -0.47496567 -0.25453179]]
[[13.16979262 25.87909386 30.42674209  3.88692128 -0.47403602 -0.25460792]]
[[13.17015217 25.87121346 30.41106212  3.88639695 -0.4736257  -0.25472912]]
[[13.17067922 25.86982733 30.40592485  3.88591534 -0.47295211 -0.25470061]]
[[13.17327684 25.90937241 30.418155    3.89157446 -0.47055497 -0.25485498]]
[[13.56261689 27.39148991 28.69696131  3.96521771 -0.46932246 -0.26951817]]
[[13.86276194 30.68725408 23.56165011  4.1729007  -0.40973201 -0.30087466]]
[[14.09049245 33.97329472 17.68302496  4.33840841 -0.36859898 -0.33218258]]
[[14.28046265 33.52692996 18.04641532  4.20542721 -0.45430321 -0.33103617]]
[[14.47451722 32.09215409 19.75029858  4.02826282 -0.55237368 -0.31908104]]
[[14.53566161 30.98047431 20.78089417  3.92825499 -0.59960073 -0.30472328]]
[[14.61856312 29.69506067 20.513279    3.80049357 -0.63410733 -0.29029524]]
[[14.67310844 27.91502226 19.90401798  3.63710054 -0.66866764 -0.27420544]]
[[14.62507751 25.68610089 19.09526908  3.43599499 -0.71350584 -0.2242642 ]]
[[14.6924112  22.88199397 17.29192285  3.1969252  -0.72153895 -0.21654293]]
[[14.66831428 20.29810518 15.97926726  2.97985274 -0.71152941 -0.21068723]]
[[14.38918877 17.79487301 14.77249204  2.7680438  -0.65691085 -0.20113265]]
[[14.03129182 15.559609   13.66024116  2.56913323 -0.61146327 -0.18926381]]
[[13.81947515 14.02710328 12.83206443  2.42575253 -0.59473287 -0.18057936]]
[[13.68638794 12.95134682 12.27577478  2.3281783  -0.58623635 -0.17421857]]
[[13.6133408  12.22966992 11.97999047  2.27185851 -0.57624962 -0.1706299 ]]
[[13.56248772 11.74814129 11.74580297  2.230854   -0.57180861 -0.16778799]]
[[13.50449809 11.38356983 11.48023583  2.18623245 -0.57586766 -0.16421693]]
[[13.46024558 11.03704931 11.26087821  2.13760107 -0.59068175 -0.16049221]]
[[13.42708706 10.82088239 11.19279277  2.11292928 -0.59616029 -0.15835726]]
[[13.40937275 10.67051893 11.14623155  2.09858641 -0.59925309 -0.1569812 ]]
[[13.39988262 10.56716609 11.0647773   2.0850008  -0.60318489 -0.15578879]]
[[13.36947999 10.44347061 10.95173261  2.05770247 -0.61333277 -0.15371658]]
[[13.31451107 10.27876822 10.93476051  2.03214202 -0.62260764 -0.15112738]]
[[13.28072054 10.15551327 10.93406124  2.01101823 -0.63163567 -0.14860802]]
[[13.26985066 10.05016084 10.93421351  1.99052054 -0.64275606 -0.14628485]]
[[13.25004831  9.96467531 10.93528608  1.9760713  -0.65035458 -0.14479868]]
[[13.23073832  9.87122972 10.93041104  1.96127104 -0.65823718 -0.14388065]]
[[13.17540027  9.78547061 11.11196587  1.96536514 -0.65013386 -0.14381264]]
[[13.15845404  9.72541329 11.10063547  1.95953979 -0.65440864 -0.14322612]]
[[13.14607167  9.65723458 11.09251998  1.94971125 -0.66032107 -0.14227351]]
[[13.13686824  9.59423317 11.06751166  1.93761163 -0.66860238 -0.14160866]]
[[13.04399563  9.57780551 11.06779443  1.93713932 -0.65103728 -0.14131158]]
[[12.98711303  9.54526265 11.03072487  1.92873528 -0.64702429 -0.14113656]]
[[12.92692431  9.5167823  11.02203266  1.92259537 -0.64080618 -0.14069043]]
[[12.88712379  9.4952853  11.00825329  1.91296149 -0.63972099 -0.13949194]]
[[12.79412213  9.38120718 11.14779543  1.90063072 -0.63279805 -0.13873274]]
[[12.69287767  9.25691497 11.2862992   1.88105743 -0.6281869  -0.138001  ]]
[[12.56760997  9.14159978 11.45631257  1.86465409 -0.618167   -0.13610955]]
[[12.40037512  9.04998872 11.67183076  1.85641458 -0.59227044 -0.1361867 ]]
[[12.2117207   8.88866277 11.90788802  1.83666797 -0.57068698 -0.13436837]]
[[11.96132428  8.70085083 12.17174722  1.81076457 -0.54429692 -0.13214975]]
[[11.58629285  8.44550685 12.55510745  1.77633244 -0.50268507 -0.12873281]]
[[11.1244183   8.12869269 13.06147921  1.7321389  -0.45556875 -0.12414297]]
[[10.45655632  7.71733388 13.7115441   1.66852789 -0.39034151 -0.11788531]]
[[ 9.56495017  7.26365403 14.55202546  1.5833589  -0.30410609 -0.10979824]]
[[ 8.36440688  6.74220401 15.73717544  1.46928273 -0.18415217 -0.09851124]]
[[ 6.95702101  6.26391127 17.21047714  1.32880216 -0.04136575 -0.08327163]]
[[ 5.87128409  6.01355733 18.20903753  1.22669703  0.06122381 -0.06885999]]
[[ 5.08596726  5.86411001 18.8823123   1.15466019  0.13185826 -0.05802046]]
[[ 4.53123653  5.75633096 19.36744024  1.10363438  0.18101232 -0.05020148]]
[[ 4.16918591  5.68864688 19.66746808  1.07073164  0.21244973 -0.04439138]]
[[ 3.91990654  5.64810205 19.88964908  1.04869694  0.23350052 -0.04081066]]
[[ 3.73553501  5.6186843  20.0467177   1.0331971   0.25005546 -0.03853271]]
[[ 3.61525119  5.56982076 20.19618203  1.01803043  0.25890306 -0.03689428]]
[[ 3.54199335  5.55814102 20.25297218  1.01097105  0.2639567  -0.03585189]]
[[ 3.48966087  5.56268494 20.3080196   1.00595087  0.268017   -0.03429191]]
[[ 3.43161255  5.54792976 20.3699816   1.00103303  0.27250544 -0.03425529]]
[[ 3.39583097  5.54027622 20.41100012  0.99809407  0.2755521  -0.0335559 ]]
[[ 3.38691428  5.56036417 20.39507353  0.99921374  0.27514847 -0.03280976]]
[[ 3.35805771  5.57045826 20.43723019  0.99554407  0.27727935 -0.03135068]]
[[ 3.32571642  5.57783867 20.45363788  0.9940011   0.2784245  -0.03161694]]
[[ 3.3170749   5.57492368 20.45974251  0.9916516   0.27667762 -0.03013577]]
[[ 3.29989283  5.58166506 20.48319803  0.99031509  0.2769435  -0.03045942]]
[[ 3.2871656   5.58501129 20.49262068  0.98969957  0.27774779 -0.03030715]]
[[ 3.27715208  5.59012476 20.49709062  0.99011699  0.27896539 -0.03006008]]
[[ 3.28076311  5.59745445 20.49936831  0.98933438  0.27751463 -0.02958164]]
[[ 3.28085215  5.59502306 20.5178688   0.98852738  0.27641804 -0.02926635]]
[[ 3.27348205  5.56727142 20.56530304  0.98472664  0.27640056 -0.02919448]]
[[ 3.27199757  5.56793613 20.57734382  0.98410089  0.27554118 -0.02951951]]
[[ 3.27361788  5.5758084  20.60195888  0.98335631  0.27541423 -0.02930609]]
[[ 3.26613437  5.57965224 20.59836806  0.98375898  0.27613862 -0.02966085]]
[[ 3.27620942  5.58342575 20.60340281  0.98395447  0.27457143 -0.02901782]]
[[ 3.268512    5.57392562 20.65867843  0.98135145  0.2737922  -0.02938571]]
[[ 3.26183697  5.56505263 20.6788025   0.97968304  0.2743203  -0.02948241]]
[[ 3.26965345  5.57928748 20.66438309  0.98076183  0.27366595 -0.02923442]]
[[ 3.27405997  5.56432816 20.6979528   0.97795721  0.27187641 -0.02887039]]
[[ 3.26576878  5.55387131 20.71826925  0.97645492  0.27307912 -0.02912295]]
[[ 3.27531882  5.55790747 20.72353317  0.97686915  0.27109316 -0.02884208]]
[[ 3.27761098  5.57425516 20.71053836  0.97981834  0.27213811 -0.02822342]]
[[ 3.26755857  5.55418683 20.7521407   0.97624985  0.27229193 -0.02861151]]
[[ 3.26125747  5.55588618 20.76277904  0.97612343  0.27259184 -0.02924875]]
[[ 3.26463309  5.56172223 20.75932901  0.97558066  0.2706838  -0.02922741]]
[[ 3.26851948  5.55955143 20.76741076  0.97489376  0.2702503  -0.02880244]]
[[ 3.25747117  5.55359172 20.81109511  0.97297013  0.2714728  -0.02898846]]
[[ 3.25455576  5.55522428 20.82451868  0.972724    0.27228626 -0.02894933]]
[[ 3.27032362  5.5665499  20.81993425  0.97446651  0.26984967 -0.02834161]]
[[ 3.25473347  5.54632888 20.86501311  0.97039306  0.26972046 -0.02915846]]
[[ 3.25056111  5.5548297  20.83299292  0.97276433  0.27209434 -0.02885775]]
[[ 3.24809817  5.5490952  20.83950658  0.97215789  0.27123028 -0.02875627]]
[[ 3.25494725  5.55502766 20.81389653  0.97319084  0.2695732  -0.02842541]]
[[ 3.24636981  5.54506365 20.83940802  0.9724097   0.27042095 -0.02844965]]
[[ 3.2452755   5.54683292 20.82631863  0.9725141   0.27081268 -0.02854047]]
[[ 3.24703211  5.55731126 20.82498316  0.97373332  0.27031844 -0.02838495]]
[[ 3.23775092  5.54832094 20.8465911   0.97271013  0.27279869 -0.02856066]]
[[ 3.22701352  5.5606644  20.86032127  0.97237798  0.27358054 -0.02811686]]
[[ 3.21982011  5.59501159 20.80714066  0.97257544  0.26882738 -0.0267931 ]]
[[ 3.20009236  5.60404346 20.80889878  0.97164425  0.26956795 -0.0264852 ]]
[[ 3.18341484  5.61859633 20.80253209  0.97153304  0.27090866 -0.02615698]]
[[ 3.18036805  5.63149189 20.78687414  0.972611    0.269406   -0.02573378]]
[[ 3.16554571  5.61579731 20.83316277  0.96973966  0.27084146 -0.02596754]]
[[ 3.15933099  5.61929623 20.8320298   0.9699017   0.27104521 -0.02577568]]
[[ 3.17207739  5.63602661 20.79971206  0.97127389  0.26867769 -0.02525888]]
[[ 3.15689289  5.63262233 20.82349047  0.9704238   0.27196487 -0.02561698]]
[[ 3.16235424e+00  5.62916357e+00 -2.91783477e+01  9.70091428e-01
   2.70562455e-01 -2.54917884e-02]]
[[ 3.15830123e+00  5.62943454e+00 -2.91791307e+01  9.70728255e-01
   2.70889485e-01 -2.54376573e-02]]
[[ 3.15859818e+00  5.63305740e+00 -2.91849376e+01  9.70871195e-01
   2.70462961e-01 -2.54005456e-02]]
[[ 3.14445520e+00  5.62790492e+00 -2.91629018e+01  9.70596369e-01
   2.73418172e-01 -2.56509221e-02]]
[[ 3.15582566e+00  5.63267388e+00 -2.91742380e+01  9.70265040e-01
   2.70938516e-01 -2.54704566e-02]]
[[ 3.15120170e+00  5.63323696e+00 -2.91765649e+01  9.70962924e-01
   2.71163797e-01 -2.55539155e-02]]
[[ 3.16007940e+00  5.63640809e+00 -2.91797241e+01  9.70326600e-01
   2.68850110e-01 -2.53176778e-02]]
[[ 3.14495133e+00  5.63264569e+00 -2.91571860e+01  9.70092495e-01
   2.73053105e-01 -2.56782168e-02]]
[[ 3.15427773e+00  5.63417179e+00 -2.91703894e+01  9.70102946e-01
   2.70041289e-01 -2.54039079e-02]]
[[ 3.16243107e+00  5.64356808e+00 -2.91725852e+01  9.70817760e-01
   2.69184549e-01 -2.50634712e-02]]
[[ 3.15452970e+00  5.62817923e+00 -2.91268035e+01  9.68380410e-01
   2.70803809e-01 -2.53289660e-02]]
[[ 3.15435805e+00  5.63369379e+00 -2.91336894e+01  9.69522665e-01
   2.71479372e-01 -2.52938569e-02]]
[[ 3.15584385e+00  5.63209889e+00 -2.91416025e+01  9.70310432e-01
   2.70390581e-01 -2.52048205e-02]]
[[ 3.15557640e+00  5.62868513e+00 -2.91331938e+01  9.69535223e-01
   2.70025060e-01 -2.52563567e-02]]
[[ 3.14941251e+00  5.62444783e+00 -2.91286257e+01  9.69696755e-01
   2.71025606e-01 -2.53943286e-02]]
[[ 3.14575951e+00  5.62518675e+00 -2.91321734e+01  9.70321687e-01
   2.72379012e-01 -2.54368356e-02]]
[[ 3.13946590e+00  5.62894532e+00 -2.90930788e+01  9.68380159e-01
   2.72563440e-01 -2.54519488e-02]]
[[ 3.13064819e+00  5.63289931e+00 -2.90961784e+01  9.68649979e-01
   2.73497152e-01 -2.51808511e-02]]
[[ 3.14207805e+00  5.62644991e+00 -2.90923150e+01  9.67358007e-01
   2.70109361e-01 -2.47495702e-02]]
[[ 3.11914876e+00  5.63046294e+00 -2.90790292e+01  9.67969151e-01
   2.73084193e-01 -2.56132766e-02]]
[[ 3.11794081e+00  5.64567558e+00 -2.90794201e+01  9.67735370e-01
   2.71187316e-01 -2.52209867e-02]]
[[ 3.11809142e+00  5.64336909e+00 -2.90585793e+01  9.65231340e-01
   2.67249710e-01 -2.54847018e-02]]
[[ 3.11594394e+00  5.66162872e+00 -2.90489516e+01  9.63879985e-01
   2.65688993e-01 -2.52930392e-02]]
[[ 3.10151856e+00  5.65909085e+00 -2.90281371e+01  9.62749926e-01
   2.65056234e-01 -2.56384710e-02]]
[[ 3.10656715e+00  5.66315600e+00 -2.90263479e+01  9.61178264e-01
   2.60358422e-01 -2.59051063e-02]]
[[ 3.10645978e+00  5.66812190e+00 -2.90024582e+01  9.58096927e-01
   2.57804312e-01 -2.53090514e-02]]
[[ 3.09362384e+00  5.66087998e+00 -2.89377458e+01  9.53608867e-01
   2.55277520e-01 -2.63435120e-02]]
[[ 3.12486989e+00  5.68767665e+00 -2.89915305e+01  9.53342493e-01
   2.44541269e-01 -2.54600724e-02]]
[[ 3.10535284e+00  5.70506654e+00 -2.89794919e+01  9.54573225e-01
   2.46350848e-01 -2.54803524e-02]]
[[ 3.12186722e+00  5.69850276e+00 -2.89605784e+01  9.48916734e-01
   2.38020724e-01 -2.50422567e-02]]
[[ 3.11865224e+00  5.70311338e+00 -2.89655303e+01  9.47507056e-01
   2.34605535e-01 -2.47306734e-02]]
[[ 3.11657207e+00  5.71264652e+00 -2.89787708e+01  9.47762150e-01
   2.32649448e-01 -2.41834636e-02]]
[[ 3.11181506e+00  5.72257120e+00 -2.89872837e+01  9.47674500e-01
   2.30699250e-01 -2.43239346e-02]]
[[ 3.11416217e+00  5.71115367e+00 -2.89564763e+01  9.44038709e-01
   2.27704368e-01 -2.44623411e-02]]
[[ 3.11928165e+00  5.71735912e+00 -2.89663485e+01  9.44304366e-01
   2.25122046e-01 -2.37388775e-02]]
[[ 3.12534278e+00  5.71643572e+00 -2.89740205e+01  9.43963634e-01
   2.23448258e-01 -2.35784011e-02]]
[[ 3.13176229e+00  5.71425014e+00 -2.89780309e+01  9.43917194e-01
   2.21861026e-01 -2.34803956e-02]]
[[ 3.12549887e+00  5.69901702e+00 -2.89502289e+01  9.42026541e-01
   2.22816188e-01 -2.36365032e-02]]
[[ 3.11433164e+00  5.68900919e+00 -2.89320050e+01  9.40947242e-01
   2.24109725e-01 -2.40474382e-02]]
[[ 3.12348394e+00  5.69499026e+00 -2.89476532e+01  9.41729192e-01
   2.22330992e-01 -2.38211931e-02]]
[[ 3.12473740e+00  5.69013761e+00 -2.89389918e+01  9.40970430e-01
   2.22274726e-01 -2.38761229e-02]]
[[ 3.11738350e+00  5.68725766e+00 -2.89270236e+01  9.40565463e-01
   2.24367013e-01 -2.41049315e-02]]
[[ 3.12693978e+00  5.68881476e+00 -2.89358600e+01  9.40973420e-01
   2.22551449e-01 -2.39431941e-02]]
[[ 3.12468756e+00  5.68883917e+00 -2.89313505e+01  9.40922555e-01
   2.22942145e-01 -2.39961513e-02]]
[[ 3.12436223e+00  5.68768963e+00 -2.89263881e+01  9.40739792e-01
   2.23097717e-01 -2.40940345e-02]]
[[ 3.12893914e+00  5.68949949e+00 -2.89267732e+01  9.41096519e-01
   2.22867869e-01 -2.40096489e-02]]
[[ 3.12702129e+00  5.68423153e+00 -2.89176734e+01  9.40588278e-01
   2.23351160e-01 -2.42254439e-02]]
[[ 3.12853063e+00  5.68379551e+00 -2.89059819e+01  9.40154282e-01
   2.23718964e-01 -2.42504656e-02]]
[[ 3.13090970e+00  5.69015571e+00 -2.89167894e+01  9.41173967e-01
   2.23322593e-01 -2.41162954e-02]]
[[ 3.13237535e+00  5.68856762e+00 -2.89059623e+01  9.40527869e-01
   2.22987800e-01 -2.41281689e-02]]
[[ 3.12833710e+00  5.68496666e+00 -2.88974520e+01  9.39935414e-01
   2.23954017e-01 -2.43148193e-02]]
[[ 3.13373685e+00  5.69563864e+00 -2.89109229e+01  9.41215845e-01
   2.22714428e-01 -2.41273695e-02]]
[[ 3.13871572e+00  5.69903424e+00 -2.89084108e+01  9.41153682e-01
   2.22417050e-01 -2.40714492e-02]]
[[ 3.13139671e+00  5.69407787e+00 -2.88905251e+01  9.40130347e-01
   2.23963490e-01 -2.43908380e-02]]
[[ 3.13666779e+00  5.69794542e+00 -2.89001337e+01  9.40885754e-01
   2.23167357e-01 -2.42594971e-02]]
[[ 3.14004631e+00  5.70286616e+00 -2.89018894e+01  9.41325546e-01
   2.22170104e-01 -2.41128765e-02]]
[[ 3.13723506e+00  5.69724035e+00 -2.88908922e+01  9.40435696e-01
   2.23292216e-01 -2.43566969e-02]]
[[ 3.13922530e+00  5.69921338e+00 -2.88886199e+01  9.39967702e-01
   2.23504979e-01 -2.43601990e-02]]
[[ 3.14375378e+00  5.70671237e+00 -2.89009355e+01  9.40982617e-01
   2.22637643e-01 -2.40947145e-02]]
[[ 3.13609882e+00  5.70144778e+00 -2.88877138e+01  9.41034340e-01
   2.23724143e-01 -2.42059916e-02]]
[[ 3.13854238e+00  5.69675664e+00 -2.88767594e+01  9.40130758e-01
   2.23481781e-01 -2.42111199e-02]]
[[ 3.13681056e+00  5.69900171e+00 -2.88785320e+01  9.40538973e-01
   2.23981656e-01 -2.42344112e-02]]
[[ 3.14012349e+00  5.70253979e+00 -2.88917485e+01  9.41173870e-01
   2.22777146e-01 -2.41153454e-02]]
[[ 3.13936495e+00  5.70179404e+00 -2.88822991e+01  9.41016172e-01
   2.23273001e-01 -2.41304488e-02]]
[[ 3.13558456e+00  5.70028402e+00 -2.88767306e+01  9.40853175e-01
   2.23662212e-01 -2.41974203e-02]]
[[ 3.13549113e+00  5.70384633e+00 -2.88780583e+01  9.41448385e-01
   2.23671730e-01 -2.42130892e-02]]
[[ 3.14000260e+00  5.70741361e+00 -2.88771917e+01  9.41740546e-01
   2.23121781e-01 -2.40054966e-02]]
[[ 3.13847044e+00  5.69916020e+00 -2.88628233e+01  9.40330975e-01
   2.23468518e-01 -2.42725749e-02]]
[[ 3.14383005e+00  5.70781781e+00 -2.88756343e+01  9.41112493e-01
   2.22817910e-01 -2.40977594e-02]]
[[ 3.14463143e+00  5.70703420e+00 -2.88759640e+01  9.41157250e-01
   2.23133955e-01 -2.40392623e-02]]
[[ 3.14214897e+00  5.70874696e+00 -2.88738086e+01  9.41016187e-01
   2.23744141e-01 -2.40665999e-02]]
[[ 3.15181835e+00  5.71534135e+00 -2.88878795e+01  9.41620961e-01
   2.21718715e-01 -2.37825096e-02]]
[[ 3.14189018e+00  5.71087796e+00 -2.88688104e+01  9.41269679e-01
   2.23601667e-01 -2.40752804e-02]]
[[ 3.14188854e+00  5.70092762e+00 -2.88526445e+01  9.40180715e-01
   2.23648099e-01 -2.42957092e-02]]
[[ 3.13845050e+00  5.71046541e+00 -2.88610089e+01  9.41253325e-01
   2.23812701e-01 -2.43683805e-02]]
[[ 3.14706581e+00  5.71236385e+00 -2.88644254e+01  9.41157872e-01
   2.22186583e-01 -2.41076787e-02]]
[[ 3.13775112e+00  5.70719297e+00 -2.88460282e+01  9.41066597e-01
   2.24155677e-01 -2.43196304e-02]]
[[ 3.13977263e+00  5.70621147e+00 -2.88458251e+01  9.40653253e-01
   2.23285093e-01 -2.43039626e-02]]
[[ 3.14483375e+00  5.71302810e+00 -2.88537797e+01  9.41578552e-01
   2.22840134e-01 -2.41015359e-02]]
[[ 3.14016005e+00  5.70409293e+00 -2.88343086e+01  9.40798296e-01
   2.23501999e-01 -2.42191005e-02]]
[[ 3.13472930e+00  5.70180027e+00 -2.88218153e+01  9.39899342e-01
   2.25226068e-01 -2.44158159e-02]]
[[ 3.14815680e+00  5.71964399e+00 -2.88583943e+01  9.41909712e-01
   2.22257323e-01 -2.39497885e-02]]
[[ 3.14461886e+00  5.71447239e+00 -2.88456809e+01  9.41430369e-01
   2.22496799e-01 -2.40856826e-02]]
[[ 3.13737341e+00  5.70724297e+00 -2.88213569e+01  9.40232259e-01
   2.24272779e-01 -2.43069199e-02]]
[[ 3.14105137e+00  5.71174934e+00 -2.88245034e+01  9.40627397e-01
   2.23816010e-01 -2.42578538e-02]]
[[ 3.15154720e+00  5.74439101e+00 -2.88548930e+01  9.44086013e-01
   2.23254364e-01 -2.39460533e-02]]
[[ 3.14662494e+00  5.71575307e+00 -2.88185105e+01  9.40999300e-01
   2.22649958e-01 -2.41470740e-02]]
[[ 3.13457109e+00  5.72376582e+00 -2.88120228e+01  9.41980874e-01
   2.24709424e-01 -2.40367091e-02]]
[[ 3.13514968e+00  5.72515998e+00 -2.88038372e+01  9.41277193e-01
   2.22508001e-01 -2.40109032e-02]]
[[ 3.12724026e+00  5.71450199e+00 -2.87550348e+01  9.37804933e-01
   2.21583037e-01 -2.41372513e-02]]
[[ 3.12002102e+00  5.71673609e+00 -2.87550732e+01  9.38742616e-01
   2.21695672e-01 -2.39751525e-02]]
[[ 3.11067090e+00  5.69760331e+00 -2.87136347e+01  9.34402720e-01
   2.20311716e-01 -2.43572935e-02]]
[[ 3.11290770e+00  5.73031833e+00 -2.87608800e+01  9.40245228e-01
   2.23664367e-01 -2.39260192e-02]]
[[ 3.12242670e+00  5.76207110e+00 -2.88075445e+01  9.45213406e-01
   2.23408620e-01 -2.32366710e-02]]
[[ 3.10626321e+00  5.70400074e+00 -2.86648685e+01  9.32681712e-01
   2.21468147e-01 -2.42184629e-02]]
[[ 3.10754473e+00  5.76691854e+00 -2.87774426e+01  9.40917920e-01
   2.22595754e-01 -2.31725323e-02]]
[[ 3.08469122e+00  5.77395388e+00 -2.88087698e+01  9.44626887e-01
   2.27691016e-01 -2.32400986e-02]]
[[ 3.10353658e+00  5.76941577e+00 -2.88083332e+01  9.41863940e-01
   2.21784087e-01 -2.26730265e-02]]
[[ 3.08250154e+00  5.77971464e+00 -2.88088073e+01  9.44220053e-01
   2.26258295e-01 -2.30010300e-02]]
[[ 3.08118092e+00  5.76538693e+00 -2.88005116e+01  9.41290434e-01
   2.24376570e-01 -2.28691431e-02]]
[[ 3.08749823e+00  5.79069726e+00 -2.88219298e+01  9.44828623e-01
   2.24679742e-01 -2.25514551e-02]]
[[ 3.07908187e+00  5.74862187e+00 -2.87711884e+01  9.39106902e-01
   2.22709216e-01 -2.32780186e-02]]
[[ 3.07578331e+00  5.76497011e+00 -2.87922892e+01  9.42563823e-01
   2.25836422e-01 -2.29044978e-02]]
[[ 3.08031924e+00  5.76488801e+00 -2.87851220e+01  9.41680501e-01
   2.22461432e-01 -2.30475718e-02]]
[[ 3.06559997e+00  5.75573157e+00 -2.87711921e+01  9.41102733e-01
   2.24729525e-01 -2.30382915e-02]]
[[ 3.07607378e+00  5.75833434e+00 -2.87994014e+01  9.42546476e-01
   2.23114207e-01 -2.27231027e-02]]
[[ 3.08576869e+00  5.76432125e+00 -2.87986854e+01  9.42331984e-01
   2.21231926e-01 -2.29235422e-02]]
[[ 3.09807215e+00  5.75824479e+00 -2.87927257e+01  9.40811742e-01
   2.20094938e-01 -2.32537618e-02]]
[[ 3.12535825e+00  5.76738090e+00 -2.88030556e+01  9.42731081e-01
   2.21082078e-01 -2.26445149e-02]]
[[ 3.16780726e+00  5.76246138e+00 -2.87946853e+01  9.40605488e-01
   2.18353750e-01 -2.30051673e-02]]
[[ 3.19385974e+00  5.76019748e+00 -2.87923332e+01  9.40092361e-01
   2.19130145e-01 -2.38644244e-02]]
[[ 3.21620735e+00  5.75583177e+00 -2.87781845e+01  9.40544016e-01
   2.22906166e-01 -2.35268534e-02]]
[[ 3.25370880e+00  5.76336600e+00 -2.87930889e+01  9.40680840e-01
   2.19506028e-01 -2.41936839e-02]]
[[ 3.27538354e+00  5.75426108e+00 -2.87725363e+01  9.38355812e-01
   2.18813751e-01 -2.32300720e-02]]
[[ 3.26561369e+00  5.73823679e+00 -2.87502660e+01  9.36733935e-01
   2.21164781e-01 -2.43480981e-02]]
[[ 3.24900771e+00  5.74619847e+00 -2.87479529e+01  9.38773992e-01
   2.24181186e-01 -2.39309123e-02]]
[[ 3.23878171e+00  5.74348172e+00 -2.87438899e+01  9.39249497e-01
   2.25862497e-01 -2.34357338e-02]]
[[ 3.22476256e+00  5.72699601e+00 -2.87121571e+01  9.36653179e-01
   2.25684074e-01 -2.36655011e-02]]
[[ 3.20936448e+00  5.71551298e+00 -2.86871843e+01  9.34730464e-01
   2.26707516e-01 -2.39802089e-02]]
[[ 3.19967331e+00  5.72922950e+00 -2.87294053e+01  9.38927783e-01
   2.29275341e-01 -2.34579065e-02]]
[[ 3.19760445e+00  5.70376293e+00 -2.86721870e+01  9.33568645e-01
   2.26735811e-01 -2.34495906e-02]]
[[ 3.18437041e+00  5.71918299e+00 -2.86817710e+01  9.36601464e-01
   2.29193110e-01 -2.32571731e-02]]
[[ 3.18319046e+00  5.70534050e+00 -2.86754138e+01  9.35691903e-01
   2.28500578e-01 -2.29727199e-02]]
[[ 3.18224582e+00  5.70700657e+00 -2.86717390e+01  9.35547538e-01
   2.27834798e-01 -2.27226037e-02]]
[[ 3.17989080e+00  5.70635959e+00 -2.86721119e+01  9.35642047e-01
   2.27878045e-01 -2.25756081e-02]]
[[ 3.19083321e+00  5.70867064e+00 -2.86895940e+01  9.36373039e-01
   2.26159916e-01 -2.23677137e-02]]
[[ 3.19058857e+00  5.71030810e+00 -2.86880078e+01  9.36750561e-01
   2.26764893e-01 -2.23250895e-02]]
[[ 3.19035432e+00  5.70974645e+00 -2.86877331e+01  9.36171543e-01
   2.26361753e-01 -2.24252243e-02]]
[[ 3.19220979e+00  5.71418301e+00 -2.87055770e+01  9.37342131e-01
   2.25224461e-01 -2.23075085e-02]]
[[ 3.19939339e+00  5.72117323e+00 -2.87125548e+01  9.37793674e-01
   2.23846639e-01 -2.21003842e-02]]
[[ 3.18669341e+00  5.71393096e+00 -2.86846522e+01  9.36337971e-01
   2.26173278e-01 -2.25699421e-02]]
[[ 3.19332370e+00  5.71912091e+00 -2.86859854e+01  9.36364244e-01
   2.25422345e-01 -2.25259092e-02]]
[[ 3.20578207e+00  5.73814184e+00 -2.87139586e+01  9.38845424e-01
   2.22885065e-01 -2.20344559e-02]]
[[ 3.18937860e+00  5.71833391e+00 -2.86721667e+01  9.36545754e-01
   2.25467603e-01 -2.26245886e-02]]
[[ 3.18526721e+00  5.71899968e+00 -2.86595528e+01  9.36426987e-01
   2.27009973e-01 -2.27767954e-02]]
[[ 3.19761887e+00  5.72712295e+00 -2.86861716e+01  9.37763803e-01
   2.23432126e-01 -2.23701655e-02]]
[[ 3.19411324e+00  5.72192246e+00 -2.86737424e+01  9.37049277e-01
   2.24595658e-01 -2.25029711e-02]]
[[ 3.18989102e+00  5.72011162e+00 -2.86549159e+01  9.36562742e-01
   2.25829984e-01 -2.25535944e-02]]
[[ 3.19324165e+00  5.72475605e+00 -2.86669197e+01  9.36755495e-01
   2.25299071e-01 -2.25351741e-02]]
[[ 3.20006320e+00  5.73181942e+00 -2.86864018e+01  9.38014837e-01
   2.23796691e-01 -2.22071802e-02]]
[[ 3.20047880e+00  5.72736560e+00 -2.86756549e+01  9.37133170e-01
   2.23833150e-01 -2.22349720e-02]]
[[ 3.19154999e+00  5.72319602e+00 -2.86589401e+01  9.36593065e-01
   2.25675591e-01 -2.25993085e-02]]
[[ 3.19656449e+00  5.72903662e+00 -2.86646740e+01  9.37101595e-01
   2.24648676e-01 -2.23949250e-02]]
[[ 3.19889173e+00  5.72909990e+00 -2.86630532e+01  9.37072354e-01
   2.24195316e-01 -2.23812145e-02]]
[[ 3.19535128e+00  5.72747943e+00 -2.86567388e+01  9.36678019e-01
   2.24945588e-01 -2.25082725e-02]]
[[ 3.19549441e+00  5.73118739e+00 -2.86603731e+01  9.37366978e-01
   2.24991338e-01 -2.24074922e-02]]
[[ 3.19777965e+00  5.73012781e+00 -2.86566201e+01  9.37001804e-01
   2.24115024e-01 -2.23589054e-02]]
[[ 3.19139520e+00  5.72814351e+00 -2.86513386e+01  9.36891516e-01
   2.25254848e-01 -2.24913309e-02]]
[[ 3.19736326e+00  5.73386312e+00 -2.86622843e+01  9.37714001e-01
   2.24344388e-01 -2.23123412e-02]]
[[ 3.19921183e+00  5.73376562e+00 -2.86530053e+01  9.36967820e-01
   2.23481157e-01 -2.23069974e-02]]
[[ 3.19172898e+00  5.72508816e+00 -2.86286459e+01  9.36175195e-01
   2.25750766e-01 -2.25623662e-02]]
[[ 3.19725341e+00  5.73318841e+00 -2.86421079e+01  9.37288833e-01
   2.24780166e-01 -2.24163980e-02]]
[[ 3.20223766e+00  5.74007924e+00 -2.86438554e+01  9.37642329e-01
   2.23675464e-01 -2.21999588e-02]]
[[ 3.19289593e+00  5.72642670e+00 -2.86201406e+01  9.36173530e-01
   2.25190232e-01 -2.25283883e-02]]
[[ 3.19330980e+00  5.73190610e+00 -2.86270564e+01  9.36584159e-01
   2.25509171e-01 -2.25265053e-02]]
[[ 3.20530863e+00  5.73969795e+00 -2.86426664e+01  9.37620852e-01
   2.22572084e-01 -2.21751514e-02]]
[[ 3.19896735e+00  5.73562630e+00 -2.86321771e+01  9.37364300e-01
   2.24229640e-01 -2.23209796e-02]]
[[ 3.19177561e+00  5.72958282e+00 -2.86080463e+01  9.35672587e-01
   2.25427810e-01 -2.26142775e-02]]
[[ 3.19648797e+00  5.74018967e+00 -2.86296083e+01  9.37392191e-01
   2.24911099e-01 -2.24016842e-02]]
[[ 3.20102651e+00  5.74313399e+00 -2.86347265e+01  9.37818141e-01
   2.23470205e-01 -2.22365691e-02]]
[[ 3.19539652e+00  5.73446858e+00 -2.86095977e+01  9.36222492e-01
   2.24270364e-01 -2.25005180e-02]]
[[ 3.19101000e+00  5.73559599e+00 -2.86080272e+01  9.36665035e-01
   2.25722966e-01 -2.25013210e-02]]
[[ 3.20119647e+00  5.74182858e+00 -2.86213323e+01  9.37678190e-01
   2.23774056e-01 -2.22614131e-02]]
[[ 3.19732115e+00  5.73731985e+00 -2.86084416e+01  9.36980902e-01
   2.24070187e-01 -2.24258767e-02]]
[[ 3.19156360e+00  5.73458031e+00 -2.85991163e+01  9.36508750e-01
   2.25146745e-01 -2.25875935e-02]]
[[ 3.19511575e+00  5.74037597e+00 -2.86013762e+01  9.37248022e-01
   2.24960072e-01 -2.23802459e-02]]
[[ 3.19792993e+00  5.74440125e+00 -2.86056838e+01  9.37392051e-01
   2.23972874e-01 -2.22903547e-02]]
[[ 3.19593547e+00  5.73930540e+00 -2.85946935e+01  9.36668975e-01
   2.24644475e-01 -2.24543986e-02]]
[[ 3.19386973e+00  5.74256039e+00 -2.85949302e+01  9.37007358e-01
   2.24954598e-01 -2.24607188e-02]]
[[ 3.19366668e+00  5.74253662e+00 -2.85943252e+01  9.37277998e-01
   2.24885737e-01 -2.24193054e-02]]
[[ 3.19310929e+00  5.73822804e+00 -2.85897391e+01  9.36929199e-01
   2.24721893e-01 -2.24530684e-02]]
[[ 3.19534625e+00  5.74276793e+00 -2.85922625e+01  9.37265752e-01
   2.24391423e-01 -2.23636869e-02]]
[[ 3.19905603e+00  5.74269337e+00 -2.85918938e+01  9.37434422e-01
   2.24183132e-01 -2.23937440e-02]]
[[ 3.19131180e+00  5.73988019e+00 -2.85792916e+01  9.36735656e-01
   2.25268829e-01 -2.25793690e-02]]
[[ 3.19475665e+00  5.74243426e+00 -2.85809362e+01  9.36846062e-01
   2.24735647e-01 -2.25250635e-02]]
[[ 3.20035571e+00  5.74814890e+00 -2.85859196e+01  9.37634116e-01
   2.23975473e-01 -2.23430648e-02]]
[[ 3.19780235e+00  5.74622683e+00 -2.85739262e+01  9.37120736e-01
   2.24614197e-01 -2.24008442e-02]]
[[ 3.19267492e+00  5.74020471e+00 -2.85614086e+01  9.36401093e-01
   2.25162201e-01 -2.26091880e-02]]
[[ 3.19796411e+00  5.75016717e+00 -2.85776926e+01  9.37487366e-01
   2.23903961e-01 -2.22973083e-02]]
[[ 3.19746260e+00  5.74833925e+00 -2.85721122e+01  9.37399052e-01
   2.23831296e-01 -2.23461947e-02]]
[[ 3.19044990e+00  5.74173404e+00 -2.85531095e+01  9.36364670e-01
   2.25712602e-01 -2.26821130e-02]]
[[ 3.19530734e+00  5.74731598e+00 -2.85626763e+01  9.36928708e-01
   2.24741215e-01 -2.24749077e-02]]
[[ 3.19983664e+00  5.75289900e+00 -2.85681261e+01  9.37734348e-01
   2.23888024e-01 -2.22557028e-02]]
[[ 3.19639838e+00  5.74645680e+00 -2.85484340e+01  9.36741823e-01
   2.24773582e-01 -2.24266415e-02]]
[[ 3.19319219e+00  5.74451068e+00 -2.85342134e+01  9.35916074e-01
   2.25375154e-01 -2.26421152e-02]]
[[ 3.19836275e+00  5.75749138e+00 -2.85591890e+01  9.37639381e-01
   2.24414639e-01 -2.23721938e-02]]
[[ 3.20747857e+00  5.76285467e+00 -2.85552686e+01  9.38135012e-01
   2.23179673e-01 -2.20837438e-02]]
[[ 3.19262789e+00  5.74637722e+00 -2.85120545e+01  9.35508942e-01
   2.26115735e-01 -2.26071557e-02]]
[[ 3.19636941e+00  5.75644568e+00 -2.85160862e+01  9.36563710e-01
   2.26357996e-01 -2.25773354e-02]]
[[ 3.20571604e+00  5.76661022e+00 -2.85386310e+01  9.37927839e-01
   2.23434919e-01 -2.21293599e-02]]
[[ 3.19853053e+00  5.75591355e+00 -2.85080353e+01  9.36800682e-01
   2.25146720e-01 -2.23956451e-02]]
[[ 3.18900962e+00  5.74144869e+00 -2.84793342e+01  9.34866386e-01
   2.27011652e-01 -2.27132131e-02]]
[[ 3.20062551e+00  5.76105400e+00 -2.85184261e+01  9.37608207e-01
   2.24371462e-01 -2.23714645e-02]]
[[ 3.21089266e+00  5.76145925e+00 -2.85259309e+01  9.37509721e-01
   2.22134824e-01 -2.22012978e-02]]
[[ 3.19284084e+00  5.75112672e+00 -2.84956873e+01  9.35968309e-01
   2.25767851e-01 -2.27821138e-02]]
[[ 3.19508610e+00  5.75532964e+00 -2.85015196e+01  9.36616352e-01
   2.26112893e-01 -2.26114953e-02]]
[[ 3.20392772e+00  5.75911910e+00 -2.85149032e+01  9.37147999e-01
   2.23363306e-01 -2.22928174e-02]]
[[ 3.19862974e+00  5.75973803e+00 -2.85094830e+01  9.37278835e-01
   2.24741950e-01 -2.24121512e-02]]
[[ 3.19864052e+00  5.75546655e+00 -2.85085658e+01  9.36751778e-01
   2.24648060e-01 -2.24568257e-02]]
[[ 3.19435622e+00  5.75623893e+00 -2.85067583e+01  9.37060872e-01
   2.25193543e-01 -2.25189741e-02]]
[[ 3.19971916e+00  5.75736860e+00 -2.85150771e+01  9.37175994e-01
   2.23938746e-01 -2.23893399e-02]]
[[ 3.19727736e+00  5.75824516e+00 -2.85074874e+01  9.36926584e-01
   2.24470521e-01 -2.25172544e-02]]
[[ 3.19453918e+00  5.75963621e+00 -2.85112688e+01  9.37490751e-01
   2.24931916e-01 -2.24648535e-02]]
[[ 3.19947996e+00  5.75834706e+00 -2.85061566e+01  9.37061656e-01
   2.23644722e-01 -2.23821463e-02]]
[[ 3.19625909e+00  5.75585456e+00 -2.85004495e+01  9.36872589e-01
   2.24828551e-01 -2.25124313e-02]]
[[ 3.19793789e+00  5.75767848e+00 -2.85013163e+01  9.37353566e-01
   2.24325777e-01 -2.24418870e-02]]
[[ 3.19813735e+00  5.75726401e+00 -2.84982923e+01  9.37427310e-01
   2.24279955e-01 -2.24193638e-02]]
[[ 3.19356151e+00  5.75193032e+00 -2.84782806e+01  9.36352429e-01
   2.25185461e-01 -2.25635652e-02]]
[[ 3.19040044e+00  5.75693485e+00 -2.84827153e+01  9.37254547e-01
   2.25594161e-01 -2.24700379e-02]]
[[ 3.19376554e+00  5.76038201e+00 -2.84828943e+01  9.37522221e-01
   2.24409368e-01 -2.22708610e-02]]
[[ 3.19505202e+00  5.75588396e+00 -2.84630368e+01  9.36262048e-01
   2.24001352e-01 -2.24555052e-02]]
[[ 3.18841207e+00  5.75717481e+00 -2.84527837e+01  9.36196862e-01
   2.26158543e-01 -2.25976127e-02]]
[[ 3.19784088e+00  5.76542494e+00 -2.84735001e+01  9.37509041e-01
   2.23654896e-01 -2.23370714e-02]]
[[ 3.19629726e+00  5.76277304e+00 -2.84638445e+01  9.36568016e-01
   2.23047953e-01 -2.24491518e-02]]
[[ 3.19235940e+00  5.75811445e+00 -2.84452812e+01  9.36020373e-01
   2.24811768e-01 -2.26747364e-02]]
[[ 3.19513637e+00  5.76591923e+00 -2.84500913e+01  9.37025785e-01
   2.24980010e-01 -2.25579885e-02]]
[[ 3.20547033e+00  5.76589332e+00 -2.84554337e+01  9.37112494e-01
   2.22533026e-01 -2.22500352e-02]]
[[ 3.19704693e+00  5.76583060e+00 -2.84466190e+01  9.36387523e-01
   2.24545827e-01 -2.25558170e-02]]
[[ 3.19720564e+00  5.76808595e+00 -2.84523867e+01  9.36817561e-01
   2.24627479e-01 -2.24796998e-02]]
[[ 3.19702989e+00  5.76369883e+00 -2.84479986e+01  9.37071544e-01
   2.24003052e-01 -2.24110915e-02]]
[[ 3.19144217e+00  5.75672874e+00 -2.84411858e+01  9.36915226e-01
   2.24477221e-01 -2.24815670e-02]]
[[ 3.19339290e+00  5.75577250e+00 -2.84331528e+01  9.36441376e-01
   2.24459137e-01 -2.24689331e-02]]
[[ 3.19182742e+00  5.75806336e+00 -2.84332834e+01  9.36901497e-01
   2.24552887e-01 -2.23722084e-02]]
[[ 3.18989410e+00  5.75628489e+00 -2.84277773e+01  9.36932314e-01
   2.24435636e-01 -2.23973265e-02]]
[[ 3.19166887e+00  5.75670306e+00 -2.84268549e+01  9.36754810e-01
   2.24019025e-01 -2.24100712e-02]]
[[ 3.18969419e+00  5.75632555e+00 -2.84190064e+01  9.36784583e-01
   2.24574932e-01 -2.24627199e-02]]
[[ 3.18921403e+00  5.75538521e+00 -2.84143421e+01  9.36473582e-01
   2.24911213e-01 -2.26020743e-02]]
[[ 3.18917209e+00  5.75463487e+00 -2.84117552e+01  9.36678882e-01
   2.24764749e-01 -2.26149437e-02]]
[[ 3.19387885e+00  5.75923834e+00 -2.84164703e+01  9.37103500e-01
   2.23965976e-01 -2.23875610e-02]]
[[ 3.19331324e+00  5.75729866e+00 -2.84016905e+01  9.36645047e-01
   2.24363038e-01 -2.24169642e-02]]
[[ 3.18694854e+00  5.75419939e+00 -2.83916277e+01  9.36139396e-01
   2.25476950e-01 -2.25313493e-02]]
[[ 3.19218568e+00  5.76066148e+00 -2.84009137e+01  9.36901581e-01
   2.24287476e-01 -2.23512744e-02]]
[[ 3.18761009e+00  5.76142928e+00 -2.84118891e+01  9.38238984e-01
   2.25377240e-01 -2.25817326e-02]]
[[ 3.18229609e+00  5.75342431e+00 -2.83559955e+01  9.35179693e-01
   2.27485998e-01 -2.27774164e-02]]
[[ 3.17622312e+00  5.75470657e+00 -2.83575614e+01  9.34830638e-01
   2.26838998e-01 -2.29309200e-02]]
[[ 3.18772634e+00  5.77966514e+00 -2.83835181e+01  9.37375849e-01
   2.26976310e-01 -2.25348416e-02]]
[[ 3.18743594e+00  5.77303269e+00 -2.83616406e+01  9.34812477e-01
   2.25111196e-01 -2.30504443e-02]]
[[ 3.17335420e+00  5.77227156e+00 -2.83467712e+01  9.34547228e-01
   2.28020928e-01 -2.31363246e-02]]
[[ 3.18638372e+00  5.78730943e+00 -2.83611607e+01  9.37465809e-01
   2.28292603e-01 -2.33872896e-02]]
[[ 3.19324551e+00  5.76242551e+00 -2.83238294e+01  9.32664614e-01
   2.25356911e-01 -2.35645296e-02]]
[[ 3.20567596e+00  5.80425561e+00 -2.83860153e+01  9.39745870e-01
   2.27132694e-01 -2.37934476e-02]]
[[ 3.20709408e+00  5.78541272e+00 -2.83393462e+01  9.36867064e-01
   2.28193836e-01 -2.45686812e-02]]
[[ 3.20846296e+00  5.78562416e+00 -2.83441201e+01  9.37442111e-01
   2.28867144e-01 -2.46869482e-02]]
[[ 3.23661418e+00  5.78893430e+00 -2.83329780e+01  9.36766527e-01
   2.23767272e-01 -2.42847644e-02]]
[[ 3.22299189e+00  5.78195810e+00 -2.82794687e+01  9.33331769e-01
   2.22401096e-01 -2.45198006e-02]]
[[ 3.22232262e+00  5.80478770e+00 -2.83373854e+01  9.38158735e-01
   2.23828204e-01 -2.41575563e-02]]
[[ 3.21248259e+00  5.80761447e+00 -2.83105441e+01  9.37256618e-01
   2.24146264e-01 -2.45582233e-02]]
[[ 3.21002793e+00  5.80476656e+00 -2.83100036e+01  9.37758710e-01
   2.22399021e-01 -2.49521308e-02]]
[[ 3.21256559e+00  5.81455057e+00 -2.83416864e+01  9.39349680e-01
   2.20864443e-01 -2.41755363e-02]]
[[ 3.19830171e+00  5.81628618e+00 -2.83429349e+01  9.40665177e-01
   2.23142921e-01 -2.39766918e-02]]
[[ 3.20345794e+00  5.82249878e+00 -2.83459495e+01  9.40391152e-01
   2.19740393e-01 -2.40308036e-02]]
[[ 3.18439944e+00  5.81698524e+00 -2.83253783e+01  9.40231994e-01
   2.23134285e-01 -2.42576776e-02]]
[[ 3.18775696e+00  5.81685157e+00 -2.83376396e+01  9.40358284e-01
   2.20255116e-01 -2.39676204e-02]]
[[ 3.17826863e+00  5.79763522e+00 -2.83353423e+01  9.39789003e-01
   2.20904338e-01 -2.35633969e-02]]
[[ 3.19228657e+00  5.80774959e+00 -2.83619667e+01  9.40425662e-01
   2.18160766e-01 -2.33575284e-02]]
[[ 3.17258070e+00  5.79887761e+00 -2.83378440e+01  9.40248234e-01
   2.21102566e-01 -2.41361603e-02]]
[[ 3.16177826e+00  5.79077783e+00 -2.83281729e+01  9.39881271e-01
   2.23230197e-01 -2.47097394e-02]]
[[ 3.16386108e+00  5.79731372e+00 -2.83427234e+01  9.40774402e-01
   2.22647906e-01 -2.45363403e-02]]
[[ 3.16007045e+00  5.79220204e+00 -2.83398836e+01  9.40330603e-01
   2.22307275e-01 -2.47726839e-02]]
[[ 3.15507478e+00  5.79738757e+00 -2.83506488e+01  9.41423083e-01
   2.23650743e-01 -2.48064083e-02]]
[[ 3.15772584e+00  5.79813617e+00 -2.83490915e+01  9.41407652e-01
   2.23145491e-01 -2.47894761e-02]]
[[ 3.15242058e+00  5.79143667e+00 -2.83311402e+01  9.40354800e-01
   2.24192363e-01 -2.49701712e-02]]
[[ 3.15735528e+00  5.79461140e+00 -2.83366073e+01  9.40998156e-01
   2.23645066e-01 -2.48867444e-02]]
[[ 3.15922116e+00  5.80435096e+00 -2.83476882e+01  9.42240551e-01
   2.23619091e-01 -2.46801225e-02]]
[[ 3.14973470e+00  5.78859722e+00 -2.83089620e+01  9.40125607e-01
   2.25261087e-01 -2.51665161e-02]]
[[ 3.15459872e+00  5.79657763e+00 -2.83181913e+01  9.40805441e-01
   2.24988524e-01 -2.49270479e-02]]
[[ 3.16755299e+00  5.80960054e+00 -2.83403346e+01  9.42432011e-01
   2.22346920e-01 -2.45108735e-02]]
[[ 3.16066919e+00  5.79697917e+00 -2.83046051e+01  9.40892898e-01
   2.24480765e-01 -2.47816770e-02]]
[[ 3.15695329e+00  5.79133298e+00 -2.82952228e+01  9.39957767e-01
   2.25158614e-01 -2.49782213e-02]]
[[ 3.16645256e+00  5.80462028e+00 -2.83240813e+01  9.42263683e-01
   2.23600476e-01 -2.45808091e-02]]
[[ 3.16634214e+00  5.79860288e+00 -2.83092527e+01  9.41248321e-01
   2.23356380e-01 -2.45809640e-02]]
[[ 3.17223980e+00  5.78895855e+00 -2.82782378e+01  9.37767655e-01
   2.19784929e-01 -2.50220205e-02]]
[[ 3.16739874e+00  5.80315092e+00 -2.82676073e+01  9.39419893e-01
   2.23623271e-01 -2.48526544e-02]]
[[ 3.16638898e+00  5.79718915e+00 -2.82622613e+01  9.39561500e-01
   2.25144647e-01 -2.47395184e-02]]
[[ 3.17291024e+00  5.80359909e+00 -2.82833235e+01  9.40852464e-01
   2.23820649e-01 -2.46008559e-02]]
[[ 3.17609571e+00  5.80868001e+00 -2.82939654e+01  9.40777759e-01
   2.22346688e-01 -2.46037354e-02]]
[[ 3.16711389e+00  5.80307202e+00 -2.82791462e+01  9.40383312e-01
   2.24290578e-01 -2.49009554e-02]]
[[ 3.17215752e+00  5.80390603e+00 -2.82882234e+01  9.41514008e-01
   2.24280309e-01 -2.47694622e-02]]
[[ 3.17133465e+00  5.80503185e+00 -2.82914228e+01  9.41413716e-01
   2.23278185e-01 -2.47947602e-02]]
[[ 3.17350665e+00  5.80836059e+00 -2.82983040e+01  9.41702678e-01
   2.23148421e-01 -2.47367459e-02]]
[[ 3.16796510e+00  5.80022493e+00 -2.82750370e+01  9.40844130e-01
   2.25098058e-01 -2.49230897e-02]]
[[ 3.45049708e+00  5.80261383e+00 -2.84058673e+01  9.21429816e-01
   1.45678914e-01 -1.82987531e-02]]
[[ 3.69758966e+00  5.75376279e+00 -2.85324906e+01  9.05301348e-01
   7.45923470e-02 -1.00985326e-02]]
[[ 3.59551462e+00  5.70404704e+00 -2.84167369e+01  9.12394108e-01
   1.07902334e-01 -1.52310794e-02]]
[[ 3.47314711e+00  5.69479097e+00 -2.83450548e+01  9.24959140e-01
   1.48491487e-01 -1.94044698e-02]]
[[ 3.40878648e+00  5.68369677e+00 -2.83016315e+01  9.30842880e-01
   1.68167675e-01 -2.19254773e-02]]
[[ 3.34487653e+00  5.66811854e+00 -2.82439382e+01  9.35260648e-01
   1.87692824e-01 -2.40779026e-02]]
[[ 3.31043763e+00  5.65843999e+00 -2.82158021e+01  9.37777180e-01
   1.98892561e-01 -2.53681931e-02]]
[[ 3.28361561e+00  5.65971680e+00 -2.82042471e+01  9.41044449e-01
   2.08172872e-01 -2.62893736e-02]]
[[ 3.27618011e+00  5.66157168e+00 -2.82032072e+01  9.42500796e-01
   2.10052640e-01 -2.64895342e-02]]
[[ 3.26017021e+00  5.65261630e+00 -2.81713713e+01  9.42655402e-01
   2.15588339e-01 -2.71552017e-02]]
[[ 3.24678787e+00  5.65168399e+00 -2.81646163e+01  9.43355189e-01
   2.19526698e-01 -2.76171642e-02]]
[[ 3.25143367e+00  5.65966027e+00 -2.81847870e+01  9.45437447e-01
   2.18494705e-01 -2.74697193e-02]]
[[ 3.24692893e+00  5.65491145e+00 -2.81649914e+01  9.44992034e-01
   2.19687251e-01 -2.76113374e-02]]
[[ 3.23522649e+00  5.64973545e+00 -2.81472797e+01  9.44344665e-01
   2.22357584e-01 -2.80483880e-02]]
[[ 3.23435639e+00  5.65189521e+00 -2.81513417e+01  9.45116588e-01
   2.22573025e-01 -2.80073232e-02]]
[[ 3.23432128e+00  5.65505195e+00 -2.81510063e+01  9.45726606e-01
   2.22819235e-01 -2.78900834e-02]]
[[ 3.23636446e+00  5.64977121e+00 -2.81447414e+01  9.45200366e-01
   2.22167466e-01 -2.79527223e-02]]
[[ 3.22880686e+00  5.64759608e+00 -2.81315219e+01  9.44819114e-01
   2.24015546e-01 -2.80428104e-02]]
[[ 3.22911070e+00  5.64991266e+00 -2.81378522e+01  9.45311804e-01
   2.24186272e-01 -2.80795356e-02]]
[[ 3.24189197e+00  5.65783462e+00 -2.81525232e+01  9.46122674e-01
   2.21683587e-01 -2.77143199e-02]]
[[ 3.23395815e+00  5.65117501e+00 -2.81259299e+01  9.44850526e-01
   2.24006126e-01 -2.79217013e-02]]
[[ 3.22811584e+00  5.65187884e+00 -2.81225419e+01  9.45324431e-01
   2.25320185e-01 -2.80653102e-02]]
[[ 3.23587629e+00  5.65724018e+00 -2.81294465e+01  9.45890099e-01
   2.22922712e-01 -2.78390566e-02]]
[[ 3.23223976e+00  5.65157007e+00 -2.81163078e+01  9.45031608e-01
   2.23807533e-01 -2.80442993e-02]]
[[ 3.23348056e+00  5.65304576e+00 -2.81199855e+01  9.45524811e-01
   2.23478662e-01 -2.78142577e-02]]
[[ 3.23482378e+00  5.65327722e+00 -2.81084786e+01  9.45285343e-01
   2.23526112e-01 -2.77810979e-02]]
[[  3.23125469   5.65305861 -28.11205226   0.94536204   0.22413103
   -0.02816775]]
[[ 3.23750402e+00  5.66033786e+00 -2.81223850e+01  9.46006539e-01
   2.22662168e-01 -2.79182318e-02]]
[[ 3.23539369e+00  5.66548254e+00 -2.81204318e+01  9.46622235e-01
   2.23306294e-01 -2.78399822e-02]]
[[ 3.23265863e+00  5.65595176e+00 -2.80888275e+01  9.45068198e-01
   2.24372613e-01 -2.80118148e-02]]
[[ 3.23886484e+00  5.66027775e+00 -2.80965120e+01  9.44877525e-01
   2.22976371e-01 -2.79597409e-02]]
[[ 3.23940207e+00  5.66915162e+00 -2.81137921e+01  9.46673639e-01
   2.22734333e-01 -2.77502040e-02]]
[[ 3.23494358e+00  5.66036161e+00 -2.80911095e+01  9.45668754e-01
   2.23365670e-01 -2.79552537e-02]]
[[  3.22404042   5.65287097 -28.067952     0.9443116    0.22534937
   -0.02827771]]
[[ 3.23705357e+00  5.66633484e+00 -2.80912148e+01  9.45793097e-01
   2.23254411e-01 -2.79177266e-02]]
[[ 3.24074177e+00  5.67217679e+00 -2.80936248e+01  9.46448541e-01
   2.22474672e-01 -2.76475404e-02]]
[[  3.22953112   5.65753642 -28.05880363   0.94469043   0.22432337
   -0.02809956]]
[[ 3.23383321e+00  5.67232985e+00 -2.80775174e+01  9.45870566e-01
   2.24096639e-01 -2.79105269e-02]]
[[ 3.23624892e+00  5.67117118e+00 -2.80784435e+01  9.46367197e-01
   2.23352888e-01 -2.78515591e-02]]
[[ 3.23281119e+00  5.66767949e+00 -2.80633002e+01  9.45498439e-01
   2.23267353e-01 -2.78818578e-02]]
[[ 3.22865573e+00  5.66356795e+00 -2.80507071e+01  9.44794989e-01
   2.24368587e-01 -2.80291584e-02]]
[[ 3.23139844e+00  5.66604054e+00 -2.80606745e+01  9.45758075e-01
   2.23541702e-01 -2.78043785e-02]]
[[ 3.23104336e+00  5.66490252e+00 -2.80530893e+01  9.45707162e-01
   2.23454965e-01 -2.78233832e-02]]
[[ 3.23112710e+00  5.66571725e+00 -2.80543402e+01  9.45801814e-01
   2.23380946e-01 -2.77943924e-02]]
[[ 3.22481741e+00  5.66206922e+00 -2.80303314e+01  9.45127995e-01
   2.24919745e-01 -2.78910232e-02]]
[[ 3.23116785e+00  5.66583071e+00 -2.80350810e+01  9.45128023e-01
   2.23323624e-01 -2.77764502e-02]]
[[ 3.22956262e+00  5.66727764e+00 -2.80303869e+01  9.45180578e-01
   2.23123588e-01 -2.79066939e-02]]
[[ 3.23188418e+00  5.67387238e+00 -2.80461928e+01  9.46341400e-01
   2.22999036e-01 -2.78441050e-02]]
[[ 3.23392879e+00  5.67089513e+00 -2.80262647e+01  9.45330815e-01
   2.22730611e-01 -2.78417295e-02]]
[[  3.22365658   5.66853597 -28.01440413   0.94597138   0.22645755
   -0.0280634 ]]
[[ 3.23774188e+00  5.66617997e+00 -2.80189305e+01  9.44951354e-01
   2.22473628e-01 -2.77134282e-02]]
[[ 3.23793384e+00  5.68023295e+00 -2.80390141e+01  9.47206047e-01
   2.23477473e-01 -2.76488661e-02]]
[[ 3.23540999e+00  5.66291164e+00 -2.80004617e+01  9.44615593e-01
   2.23387729e-01 -2.78528172e-02]]
[[ 3.22897103e+00  5.67420777e+00 -2.80146700e+01  9.46322130e-01
   2.25503411e-01 -2.76355293e-02]]
[[ 3.24606078e+00  5.68424897e+00 -2.80337416e+01  9.46597093e-01
   2.20923312e-01 -2.74245064e-02]]
[[ 3.24007430e+00  5.67834196e+00 -2.80173748e+01  9.45480247e-01
   2.22651412e-01 -2.77951533e-02]]
[[  3.22710028   5.66883175 -27.9960917    0.9450971    0.22585303
   -0.02810333]]
[[ 3.23207985e+00  5.67455344e+00 -2.80052387e+01  9.46179505e-01
   2.24216430e-01 -2.78212805e-02]]
[[ 3.23523809e+00  5.67061752e+00 -2.79972369e+01  9.45592438e-01
   2.23209822e-01 -2.77170568e-02]]
[[ 3.22967258e+00  5.66650061e+00 -2.79833164e+01  9.44778037e-01
   2.23803538e-01 -2.79310841e-02]]
[[ 3.22635372e+00  5.67220945e+00 -2.79944497e+01  9.45656014e-01
   2.24614815e-01 -2.79591218e-02]]
[[ 3.23033376e+00  5.67575661e+00 -2.80020168e+01  9.45739828e-01
   2.22909287e-01 -2.77480342e-02]]
[[ 3.23316656e+00  5.67189620e+00 -2.79984855e+01  9.45498112e-01
   2.22864951e-01 -2.76354018e-02]]
[[ 3.22705576e+00  5.66778746e+00 -2.79823591e+01  9.44483984e-01
   2.23564774e-01 -2.79183030e-02]]
[[  3.22237453   5.67607977 -27.99673223   0.94618571   0.22474287
   -0.02804788]]
[[ 3.23086589e+00  5.67845498e+00 -2.79945464e+01  9.45473165e-01
   2.22618492e-01 -2.78266492e-02]]
[[  3.22726233   5.67326848 -27.98521032   0.94515824   0.22399382
   -0.02801819]]
[[ 3.22638904e+00  5.67955771e+00 -2.79877490e+01  9.45756835e-01
   2.24140379e-01 -2.79131502e-02]]
[[ 3.23016708e+00  5.68103058e+00 -2.79939201e+01  9.46217018e-01
   2.23576678e-01 -2.78331365e-02]]
[[ 3.23489709e+00  5.67662462e+00 -2.79843961e+01  9.45036123e-01
   2.22376285e-01 -2.78534729e-02]]
[[ 3.23142819e+00  5.68375661e+00 -2.79976250e+01  9.46595796e-01
   2.23428059e-01 -2.76747420e-02]]
[[ 3.23242129e+00  5.68196767e+00 -2.79846507e+01  9.46129683e-01
   2.22776534e-01 -2.77905332e-02]]
[[  3.2225407    5.67448685 -27.97075853   0.94526489   0.22480464
   -0.02820139]]
[[ 3.23221975e+00  5.67895188e+00 -2.79759437e+01  9.45894731e-01
   2.22863580e-01 -2.78509246e-02]]
[[ 3.22849656e+00  5.68090906e+00 -2.79799901e+01  9.46464885e-01
   2.23582866e-01 -2.77772945e-02]]
[[  3.21519472   5.67550706 -27.94372372   0.94575592   0.22734018
   -0.02813911]]
[[ 3.23431260e+00  5.68886683e+00 -2.79716051e+01  9.46057210e-01
   2.22365082e-01 -2.74020497e-02]]
[[ 3.21878473e+00  5.69323110e+00 -2.79585848e+01  9.45719966e-01
   2.23910322e-01 -2.68422642e-02]]
[[ 3.20139973e+00  5.68073551e+00 -2.79184014e+01  9.43338222e-01
   2.26015474e-01 -2.77693449e-02]]
[[ 3.20355248e+00  5.69696461e+00 -2.79394967e+01  9.44617776e-01
   2.25811211e-01 -2.74899696e-02]]
[[ 3.21094578e+00  5.70302643e+00 -2.79589513e+01  9.45638087e-01
   2.24082849e-01 -2.69671421e-02]]
[[ 3.21156033e+00  5.69850326e+00 -2.79533361e+01  9.44712419e-01
   2.22999881e-01 -2.69899611e-02]]
[[ 3.20491861e+00  5.69653639e+00 -2.79450966e+01  9.44881904e-01
   2.24549994e-01 -2.70203327e-02]]
[[ 3.21011159e+00  5.69856112e+00 -2.79495000e+01  9.44776811e-01
   2.23263055e-01 -2.69788871e-02]]
[[ 3.21038475e+00  5.70067097e+00 -2.79521604e+01  9.44897131e-01
   2.22730198e-01 -2.69268187e-02]]
[[ 3.21065292e+00  5.70578474e+00 -2.79546411e+01  9.45548755e-01
   2.22926937e-01 -2.67867347e-02]]
[[ 3.20537305e+00  5.70740922e+00 -2.79440795e+01  9.44666243e-01
   2.24126749e-01 -2.71163665e-02]]
[[ 3.20687715e+00  5.70846874e+00 -2.79481390e+01  9.45179236e-01
   2.24261398e-01 -2.70685221e-02]]
[[ 3.21116922e+00  5.70755648e+00 -2.79444960e+01  9.45393652e-01
   2.22719350e-01 -2.68018450e-02]]
[[ 3.20549272e+00  5.70485033e+00 -2.79297086e+01  9.44477180e-01
   2.24327067e-01 -2.71367504e-02]]
[[ 3.20419187e+00  5.70624866e+00 -2.79279691e+01  9.44769029e-01
   2.24550051e-01 -2.71243549e-02]]
[[ 3.21366229e+00  5.71162375e+00 -2.79397438e+01  9.45306088e-01
   2.22226414e-01 -2.68485238e-02]]
[[ 3.20876145e+00  5.70640287e+00 -2.79253985e+01  9.44938999e-01
   2.23705746e-01 -2.70213963e-02]]
[[ 3.20589000e+00  5.70359088e+00 -2.79135117e+01  9.44338060e-01
   2.24510665e-01 -2.71742672e-02]]
[[ 3.20713160e+00  5.70889567e+00 -2.79096069e+01  9.44534000e-01
   2.24329925e-01 -2.70129369e-02]]
[[ 3.21445080e+00  5.71290684e+00 -2.79186588e+01  9.45200831e-01
   2.22878785e-01 -2.67674426e-02]]
[[ 3.20960721e+00  5.70960610e+00 -2.79052462e+01  9.44544684e-01
   2.23658140e-01 -2.70147996e-02]]
[[ 3.20958265e+00  5.71505587e+00 -2.79109992e+01  9.45201823e-01
   2.24597763e-01 -2.68932260e-02]]
[[ 3.21518543e+00  5.71939387e+00 -2.79146689e+01  9.45425273e-01
   2.23668676e-01 -2.69101167e-02]]
[[ 3.21435522e+00  5.71847129e+00 -2.79059109e+01  9.44936588e-01
   2.23894066e-01 -2.69033924e-02]]
[[ 3.21370578e+00  5.71877037e+00 -2.79146316e+01  9.45300722e-01
   2.23950726e-01 -2.68023682e-02]]
[[ 3.21715885e+00  5.72174064e+00 -2.79143047e+01  9.45541690e-01
   2.22912273e-01 -2.67772667e-02]]
[[ 3.21495787e+00  5.71380895e+00 -2.79056213e+01  9.44811392e-01
   2.23108321e-01 -2.69504823e-02]]
[[ 3.21458810e+00  5.71493623e+00 -2.78903630e+01  9.44598682e-01
   2.23572840e-01 -2.68662708e-02]]
[[ 3.21449399e+00  5.71619007e+00 -2.79011157e+01  9.45635348e-01
   2.23534644e-01 -2.67535299e-02]]
[[ 3.21340430e+00  5.71339642e+00 -2.78813351e+01  9.44607982e-01
   2.23477310e-01 -2.67815406e-02]]
[[ 3.21333683e+00  5.71699888e+00 -2.78886911e+01  9.44882980e-01
   2.23953875e-01 -2.68557958e-02]]
[[ 3.21613653e+00  5.72192418e+00 -2.78881035e+01  9.45640109e-01
   2.22997202e-01 -2.67938277e-02]]
[[ 3.21307498e+00  5.71843039e+00 -2.78763063e+01  9.44917041e-01
   2.23435128e-01 -2.68810646e-02]]
[[ 3.20664324e+00  5.71728688e+00 -2.78510103e+01  9.43982809e-01
   2.25083202e-01 -2.70460650e-02]]
[[ 3.21616515e+00  5.72925037e+00 -2.78729618e+01  9.45294147e-01
   2.23728192e-01 -2.68133056e-02]]
[[ 3.22203618e+00  5.72607229e+00 -2.78709319e+01  9.45598479e-01
   2.22775969e-01 -2.66852059e-02]]
[[ 3.21827770e+00  5.72101129e+00 -2.78533072e+01  9.44329738e-01
   2.23690759e-01 -2.69288848e-02]]
[[ 3.21154214e+00  5.72323645e+00 -2.78467641e+01  9.44479746e-01
   2.25412472e-01 -2.70079736e-02]]
[[ 3.21705322e+00  5.72732395e+00 -2.78642383e+01  9.45371061e-01
   2.23148018e-01 -2.67680158e-02]]
[[ 3.22017154e+00  5.72721866e+00 -2.78636651e+01  9.45251057e-01
   2.22239709e-01 -2.67432882e-02]]
[[ 3.20904276e+00  5.72002539e+00 -2.78429847e+01  9.44428420e-01
   2.24437216e-01 -2.71080874e-02]]
[[ 3.21232198e+00  5.72353468e+00 -2.78427597e+01  9.44204911e-01
   2.23738407e-01 -2.70233138e-02]]
[[ 3.21659563e+00  5.73403729e+00 -2.78609571e+01  9.46078729e-01
   2.23141890e-01 -2.67107290e-02]]
[[ 3.21217578e+00  5.72156027e+00 -2.78406101e+01  9.44554605e-01
   2.22966175e-01 -2.69521561e-02]]
[[ 3.21237344e+00  5.72124722e+00 -2.78309629e+01  9.44248410e-01
   2.23194625e-01 -2.70289980e-02]]
[[ 3.20868750e+00  5.72697082e+00 -2.78344121e+01  9.45099538e-01
   2.24167657e-01 -2.71517398e-02]]
[[ 3.21469325e+00  5.72969919e+00 -2.78348171e+01  9.45028366e-01
   2.22997991e-01 -2.68823009e-02]]
[[ 3.21124172e+00  5.72843040e+00 -2.78305524e+01  9.44924786e-01
   2.23078548e-01 -2.69485077e-02]]
[[ 3.20599584e+00  5.72016287e+00 -2.78039749e+01  9.43407386e-01
   2.24509179e-01 -2.72155298e-02]]
[[ 3.21251460e+00  5.73705509e+00 -2.78378498e+01  9.45877744e-01
   2.23404705e-01 -2.68625228e-02]]
[[ 3.21858737e+00  5.73374638e+00 -2.78202456e+01  9.44954232e-01
   2.21953723e-01 -2.67533672e-02]]
[[ 3.20241078e+00  5.72242880e+00 -2.77894421e+01  9.43469263e-01
   2.25617107e-01 -2.72635944e-02]]
[[ 3.21421279e+00  5.73688346e+00 -2.78150545e+01  9.45298005e-01
   2.23090160e-01 -2.68043049e-02]]
[[ 3.21492688e+00  5.74041089e+00 -2.78172256e+01  9.45698367e-01
   2.22409158e-01 -2.66282374e-02]]
[[ 3.21122032e+00  5.73070291e+00 -2.77918698e+01  9.44174251e-01
   2.23572269e-01 -2.68910484e-02]]
[[ 3.20843110e+00  5.73117785e+00 -2.77933155e+01  9.44616132e-01
   2.24346395e-01 -2.70077894e-02]]
[[ 3.21223124e+00  5.73733787e+00 -2.78031876e+01  9.45384712e-01
   2.23072503e-01 -2.67962854e-02]]
[[ 3.21561048e+00  5.73745782e+00 -2.78023545e+01  9.45138282e-01
   2.22433120e-01 -2.66947893e-02]]
[[ 3.20712709e+00  5.73028043e+00 -2.77898498e+01  9.44682368e-01
   2.24206317e-01 -2.69167091e-02]]
[[ 3.20877473e+00  5.73438346e+00 -2.77987670e+01  9.45555194e-01
   2.23655572e-01 -2.68137723e-02]]
[[ 3.21121421e+00  5.73708079e+00 -2.77935642e+01  9.45371806e-01
   2.23064107e-01 -2.67429335e-02]]
[[ 3.21081804e+00  5.73454781e+00 -2.77884237e+01  9.44988721e-01
   2.23232146e-01 -2.67908613e-02]]
[[ 3.21084461e+00  5.73556377e+00 -2.77879487e+01  9.45536492e-01
   2.23425325e-01 -2.67036935e-02]]
[[ 3.21053034e+00  5.73460432e+00 -2.77767911e+01  9.45017568e-01
   2.23521090e-01 -2.67320608e-02]]
[[ 3.20601738e+00  5.73574759e+00 -2.77696506e+01  9.44990538e-01
   2.24516342e-01 -2.69217120e-02]]
[[ 3.21456650e+00  5.74021047e+00 -2.77756531e+01  9.45261664e-01
   2.22666731e-01 -2.66594488e-02]]
[[ 3.20904008e+00  5.73872011e+00 -2.77668415e+01  9.45445239e-01
   2.23953931e-01 -2.66972555e-02]]
[[ 3.20575137e+00  5.73714378e+00 -2.77508960e+01  9.44707119e-01
   2.24687832e-01 -2.69039190e-02]]
[[ 3.20875571e+00  5.73864277e+00 -2.77517986e+01  9.44923328e-01
   2.23811074e-01 -2.68494653e-02]]
[[ 3.21182807e+00  5.74355368e+00 -2.77608257e+01  9.46086585e-01
   2.23572380e-01 -2.66478968e-02]]
[[ 3.21074284e+00  5.73647217e+00 -2.77395866e+01  9.44724585e-01
   2.24043274e-01 -2.68009508e-02]]
[[ 3.20843146e+00  5.73615243e+00 -2.77345408e+01  9.44335711e-01
   2.24833553e-01 -2.69744268e-02]]
[[ 3.21580857e+00  5.74468049e+00 -2.77562731e+01  9.45694167e-01
   2.23255019e-01 -2.68091648e-02]]
[[ 3.21901737e+00  5.74700840e+00 -2.77566548e+01  9.45964783e-01
   2.22517987e-01 -2.67181388e-02]]
[[ 3.21051309e+00  5.73999867e+00 -2.77309371e+01  9.44604986e-01
   2.24388641e-01 -2.70381226e-02]]
[[ 3.20964651e+00  5.73844639e+00 -2.77260369e+01  9.44553332e-01
   2.24349660e-01 -2.70779577e-02]]
[[ 3.21418041e+00  5.74815784e+00 -2.77429144e+01  9.45863776e-01
   2.23224062e-01 -2.68010134e-02]]
[[ 3.21323799e+00  5.74209288e+00 -2.77293920e+01  9.45244332e-01
   2.23241810e-01 -2.69061119e-02]]
[[ 3.20664142e+00  5.74008030e+00 -2.77123465e+01  9.44494034e-01
   2.25417514e-01 -2.71251153e-02]]
[[ 3.21418306e+00  5.73990348e+00 -2.77219508e+01  9.44974672e-01
   2.23580785e-01 -2.70280759e-02]]
[[ 3.21436605e+00  5.74713303e+00 -2.77269065e+01  9.45889415e-01
   2.23660940e-01 -2.68045720e-02]]
[[ 3.20829771e+00  5.73514180e+00 -2.77049899e+01  9.44461184e-01
   2.24534637e-01 -2.70533094e-02]]
[[ 3.21463963e+00  5.74167529e+00 -2.77176256e+01  9.45060133e-01
   2.23291190e-01 -2.69192212e-02]]
[[ 3.21414384e+00  5.74297422e+00 -2.77190712e+01  9.45554007e-01
   2.23264834e-01 -2.68457599e-02]]
[[ 3.21363231e+00  5.74370475e+00 -2.77159996e+01  9.45522666e-01
   2.24009189e-01 -2.69169053e-02]]
[[ 3.21469901e+00  5.74470078e+00 -2.77102603e+01  9.45326594e-01
   2.23579114e-01 -2.68332120e-02]]
[[ 3.21535657e+00  5.74553319e+00 -2.77049544e+01  9.45125086e-01
   2.23859294e-01 -2.68581283e-02]]
[[ 3.21363801e+00  5.74819824e+00 -2.76985725e+01  9.45296812e-01
   2.24501956e-01 -2.69401271e-02]]
[[ 3.21689112e+00  5.74862626e+00 -2.76995291e+01  9.45398157e-01
   2.23292771e-01 -2.67383922e-02]]
[[ 3.21455436e+00  5.74909750e+00 -2.76966118e+01  9.45604004e-01
   2.23628668e-01 -2.68160163e-02]]
[[ 3.21343512e+00  5.74855330e+00 -2.76906710e+01  9.45356963e-01
   2.24256659e-01 -2.68512436e-02]]
[[ 3.21508168e+00  5.74774106e+00 -2.76905955e+01  9.45332180e-01
   2.23610305e-01 -2.67989163e-02]]
[[ 3.21539197e+00  5.75029316e+00 -2.76944613e+01  9.46184830e-01
   2.23641681e-01 -2.67445123e-02]]
[[ 3.22093697e+00  5.75244566e+00 -2.76891247e+01  9.45501982e-01
   2.22337818e-01 -2.66769887e-02]]
[[ 3.21042027e+00  5.74451555e+00 -2.76718263e+01  9.45126742e-01
   2.25007539e-01 -2.69847034e-02]]
[[ 3.21692946e+00  5.75045450e+00 -2.76728898e+01  9.45313755e-01
   2.24196377e-01 -2.68921332e-02]]
[[ 3.21977976e+00  5.75588597e+00 -2.76789007e+01  9.46224003e-01
   2.23786446e-01 -2.67605052e-02]]
[[ 3.21240245e+00  5.74579777e+00 -2.76473561e+01  9.44434383e-01
   2.24855323e-01 -2.70470641e-02]]
[[ 3.20849189e+00  5.74928508e+00 -2.76443378e+01  9.44554806e-01
   2.25650055e-01 -2.71457218e-02]]
[[ 3.21613762e+00  5.75838053e+00 -2.76637633e+01  9.45699212e-01
   2.23524663e-01 -2.68283886e-02]]
[[ 3.22004379e+00  5.76037573e+00 -2.76620309e+01  9.45667248e-01
   2.22824196e-01 -2.67494737e-02]]
[[ 3.21573801e+00  5.75760072e+00 -2.76491416e+01  9.44829834e-01
   2.23708890e-01 -2.68617525e-02]]
[[ 3.21097606e+00  5.75752612e+00 -2.76435890e+01  9.45289883e-01
   2.25121081e-01 -2.69086496e-02]]
[[ 3.22404505e+00  5.76606510e+00 -2.76603521e+01  9.46119138e-01
   2.22416775e-01 -2.65784467e-02]]
[[ 3.22171731e+00  5.76235408e+00 -2.76439526e+01  9.45687608e-01
   2.23450521e-01 -2.67733551e-02]]
[[ 3.21193965e+00  5.75690419e+00 -2.76213951e+01  9.44410200e-01
   2.25334504e-01 -2.70153421e-02]]
[[ 3.21694514e+00  5.76339600e+00 -2.76339306e+01  9.45486774e-01
   2.23972373e-01 -2.68578659e-02]]
[[ 3.22394512e+00  5.77127252e+00 -2.76405621e+01  9.46128351e-01
   2.22502336e-01 -2.66050621e-02]]
[[ 3.20735023e+00  5.76270830e+00 -2.76116875e+01  9.45053551e-01
   2.25893029e-01 -2.71944120e-02]]
[[ 3.21403835e+00  5.76370556e+00 -2.76058914e+01  9.44824515e-01
   2.25655906e-01 -2.71290793e-02]]
[[ 3.22291435e+00  5.76954174e+00 -2.76170045e+01  9.45561591e-01
   2.23099052e-01 -2.67825703e-02]]
[[ 3.22129959e+00  5.77296047e+00 -2.76188380e+01  9.45797266e-01
   2.23247714e-01 -2.68084188e-02]]
[[ 3.21159028e+00  5.76427054e+00 -2.75929191e+01  9.44576630e-01
   2.25497421e-01 -2.71028775e-02]]
[[ 3.21311829e+00  5.77008584e+00 -2.76078929e+01  9.45484631e-01
   2.24891437e-01 -2.70588411e-02]]
[[ 3.21972551e+00  5.77238613e+00 -2.76118776e+01  9.45743018e-01
   2.22832439e-01 -2.68004287e-02]]
[[ 3.21503416e+00  5.76802179e+00 -2.76010148e+01  9.45257466e-01
   2.24567115e-01 -2.70295318e-02]]
[[ 3.21474843e+00  5.77037779e+00 -2.75946495e+01  9.45269065e-01
   2.24355801e-01 -2.69494026e-02]]
[[ 3.21876352e+00  5.77202899e+00 -2.76009638e+01  9.45901391e-01
   2.23464714e-01 -2.68537032e-02]]
[[ 3.21548086e+00  5.76668078e+00 -2.75859605e+01  9.45037832e-01
   2.23930773e-01 -2.70046919e-02]]
[[ 3.21326308e+00  5.76939393e+00 -2.75852611e+01  9.45434233e-01
   2.24748959e-01 -2.69830459e-02]]
[[ 3.21928032e+00  5.77199460e+00 -2.75884683e+01  9.45696613e-01
   2.23358216e-01 -2.67865404e-02]]
[[ 3.21668957e+00  5.77121466e+00 -2.75803126e+01  9.45479566e-01
   2.24181792e-01 -2.68814336e-02]]
[[ 3.21556862e+00  5.77074740e+00 -2.75725594e+01  9.45196996e-01
   2.24465547e-01 -2.69916919e-02]]
[[ 3.22042042e+00  5.77763516e+00 -2.75822103e+01  9.46124157e-01
   2.23478972e-01 -2.68286168e-02]]
[[ 3.22049042e+00  5.77568921e+00 -2.75666366e+01  9.45506065e-01
   2.23828521e-01 -2.69554707e-02]]
[[ 3.21671744e+00  5.76631498e+00 -2.75456903e+01  9.44224956e-01
   2.24640450e-01 -2.71055825e-02]]
[[ 3.21947767e+00  5.77641747e+00 -2.75596891e+01  9.45717323e-01
   2.24800458e-01 -2.69228492e-02]]
[[ 3.22911130e+00  5.78291861e+00 -2.75671160e+01  9.46217129e-01
   2.22445464e-01 -2.66605299e-02]]
[[ 3.21906448e+00  5.77482278e+00 -2.75429380e+01  9.45028585e-01
   2.24646366e-01 -2.69406057e-02]]
[[ 3.21630717e+00  5.77657432e+00 -2.75336093e+01  9.44807763e-01
   2.25215456e-01 -2.70377795e-02]]
[[ 3.22239423e+00  5.78127460e+00 -2.75557798e+01  9.46283599e-01
   2.23388342e-01 -2.68396135e-02]]
[[ 3.22477286e+00  5.78149027e+00 -2.75428702e+01  9.45483923e-01
   2.22536621e-01 -2.67614675e-02]]
[[ 3.21500401e+00  5.77770183e+00 -2.75265640e+01  9.44874298e-01
   2.24754671e-01 -2.70245021e-02]]
[[ 3.21527512e+00  5.77857264e+00 -2.75253853e+01  9.45353392e-01
   2.24775468e-01 -2.69825805e-02]]
[[ 3.22159888e+00  5.77923767e+00 -2.75380935e+01  9.45998491e-01
   2.23458743e-01 -2.68168666e-02]]
[[ 3.22054347e+00  5.78136639e+00 -2.75353543e+01  9.46258511e-01
   2.24090117e-01 -2.67677436e-02]]
[[ 3.22081816e+00  5.77683138e+00 -2.75203859e+01  9.45228542e-01
   2.23621721e-01 -2.69100203e-02]]
[[ 3.21789691e+00  5.77745611e+00 -2.75185262e+01  9.45281950e-01
   2.24282283e-01 -2.69561730e-02]]
[[ 3.21832130e+00  5.77685811e+00 -2.75177593e+01  9.45674559e-01
   2.23910219e-01 -2.68811070e-02]]
[[ 3.22069829e+00  5.77806411e+00 -2.75191835e+01  9.45540276e-01
   2.23478804e-01 -2.68552608e-02]]
[[ 3.21621212e+00  5.77464759e+00 -2.75088382e+01  9.45177261e-01
   2.24352335e-01 -2.69715276e-02]]
[[ 3.22097353e+00  5.77883546e+00 -2.75135483e+01  9.45522805e-01
   2.23830415e-01 -2.68245728e-02]]
[[ 3.22383693e+00  5.78146385e+00 -2.75191258e+01  9.46012324e-01
   2.23305083e-01 -2.66504276e-02]]
[[  3.20213252   5.7719714  -27.47365539   0.94495877   0.22733541
   -0.0276097 ]]
[[ 3.22115818e+00  5.77573177e+00 -2.74417890e+01  9.42108791e-01
   2.24044346e-01 -2.69417505e-02]]
[[ 3.23156447e+00  5.79633044e+00 -2.74910190e+01  9.45573461e-01
   2.22015135e-01 -2.62898833e-02]]
[[ 3.22263317e+00  5.78875792e+00 -2.74771588e+01  9.45102395e-01
   2.23921591e-01 -2.65409614e-02]]
[[ 3.21484604e+00  5.78329015e+00 -2.74566544e+01  9.44129361e-01
   2.24718946e-01 -2.68038369e-02]]
[[ 3.21453164e+00  5.78137847e+00 -2.74703866e+01  9.45336701e-01
   2.24777221e-01 -2.65582267e-02]]
[[ 3.21197571e+00  5.78225066e+00 -2.74646003e+01  9.45011966e-01
   2.24605655e-01 -2.66373916e-02]]
[[ 3.21317555e+00  5.78628000e+00 -2.74772723e+01  9.45849637e-01
   2.23588125e-01 -2.65269022e-02]]
[[ 3.20973851e+00  5.78582113e+00 -2.74688944e+01  9.45588051e-01
   2.23922122e-01 -2.65949450e-02]]
[[ 3.20499687e+00  5.78071003e+00 -2.74555737e+01  9.44833184e-01
   2.24955941e-01 -2.68734458e-02]]
[[ 3.20883072e+00  5.78729528e+00 -2.74656374e+01  9.45341152e-01
   2.23973129e-01 -2.66481747e-02]]
[[ 3.21207010e+00  5.78916884e+00 -2.74738661e+01  9.46108551e-01
   2.23457988e-01 -2.64962009e-02]]
[[ 3.20856078e+00  5.78248313e+00 -2.74614178e+01  9.45536338e-01
   2.24360421e-01 -2.65636266e-02]]
[[ 3.20555117e+00  5.78338494e+00 -2.74539886e+01  9.44983342e-01
   2.24293723e-01 -2.67769272e-02]]
[[ 3.21015459e+00  5.78848819e+00 -2.74613031e+01  9.45692122e-01
   2.24073937e-01 -2.66659120e-02]]
[[ 3.21583118e+00  5.79070452e+00 -2.74619717e+01  9.46220538e-01
   2.23106179e-01 -2.63933391e-02]]
[[ 3.21067081e+00  5.78455076e+00 -2.74458988e+01  9.45170165e-01
   2.23985586e-01 -2.66255405e-02]]
[[ 3.21139649e+00  5.78781512e+00 -2.74510881e+01  9.45418410e-01
   2.23925570e-01 -2.66300270e-02]]
[[ 3.21585736e+00  5.79693287e+00 -2.74595699e+01  9.46454074e-01
   2.23729910e-01 -2.64658156e-02]]
[[ 3.21280715e+00  5.79200581e+00 -2.74402168e+01  9.45311583e-01
   2.24009810e-01 -2.65264936e-02]]
[[ 3.20992255e+00  5.78813019e+00 -2.74312352e+01  9.45440161e-01
   2.24932508e-01 -2.65926642e-02]]
[[ 3.21284000e+00  5.79019150e+00 -2.74340556e+01  9.45514919e-01
   2.23712288e-01 -2.65058041e-02]]
[[ 3.21600762e+00  5.79176910e+00 -2.74326028e+01  9.45730788e-01
   2.23094467e-01 -2.64903046e-02]]
[[ 3.20815028e+00  5.78791149e+00 -2.74267951e+01  9.45528859e-01
   2.24821179e-01 -2.66547849e-02]]
[[ 3.20600854e+00  5.78668729e+00 -2.74171806e+01  9.45208408e-01
   2.25358422e-01 -2.66795534e-02]]
[[ 3.21190120e+00  5.79227423e+00 -2.74257645e+01  9.45440409e-01
   2.23417838e-01 -2.64632681e-02]]
[[ 3.20790605e+00  5.79090678e+00 -2.74170876e+01  9.45659042e-01
   2.24221330e-01 -2.66159337e-02]]
[[ 3.20961403e+00  5.79177306e+00 -2.74190308e+01  9.45392343e-01
   2.23545204e-01 -2.65611192e-02]]
[[ 3.20780738e+00  5.79222489e+00 -2.74157178e+01  9.45572146e-01
   2.23910255e-01 -2.65612528e-02]]
[[ 3.20860728e+00  5.79866837e+00 -2.74247544e+01  9.46113784e-01
   2.23691430e-01 -2.66003582e-02]]
[[ 3.21358959e+00  5.80178337e+00 -2.74203716e+01  9.46281936e-01
   2.23087785e-01 -2.64553472e-02]]
[[ 3.20582203e+00  5.79488148e+00 -2.74062057e+01  9.45738060e-01
   2.24614910e-01 -2.68605493e-02]]
[[ 3.20864595e+00  5.79678457e+00 -2.74016731e+01  9.45653320e-01
   2.24024838e-01 -2.66820765e-02]]
[[ 3.20766122e+00  5.79962333e+00 -2.74058724e+01  9.45989312e-01
   2.23935265e-01 -2.65770547e-02]]
[[ 3.21096317e+00  5.80044166e+00 -2.74077970e+01  9.46063317e-01
   2.23095893e-01 -2.65313193e-02]]
[[ 3.20813976e+00  5.80117131e+00 -2.73985926e+01  9.45989364e-01
   2.23835719e-01 -2.66217118e-02]]
[[ 3.20384118e+00  5.79581334e+00 -2.73892167e+01  9.45404374e-01
   2.24609936e-01 -2.67070653e-02]]
[[ 3.20768851e+00  5.80306852e+00 -2.73946400e+01  9.46063307e-01
   2.24121722e-01 -2.65651491e-02]]
[[ 3.21939591e+00  5.80460934e+00 -2.74102318e+01  9.46238054e-01
   2.21274799e-01 -2.63783128e-02]]
[[ 3.21355734e+00  5.80314878e+00 -2.73829926e+01  9.46359899e-01
   2.23222436e-01 -2.64185715e-02]]
[[ 3.20304492e+00  5.78715960e+00 -2.73370599e+01  9.43366392e-01
   2.25711649e-01 -2.65672343e-02]]
[[ 3.20884982e+00  5.80863981e+00 -2.73556831e+01  9.45998600e-01
   2.25413369e-01 -2.64655025e-02]]
[[ 3.22321784e+00  5.82093962e+00 -2.73906175e+01  9.47466321e-01
   2.22099183e-01 -2.60224792e-02]]
[[ 3.20896849e+00  5.79588219e+00 -2.73193417e+01  9.43676193e-01
   2.24672567e-01 -2.65251909e-02]]
[[ 3.20725072e+00  5.80604341e+00 -2.73488755e+01  9.45334605e-01
   2.24822691e-01 -2.65408035e-02]]
[[ 3.22218554e+00  5.81943109e+00 -2.73739504e+01  9.46726581e-01
   2.20703481e-01 -2.61496602e-02]]
[[ 3.21001157e+00  5.80197275e+00 -2.73339750e+01  9.44386369e-01
   2.23293850e-01 -2.67568758e-02]]
[[ 3.20839525e+00  5.80058575e+00 -2.73256634e+01  9.44483090e-01
   2.24797981e-01 -2.68487887e-02]]
[[ 3.21476922e+00  5.81283203e+00 -2.73556506e+01  9.46284019e-01
   2.23300596e-01 -2.64828443e-02]]
[[ 3.21482273e+00  5.80492822e+00 -2.73391438e+01  9.45443366e-01
   2.23096552e-01 -2.64751651e-02]]
[[ 3.21046928e+00  5.80001844e+00 -2.73339387e+01  9.44701101e-01
   2.23436294e-01 -2.66534232e-02]]
[[ 3.20732328e+00  5.80442349e+00 -2.73365512e+01  9.45634156e-01
   2.24231898e-01 -2.66422460e-02]]
[[ 3.21319095e+00  5.80850346e+00 -2.73423755e+01  9.45806103e-01
   2.23242560e-01 -2.64410466e-02]]
[[ 3.20511317e+00  5.80129811e+00 -2.73261250e+01  9.44815096e-01
   2.23804949e-01 -2.67079885e-02]]
[[ 3.20475007e+00  5.80639987e+00 -2.73308504e+01  9.45990120e-01
   2.24207157e-01 -2.66648262e-02]]
[[ 3.20703586e+00  5.80470480e+00 -2.73246018e+01  9.45643713e-01
   2.22955095e-01 -2.67039085e-02]]
