[[-2.06125990e-03  2.19969818e-03  7.42937976e-03 -3.46832081e-05
   2.14135507e-04 -6.82426538e-05]]
[[-5.72956516e-03  3.14336822e-04  2.08135698e-02 -1.25451513e-04
   5.33132561e-04 -4.05658817e-05]]
[[-0.00683199 -0.00017914  0.02315198 -0.00020966  0.00074316 -0.00011211]]
[[-2.30812531e-03  4.60031366e-03  1.71788218e-02  1.46214823e-04
   2.53215429e-04  1.50057285e-05]]
[[-3.43970398e-03  3.60911439e-03  2.46839430e-02 -1.98171328e-04
   2.05240223e-04 -1.39490335e-05]]
[[-0.01140559  0.00255864  0.03168525 -0.00025213  0.00151888 -0.00010478]]
[[-4.42049747e-03  5.81021186e-03  2.24774852e-02  7.71280805e-05
   7.46752990e-04  3.03821387e-06]]
[[-1.36820941e-03  7.22740362e-03  2.78278313e-02 -1.84616485e-04
  -1.57810768e-05  7.06308075e-05]]
[[-0.00406034 -0.00477018  0.0442596  -0.00183847  0.00022925  0.0007262 ]]
[[ 0.21479127 -0.09751771 -0.06786929 -0.02900782 -0.04936786  0.0075625 ]]
[[ 0.90772411 -0.05958558 -1.79912579  0.02035272 -0.20463446 -0.05328552]]
[[ 1.68558388 -0.03840197 -3.02109844  0.08040836 -0.32537323 -0.10564102]]
[[ 2.19041188 -0.08883706 -3.81433903  0.11967157 -0.3972465  -0.14058642]]
[[ 2.72416619 -0.24256383 -4.58853412  0.12020048 -0.50011984 -0.156156  ]]
[[ 3.25078977  0.1918599  -6.54153509  0.21077216 -0.61894007 -0.22193851]]
[[ 3.99059469  1.45248271 -8.84091045  0.43280589 -0.64381127 -0.31107316]]
[[ 1.92751351  0.90443666 -6.81907896  0.29878619 -0.39197305 -0.1636245 ]]
[[-0.49293162 -0.19575443 -2.82642322 -0.04590963 -0.19250873  0.0652194 ]]
[[-0.13557473 -0.32627216 -3.38026452 -0.18926929 -0.40677291  0.09467514]]
[[ 2.82462098  1.01954323 -6.93510204  0.0892344  -0.7377085  -0.12317947]]
[[ 4.28619535  2.70763421 -9.68297378  0.42601944 -0.74270027 -0.28441079]]
[[ 1.5956447   1.85663235 -7.66981974  0.29862501 -0.41025761 -0.12809488]]
[[-0.92820144  0.42769438 -3.81847157 -0.04228075 -0.178949    0.10375309]]
[[-1.81378678 -0.21971071 -2.57463059 -0.2867032  -0.21857628  0.22453458]]
[[ 0.53838886  0.40582974 -6.11204878 -0.12419901 -0.55342405  0.06310623]]
[[ 3.48056209  2.06037085 -9.53900962  0.19080378 -0.82443585 -0.16502869]]
[[  5.91122088   3.89219991 -12.14106048   0.48841176  -0.98388098
   -0.36134074]]
[[  7.11054554   4.59509744 -13.94892283   0.6384179   -1.0538692
   -0.46940037]]
[[  6.51986561   3.50692203 -13.54961752   0.53006508  -1.01731449
   -0.4245844 ]]
[[  4.83064128   1.87294547 -10.58540168   0.22416974  -0.88449798
   -0.24433075]]
[[ 2.92217761  0.20470085 -6.78251288 -0.11940682 -0.73818176 -0.03605338]]
[[ 1.39160566 -0.57087802 -4.93376171 -0.34689527 -0.67190537  0.10106092]]
[[ 1.64919148  0.23462991 -7.73719553 -0.18386731 -0.76065396  0.00887498]]
[[  3.36330564   1.71593936 -11.08985954   0.11600721  -0.91595566
   -0.1783708 ]]
[[  4.09685972   1.70615035 -12.22493206   0.18324168  -0.98112263
   -0.2418302 ]]
[[  3.48733152   0.74165585 -10.85578883  -0.02974273  -0.96840409
   -0.13251459]]
[[ 2.0363668  -0.26724582 -8.22932274 -0.3108937  -0.87618408  0.05514053]]
[[ 1.23476227  0.05371763 -9.22624157 -0.33682449 -0.89589127  0.08433449]]
[[  2.82273513   1.684067   -12.77723666  -0.02202279  -1.03858756
   -0.11512778]]
[[  4.5686319    2.99208835 -15.08081082   0.22333009  -1.15043781
   -0.27780971]]
[[ 3.70299846e+00  1.79636543e+00 -1.30200560e+01  1.26353791e-02
  -1.07159190e+00 -1.56325369e-01]]
[[ 1.69016896  0.16092248 -8.07973458 -0.37189878 -0.87190811  0.09598648]]
[[-1.33999473 -1.79374391 -0.71485083 -0.89603613 -0.57359048  0.44625054]]
[[-4.00145227 -3.3032804   6.03158418 -1.3382215  -0.29721158  0.73296825]]
[[-6.24004847 -4.48808462 11.88619454 -1.71004852 -0.06390062  0.98533182]]
[[-8.313164   -4.5038314  14.28433037 -1.85877422  0.12553389  1.12118117]]
[[-10.6130388   -2.53458071  11.08915769  -1.53888659   0.38738643
    1.05517004]]
[[-11.60317462  -0.69606052   6.44544851  -1.08603996   0.56704063
    0.89372731]]
[[-10.54902442   1.03996103   0.46548153  -0.52677574   0.56977521
    0.62231647]]
[[-7.05338063e+00  3.17616122e+00 -5.46176153e+00  2.34814334e-03
   3.39885581e-01  2.91414226e-01]]
[[ -2.90453627   5.63151493 -10.16200261   0.46481039   0.06890447
   -0.02888446]]
[[  0.41753789   7.46715648 -13.55207778   0.77677428  -0.18827294
   -0.26923847]]
[[  2.61939691   8.19279536 -16.0724402    0.92595185  -0.39092003
   -0.41549528]]
[[  4.02241982   8.37723612 -17.54955724   1.00017474  -0.53957413
   -0.50591423]]
[[  5.07487928   8.47235359 -18.72066155   1.03018422  -0.68192847
   -0.56685219]]
[[  6.09780583   8.36723901 -19.50112128   1.00870308  -0.87322595
   -0.60850415]]
[[  8.14091826   8.04823505 -19.75637952   0.91802221  -1.25419114
   -0.66226856]]
[[ 11.20200455   8.30686839 -19.46424947   0.89156288  -1.69158174
   -0.76001438]]
[[ 14.33734514   9.67677643 -19.21411124   0.99418228  -2.00787308
   -0.89843719]]
[[ 16.88527277  10.99485117 -19.01350478   1.08242047  -2.27068154
   -1.01641888]]
[[ 18.91142537  12.13691553 -18.75441759   1.15508396  -2.48792596
   -1.11145551]]
[[ 20.21648904  13.23199376 -18.40400051   1.23888204  -2.59882434
   -1.18255189]]
[[ 20.93287061  14.01414617 -18.41571698   1.3029276   -2.63728912
   -1.22627104]]
[[ 21.37458291  14.58290147 -18.22170789   1.3558666   -2.65474043
   -1.25576616]]
[[ 21.89276824  15.28951354 -17.82588014   1.41065048  -2.68943056
   -1.29263596]]
[[ 22.36334731  16.15451286 -17.39834721   1.46974917  -2.72166913
   -1.33037252]]
[[ 22.67284361  17.05017601 -17.03775936   1.53221331  -2.72686306
   -1.3612676 ]]
[[ 22.57046206  17.38720956 -17.52384143   1.55079234  -2.68422851
   -1.36224147]]
[[ 20.16973122  14.62809953 -17.74634929   1.37888045  -2.42045787
   -1.22840745]]
[[ 15.2319172    9.56846385 -13.5988151    0.96462568  -1.85793759
   -0.90482888]]
[[10.7493045   5.98933517 -9.2145834   0.67570745 -1.28332137 -0.63618996]]
[[ 7.54397057  3.48332729 -6.02407648  0.4742444  -0.87203778 -0.44416048]]
[[ 5.31143905  1.88293822 -3.95177999  0.33860593 -0.5961404  -0.31309387]]
[[ 3.80501225  0.80656472 -2.54213639  0.24628415 -0.41103034 -0.22395386]]
[[ 2.73514877  0.04416258 -1.54579745  0.18168552 -0.27955506 -0.16128996]]
[[ 2.02036183 -0.47311892 -0.86206264  0.13816146 -0.19153092 -0.11951763]]
[[ 1.52967158 -0.82619618 -0.39859576  0.10860897 -0.13139728 -0.09033349]]
[[ 1.19878207 -1.06353701 -0.07650087  0.08878696 -0.09072849 -0.07111537]]
[[ 0.96669377 -1.23310961  0.14947181  0.07490321 -0.06216327 -0.05751092]]
[[ 0.80980395 -1.34416434  0.30867299  0.06568229 -0.04312297 -0.04822567]]
[[ 0.70232789 -1.42480581  0.42359563  0.05909614 -0.03012092 -0.04204564]]
[[ 0.62437818 -1.4787748   0.50870105  0.05494546 -0.02081943 -0.03778627]]
[[ 0.57912247 -1.51534609  0.56757987  0.0519071  -0.0152584  -0.03471643]]
[[ 0.53960305 -1.54476686  0.62518984  0.04965229 -0.01062395 -0.03275931]]
[[ 0.51263079 -1.56663929  0.66113938  0.04824301 -0.00756406 -0.03136673]]
[[ 0.4954984  -1.57812162  0.69143838  0.04743097 -0.00591532 -0.03036863]]
[[ 0.48567898 -1.58449537  0.70980239  0.04695696 -0.00494999 -0.02960826]]
[[ 0.47253415 -1.59973246  0.743579    0.04602106 -0.00352103 -0.02922613]]
[[ 0.46523411 -1.60419139  0.76130679  0.04574578 -0.00274408 -0.02881974]]
[[ 0.46560415 -1.60412892  0.77804069  0.04547294 -0.00309341 -0.02854043]]
[[ 0.46041674 -1.60835331  0.79407574  0.04527465 -0.00259128 -0.02832529]]
[[ 0.45148879 -1.61432438  0.81778851  0.04480684 -0.00189905 -0.0281696 ]]
[[ 0.45056647 -1.61247628  0.82122462  0.04515868 -0.00214396 -0.02801528]]
[[ 0.45330467 -1.61366248  0.83469074  0.04496063 -0.00280147 -0.02787071]]
[[ 0.44392374 -1.61902497  0.85458718  0.04460497 -0.00182713 -0.02784751]]
[[ 0.44457203 -1.61733819  0.86365313  0.04463374 -0.00196864 -0.02777091]]
[[ 0.44894194 -1.61435299  0.86741063  0.04475442 -0.00315447 -0.02766268]]
[[ 0.44088736 -1.62098798  0.890601    0.04439724 -0.00231842 -0.02765049]]
[[ 0.43941288 -1.62398413  0.9047698   0.04401684 -0.00225865 -0.02758758]]
[[ 0.43827735 -1.6207371   0.90805843  0.04431096 -0.00246614 -0.02758418]]
[[ 0.43868302 -1.62093375  0.91077201  0.04432638 -0.00306394 -0.02749338]]
[[ 0.43247062 -1.62236508  0.9287501   0.04406004 -0.00274629 -0.02759057]]
[[ 0.42937275 -1.62259267  0.93606014  0.04407244 -0.00245996 -0.02754071]]
[[ 0.43037015 -1.62264559  0.94839761  0.04401043 -0.00293558 -0.02748365]]
[[ 0.43068642 -1.62136022  0.95337768  0.04406404 -0.00309456 -0.02743532]]
[[ 0.42859863 -1.62559365  0.96786905  0.04385154 -0.00287969 -0.02752996]]
[[ 0.42455092 -1.62780992  0.96843503  0.04399376 -0.00264638 -0.02753578]]
[[ 0.42750209 -1.62691212  0.97479952  0.0439137  -0.00337467 -0.02747131]]
[[ 0.4277212  -1.62649839  0.97788044  0.0439473  -0.00356737 -0.02740129]]
[[ 0.42189432 -1.63155563  0.991104    0.04369458 -0.00294945 -0.0274928 ]]
[[ 0.42576164 -1.63022935  0.99184115  0.04377882 -0.00327051 -0.02735546]]
[[ 0.42747198 -1.62882329  0.99612717  0.04391576 -0.00373066 -0.02730076]]
[[ 0.42743724 -1.63024332  1.00090504  0.04394285 -0.00375278 -0.02732381]]
[[ 0.4237526  -1.63127082  1.01389948  0.04369412 -0.00333394 -0.02737947]]
[[ 0.42457759 -1.632585    1.01430514  0.04367452 -0.00356958 -0.02734719]]
[[ 0.42402944 -1.62868509  1.02056203  0.04369109 -0.00377378 -0.02733028]]
[[ 0.42333489 -1.62907906  1.02110445  0.0438516  -0.00386447 -0.02729385]]
[[ 0.42149862 -1.63100118  1.02792253  0.0437267  -0.00378794 -0.02729516]]
[[ 0.42193964 -1.63347892  1.03495922  0.04354147 -0.00382549 -0.02731098]]
[[ 0.42003723 -1.63191307  1.04034018  0.04362444 -0.00377765 -0.0273084 ]]
[[ 0.42177432 -1.62752266  1.0375481   0.04382066 -0.00396061 -0.02722865]]
[[ 0.42561675 -1.62857609  1.04449774  0.04360791 -0.00423062 -0.02719596]]
[[ 0.41978313 -1.63108287  1.05256179  0.04347109 -0.00361261 -0.02726345]]
[[ 0.42313642 -1.62913122  1.05105409  0.04368892 -0.00373069 -0.02718654]]
[[ 0.43083433 -1.62618069  1.04982547  0.0438352  -0.00444856 -0.02712933]]
[[ 0.42940588 -1.6292545   1.05898121  0.04355831 -0.00419156 -0.02716551]]
[[ 0.4237848  -1.63241676  1.06567657  0.04349715 -0.0036529  -0.02720452]]
[[ 0.42763663 -1.62700189  1.06552782  0.04371556 -0.00419244 -0.02713582]]
[[ 0.4290404  -1.6263758   1.07001581  0.04365485 -0.00430163 -0.02717827]]
[[ 0.42883639 -1.62806378  1.07869734  0.04344906 -0.00399762 -0.02715304]]
[[ 0.42753186 -1.62689892  1.08034772  0.04353032 -0.00370251 -0.02715955]]
