[[0. 0. 0. 0. 0. 0.]]
[[-2.29825179e-02  3.26632324e-03  1.23723178e-01  1.07512602e-04
   1.24398185e-03  1.45184552e-03]]
[[-0.0538947   0.01540901  0.165189   -0.01533302  0.0229939   0.0038872 ]]
[[-0.05962153  0.00619964  0.20574926 -0.0186478   0.01918497  0.00457811]]
[[-0.0613852  -0.00073289  0.23476774 -0.0151238   0.00961013  0.00474826]]
[[-0.06315883 -0.00142375  0.26721778 -0.01202686  0.00399688  0.00608001]]
[[-0.06960417  0.00580176  0.27984152 -0.01403588  0.00693131  0.00739932]]
[[-0.08047668  0.02919244  0.25689148 -0.02156644  0.03072489  0.01091598]]
[[-0.09551908  0.05783526  0.21261586 -0.03101135  0.05893344  0.01402785]]
[[-0.1038276   0.06894209  0.20072801 -0.03317804  0.06965608  0.0163833 ]]
[[-0.10739013  0.07560531  0.22594175 -0.03138982  0.07061902  0.01731157]]
[[-0.12499394  0.08839256  0.32246735 -0.03917449  0.08947197  0.02021207]]
[[-0.11471633  0.08116645  0.31267954 -0.03217876  0.07815565  0.02027017]]
[[-0.0953236   0.07443945  0.27549172 -0.02300544  0.06224725  0.01803571]]
[[-0.10920783  0.10225505  0.25629062 -0.03165353  0.08900898  0.02234526]]
[[-0.10520573  0.10543311  0.23542313 -0.02655921  0.08019331  0.01878203]]
[[-0.07354507  0.07203999  0.17483727 -0.019356    0.05217939  0.01148071]]
[[-0.04709113  0.05471142  0.1264417  -0.00349372  0.02486634  0.00610551]]
[[-0.0146296   0.01842433  0.10789563  0.00629818 -0.00726958  0.00061337]]
[[-0.01852621 -0.01782225 -0.0430075  -0.04930946  0.0779663  -0.00184092]]
[[-0.00342133 -0.16725068 -0.39540138 -0.11079525  0.10287033  0.00267322]]
[[ 8.07058847e-05 -2.45227271e-01 -4.84831961e-01 -1.21368698e-01
   8.38693156e-02 -3.17991453e-03]]
[[ 0.02037941 -0.28329395 -1.26521513 -0.09319742  0.07337898  0.00328412]]
[[-0.07533666 -0.00784437 -3.1449265   0.0995706  -0.05231569  0.0099814 ]]
[[-0.16122397  0.15285183 -5.61783633  0.3080204  -0.22342665  0.01981409]]
[[-0.32205886  0.24197704 -8.90271913  0.51127384 -0.39913819  0.06883979]]
[[ -0.54879351   0.30673776 -12.80799139   0.66077905  -0.53725161
    0.11908644]]
[[ -0.53801591   0.25095464 -15.52291497   0.83039231  -0.69497485
    0.13673141]]
[[ -0.42525633   0.16124098 -16.99633185   0.9823203   -0.83813474
    0.14445559]]
[[ -0.30328122   0.05351828 -17.73238496   1.10097803  -0.95875516
    0.159104  ]]
[[-2.16098871e-01 -1.01391419e-02 -1.79360174e+01  1.18954271e+00
  -1.04337836e+00  1.70346046e-01]]
[[-1.53222880e-01  1.34107050e-02 -1.78052268e+01  1.26546086e+00
  -1.08147043e+00  1.87065575e-01]]
[[ -0.12154576   0.05957398 -17.47159583   1.31246315  -1.09347071
    0.20497978]]
[[ -0.10134344   0.11266675 -16.96510278   1.33420514  -1.09763743
    0.20640371]]
[[ -0.12108785   0.14449253 -16.56560779   1.31707723  -1.06866939
    0.21713255]]
[[ -0.15501339   0.19639286 -16.30784877   1.31167542  -1.04205201
    0.23403386]]
[[ -0.16793856   0.2246717  -16.01555498   1.31503979  -1.03481115
    0.24222154]]
[[ -0.18306292   0.27891796 -15.70080147   1.32588784  -1.02704891
    0.2503927 ]]
[[ -0.17306094   0.28008133 -15.34062357   1.32004639  -1.02061645
    0.24671132]]
[[ -0.13618357   0.25330179 -14.96359171   1.31818847  -1.02956982
    0.24056192]]
[[ -0.07890843   0.21750306 -14.53242329   1.33445185  -1.05387155
    0.23457502]]
[[ -0.05391988   0.20914093 -14.12808105   1.30508863  -1.02770874
    0.23061806]]
[[ -0.01554193   0.19752866 -13.80585027   1.25758396  -0.98306423
    0.222335  ]]
[[  0.02990769   0.20618707 -13.43739579   1.23452014  -0.95877337
    0.21099238]]
[[  0.05503654   0.24380771 -13.15824989   1.22126307  -0.92914269
    0.20608412]]
[[  0.05962504   0.24710353 -12.96841989   1.1873485   -0.89729075
    0.20368129]]
[[  0.05333658   0.27496106 -12.80184143   1.16301387  -0.86030003
    0.20944671]]
[[  0.05446558   0.29426707 -12.71231781   1.15045741  -0.83079651
    0.22079646]]
[[  0.04523835   0.27854204 -12.75853538   1.12031085  -0.80106904
    0.2312278 ]]
[[  0.02339521   0.24259785 -12.95636804   1.06132121  -0.75715846
    0.23846004]]
[[-4.94129117e-04  2.11570926e-01 -1.31832088e+01  9.96343050e-01
  -6.96594206e-01  2.43104809e-01]]
[[ -0.04511278   0.18141828 -13.39746696   0.92819181  -0.64046302
    0.24820674]]
[[ -0.09648587   0.16091703 -13.56721422   0.85290857  -0.57499109
    0.25132526]]
[[ -0.15033519   0.14393995 -13.68276576   0.77765483  -0.51239504
    0.25341733]]
[[ -0.17292186   0.16494816 -13.81823429   0.73974158  -0.46085455
    0.25346047]]
[[ -0.1726079    0.20508185 -13.88497347   0.72721728  -0.43055996
    0.24547419]]
[[ -0.15403708   0.20845282 -13.87836536   0.71371794  -0.41672165
    0.23042971]]
[[ -0.13798669   0.23532543 -13.80735123   0.69096289  -0.38398626
    0.21730015]]
[[ -0.10885072   0.24058733 -13.76102122   0.66449196  -0.34526077
    0.20487348]]
[[ -0.07229159   0.22038237 -13.71661112   0.62624198  -0.30036722
    0.19860896]]
[[ -0.03189639   0.17202555 -13.67940226   0.59679861  -0.27599122
    0.19598833]]
[[ 1.22524121e-02  1.41936385e-01 -1.37224629e+01  5.90691870e-01
  -2.63759874e-01  1.95075651e-01]]
[[  0.04686075   0.16648984 -14.08478566   0.56252547  -0.18858442
    0.2018239 ]]
[[  0.09976746   0.16562188 -14.27285499   0.56620591  -0.16211116
    0.20245748]]
[[  0.15439644   0.14302042 -14.40884521   0.5710548   -0.15389308
    0.20317108]]
[[  0.16194222   0.16600776 -14.5738854    0.55651399  -0.11134779
    0.20870917]]
[[  0.18275521   0.21316192 -14.70285772   0.54837877  -0.06269583
    0.21271137]]
[[  0.22618984   0.18873706 -14.64602676   0.54579769  -0.05634069
    0.21482558]]
[[  0.25976732   0.1283176  -14.58770548   0.55032299  -0.07902804
    0.21704862]]
[[  0.26667374   0.12154025 -14.61865101   0.54348024  -0.0705192
    0.22148387]]
[[ 2.79369999e-01  1.68383968e-01 -1.49894737e+01  5.27203896e-01
  -1.25690988e-02  2.25677151e-01]]
[[ 3.00191997e-01  2.06629147e-01 -1.50751868e+01  5.39651205e-01
  -2.50063855e-04  2.27472707e-01]]
[[  0.32255475   0.22909536 -15.21570244   0.53520726   0.02127789
    0.23362183]]
[[  0.35066594   0.23435362 -15.28492761   0.54911005   0.01683106
    0.23845644]]
[[  0.42381613   0.23503223 -15.1744294    0.61058052  -0.03612876
    0.24462615]]
[[  0.52608171   0.21344283 -15.01377098   0.6924425   -0.10985001
    0.25573061]]
[[  0.60738319   0.14728402 -15.02683373   0.70168771  -0.14015491
    0.26051723]]
[[  0.67816395   0.03912991 -15.10191273   0.65077174  -0.13046882
    0.24546092]]
[[  0.79183385  -0.09367943 -15.11333035   0.62138007  -0.13959827
    0.22605005]]
[[  0.94995919  -0.25729859 -15.06563784   0.60908231  -0.1696633
    0.21029263]]
[[  1.02462704  -0.34866179 -14.92885019   0.61563553  -0.19800543
    0.19793678]]
[[  0.96406699  -0.36217148 -14.8289567    0.61235463  -0.21339738
    0.18397408]]
[[  0.80143206  -0.28399592 -14.85888207   0.59368359  -0.18972789
    0.17181314]]
[[  0.63339047  -0.16013031 -14.79642859   0.57171679  -0.14788858
    0.16508429]]
[[  0.49503937  -0.04024429 -14.66101442   0.52496909  -0.07344591
    0.16349007]]
[[ 3.95747850e-01  5.89517954e-02 -1.45156699e+01  4.82362593e-01
  -4.40079185e-03  1.63831841e-01]]
[[  0.33339901   0.15114362 -14.35004303   0.47156554   0.03534102
    0.16662933]]
[[  0.28113508   0.24397555 -14.19448266   0.47826709   0.06231893
    0.17241288]]
[[  0.2627537    0.30469208 -14.02867339   0.50240822   0.06666341
    0.18339846]]
[[  0.21385505   0.40730958 -13.76431641   0.55127751   0.04822088
    0.21846924]]
[[  0.11499794   0.55147557 -13.57670475   0.58843957   0.040552
    0.26447507]]
[[  0.04475714   0.67841843 -13.75677975   0.59150045   0.07752574
    0.28956179]]
[[  0.07720168   0.67902203 -14.34390419   0.56447985   0.12986334
    0.27016166]]
[[  0.13812043   0.61894463 -15.38918933   0.50431965   0.20426006
    0.25837508]]
[[  0.19287993   0.50993051 -16.66525731   0.4253284    0.28114168
    0.25779619]]
[[  0.26069739   0.38994382 -17.3747796    0.3812837    0.3026032
    0.25429977]]
[[  0.28913111   0.30738165 -17.56115897   0.3620646    0.29660686
    0.24546069]]
[[  0.27244193   0.26247904 -17.34778747   0.30394538   0.32717695
    0.23209404]]
[[  0.30790055   0.15218299 -16.73130003   0.31158396   0.26736869
    0.21621036]]
[[  0.32320984   0.09601311 -15.89786315   0.34540682   0.20061865
    0.18785808]]
[[  0.2762688    0.08927653 -15.0905248    0.35578118   0.15895488
    0.16753542]]
[[  0.23187119   0.05725334 -13.87083833   0.40020784   0.04860707
    0.13845403]]
[[  0.25333016   0.02340068 -12.3935441    0.49699192  -0.11382677
    0.1189485 ]]
[[  0.29079624  -0.056111   -10.77485461   0.59976709  -0.31325312
    0.09455784]]
[[ 0.26752115  0.11730119 -7.64145995  0.61066408 -0.35698932  0.02458363]]
[[ 0.30402637 -0.13041852 -5.07831392  0.41498081 -0.25662622  0.01020083]]
[[ 2.90360278e-01 -2.16638667e-01 -3.39725869e+00  3.05216380e-01
  -1.93228194e-01  1.04641274e-03]]
[[ 0.26941123 -0.22620949 -2.18866273  0.24474984 -0.15869742 -0.00522495]]
[[ 0.25665747 -0.31452622 -1.38621144  0.18990764 -0.13991648 -0.01215402]]
[[ 0.2487721  -0.401931   -0.88603862  0.15129007 -0.14156214 -0.00994905]]
[[ 0.11395205 -0.34672906 -0.58537095  0.06560288 -0.03756815  0.01720142]]
[[ 0.08629261 -0.30663086 -0.3380694   0.03748208  0.01355215  0.01873989]]
[[ 0.23122324 -0.42910643 -0.20580853  0.1325558  -0.14495509 -0.00659474]]
[[ 0.35398134 -0.43724087  0.15832263  0.31233854 -0.34445969 -0.03128079]]
[[ 0.62332491 -0.52806574  0.75076674  0.58996172 -0.64805395 -0.0794123 ]]
[[ 0.86071992 -0.42612973  1.11939784  0.84887118 -0.84861702 -0.08024024]]
[[ 1.23165236 -0.75946783  0.71820253  1.06310231 -1.14403666 -0.09134089]]
[[ 1.62296459 -1.26798634  0.37934737  1.1510222  -1.35987608 -0.13068819]]
[[ 1.6054578  -1.0450939   1.70285298  0.98209916 -1.13794194 -0.14622797]]
[[ 1.15574529 -0.98754907  1.31427116  0.60941104 -0.72394996 -0.1123467 ]]
[[ 0.89588551 -0.87233456  0.98778816  0.38687658 -0.50020618 -0.10262706]]
[[ 0.69418908 -0.78905249  0.63100989  0.21950126 -0.30077023 -0.08954724]]
[[ 0.56461531 -0.7080503   0.47187959  0.17776042 -0.24054908 -0.07588482]]
[[ 0.42528135 -0.73523232 -0.08583574  0.09851378 -0.16425606 -0.03931504]]
[[ 0.32353431 -0.38011076 -0.27874407  0.09091007 -0.00057574 -0.01176095]]
[[ 0.16375563  0.06738958 -0.22631118  0.07927354  0.19635419  0.05134691]]
[[ 0.19983592 -0.070303   -0.07523942  0.06637203  0.15341739  0.04335578]]
[[ 0.23077362 -0.12612138 -0.03851028  0.09110054  0.066232    0.0236811 ]]
[[ 0.21373194 -0.16667168  0.06175371  0.06533866  0.06289648  0.0158909 ]]
[[ 0.24174599 -0.51044904 -0.51267993 -0.06564949  0.1101655   0.05955585]]
[[ 0.28095027 -0.37322158 -0.30132805  0.04410308  0.00135057  0.02909543]]
[[ 0.24594102 -0.49927223 -1.29731793  0.16508696 -0.20945643 -0.01288754]]
[[ 0.21375041 -0.67654821 -2.72259288  0.20303392 -0.34020697 -0.01819989]]
[[ 0.19763838 -0.85289045 -4.16331165  0.22096871 -0.45738755 -0.00797583]]
[[ 0.01111096 -0.85444484 -6.55600509  0.22849023 -0.48770746  0.03032913]]
[[ -0.07866439  -0.87951868 -10.3354343    0.1434854   -0.38102741
    0.08028557]]
[[ -0.09842398  -0.91263825 -14.08176577   0.02389092  -0.2305391
    0.12188423]]
[[-1.43530418e-02 -8.81954410e-01 -1.65997088e+01  1.05871920e-02
  -1.15679510e-01  1.30831466e-01]]
[[  0.10255809  -0.73110677 -16.4982954    0.21682534  -0.23104652
    0.09948945]]
[[  0.3176162   -0.90448986 -20.02996846   0.21868546  -0.20927647
    0.10826271]]
[[  0.5284229   -1.05584543 -21.82877297   0.22127808  -0.18031232
    0.12431365]]
[[  0.4848735   -1.04985844 -18.06900679   0.40076068  -0.4351574
    0.08411398]]
[[  0.33653     -0.93166776 -14.41357858   0.51852642  -0.60715679
    0.050422  ]]
[[  0.27644485  -1.04482519 -13.31754033   0.49679396  -0.69949022
    0.03918844]]
[[  0.33794885  -1.2583401  -15.43719008   0.38475033  -0.676808
    0.07883674]]
[[  0.72271371  -1.58511811 -18.03562544   0.29287813  -0.58953507
    0.0891295 ]]
[[  0.78701532  -1.63449341 -16.0456231    0.42824256  -0.76394144
    0.07703725]]
[[  0.63308807  -1.4233865  -13.91689912   0.62490526  -0.91638612
    0.06289951]]
[[  0.36304248  -0.8865139  -11.88055807   0.7159828   -0.8446293
    0.0850084 ]]
[[ 0.13871384 -0.62329437 -9.3008479   0.60110075 -0.70139957  0.05766747]]
[[-0.10469654  0.3015091  -7.02037065  0.63408428 -0.47275207 -0.03521171]]
[[-0.14305471  0.81134068 -7.52164998  0.84143719 -0.5455805  -0.17146554]]
[[ 0.09557728  0.43204752 -8.78299928  0.89572587 -0.65956565 -0.21438936]]
[[ 0.2390508   0.22474583 -9.48958823  1.04801568 -0.83095988 -0.26028974]]
[[ 0.40732063  0.28932823 -9.65680271  1.25554134 -0.98457971 -0.29637471]]
[[ 0.46388459  0.31224387 -9.76177145  1.36917729 -1.0732435  -0.31877633]]
[[  0.4018278    0.25480072 -10.40413516   1.27117568  -0.98031715
   -0.31930571]]
[[  0.27583443   0.49492452 -10.54884865   1.18409684  -0.82410613
   -0.30590049]]
[[  0.10824773   0.55619956 -10.95576878   1.08032229  -0.69167703
   -0.26172157]]
[[  0.01832192   0.70533171 -11.19655322   1.02424948  -0.59741152
   -0.21897286]]
[[ -0.0160041    0.98022251 -10.96628706   1.14185978  -0.63742411
   -0.18958588]]
[[ -0.0661591    0.840522   -11.37852005   1.06335341  -0.57990722
   -0.19548489]]
[[ -0.09456753   1.01809286 -11.38068072   1.1040649   -0.58406933
   -0.18305426]]
[[ -0.04928923   0.85419718 -11.41560001   1.0894823   -0.60749378
   -0.21632023]]
[[-4.26793349e-03  8.05486061e-01 -1.13636284e+01  1.14437378e+00
  -6.80926973e-01 -2.19884307e-01]]
[[  0.10587081   0.91489129 -11.3504069    1.27600801  -0.78050345
   -0.22296613]]
[[  0.12259542   0.51992943 -11.52405091   1.13754877  -0.76120943
   -0.25344664]]
[[  0.13650485   0.58655698 -11.37308098   1.20549069  -0.82371117
   -0.23408004]]
[[  0.17656396   0.43138795 -11.4508859    1.12488463  -0.79967473
   -0.26775024]]
[[  0.26518742   0.27564183 -11.29774877   1.16774806  -0.88068137
   -0.25309127]]
[[  0.29282618   0.19881011 -11.3011368    1.16777853  -0.90357293
   -0.25042997]]
[[  0.35496221  -0.20410809 -11.72393974   1.02303283  -0.86030227
   -0.28220859]]
[[ 3.71435887e-01  4.13379853e-03 -1.15681665e+01  1.08753437e+00
  -8.80400670e-01 -2.90609227e-01]]
[[  0.46220916  -0.33104495 -11.57284925   0.99546981  -0.86223491
   -0.33602729]]
[[  0.44219535  -0.28330371 -11.39260925   1.05796832  -0.91659815
   -0.32981868]]
[[  0.33133471   0.02551606 -11.14264989   1.08022546  -0.87049613
   -0.30298655]]
[[  0.25086374   0.14925254 -10.98587843   1.10049202  -0.84165581
   -0.29773386]]
[[  0.20552611   0.27915882 -10.86605864   1.1246055   -0.84173539
   -0.25114407]]
[[  0.2200331    0.22329659 -11.09352611   1.08439826  -0.80325691
   -0.25997125]]
[[  0.15704543   0.24346228 -11.12461543   1.07515406  -0.79266805
   -0.22085242]]
[[  0.07889649   0.04571045 -11.68476945   1.06504551  -0.86551776
   -0.19596243]]
[[ -0.08353506   0.21226927 -11.55661779   1.05337092  -0.87008566
   -0.20860101]]
[[ -0.1869541    0.04067203 -10.51275614   1.07850247  -1.04619527
   -0.24617361]]
[[ -0.193621    -0.44312894 -10.06881999   0.97725386  -1.16725968
   -0.22312816]]
[[-0.10624086 -0.85214671 -9.72508651  0.91687132 -1.26863476 -0.19423182]]
[[-0.03445839 -0.55986462 -8.63824525  1.10174038 -1.34025252 -0.26203255]]
[[-0.01021378 -0.19290631 -7.5905851   1.27606345 -1.37534531 -0.33432051]]
[[ 0.02234763  0.07824846 -6.9681699   1.37393031 -1.39899337 -0.3615936 ]]
[[ 0.01023677  0.10158854 -6.63362801  1.4037035  -1.4273359  -0.38988768]]
[[ 0.07225713  0.19275918 -6.24458746  1.47608335 -1.45690684 -0.41293549]]
[[ 0.07622263  0.10357736 -6.19246548  1.46607957 -1.48648292 -0.41178174]]
[[ 0.09351378  0.1447992  -6.03330181  1.48021371 -1.48697597 -0.41574174]]
[[ 0.05309003 -0.02821658 -6.19596402  1.42079571 -1.49475437 -0.40561419]]
[[ 0.07214501  0.05225609 -6.09818439  1.43660611 -1.48495106 -0.40425156]]
[[ 0.03599725 -0.0141358  -6.20620095  1.40049018 -1.48008173 -0.40022491]]
[[ 0.0136305  -0.04857661 -6.28657772  1.37055849 -1.47403191 -0.38810935]]
[[-0.02738459 -0.20941723 -6.52409186  1.30082379 -1.46523233 -0.36908532]]
[[-0.02981513 -0.18490032 -6.52445488  1.28941317 -1.44768313 -0.36343085]]
[[-0.07907175 -0.28937068 -6.72694213  1.23894734 -1.44608147 -0.35068778]]
[[-0.06444248 -0.22325476 -6.61783004  1.24512882 -1.42507634 -0.35025985]]
[[-0.08981029 -0.32487641 -6.75419642  1.20871398 -1.42953948 -0.33990198]]
[[-0.06952654 -0.27848541 -6.61523932  1.21460021 -1.41215246 -0.34109921]]
[[-0.08664332 -0.31972767 -6.67923623  1.19508421 -1.41088622 -0.33874194]]
[[-0.08035963 -0.22949696 -6.5668169   1.20917731 -1.38818442 -0.3428102 ]]
[[-0.09368948 -0.19305622 -6.58132859  1.21055432 -1.37990005 -0.34598538]]
[[-0.10774081 -0.12675094 -6.55683702  1.21137374 -1.36183561 -0.34789157]]
[[-0.11690611 -0.1348173  -6.6442135   1.21627974 -1.37592545 -0.34877924]]
[[-0.08450536 -0.14532496 -6.59270494  1.23875178 -1.39180479 -0.35705415]]
[[-0.07349383 -0.21266637 -6.66661484  1.2420784  -1.41944379 -0.35662005]]
[[-0.11968231 -0.21580689 -6.84502799  1.23437563 -1.41623165 -0.35339087]]
[[-0.192759   -0.02582379 -7.27842321  1.31495625 -1.43169814 -0.37397062]]
[[-0.11215574  0.27635107 -7.15839795  1.49544298 -1.48475479 -0.42022035]]
[[-0.19717024  0.22592632 -6.72615524  1.2934558  -1.28342518 -0.37793886]]
[[ 0.07581563  0.64919443 -4.74167907  1.27628941 -1.09222322 -0.36373001]]
[[ 0.14631628  0.25414618 -3.24583741  0.85604095 -0.66930736 -0.258842  ]]
[[ 0.18147142  0.48381045 -1.86979456  0.880688   -0.61611054 -0.18205161]]
[[-0.0577273   0.89081798  2.86256159  0.63521327 -0.4498705  -0.07045695]]
[[-0.34598511  1.35407314  9.51522243  0.51115799 -0.51470441  0.07400161]]
[[-0.61455324  1.08454482  8.69261523  0.2030521  -0.07795533  0.13500816]]
[[-0.46101618  0.86984123  6.42258261  0.17230423 -0.05656192  0.1177599 ]]
[[-0.2657104   0.7813276   4.57678331  0.22235025 -0.07251467  0.11040093]]
[[-0.19008662  0.42918957  3.27263801  0.12008449  0.03350415  0.10129784]]
[[-0.11941534  0.38256862  2.39743179  0.10753178  0.06116454  0.09600126]]
[[0.01726083 0.25088048 1.71793913 0.12569801 0.03832778 0.06619535]]
[[ 0.12231376 -0.03645771  1.1424627   0.08285778  0.05729291  0.03618297]]
[[ 0.19019451 -0.15708348  0.74432143  0.06560931  0.06551446  0.01771664]]
[[ 0.24067154 -0.22522127  0.46175389  0.04238945  0.085459    0.00375137]]
[[ 0.29978724 -0.29396808  0.30384708  0.06296353  0.05905201 -0.00593056]]
[[ 0.32161923 -0.35047404  0.19297308  0.06645452  0.04753808 -0.01220641]]
