[[0. 0. 0. 0. 0. 0.]]
[[ 0.00209765  0.00628274  0.01222232 -0.00610857  0.00621928 -0.00209557]]
[[ 0.00277833  0.00500908  0.0130129  -0.00561501  0.0069478  -0.00136572]]
[[ 0.00234823  0.00490457  0.01183617 -0.00533399  0.00631703 -0.0014339 ]]
[[ 0.00098809  0.00524363  0.01297138 -0.00575855  0.00599921 -0.00196392]]
[[ 0.00141742  0.00448829  0.01350875 -0.00557054  0.00659059 -0.00146864]]
[[-0.00074948  0.004788    0.01631373 -0.00646097  0.00668626 -0.00212109]]
[[-0.00078896  0.00497151  0.01442782 -0.00603867  0.00568356 -0.00212723]]
[[-0.00013304  0.00734587  0.01915756 -0.00866761  0.00804639 -0.00296459]]
[[-0.0002405   0.00550823  0.02004665 -0.00778622  0.00833277 -0.00219851]]
[[ 0.00054994  0.00545806  0.02178894 -0.00770069  0.00915775 -0.00201297]]
[[ 0.00108765  0.00539053  0.02242034 -0.00802809  0.00995948 -0.00179364]]
[[ 0.00248592  0.00741605  0.02735053 -0.01062279  0.01270293 -0.00231992]]
[[ 0.00317727  0.0069333   0.03134131 -0.01130507  0.01485213 -0.00198389]]
[[ 0.00439928  0.00639679  0.03228494 -0.01102098  0.01577591 -0.00146943]]
[[ 0.0019421   0.00566598  0.03068123 -0.01019555  0.01381326 -0.00084928]]
[[-0.00071946  0.0100795   0.03307398 -0.01291498  0.01282258 -0.00496579]]
[[-0.00052134  0.00964459  0.0287555  -0.01115995  0.01157663 -0.00206941]]
[[ 0.00109093  0.0089911   0.03159287 -0.01079963  0.01272857 -0.00170482]]
[[ 0.00103151  0.0105332   0.03180735 -0.01270989  0.01305921 -0.00439306]]
[[ 0.00140531  0.01246858  0.02936271 -0.01245431  0.0128246  -0.00485725]]
[[ 0.00045911  0.01363489  0.03226007 -0.01408724  0.01304395 -0.00698876]]
[[ 0.00146201  0.01358797  0.03505312 -0.01406603  0.01487422 -0.00540543]]
[[ 0.00021856  0.01413926  0.03680279 -0.01407014  0.01400525 -0.00466399]]
[[ 0.00175503  0.01403117  0.03545485 -0.01409683  0.01454819 -0.00533992]]
[[ 0.00267239  0.01385856  0.03995875 -0.01491389  0.01685297 -0.00500683]]
[[ 0.00446516  0.01391676  0.04117255 -0.01532322  0.0184021  -0.00465258]]
[[ 0.00407997  0.01519783  0.04506555 -0.01678821  0.01975587 -0.00525881]]
[[ 0.00260467  0.01651291  0.04769439 -0.01801299  0.01995426 -0.00615083]]
[[-1.52615873e-03 -5.26232687e-03 -2.84444375e+00 -5.61856874e-02
   7.29298080e-02  3.08445229e-03]]
[[ 0.02146736  0.03674318 -2.86836944 -0.03049203  0.05584108 -0.01174603]]
[[ 0.02323013  0.00302753 -2.86850652 -0.0410939   0.05731592  0.00381047]]
[[ 0.02797444  0.03036108 -2.88254496 -0.02248909  0.04662059 -0.00975784]]
[[ 4.42297343e-02  2.09029160e-02 -2.87493313e+00 -2.95111042e-02
   4.90580476e-02 -1.52512046e-03]]
[[ 0.05730225  0.02955345 -2.89327734 -0.0186992   0.03514663 -0.00330647]]
[[ 4.99231937e-02  1.79374122e-02 -2.90158342e+00 -2.25847448e-02
   3.13151964e-02 -6.34832393e-04]]
[[ 0.06304572  0.0105695  -2.89307251 -0.02548571  0.03133894  0.00571826]]
[[ 0.0756582   0.03390713 -2.91709843 -0.00790581  0.01533295 -0.00312294]]
[[ 7.21208848e-02  2.51932094e-02 -2.91929964e+00 -1.13990226e-02
   1.35876248e-02 -6.19411761e-04]]
[[ 0.07320285  0.01181309 -2.90611899 -0.01754822  0.01769078  0.00650043]]
[[ 8.91848954e-02  2.99119520e-02 -2.92341464e+00 -4.96798088e-03
   7.80344028e-03  1.00067838e-03]]
[[ 0.08613847  0.01664486 -0.00696242  0.0161533  -0.03351602  0.00670419]]
[[ 0.08025724  0.01057211 -0.00493635  0.01592098 -0.03179023  0.00791738]]
[[ 0.08973653  0.01031022  0.01353036  0.00547207 -0.02092368  0.00779013]]
[[ 0.09215778  0.00709836  0.03565336  0.00126742 -0.01127869  0.01216697]]
[[ 0.08652284  0.00550782  0.03955675 -0.00218253 -0.01037204  0.01158688]]
[[ 0.09408473  0.00675725  0.04401397 -0.00364928 -0.00843293  0.0109307 ]]
[[ 0.08945434  0.0031545   0.05247958 -0.00363561 -0.00543895  0.01286422]]
[[ 0.08654053  0.00431419  0.05768719 -0.00665774 -0.00429928  0.01008746]]
[[ 0.09193652  0.00178136  0.06064776 -0.00567142 -0.00201335  0.01246499]]
[[ 0.08477151  0.00192373  0.0595823  -0.00668476 -0.0040982   0.01142382]]
[[ 0.09001193  0.00127893  0.0653542  -0.00720685  0.00114203  0.01195353]]
