[[0. 0. 0. 0. 0. 0.]]
[[ 4.77823780e-03  1.61663666e-03 -7.67269928e-03 -1.81865519e-04
  -4.55231161e-05  5.02062707e-05]]
[[ 5.96573806e-03  4.01281929e-03 -1.40652820e-02 -7.61159804e-05
  -4.05962990e-05  7.23611670e-05]]
[[ 0.00417735  0.00391022 -0.01533226 -0.00010319 -0.00012856  0.00010158]]
[[ 2.98571369e-03  4.98702986e-03 -1.37463498e-02 -2.37178820e-04
  -6.54303199e-05  1.63042875e-04]]
[[ 3.58285823e-03  4.74394648e-03 -1.45371619e-02 -2.26206785e-04
   3.76687914e-05  1.89544933e-04]]
[[ 0.00469673  0.00408638 -0.01484929 -0.00014106 -0.00011005  0.0002149 ]]
[[ 5.39239502e-03  5.34448236e-03 -1.61941576e-02 -1.42222093e-04
  -9.20501261e-05  1.63906563e-04]]
[[ 4.16619586e-03  5.46404027e-03 -1.70068925e-02 -2.16073823e-04
  -8.42320603e-06  1.19616847e-04]]
[[ 3.24311038e-03  6.04931814e-03 -1.52906880e-02 -3.02136803e-04
   6.66487678e-05  1.32062763e-04]]
[[ 1.86467191e-03  6.60464661e-03 -2.09284129e-02 -1.37736801e-04
  -7.13434122e-05  1.16034487e-04]]
[[ 3.16161760e-03  7.86644493e-03 -2.10811890e-02 -1.90770919e-04
  -2.14286727e-05  1.43109028e-04]]
[[ 3.08076066e-03  4.90356342e-03 -1.96317593e-02 -2.00955493e-04
   6.52996782e-06  1.27959939e-04]]
[[ 8.91801629e-04  5.63300385e-03 -1.73700984e-02 -2.26155000e-04
  -1.03352268e-04  5.01471784e-05]]
[[-5.19308777e-04  5.02662057e-03 -1.81185043e-02 -1.50821523e-04
  -1.09212626e-04  9.66692766e-05]]
[[-2.17135556e-03  2.16757943e-03 -1.55669447e-02 -2.41410650e-04
   8.62784311e-06  7.41440741e-05]]
[[-4.56733220e-03  2.41542081e-03 -1.67540669e-02 -2.35897194e-04
   1.49341021e-04  4.36252051e-05]]
[[-6.11270454e-03  2.25178383e-03 -1.51807108e-02 -1.06227820e-04
   1.11876859e-04  3.81421944e-05]]
[[-5.79097798e-03  4.40982595e-03 -1.32848546e-02 -1.35521096e-04
   1.24394885e-04  1.55847804e-05]]
[[-5.42699404e-03  3.94007744e-03 -9.45599212e-03 -2.98557119e-04
   1.83949831e-04  9.04439477e-05]]
[[-6.58654678e-03  2.66597132e-03 -9.98823107e-03 -2.02497910e-04
   2.63269868e-04  4.25774517e-05]]
[[-6.74087549e-03  2.07459212e-03 -1.52167229e-02 -4.10788870e-05
   3.36475083e-04  8.60875874e-05]]
[[-0.00500625  0.00145715 -0.01332385 -0.00017877  0.0001503   0.00010179]]
[[-7.91148622e-03  3.08013587e-04 -1.58762735e-02 -1.81710306e-04
   3.50439190e-04  7.82386349e-05]]
[[-6.78333957e-03  8.86460443e-04 -2.18355331e-02 -1.02077116e-04
   4.79101539e-04  9.42189694e-05]]
[[-0.0058065  -0.00066979 -0.02428628 -0.00011421  0.00041011  0.00011478]]
[[-0.0082547  -0.00334937 -0.02446573 -0.00013128  0.00057324  0.00011885]]
[[-6.14053785e-03 -4.02827204e-03 -2.79034336e-02 -1.65764621e-04
   3.54415721e-04  6.35782585e-05]]
[[-6.70118986e-03 -1.62002988e-03 -3.05238054e-02 -6.79721274e-05
   4.61129511e-04  6.18532956e-05]]
[[-7.87906217e-03 -1.98573617e-03 -3.57276435e-02 -2.33776037e-05
   5.39135850e-04  1.20984181e-04]]
[[-8.91004483e-03 -3.42555803e-03 -2.99794975e-02 -1.90376829e-04
   7.15083999e-04  8.50613559e-05]]
[[-8.75873874e-03 -4.61535281e-03 -3.22272998e-02 -1.58855111e-04
   7.98557274e-04  6.38737255e-05]]
[[-1.01428803e-02 -5.22866668e-03 -3.46645719e-02 -8.95002767e-05
   7.41587657e-04  7.01465328e-05]]
[[-9.28436663e-03 -6.04840954e-03 -3.69558014e-02 -5.69023543e-05
   8.20151357e-04  2.49900858e-05]]
[[-7.48607458e-03 -6.86181140e-03 -3.48216390e-02 -2.20716644e-04
   7.46636514e-04  5.14702808e-05]]
[[-1.12037293e-02 -5.02787177e-03 -4.23210134e-02 -4.71969260e-05
   1.11754143e-03  3.10028335e-05]]
[[-1.07165134e-02 -4.30716724e-03 -4.35906564e-02 -1.66873449e-05
   9.05688085e-04  5.60463266e-05]]
[[-9.68147900e-03 -7.64534043e-03 -4.29044988e-02 -1.23200320e-04
   8.83545282e-04 -2.12055397e-05]]
[[-1.06979884e-02 -9.29389913e-03 -4.59431119e-02 -9.40916119e-06
   1.00935197e-03 -3.25500595e-05]]
[[-1.03495504e-02 -7.71880225e-03 -4.39864089e-02 -1.75180705e-04
   9.47684974e-04 -8.11869336e-05]]
[[-8.98162019e-03 -6.34405824e-03 -4.97876676e-02 -2.61139155e-05
   8.55162915e-04 -1.13466486e-04]]
[[-9.95861043e-03 -7.88125350e-03 -5.08318361e-02  2.37694542e-05
   1.17058446e-03 -1.06940515e-05]]
[[-1.02993060e-02 -3.58632316e-03 -5.93319947e-02  4.88908250e-04
   1.35365494e-03  4.12228291e-05]]
[[-8.32248019e-03 -4.45267452e-03 -6.05062280e-02  7.29394026e-04
   1.29346525e-03  7.97104240e-05]]
[[-4.74451270e-03 -5.02313123e-03 -6.05411344e-02  7.12744713e-04
   7.53386156e-04  4.71232526e-05]]
[[-5.20117836e-03 -1.01389050e-02 -5.40845398e-02  3.94517389e-04
   1.03169336e-03 -6.58198394e-06]]
[[-6.93446711e-03 -4.70563698e-03 -7.14918323e-02  1.13577414e-03
   1.16894466e-03  2.85792901e-05]]
[[-9.85744151e-03 -7.90594596e-03 -6.55703431e-02  6.96981035e-04
   2.16389381e-03 -5.63135014e-05]]
[[-7.05002880e-03 -5.82880100e-03 -6.53413764e-02  7.62228728e-04
   1.57144783e-03  1.37365097e-05]]
[[-1.04629789e-02 -6.22270339e-03 -6.78924805e-02  7.61703198e-04
   1.73655286e-03 -1.09686883e-05]]
[[-1.11089260e-02 -3.70545884e-03 -7.24361355e-02  1.00870264e-03
   1.89878883e-03  4.84103554e-05]]
[[-9.00658720e-03 -2.28119180e-03 -7.56592215e-02  1.25046342e-03
   2.10067366e-03  2.56451064e-05]]
[[-4.16962418e-03 -9.33204964e-03 -6.62789896e-02  9.77430994e-04
   1.39420046e-03 -2.83478758e-05]]
[[ 2.51177282e-04 -1.52333825e-02 -4.80388021e-02  3.62369898e-04
   8.34203219e-04 -5.09739315e-05]]
[[-5.19959285e-03 -8.47519388e-03 -6.95391615e-02  8.19837306e-04
   1.22673216e-03  6.40782001e-05]]
[[-0.0091979  -0.00364548 -0.08047279  0.00125076  0.00154445  0.00010217]]
[[-0.01122803 -0.00148713 -0.08562277  0.00127847  0.00161742  0.00013094]]
[[-0.01283673 -0.00112575 -0.08288865  0.00112764  0.00154054  0.00013078]]
[[-0.00846322  0.00021772 -0.07975211  0.00068452  0.00012519  0.00012199]]
[[-0.0158405   0.00214959 -0.09403523  0.00126476  0.0018817   0.00015603]]
[[-0.01959047  0.00642185 -0.10275782  0.00195815  0.00208071  0.00023117]]
[[-0.02020744  0.00310533 -0.0983997   0.00147655  0.00233998  0.00020588]]
[[-0.02146448  0.00243975 -0.09871707  0.00148041  0.0025711   0.00010945]]
[[-0.01972445  0.00828725 -0.10468718  0.0016482   0.00206289  0.00016865]]
[[-0.02204678  0.00775431 -0.10796324  0.00170288  0.00261676  0.00017969]]
[[-0.01738263  0.0072328  -0.10467962  0.00148931  0.00183994  0.00015777]]
[[-0.01908224  0.0081831  -0.11195638  0.0019323   0.00234756  0.00019161]]
[[-0.01808388  0.00704947 -0.11046884  0.00172557  0.00213082  0.00011425]]
[[-0.01891426  0.0063878  -0.1091523   0.00174549  0.00232247  0.00011997]]
[[-1.99407018e-02  8.50867027e-03 -5.01082219e+01  1.82776201e-03
   2.72057325e-03  1.60171844e-04]]
[[-1.53639131e-02  7.92073468e-03 -5.01027424e+01  1.78272045e-03
   1.94217315e-03  8.44570584e-05]]
[[-2.31704990e-02  1.20217908e-02 -5.00984221e+01  2.42028622e-03
   3.26034908e-03 -1.61126146e-05]]
[[-1.84223083e-02  1.72872948e-02 -5.01069586e+01  2.99657014e-03
   2.94388485e-03 -8.31536961e-05]]
[[-1.63326230e-02  1.89483743e-02 -5.00977142e+01  1.99901481e-03
   2.36602931e-03 -3.21293300e-04]]
[[-1.40639927e-02  2.44067263e-02 -5.01205621e+01  2.71701310e-03
   3.03377644e-03 -4.91636016e-04]]
[[-9.72369876e-03  2.48861719e-02 -5.01152798e+01  2.28406006e-03
   2.98563886e-03 -6.61174001e-04]]
[[-8.41918913e-03  4.34090242e-02 -5.01601864e+01  4.66727499e-03
   2.76013159e-03 -6.54899030e-04]]
[[-8.24589830e-03  4.19562248e-02 -5.01499604e+01  3.95266059e-03
   2.81562509e-03 -8.29745550e-04]]
[[-1.32965495e-03  3.90583012e-02 -5.01271744e+01  2.91761666e-03
   2.24436542e-03 -1.00572313e-03]]
[[ 5.13522961e-04  4.29840466e-02 -5.01227515e+01  2.73440840e-03
   1.64952023e-03 -1.15193927e-03]]
[[-4.12664001e-03  4.55999189e-02 -5.01295014e+01  2.78364139e-03
   3.04453323e-03 -1.34151718e-03]]
[[-3.66856258e-03  4.95410668e-02 -5.01349168e+01  2.79642733e-03
   2.56545213e-03 -1.47922061e-03]]
[[-2.15136824e-03  6.27481532e-02 -5.01543999e+01  3.87169098e-03
   2.76499797e-03 -1.53748430e-03]]
[[ 2.24787990e-03  5.87489213e-02 -5.01356304e+01  2.57353540e-03
   2.72598424e-03 -1.73983034e-03]]
[[ 1.77081959e-02  7.36171785e-02 -5.01312576e+01  3.41589998e-03
  -4.14903873e-05 -1.68314839e-03]]
[[ 1.11465327e-02  6.28022796e-02 -5.01216852e+01  2.16776346e-03
   2.67387028e-03 -2.03615342e-03]]
[[-1.57471498e-02  6.30717588e-02 -5.01355276e+01  4.91135348e-03
   1.97514267e-02 -2.31373594e-03]]
[[-2.87660305e-01 -5.87281045e-02 -5.00206825e+01  9.28845400e-03
   1.76354582e-01 -5.90854354e-03]]
[[-5.67306119e-01 -1.89075423e-01 -4.98207021e+01  2.65419453e-03
   3.35001443e-01 -9.65434864e-03]]
[[-7.89618678e-01 -3.10581620e-01 -4.96425096e+01 -3.82094737e-03
   4.61047283e-01 -1.27266107e-02]]
[[-9.57125154e-01 -3.84861575e-01 -4.95626970e+01 -5.29753527e-03
   5.53713737e-01 -1.49840834e-02]]
[[-1.12875594e+00 -4.57767159e-01 -4.93612750e+01 -6.47562462e-03
   6.48409772e-01 -1.73845845e-02]]
[[-1.30688592e+00 -5.14070412e-01 -4.93015937e+01  6.13074727e-04
   7.44058753e-01 -2.01777858e-02]]
[[-1.42924165e+00 -5.63601429e-01 -4.77116622e+01 -1.67435303e-02
   8.08506777e-01 -2.18357131e-02]]
[[-1.51520854e+00 -6.20698369e-01 -4.62404499e+01 -3.85039862e-02
   8.48983793e-01 -2.30574327e-02]]
[[-1.61039328e+00 -6.97525073e-01 -4.45764954e+01 -6.99625542e-02
   8.95106972e-01 -2.45028750e-02]]
[[-1.75560553e+00 -7.62956126e-01 -4.28827721e+01 -8.84572336e-02
   9.66805711e-01 -2.65744242e-02]]
[[-1.86778278e+00 -8.02691948e-01 -4.16901273e+01 -9.28009334e-02
   1.02485932e+00 -2.76893058e-02]]
[[-1.95269766e+00 -8.21632476e-01 -4.08555811e+01 -8.30219154e-02
   1.07160056e+00 -2.79049871e-02]]
[[-2.01218320e+00 -8.15322053e-01 -4.04041710e+01 -6.19211071e-02
   1.10910716e+00 -2.83124964e-02]]
[[-2.05756089e+00 -7.95800320e-01 -4.02441019e+01 -2.60502022e-02
   1.14432505e+00 -2.93084305e-02]]
[[-2.07282568e+00 -7.83017239e-01 -4.02278716e+01  2.90581720e-03
   1.16403838e+00 -2.99861535e-02]]
[[-2.09884308e+00 -7.99424134e-01 -3.97858993e+01  2.32812793e-02
   1.19652609e+00 -2.99081575e-02]]
[[-2.10066722e+00 -8.08723221e-01 -3.93754073e+01  5.62280289e-02
   1.22780346e+00 -2.96870731e-02]]
[[-2.05213963e+00 -8.31754946e-01 -3.90645778e+01  9.44368580e-02
   1.25550075e+00 -3.09607640e-02]]
[[-1.93781518e+00 -8.38290333e-01 -3.89958525e+01  1.54246651e-01
   1.28906547e+00 -3.39911843e-02]]
[[ -1.70990883  -0.90136638 -38.84932881   0.21631403   1.318671
   -0.03970738]]
[[ -1.38758121  -0.89400958 -39.03475142   0.29322359   1.34258162
   -0.04407085]]
[[ -1.10098388  -0.86564366 -39.22555422   0.35695474   1.36686749
   -0.0477215 ]]
[[ -0.79492545  -0.83534303 -39.29301668   0.41670956   1.3898059
   -0.05143657]]
[[ -0.46928766  -0.95700274 -38.16855656   0.45636658   1.41333352
   -0.0596218 ]]
[[ -0.18798701  -1.72108405 -29.93230642   0.42962414   1.52197981
   -0.07276242]]
[[ -0.32844873  -2.42420162 -19.98493745   0.27038136   1.59806717
   -0.07303799]]
[[-0.32272764 -3.31597912 -4.30789104  0.06874038  1.70490621 -0.08177609]]
[[-0.4460436  -4.01962391  6.48232339 -0.11190794  1.77891122 -0.08545882]]
[[-0.77544505 -4.19922911  8.57837014 -0.20642481  1.79682368 -0.07950113]]
[[-1.06298175 -4.19147075  5.97691038 -0.22542826  1.79514864 -0.07257781]]
[[-1.48416071 -3.86037217 -1.01633613 -0.20008037  1.76663932 -0.06236788]]
[[-1.82230113 -3.56067907 -7.41435944 -0.16784331  1.73799406 -0.05417464]]
[[ -2.02053586  -3.39176079 -10.10176393  -0.16318281   1.73848612
   -0.04382704]]
[[-2.18756631 -3.48607566 -8.35496773 -0.16616284  1.83081193 -0.03796571]]
[[-2.34993455 -3.61393876 -6.6676097  -0.18352544  1.93511882 -0.03428369]]
[[-2.47081361 -3.85086759 -3.20484533 -0.21018433  2.05732613 -0.03318297]]
[[-2.5762372  -3.82706326 -4.76491031 -0.20351811  2.08042271 -0.02849421]]
[[-2.80529313 -3.78091042 -5.89957502 -0.20905625  2.12252869 -0.02369875]]
[[-3.01264029 -3.75231373 -5.61740094 -0.24067183  2.15119285 -0.01906975]]
[[-3.0975635  -3.66612469 -6.12232941 -0.26909845  2.11048402 -0.01418475]]
[[-3.06347552 -3.61053177 -6.1141834  -0.2924142   2.04548626 -0.01096585]]
[[-3.02207540e+00 -3.50087553e+00 -7.23035178e+00 -3.17592826e-01
   1.94909099e+00 -6.01526073e-03]]
[[-3.03490388e+00 -3.40849003e+00 -7.75586323e+00 -3.66809036e-01
   1.85533165e+00 -1.93270977e-04]]
[[-3.16995518e+00 -3.18750145e+00 -1.02065830e+01 -4.08376517e-01
   1.74768777e+00  8.04921827e-03]]
[[ -3.32423192  -3.08254525 -10.50247442  -0.46070919   1.6937617
    0.01401206]]
[[-3.48925881 -3.09202528 -8.82421651 -0.52172377  1.68469326  0.01876926]]
[[-3.65548993 -3.18770467 -5.7918254  -0.58759109  1.7081349   0.02267318]]
[[-3.76747351 -3.35995215 -1.44674299 -0.66347259  1.73833262  0.02549139]]
[[-3.85908446 -3.53235629  2.07569695 -0.72664486  1.74375564  0.02877436]]
[[-4.04531823 -3.33356534 -0.95631028 -0.71033463  1.71557142  0.03304116]]
[[-4.17427531 -3.15626051 -4.00381477 -0.68665381  1.6738724   0.03616537]]
[[-4.1672225  -3.07884638 -4.72344066 -0.67261211  1.61910598  0.03771704]]
[[-4.02842339 -3.10104208 -4.14808175 -0.66616789  1.54522443  0.03754313]]
[[-3.75395404 -3.18445791 -4.06154023 -0.65264355  1.46424927  0.03415057]]
[[-3.50675664 -3.27951632 -3.13604377 -0.64819514  1.39945444  0.03098363]]
[[-3.32932699 -3.35861668 -2.93430343 -0.64028468  1.34268054  0.02974395]]
[[-3.17790301 -3.27504097 -5.01713164 -0.60040553  1.31144979  0.02730221]]
[[-3.13319624 -3.28273597 -5.18902818 -0.59345558  1.30575718  0.02680366]]
[[-3.08257574 -3.30758402 -6.30207603 -0.57961881  1.29978203  0.02555365]]
[[-3.07778675 -3.33214159 -5.81059886 -0.58466595  1.30114078  0.02541855]]
[[-3.0718252  -3.42783191 -4.80596719 -0.59949616  1.29711279  0.02597776]]
[[-3.0717608  -3.44467373 -5.3045405  -0.60782874  1.2720151   0.02661248]]
[[-3.07277597 -3.47237621 -4.8790285  -0.61187208  1.25382875  0.02766542]]
[[-2.97584285 -3.48968783 -5.00218628 -0.59336823  1.21371669  0.02778422]]
[[-2.83384142 -3.56756967 -4.6198589  -0.56707065  1.17504468  0.02675008]]
[[-2.7555359  -3.47339229 -6.20857144 -0.52699378  1.14810621  0.02552903]]
[[-2.69330585 -3.50461764 -6.30912762 -0.51615656  1.14034718  0.02381123]]
[[-2.76038958 -3.48636113 -6.1600561  -0.52135406  1.14993469  0.02494179]]
[[-2.94212421 -3.46857204 -6.36520982 -0.55798622  1.16161634  0.02763699]]
[[-3.13796103 -3.44531457 -5.61767371 -0.60905968  1.16663305  0.03048467]]
[[-3.43377685 -3.31880759 -6.66648012 -0.67933391  1.14758476  0.03579502]]
[[-3.70656723 -3.15715918 -7.22671397 -0.74217189  1.12032375  0.04193442]]
[[-3.92293199 -3.03963012 -6.98125747 -0.79683617  1.10057248  0.04666519]]
[[-4.03107097 -2.98959535 -5.25710514 -0.83931165  1.0747994   0.04985678]]
[[-4.12642458 -2.9224209  -5.16347758 -0.86288398  1.05262928  0.05275442]]
[[-4.26533915 -2.79697152 -5.89520741 -0.89220872  1.02383191  0.05588737]]
[[-4.36454591 -2.73670592 44.77365616 -0.92676134  1.00674702  0.05805205]]
[[-4.49402246 -2.39396914 38.88932604 -0.92813189  0.97884476  0.0589098 ]]
[[-4.83018906 -1.72360875 30.33634744 -0.9244435   0.92691258  0.06788694]]
[[-5.27147633 -1.12049535 23.55174898 -0.94548504  0.90053158  0.08021085]]
[[-5.78879101 -0.59790607 18.17553025 -0.9823198   0.89629487  0.09531157]]
[[-6.22481623 -0.17070366 14.2601781  -1.0083863   0.89049577  0.10903025]]
[[-6.56894007  0.13073812 11.78093357 -1.05223059  0.89058653  0.11983782]]
[[-6.80399861  0.3419962  11.34431268 -1.10302614  0.89323406  0.12626399]]
[[-6.97260815  0.52400775 12.03841901 -1.12850615  0.90402258  0.12448726]]
[[-7.07619985  0.65885973 12.39875001 -1.13951951  0.90379496  0.12345418]]
[[-7.15549554  0.73994184 12.68547173 -1.14950525  0.91037273  0.12244768]]
[[-7.20969907  0.78076022 13.01713928 -1.16530647  0.91754391  0.12139731]]
[[-7.25612013  0.75057495 13.60627238 -1.19660715  0.93403439  0.11942571]]
[[-7.32363137  0.69243194 14.26139665 -1.23279261  0.96712902  0.11712382]]
[[-7.42390784  0.63206102 14.89463192 -1.2702707   1.01184017  0.11518625]]
[[-7.56898339  0.62375385 45.39464538 -1.30393493  1.05588533  0.1146895 ]]
[[-7.69349807  0.6148101  45.77820928 -1.33476707  1.08843671  0.11417007]]
[[-7.81458338  0.7028706  45.95038182 -1.35291794  1.08615903  0.11601957]]
[[-7.56854039  1.05104361 44.1999464  -1.23462977  0.91206594  0.12383644]]
[[-6.6275427   1.26291322 40.65312602 -0.98204081  0.66688809  0.12004216]]
[[-5.46294454  1.210082   37.59455403 -0.74166905  0.46948681  0.10621018]]
[[-4.42494645  1.10540727 35.15721351 -0.54271141  0.31211332  0.09209757]]
[[-3.63755186  0.98352954 33.51376041 -0.40316186  0.20465163  0.08018334]]
[[-3.06303218  0.8772988  32.40630569 -0.30638569  0.13032367  0.07102352]]
[[-2.65247885  0.7893521  31.65828615 -0.23959638  0.07999331  0.06421892]]
[[-2.36673366  0.71822351 31.17121396 -0.19529993  0.04662489  0.05925228]]
[[-2.17158413e+00  6.75146853e-01  3.08257768e+01 -1.64181791e-01
   2.35610648e-02  5.59857705e-02]]
[[-2.03847248e+00  6.47625750e-01  3.05790349e+01 -1.42147859e-01
   8.23040361e-03  5.37567524e-02]]
[[-1.94886415e+00  6.18447880e-01  3.04379020e+01 -1.29628991e-01
  -2.76604190e-03  5.22188643e-02]]
[[-1.88272000e+00  5.88922656e-01  3.03507258e+01 -1.21901861e-01
  -1.05217847e-02  5.10548023e-02]]
[[-1.83968865e+00  5.73856656e-01  3.02754053e+01 -1.15256904e-01
  -1.53195825e-02  5.03374588e-02]]
[[-1.80991646e+00  5.66623629e-01  3.02135123e+01 -1.10457552e-01
  -1.90567727e-02  4.98564007e-02]]
[[-1.79202480e+00  5.58060043e-01  3.01738076e+01 -1.07930153e-01
  -2.07762204e-02  4.94783900e-02]]
[[-1.77511681e+00  5.52527005e-01  3.01516569e+01 -1.06694229e-01
  -2.27534553e-02  4.92321738e-02]]
[[-1.76203710e+00  5.48722303e-01  3.01323546e+01 -1.06313783e-01
  -2.36477778e-02  4.90020636e-02]]
[[-1.75156048e+00  5.58613591e-01  3.00870489e+01 -1.04069441e-01
  -2.43892128e-02  4.90480159e-02]]
[[-1.74547717e+00  5.53836518e-01  3.00762700e+01 -1.04044346e-01
  -2.49309883e-02  4.89353721e-02]]
[[-1.74114581e+00  5.44810081e-01  3.00713639e+01 -1.04661999e-01
  -2.53292266e-02  4.88647058e-02]]
[[-1.72798163e+00  5.41558427e-01  3.00505208e+01 -1.03489774e-01
  -2.54494384e-02  4.86514040e-02]]
[[-1.71225789e+00  5.25787606e-01  3.00538385e+01 -1.03980533e-01
  -2.52278152e-02  4.81482682e-02]]
[[-1.69654651e+00  5.16687265e-01  3.00520544e+01 -1.04471607e-01
  -2.56015207e-02  4.78252192e-02]]
[[-1.68615174  0.50511268  0.06194533 -0.10510002 -0.02558352  0.04758352]]
[[-1.63193909  0.46696927  0.10671837 -0.10286927 -0.02427467  0.04605443]]
[[-1.47906345  0.36363587  0.20164689 -0.10016347 -0.02313662  0.04169189]]
[[-1.37022517  0.29995631  0.24722586 -0.09682853 -0.02250635  0.03868803]]
[[-1.30073373  0.25517174  0.2796803  -0.09444806 -0.02004602  0.03665494]]
[[-1.24979844  0.22535081  0.28957343 -0.09266297 -0.0191668   0.03510933]]
[[-1.2104325   0.19923251  0.3092696  -0.09200644 -0.01898263  0.03392273]]
[[-1.18559216  0.18986164  0.29619806 -0.09049022 -0.01890944  0.03332974]]
[[-1.16158424  0.17316284  0.32476701 -0.0914768  -0.01907652  0.03272642]]
[[-1.14762847  0.16833593  0.32766643 -0.09133764 -0.01872852  0.0323079 ]]
[[-1.13921338  0.16543249  0.31624319 -0.0905484  -0.01825678  0.03215345]]
[[-1.12839303  0.16571772  0.32058667 -0.09078738 -0.01873993  0.03196811]]
[[-1.12638767  0.15986763  0.32524265 -0.0913747  -0.01789656  0.0317381 ]]
[[-1.12356939  0.171115    0.27245154 -0.08862602 -0.01746106  0.03175089]]
[[-1.12026203  0.16979553  0.27981602 -0.08890905 -0.01712634  0.03167238]]
[[-1.11810892  0.17627729  0.26279223 -0.08843409 -0.01680895  0.03154731]]
[[-1.11296802  0.16996799  0.27888775 -0.08963077 -0.0169241   0.03143343]]
[[-1.10901848  0.17498201  0.25839251 -0.08843569 -0.01707716  0.03152082]]
[[-1.10140516  0.1720682   0.24934398 -0.08760852 -0.0161511   0.03135028]]
[[-1.08805311  0.15945759  0.27538968 -0.08860034 -0.01631785  0.03092863]]
[[-1.07893498  0.1509879   0.29292793 -0.0896697  -0.01606992  0.03062772]]
[[-1.07107234  0.15107038  0.2863608  -0.08917176 -0.01631013  0.03043513]]
[[-1.06992437  0.1549983   0.2662919  -0.08803859 -0.01580432  0.03050578]]
[[-1.0692854   0.15822096  0.26262968 -0.0879132  -0.0155414   0.03039724]]
