[[0. 0. 0. 0. 0. 0.]]
[[-1.60120131e-03  8.29154324e-04  7.38850345e-03 -1.25810068e-04
   1.48943319e-04  6.55037878e-05]]
[[-2.80192932e-03  1.26672653e-03  4.12992988e-03 -5.66613430e-05
   1.60272719e-04  4.85645659e-05]]
[[-2.80996253e-03  2.55529395e-03  1.49756711e-03  1.50123638e-05
   1.25008081e-04  2.70858037e-05]]
[[-1.65019754e-03  1.72212530e-03  3.65834645e-03 -4.93012085e-05
  -4.16897017e-05  3.21581394e-07]]
[[-4.49797940e-03  5.16688181e-03  1.23104277e-04  2.57074437e-04
   3.64657949e-04  3.90232722e-05]]
[[-3.12330136e-03  6.34623719e-03 -1.46821684e-03  1.79252628e-04
   1.11284377e-05  2.77792002e-05]]
[[-3.34203489e-03  4.02791753e-03  8.09459516e-03 -1.63838440e-04
   2.82229912e-05 -4.51637185e-05]]
[[-0.00428169 -0.00052749  0.01821706 -0.00091175  0.00023711 -0.00013093]]
[[-6.37628675e-03  2.77701893e-03  1.59757182e-02 -3.12115032e-04
   6.45684534e-04 -3.03022672e-05]]
[[-3.76174976e-03  4.65115627e-03  1.14093493e-02 -5.34332726e-04
   8.54971719e-05 -7.70131602e-05]]
[[-5.29144403e-03  1.52852576e-03  1.95484761e-02 -6.97945233e-04
   4.72670682e-04 -1.54107943e-05]]
[[-5.62268999e-03 -3.09343342e-05  2.23331561e-02 -6.68070625e-04
   4.26426083e-04  4.71087078e-06]]
[[-7.86890132e-03  2.03580866e-03  1.71508479e-02 -3.62965312e-04
   6.65817676e-04 -4.47290249e-06]]
[[-6.49317259e-03  1.99606760e-04  1.82755289e-02 -7.87911142e-04
   3.31756443e-04 -7.80175084e-05]]
[[-6.56443702e-03  1.22431720e-03  1.70076767e-02 -5.92693921e-04
   3.50759012e-04 -3.82961884e-05]]
[[-7.40167279e-03  5.27692858e-04  2.21487077e-02 -5.82818328e-04
   6.19180862e-04 -1.55035079e-05]]
[[-7.47523075e-03  7.71031625e-04  2.47804104e-02 -7.60747271e-04
   5.19866309e-04 -8.27070216e-05]]
[[-6.02605499e-03  2.23186663e-04  2.73372282e-02 -9.26669292e-04
   5.28809122e-04 -7.08068362e-05]]
[[-0.00638822 -0.00152372  0.02761896 -0.00077308  0.00075766 -0.00010415]]
[[-6.60607024e-03  3.75745073e-04  3.02915308e-02 -7.07605907e-04
   8.95431189e-04 -9.41741268e-05]]
[[-9.18256372e-03 -2.28784683e-03  3.80873389e-02 -1.23131161e-03
   9.15053505e-04 -7.69966301e-05]]
[[-0.00693747 -0.00408105  0.03849513 -0.00078361  0.00091796 -0.00011101]]
[[-0.0088441  -0.00209494  0.03666534 -0.00055242  0.00105483 -0.00014801]]
[[-0.00928665 -0.0002742   0.03408629 -0.00047847  0.00081988 -0.00017401]]
[[-1.13235274e-02  1.30034026e-03  3.24590636e-02 -4.10836501e-04
   1.07670370e-03 -7.05333886e-05]]
[[-1.26810450e-02 -8.69454414e-04  4.11740165e-02 -6.01282725e-04
   1.37054967e-03 -8.81611741e-05]]
[[-0.01109936  0.00408629  0.03833319 -0.0001267   0.0014029  -0.00010984]]
[[-1.09528580e-02  6.05746121e-03  3.21776702e-02  2.29031687e-05
   1.28911050e-03 -1.11945313e-04]]
[[-0.01298061  0.00318076  0.04567569 -0.0001086   0.00152312 -0.00019271]]
[[-0.01206431  0.00326052  0.0510777  -0.00055269  0.00147066 -0.00021527]]
[[-0.0091262   0.00504923  0.04144134 -0.00024738  0.00114297 -0.00021855]]
[[-0.00711371  0.00662225  0.0284901   0.00024504  0.00113427 -0.00020081]]
[[-0.00984572  0.00645853  0.03383937  0.00041797  0.00160514 -0.00024397]]
[[-0.00832964  0.00687262  0.03586249  0.00039152  0.00160671 -0.00020341]]
[[-7.70157381e-03  7.84671184e-03 -1.79649771e+01  4.16122584e-04
   1.45911046e-03 -1.77782391e-04]]
[[-8.54547325e-03  9.36571024e-03 -1.79578116e+01  1.27748373e-03
   1.52394364e-03 -1.62593659e-04]]
[[-6.91013643e-03  1.07057691e-02 -1.79666716e+01  1.75332163e-03
   1.44582363e-03 -1.48940135e-04]]
[[-3.41077938e-03  1.32530817e-02 -1.79760681e+01  2.77108528e-03
   1.24355292e-03 -1.45414117e-04]]
[[-1.40979623e-03  6.97682416e-03 -1.79571449e+01  2.19330122e-03
   1.58036524e-03 -2.67534693e-04]]
[[ 6.82173822e-03  1.71888229e-02 -1.79970519e+01  4.35650631e-03
   1.01535690e-03 -1.38447936e-04]]
[[ 8.22531553e-03  1.48320420e-02 -1.79863844e+01  4.12081629e-03
   1.53594371e-03 -2.43980841e-04]]
[[ 1.20408764e-02  2.21246964e-02 -1.79969538e+01  4.94440095e-03
   1.41541946e-03 -1.94450337e-04]]
[[ 1.35426023e-02  1.77072815e-02 -1.79856016e+01  4.23432149e-03
   1.51765736e-03 -2.97654661e-04]]
[[ 1.89814750e-02  2.51777578e-02 -1.80032128e+01  5.40871621e-03
   1.16445331e-03 -1.84388759e-04]]
[[ 2.14023755e-02  3.06599141e-02 -1.80134630e+01  6.28716392e-03
   1.36000879e-03 -1.55882427e-04]]
[[ 2.33187465e-02  2.69179425e-02 -1.79976384e+01  5.37910934e-03
   1.67892365e-03 -2.47457323e-04]]
[[ 3.00268497e-02  4.16980112e-02 -1.80219313e+01  7.64370391e-03
   1.19896218e-03 -3.08270046e-05]]
[[ 2.68996355e-02  3.80547930e-02 -1.80058534e+01  6.97605855e-03
   1.87552770e-03 -1.78938498e-04]]
[[ 3.27873016e-02  4.31413432e-02 -1.80188358e+01  7.84043170e-03
   1.50454064e-03 -8.88768962e-05]]
[[ 3.86246509e-02  4.81341779e-02 -1.80310399e+01  8.39456009e-03
   1.06994682e-03 -5.90859372e-05]]
[[ 4.05656085e-02  6.24657641e-02 -1.80531458e+01  1.04492226e-02
   1.59876389e-03  1.23277571e-04]]
[[ 4.96280383e-02  6.48885560e-02 -1.80671573e+01  1.05041770e-02
   6.48155361e-04  1.78347171e-04]]
[[ 5.70919960e-02  7.51455813e-02 -1.80871975e+01  1.18233745e-02
   2.86975035e-04  2.66577234e-04]]
[[ 5.94112328e-02  7.83748427e-02 -1.80871446e+01  1.20695346e-02
   5.51793202e-04  2.10554430e-04]]
[[ 6.13641630e-02  7.98798681e-02 -1.80841547e+01  1.22545800e-02
   7.47098680e-04  1.78609921e-04]]
[[ 6.52597706e-02  8.65225366e-02 -1.81115092e+01  1.34804182e-02
   7.38358614e-04  1.56617810e-04]]
[[ 7.17756395e-02  9.79906298e-02 -1.81267320e+01  1.45670108e-02
   3.33273748e-04  3.15526216e-04]]
[[ 7.28517617e-02  1.00885812e-01 -1.81389220e+01  1.53278434e-02
   5.42047829e-04  2.35763971e-04]]
[[ 7.30732673e-02  1.07646638e-01 -1.81465353e+01  1.61687548e-02
   8.70942918e-04  3.08399626e-04]]
[[ 7.99845508e-02  1.11984589e-01 -1.81623241e+01  1.66871843e-02
   3.66112911e-04  3.23055408e-04]]
[[ 8.12121439e-02  1.24524087e-01 -1.81754774e+01  1.82899176e-02
   9.11026962e-04  4.05558483e-04]]
[[ 8.43330871e-02  1.27857476e-01 -1.81791856e+01  1.80722063e-02
   6.12118869e-04  3.78489398e-04]]
[[ 8.80312515e-02  1.44222632e-01 -1.82239078e+01  2.07074634e-02
   3.80400430e-04  6.01908575e-04]]
[[ 9.18872536e-02  1.45779448e-01 -1.82266700e+01  2.08394673e-02
   1.18557547e-04  5.97918074e-04]]
[[ 9.12253297e-02  1.41523334e-01 -1.82124654e+01  2.01182479e-02
   3.87369760e-04  5.14966787e-04]]
[[ 9.33334337e-02  1.49089262e-01 -1.82256660e+01  2.15581876e-02
   6.38374662e-04  5.35059545e-04]]
[[ 9.65370991e-02  1.53509256e-01 -1.82373138e+01  2.20852011e-02
   7.60693988e-04  5.96300086e-04]]
[[ 9.91398485e-02  1.55475174e-01 -1.82433310e+01  2.19927557e-02
   3.12432413e-04  6.27646788e-04]]
[[ 1.02683479e-01  1.66663326e-01 -1.82626358e+01  2.33364664e-02
   2.29981187e-04  7.10920439e-04]]
[[ 1.06242588e-01  1.72609631e-01 -1.82786072e+01  2.40073938e-02
  -7.64647889e-05  7.24866807e-04]]
[[ 1.09405069e-01  1.83335832e-01 -1.83167938e+01  2.65204031e-02
   2.04386939e-04  8.72493542e-04]]
[[ 1.11044133e-01  1.84869615e-01 -1.83186405e+01  2.66964966e-02
   1.44769813e-04  8.71285326e-04]]
[[ 1.17059505e-01  1.93171986e-01 -1.83345471e+01  2.80694862e-02
   5.91625670e-06  9.29811536e-04]]
[[ 1.21355990e-01  1.99301926e-01 -1.83506116e+01  2.91296663e-02
   1.54759041e-04  1.01533582e-03]]
[[ 1.25190931e-01  1.99529041e-01 -1.83672840e+01  2.91439680e-02
  -1.56731149e-04  8.76855968e-04]]
[[ 1.27455108e-01  2.06190314e-01 -1.83786468e+01  3.03300774e-02
  -6.61507672e-05  8.93409857e-04]]
[[ 1.30820616e-01  2.10997228e-01 -1.83953479e+01  3.08946007e-02
  -1.27509022e-04  9.50878241e-04]]
[[ 1.31021505e-01  2.17922425e-01 -1.84093492e+01  3.20448308e-02
  -3.51718932e-04  1.04088367e-03]]
[[ 1.34582295e-01  2.25666904e-01 -1.84287133e+01  3.35062729e-02
  -3.27519324e-04  9.69037214e-04]]
[[ 1.37762702e-01  2.28226042e-01 -1.84217753e+01  3.34034779e-02
  -4.42611874e-04  1.00812620e-03]]
[[ 1.40195437e-01  2.34372248e-01 -1.84321690e+01  3.41077887e-02
  -4.79119792e-04  1.01883141e-03]]
[[ 1.41418772e-01  2.40258151e-01 -1.84406091e+01  3.46491801e-02
  -2.21581595e-04  1.05885332e-03]]
[[ 1.43301710e-01  2.43980411e-01 -1.84430473e+01  3.50828374e-02
  -3.09590897e-04  1.08122822e-03]]
[[ 1.47036231e-01  2.47737805e-01 -1.84503216e+01  3.57983972e-02
   1.04878128e-04  1.04729319e-03]]
[[ 1.52096877e-01  2.50669110e-01 -1.84591849e+01  3.61518510e-02
  -4.96441564e-04  1.07649402e-03]]
[[ 1.55288117e-01  2.57316150e-01 -1.84820552e+01  3.74669925e-02
  -4.95971140e-04  1.19592849e-03]]
[[ 1.53554744e-01  2.65707997e-01 -1.85013155e+01  3.86646568e-02
  -7.72538923e-05  1.21377604e-03]]
[[ 1.58149056e-01  2.68506290e-01 -1.85017824e+01  3.87246037e-02
  -4.61730142e-04  1.19455700e-03]]
[[ 1.59841510e-01  2.68110824e-01 -1.85137491e+01  3.90714556e-02
  -7.24198769e-04  1.18129262e-03]]
[[ 1.57516741e-01  2.71258438e-01 -1.85095062e+01  3.94653374e-02
  -5.56102633e-04  1.19269336e-03]]
[[ 1.59441470e-01  2.74894154e-01 -1.85106711e+01  3.98486050e-02
  -2.56388614e-05  1.04615993e-03]]
[[ 1.64729225e-01  2.84041188e-01 -1.85449496e+01  4.16976099e-02
  -3.76130512e-04  1.15207475e-03]]
[[ 1.68441024e-01  2.86427952e-01 -1.85483090e+01  4.18057326e-02
  -3.40132485e-04  1.15894231e-03]]
[[ 1.71869163e-01  2.97286433e-01 -1.85768560e+01  4.36557235e-02
  -2.45476226e-04  1.29125264e-03]]
[[ 1.75229088e-01  3.02507697e-01 -1.85868347e+01  4.43892510e-02
  -2.34226421e-04  1.18586839e-03]]
[[ 1.81620560e-01  3.08841666e-01 -1.86021833e+01  4.53226034e-02
  -7.77746114e-04  1.29141667e-03]]
[[ 1.82645523e-01  3.12462768e-01 -1.86052239e+01  4.55329521e-02
  -5.77579542e-04  1.28561240e-03]]
[[ 1.84350984e-01  3.12760303e-01 -1.86090140e+01  4.59733825e-02
  -3.81556601e-04  1.20025663e-03]]
[[ 1.88059588e-01  3.18020035e-01 -1.86209224e+01  4.67965804e-02
  -5.39583549e-04  1.22933857e-03]]
[[ 2.03120599e-01  3.27000200e-01 -1.86751144e+01  4.92452224e-02
  -5.64636349e-03  1.52818224e-03]]
[[ 2.75413289e-01  3.42275291e-01 -1.87500093e+01  4.22929289e-02
  -3.73595747e-02  2.56136631e-03]]
[[ 3.67473185e-01  3.57362478e-01 -1.88502949e+01  3.09174699e-02
  -7.70708828e-02  3.78302907e-03]]
[[ 4.31672585e-01  3.73650537e-01 -1.89845443e+01  2.62965435e-02
  -1.03957014e-01  4.71809785e-03]]
[[ 4.78229671e-01  3.80761711e-01 -1.91408120e+01  2.84976000e-02
  -1.21385802e-01  5.35308388e-03]]
[[ 5.09856842e-01  3.84742516e-01 -1.92788994e+01  3.35613076e-02
  -1.31103395e-01  5.77268571e-03]]
[[ 5.30229282e-01  3.94673242e-01 -1.94812974e+01  4.66190208e-02
  -1.35514604e-01  6.26365621e-03]]
[[ 5.29236525e-01  4.01707237e-01 -1.93006144e+01  6.20825972e-02
  -1.32139201e-01  6.29766142e-03]]
[[ 5.06515326e-01  4.09906273e-01 -1.86566128e+01  8.66632444e-02
  -1.22999266e-01  5.93440678e-03]]
[[ 5.47451197e-01  3.35913712e-01 -1.77023753e+01  1.31363795e-01
  -1.23682463e-01  3.99125872e-03]]
[[ 6.63595926e-01  1.22397836e-01 -1.69412576e+01  1.84182603e-01
  -1.29008211e-01 -1.16506117e-03]]
[[ 8.25644736e-01 -1.47814774e-01 -1.62994288e+01  2.38699972e-01
  -1.36840691e-01 -7.82461928e-03]]
[[ 9.96652008e-01 -4.38291031e-01 -1.57426683e+01  2.89132920e-01
  -1.45641490e-01 -1.47545625e-02]]
[[  1.18105235  -0.71238735 -15.33483871   0.34697851  -0.15741095
   -0.02132308]]
[[  1.33389168  -0.95364632 -14.84423484   0.38800648  -0.16561855
   -0.02713298]]
[[  1.47992146  -1.17141453 -14.41458801   0.42916922  -0.17405169
   -0.03237969]]
[[  1.65615231  -1.40568781 -14.02467019   0.47429187  -0.18390158
   -0.03806039]]
[[  1.81139394  -1.62209702 -13.58668343   0.51146167  -0.19184831
   -0.04343763]]
[[  2.05377764  -1.84590369 -12.69387688   0.56485947  -0.21371629
   -0.04812367]]
[[ 2.39112616 -2.25624779 -9.52230653  0.62660764 -0.26872363 -0.05660373]]
[[ 2.64458779 -2.65674901 -6.1534678   0.6772716  -0.31305805 -0.06575938]]
[[ 2.79944924 -2.9410813  -3.45170333  0.70925011 -0.34187819 -0.07266005]]
[[ 2.88433672 -3.17225173 -1.15913426  0.73036487 -0.36007123 -0.07930105]]
[[ 2.98723325 -3.3457499   0.65730597  0.75905813 -0.37548388 -0.08413184]]
[[ 3.05943641 -3.4560163   1.54725261  0.77868887 -0.38209076 -0.08715125]]
[[ 3.1071951  -3.53241956  1.62428266  0.7891008  -0.38159947 -0.0892443 ]]
[[ 3.15251264 -3.56281628  1.54979603  0.80168146 -0.38274824 -0.0898127 ]]
[[ 3.15521373 -3.5922807   1.45574813  0.80008302 -0.37983584 -0.09075526]]
[[ 3.18668785 -3.58732884  0.93813445  0.80645024 -0.37668769 -0.09077414]]
[[ 3.22779396 -3.59538468  0.20145842  0.81157782 -0.37273478 -0.09028768]]
[[ 3.18987153 -3.57770337 -0.56210038  0.79550681 -0.36082183 -0.08956763]]
[[ 3.1315452  -3.55012072 -0.93887052  0.78427239 -0.34423204 -0.08923605]]
[[ 3.10417227 -3.53084154 -1.13419942  0.78593815 -0.33308617 -0.08900158]]
[[ 3.04716851 -3.52522207 -0.82646368  0.77666396 -0.32090797 -0.08965473]]
[[ 3.03380875 -3.52256042 -0.77155801  0.78157828 -0.31426673 -0.08979564]]
[[ 3.00495552 -3.52069721 -0.38491348  0.78046623 -0.30856084 -0.09008093]]
[[ 2.97672851 -3.54415457  0.08541724  0.77949346 -0.30110891 -0.09139219]]
[[ 2.98049137 -3.54011372 -0.09571515  0.78384442 -0.2924438  -0.09205125]]
[[ 2.93428091 -3.55307995 -0.16577351  0.77374026 -0.27699805 -0.09309071]]
[[ 2.8810645  -3.54372607 -0.0403405   0.76404058 -0.26513244 -0.09381011]]
[[ 2.8599891  -3.54053893 -0.08094158  0.76340522 -0.25514432 -0.09419738]]
[[ 2.8212793  -3.54487247  0.21051446  0.76032162 -0.24641761 -0.09492673]]
[[ 2.82323523 -3.53662161  0.41864631  0.77289006 -0.24097435 -0.09521223]]
[[ 2.81695153 -3.54023833  0.75753712  0.78012089 -0.23687573 -0.0957579 ]]
[[ 2.87218747 -3.56506784  0.67101881  0.80149038 -0.23661908 -0.09650979]]
[[ 2.91253433 -3.56621521  0.25166403  0.81243872 -0.23381239 -0.09648084]]
[[ 2.90267484 -3.55424944 -0.29911062  0.80896864 -0.22368704 -0.09612356]]
[[ 2.90221097 -3.53626512 -0.99036323  0.81014367 -0.21440999 -0.09545885]]
[[ 2.90921405 -3.52047725 -1.87410115  0.81258272 -0.20319809 -0.0942664 ]]
[[ 2.87450779 -3.49853315 -2.28048267  0.80581283 -0.18938671 -0.09303713]]
[[ 2.80586907 -3.48529533 -2.28406394  0.78764481 -0.17485645 -0.09276936]]
[[ 2.7385777  -3.46924388 -1.8969503   0.77641256 -0.16297243 -0.09266137]]
[[ 2.6993874  -3.44500913 -1.36605734  0.77884371 -0.15458361 -0.09242271]]
[[ 2.64643427 -3.43624762 -0.80994098  0.77968541 -0.14133999 -0.09286812]]
[[ 2.66026881 -3.43869601 -0.27045822  0.80022391 -0.14048246 -0.09264673]]
[[ 2.71477039 -3.47531842 -0.17977945  0.81751783 -0.14127486 -0.09332285]]
[[ 2.73799334 -3.49392004 -0.18276713  0.82398994 -0.14016225 -0.09387162]]
[[ 2.79174756 -3.48630789 -0.31432227  0.84357275 -0.13980025 -0.08961852]]
[[ 2.8630532  -3.48072228 -0.48424399  0.85651644 -0.14940045 -0.08102776]]
[[ 2.93042314 -3.49011087 -0.57963158  0.87092449 -0.16222948 -0.07465485]]
[[ 3.0157782  -3.49297785 -0.69684791  0.89689079 -0.1678594  -0.06987201]]
[[ 3.11507113 -3.51051976 -0.60259708  0.92551258 -0.17846274 -0.06624331]]
[[ 3.19930538 -3.55188513 -0.27468351  0.94752522 -0.19130982 -0.06313814]]
[[ 3.303665   -3.57331447  0.07091161  0.98108456 -0.1984596  -0.06015094]]
[[ 3.38952013 -3.59546846  0.06348026  1.01630786 -0.1905064  -0.05877653]]
[[ 3.4581329  -3.6052158   0.01450184  1.050308   -0.1768395  -0.05778754]]
[[ 3.51372402 -3.61073814 -0.14668765  1.08169067 -0.16081123 -0.0572808 ]]
[[ 3.50534801 -3.62878752 -0.19769973  1.10069075 -0.13727487 -0.05746684]]
[[ 3.43706173 -3.6408235   0.17458776  1.10814057 -0.10879952 -0.05733163]]
[[ 3.33414627 -3.66525941  0.35153949  1.09608327 -0.08423766 -0.05753609]]
[[ 3.17258442 -3.68045284  0.47846659  1.05827161 -0.06221544 -0.05766809]]
[[ 3.05713845 -3.6679964   0.20760481  1.03156132 -0.04648488 -0.05768134]]
[[ 3.00502125 -3.64340516  0.02626698  1.0187225  -0.04720321 -0.05705446]]
[[ 3.01966318 -3.61457788 -0.63618566  1.01552342 -0.05980658 -0.05644855]]
[[ 3.05294382 -3.60052966 -1.03117726  1.01405863 -0.07824858 -0.05536187]]
[[ 3.1206476  -3.58378531 -1.20068379  1.02967844 -0.09071636 -0.05450804]]
[[ 3.2057841  -3.57528043 -1.2547504   1.05511803 -0.0977727  -0.05387961]]
[[ 3.33431017 -3.52319313 -1.21367477  1.10985699 -0.10258994 -0.05078123]]
[[ 3.42284365 -3.45250778 -0.83210389  1.16014719 -0.10422141 -0.04721285]]
[[ 3.51922496 -3.41653544  0.02910054  1.20929805 -0.10029331 -0.04553918]]
[[ 3.60261193 -3.36912818  0.36204767  1.2557503  -0.08986532 -0.04404333]]
[[ 3.6829048  -3.31766418  0.59317339  1.29740471 -0.07746678 -0.04233158]]
[[ 3.80792704 -3.25260286  0.44638666  1.34033514 -0.06696342 -0.04084576]]
[[ 3.94189237 -3.21624425 -0.24779147  1.37126977 -0.05165617 -0.04069967]]
[[ 4.03246062 -3.19174049 -0.83631422  1.39338888 -0.03630888 -0.04066187]]
[[ 4.09943685 -3.18893902 -1.45133076  1.40854077 -0.02150557 -0.0413735 ]]
[[ 4.1194905  -3.22576557 -1.9713706   1.40594532 -0.01194999 -0.04375772]]
[[ 4.11289704 -3.28060583 -2.27565309  1.39308822 -0.0078612  -0.04589327]]
[[ 4.07659081 -3.31070882 -1.92799246  1.37580759 -0.01891052 -0.04579475]]
[[ 3.99908131 -3.35477378 -0.75990734  1.3456142  -0.05160116 -0.04555674]]
[[ 3.91697296 -3.3968196   0.6833412   1.30531715 -0.10226588 -0.04433829]]
[[ 3.86839859 -3.41983392  1.81077554  1.26739075 -0.15638694 -0.04311578]]
[[ 3.85197228 -3.44008401  2.52449863  1.23132879 -0.20784017 -0.04186425]]
[[ 3.8600254  -3.46846102  2.70973015  1.20149915 -0.24818923 -0.04138083]]
[[ 3.90644375 -3.50848443  2.02626757  1.18550153 -0.27055645 -0.04285705]]
[[ 3.97612792 -3.55476768  0.77768723  1.18118356 -0.27039978 -0.0449131 ]]
[[ 4.04752152 -3.60586112 -0.62876436  1.17707662 -0.26161829 -0.04658356]]
[[ 4.09434227 -3.63993948 -1.71177479  1.17469006 -0.25641345 -0.04752163]]
[[ 4.12022662 -3.67744663 -2.52100216  1.16839647 -0.2519906  -0.04819206]]
[[ 4.07601664 -3.71198952 -2.74212018  1.1486009  -0.25012155 -0.04839241]]
[[ 3.9485407  -3.74405166 -2.90064276  1.116064   -0.24118749 -0.05020705]]
[[ 3.7985004  -3.77931242 -2.51522823  1.09421421 -0.21615934 -0.05159101]]
[[ 3.66191371 -3.80962164 -1.93134039  1.07742413 -0.19167694 -0.05306775]]
[[ 3.53892196 -3.88665512 -1.58968081  1.05266548 -0.16256433 -0.05667605]]
[[ 3.35407016 -3.92247451 -1.23436971  1.01095619 -0.12698584 -0.05891846]]
[[ 3.19983051 -3.94331754 -0.85730267  0.97755473 -0.09663498 -0.05962756]]
[[ 3.08308704 -3.95368252 -0.31042895  0.94834746 -0.07006027 -0.05956912]]
[[ 3.01057737 -3.95078722 -0.01257413  0.92756412 -0.06273944 -0.05894   ]]
[[ 2.97643402 -3.93449833  0.15453142  0.90924278 -0.07960282 -0.057389  ]]
[[ 2.97091551 -3.89878621  0.35976862  0.89195625 -0.11094192 -0.05554131]]
[[ 2.97818459 -3.87130093  0.2699209   0.89007291 -0.13180546 -0.0537508 ]]
[[ 2.99131435 -3.86269179 -0.04054369  0.89104123 -0.14166484 -0.05356122]]
[[ 3.00602718 -3.856163   -0.46253045  0.90072619 -0.13941057 -0.05378179]]
[[ 3.00007555 -3.86997747 -0.74866974  0.9036202  -0.13270291 -0.05621797]]
[[ 2.98056315 -3.88323013 -0.84944109  0.90197348 -0.12977026 -0.05906977]]
[[ 2.94855563 -3.86774822 -0.95234113  0.89114438 -0.13003055 -0.06161147]]
[[ 2.89503173 -3.85230799 -0.7511072   0.87581387 -0.12785141 -0.0639371 ]]
[[ 2.86308339 -3.83445121 -0.70901301  0.86876693 -0.12382599 -0.06576004]]
[[ 2.82430132 -3.81703717 -0.61935138  0.86923413 -0.11318042 -0.06682862]]
[[ 2.79960803 -3.78206034 -0.63111423  0.88109837 -0.10374399 -0.06699396]]
[[ 2.7785326  -3.760856   -0.61672956  0.88816852 -0.09411558 -0.0672804 ]]
[[ 2.75302169 -3.74414498 -0.3788723   0.88980482 -0.08856052 -0.06746169]]
[[ 2.73188899 -3.71158049 -0.07063366  0.89682659 -0.08826079 -0.06681265]]
[[ 2.71068162 -3.68176869  0.2981145   0.9009596  -0.08874592 -0.06614192]]
[[ 2.68599443 -3.65388165  0.728482    0.90361532 -0.0901988  -0.06529564]]
[[ 2.66741023 -3.63779753  1.00011898  0.90648313 -0.0876242  -0.06456941]]
[[ 2.63662063 -3.61357064  1.11183706  0.92498326 -0.06488096 -0.06437228]]
[[ 2.62854788 -3.57673636  1.18383999  0.94605911 -0.05372812 -0.0637184 ]]
[[ 2.62702759 -3.54255794  1.2104715   0.96303662 -0.04735166 -0.06325585]]
[[ 2.63035961 -3.51363064  1.21030101  0.97983781 -0.04473771 -0.06264545]]
[[ 2.71433396 -3.47307441  0.552855    1.00899637 -0.04719933 -0.0617006 ]]
[[ 2.75954346 -3.47526929  0.06363386  1.02323386 -0.04266907 -0.06160588]]
[[ 2.78006753 -3.49133983 -0.33028156  1.03083742 -0.03653408 -0.0628385 ]]
[[ 2.77226077 -3.54822644 -0.60996725  1.02388158 -0.02754479 -0.06545775]]
[[ 2.73140174 -3.61120463 -0.58281463  1.00781064 -0.01151584 -0.06891303]]
[[ 2.69121946 -3.64914538 -0.51101476  0.99903477  0.00381523 -0.07130862]]
[[ 2.64806831 -3.69833584 -0.30557711  0.98549336  0.01855966 -0.07383126]]
[[ 2.60033468 -3.72689887  0.02965028  0.97536598  0.03423633 -0.07536968]]
[[ 2.56304496 -3.74321004  0.2854221   0.97134656  0.04805993 -0.07635368]]
[[ 2.55484789 -3.73669489  0.07196339  0.98310653  0.06065547 -0.07650798]]
[[ 2.53588031 -3.75069772 -0.04671356  0.98805911  0.07880467 -0.07702905]]
[[ 2.48066087 -3.76392083  0.42884108  0.97970809  0.09542564 -0.07789882]]
[[ 2.43266667 -3.77513746  0.90530413  0.97055329  0.10887121 -0.07872904]]
[[ 2.39692799 -3.77975174  1.20178448  0.96700578  0.11890134 -0.07902793]]
[[ 2.39445409 -3.74989447  1.09153403  0.98118417  0.12291198 -0.0788792 ]]
[[ 2.4316515  -3.74017744  0.28315703  0.99978528  0.12461149 -0.07856094]]
[[ 2.49239682 -3.74374042 -1.03072047  1.01776609  0.12369545 -0.07835177]]
[[ 2.51710849 -3.73571985 -1.94866305  1.03139139  0.12510385 -0.0780578 ]]
[[ 2.48559749 -3.7408397  -1.67794757  1.02440392  0.13135892 -0.07868835]]
[[ 2.44639669 -3.73939493 -1.06590634  1.01522453  0.1390394  -0.07924086]]
[[ 2.34471404 -3.71620581 -0.60878341  0.99876485  0.15285516 -0.07867905]]
[[ 2.25729126 -3.68615444 -0.31043631  0.98231855  0.1637194  -0.07824617]]
[[ 2.19174156 -3.65234783  0.07069072  0.97254395  0.17366307 -0.0778202 ]]
[[ 2.15554389 -3.63667323 -0.04665362  0.97065696  0.17893998 -0.07728051]]
[[ 2.12443784 -3.6305523  -0.13011422  0.96929853  0.18423598 -0.07685562]]
[[ 2.08926298 -3.6384059  -0.33093946  0.96151428  0.18843363 -0.07686993]]
[[ 2.06271401 -3.65689158 -0.46281181  0.95127001  0.19215527 -0.07718518]]
[[ 2.02999153 -3.67689744 -0.48155419  0.94232903  0.19730439 -0.07741041]]
[[ 1.98304672 -3.69094214 17.62322244  0.93529677  0.21023162 -0.0774119 ]]
[[ 1.88580392 -3.61526745 15.71996621  0.92917913  0.21733293 -0.07662604]]
[[ 1.5974891  -3.26347826 12.12269631  0.90478393  0.23714629 -0.07008591]]
[[ 1.3139478  -2.90694557  9.648034    0.85770621  0.25306622 -0.06275009]]
[[ 1.05625903 -2.57353276  8.14381088  0.79601507  0.2636147  -0.05581014]]
[[ 0.82839913 -2.28423884  7.12783941  0.73403738  0.27191434 -0.04959275]]
[[ 0.63399544 -2.04212744  6.59231556  0.6709543   0.28101354 -0.04456082]]
[[ 0.47382444 -1.84659604  6.17875762  0.61917576  0.28898213 -0.04033503]]
[[ 0.33058599 -1.66227984  5.96937425  0.57349223  0.2982603  -0.03644061]]
[[ 0.21680891 -1.5139112   5.68841616  0.5417476   0.30502059 -0.03307078]]
[[ 0.12351986 -1.38629136  5.37411153  0.52637608  0.31529613 -0.0301768 ]]
[[ 0.02908909 -1.27517875  5.23958943  0.50636228  0.32549133 -0.02804531]]
[[-0.06076463 -1.17827686  5.13744242  0.49241492  0.33923111 -0.02633082]]
[[-0.14524709 -1.10803635  5.19413839  0.47755501  0.3532349  -0.0253695 ]]
[[-0.21428208 -1.03703036  5.05816198  0.47608391  0.36782103 -0.02429094]]
[[-0.28778187 -0.96710624  5.0388297   0.46390677  0.37905006 -0.02295425]]
[[-0.34080926 -0.90034254  4.94654539  0.45923388  0.38671509 -0.02159345]]
[[-0.38191933 -0.84769786  4.7605962   0.46292001  0.39586968 -0.02086056]]
[[-0.44055736 -0.80861365  4.64516816  0.4633776   0.411025   -0.02021452]]
[[-0.48913673 -0.78637678  4.63160622  0.4548093   0.42178042 -0.01989469]]
[[-0.52681115 -0.75102606  4.54763974  0.44724262  0.42837653 -0.01933883]]
[[-0.56186112 -0.70310595  4.40216962  0.43978755  0.43229744 -0.01852799]]
[[-0.59843218 -0.65871527  4.36610399  0.42679671  0.43543902 -0.01769846]]
[[-0.63210272 -0.61151515  4.32796724  0.41310831  0.43545738 -0.01686444]]
[[-0.65111386 -0.56541587  4.16833698  0.41202881  0.43552671 -0.0160779 ]]
[[-0.67404816 -0.54149747  4.04628164  0.40874881  0.43799914 -0.01534588]]
[[-0.70405866 -0.52140733  3.82172082  0.40156068  0.44595036 -0.01522911]]
[[-0.72670914 -0.47380569  3.29358969  0.39639205  0.44695484 -0.01488361]]
[[-0.73868748 -0.41788404  2.47245366  0.40068817  0.44536712 -0.01419152]]
[[-0.75545578 -0.37686954  1.87931659  0.40473977  0.44758526 -0.01375399]]
[[-0.78495176 -0.35268016  1.48754357  0.40872805  0.45612702 -0.01373391]]
[[-0.81697521 -0.31918262  1.18221889  0.4158168   0.4649209  -0.0134407 ]]
[[-0.84938152 -0.28375385  0.99037754  0.41943485  0.47431671 -0.01303351]]
[[-0.8882831  -0.2580902   0.80904845  0.4265543   0.48492118 -0.01268589]]
[[-0.92502991 -0.22891491  0.73772941  0.43342092  0.49590924 -0.01239483]]
[[-0.97474185 -0.19812518  0.60953429  0.44743028  0.51536802 -0.01224296]]
[[-1.03351069 -0.16506437  0.55761885  0.45573424  0.53531437 -0.01185868]]
[[-1.07926793e+00 -1.40990223e-01  2.05380177e+01  4.50645487e-01
   5.47675337e-01 -1.17584400e-02]]
[[-1.10496564e+00 -1.18450676e-01  2.02193324e+01  4.39586993e-01
   5.52082156e-01 -1.18052118e-02]]
[[-1.12533567e+00 -1.12713366e-01  2.01241474e+01  4.21607241e-01
   5.55241016e-01 -1.21125581e-02]]
[[-1.14542250e+00 -1.23970353e-01  2.01574391e+01  4.00348986e-01
   5.55834334e-01 -1.27160239e-02]]
[[-1.16648357e+00 -1.02308770e-01  2.02278658e+01  3.77979868e-01
   5.52947214e-01 -1.23653242e-02]]
[[-1.21004956e+00 -4.35528673e-02  2.03186695e+01  3.56801089e-01
   5.53026218e-01 -1.11892184e-02]]
[[-1.22864539e+00 -7.39767196e-03  2.04416666e+01  3.37338324e-01
   5.47104420e-01 -1.03650049e-02]]
[[-1.09433623e+00  2.36662107e-02  2.04415385e+01  2.97160758e-01
   4.75222878e-01 -7.85944094e-03]]
[[-8.99924012e-01  3.84043710e-02  2.03674141e+01  2.49390825e-01
   3.79726772e-01 -5.04541357e-03]]
[[-7.18392350e-01  4.14445308e-02  2.03016124e+01  2.03886663e-01
   2.90233538e-01 -2.43559157e-03]]
[[-5.52664886e-01  4.66333350e-02  2.02320652e+01  1.63423579e-01
   2.10089864e-01 -2.82797236e-04]]
[[-4.13192985e-01  5.32669957e-02  2.01704005e+01  1.29745070e-01
   1.44216618e-01  1.24758906e-03]]
[[-3.19832410e-01  4.56190229e-02  2.01653631e+01  1.03783069e-01
   9.78963407e-02  2.18000553e-03]]
[[-2.58656956e-01  4.46413142e-02  2.01544410e+01  8.79195681e-02
   6.79732827e-02  2.81995731e-03]]
[[-2.16892335e-01  4.28115910e-02  2.01375448e+01  7.69485517e-02
   4.73282675e-02  3.20928473e-03]]
[[-1.87907781e-01  3.92494738e-02  2.01397849e+01  6.87850325e-02
   3.22631100e-02  3.45701421e-03]]
[[-1.67398110e-01  3.04025735e-02  2.01457581e+01  6.27514388e-02
   2.19712773e-02  3.57208445e-03]]
[[-1.56995142e-01  1.74042396e-02  2.01687447e+01  5.78671799e-02
   1.58904100e-02  3.50320230e-03]]
[[-1.50372657e-01  1.03301805e-02  2.01853682e+01  5.43981830e-02
   1.12772448e-02  3.50919194e-03]]
[[-1.43564754e-01  8.93133242e-03  2.01767432e+01  5.31073807e-02
   7.99194802e-03  3.59551318e-03]]
[[-1.40031913e-01  6.13062085e-03  2.01807468e+01  5.16573036e-02
   5.49869863e-03  3.63761869e-03]]
[[-1.39751094e-01 -4.87984916e-04  2.01887986e+01  4.99679902e-02
   3.93401219e-03  3.59428855e-03]]
[[-1.41902249e-01 -2.58077220e-03  2.01941548e+01  4.88001401e-02
   3.26787013e-03  3.52703411e-03]]
[[-1.42345210e-01 -1.24205422e-02  2.02097224e+01  4.72013333e-02
   2.47933421e-03  3.52757488e-03]]
[[-1.41764250e-01 -1.34919291e-02  2.02134735e+01  4.66064266e-02
   2.06372607e-03  3.57402615e-03]]
[[-1.40684380e-01 -1.40878217e-02  2.02169356e+01  4.56601298e-02
   1.65599028e-03  3.54334425e-03]]
[[-1.39683058e-01 -1.08378618e-02  2.02105703e+01  4.59709091e-02
   1.16125772e-03  3.70292826e-03]]
[[-1.41984304e-01 -1.28301579e-02  2.02054755e+01  4.60923349e-02
   1.28587551e-03  3.70488305e-03]]
[[-1.44222537e-01 -2.18768125e-02  2.02213760e+01  4.47355218e-02
   1.12325335e-03  3.59681323e-03]]
[[-1.46267956e-01 -2.23857008e-02  2.02221308e+01  4.46963029e-02
   1.37747174e-03  3.59020234e-03]]
[[-1.48920444e-01 -3.40035613e-02  2.02428158e+01  4.29528889e-02
   1.36056314e-03  3.38443793e-03]]
[[-1.51543913e-01 -3.49272560e-02  2.02454666e+01  4.27998988e-02
   1.30131093e-03  3.36922350e-03]]
[[-1.50953763e-01 -3.80975843e-02  2.02519415e+01  4.21823094e-02
   7.88723046e-04  3.42869126e-03]]
[[-1.53065360e-01 -4.26842977e-02  2.02504481e+01  4.18160393e-02
   1.45032225e-03  3.25011987e-03]]
[[-1.55417802e-01 -4.67736783e-02  2.02521815e+01  4.15289705e-02
   1.65111651e-03  3.24571798e-03]]
[[-1.55479677e-01 -5.41047476e-02  2.02615091e+01  4.06183302e-02
   1.49461095e-03  3.14650797e-03]]
[[-1.56276778e-01 -5.85775900e-02  2.02646860e+01  4.03019074e-02
   1.40384643e-03  3.16874009e-03]]
[[-1.57166514e-01 -6.59115466e-02  2.02743075e+01  3.90161755e-02
   1.42115777e-03  3.05507822e-03]]
[[-1.61016104e-01 -6.94536384e-02  2.02750809e+01  3.90024933e-02
   1.84230507e-03  3.08000340e-03]]
[[-1.65736578e-01 -7.69691002e-02  2.02902863e+01  3.77002090e-02
   1.81540176e-03  2.96974567e-03]]
[[-1.63909064e-01 -7.64385921e-02  2.02732484e+01  3.85832153e-02
   1.26306515e-03  3.00150122e-03]]
[[-1.64827024e-01 -7.70899814e-02  2.02746475e+01  3.83032435e-02
   1.33870880e-03  3.00449451e-03]]
[[-1.70373836e-01 -9.03094633e-02  2.03092243e+01  3.60880130e-02
   1.96579589e-03  2.76525598e-03]]
[[-1.74078175e-01 -9.50099428e-02  2.03189783e+01  3.55648770e-02
   1.94358133e-03  2.69805785e-03]]
[[-1.74041943e-01 -9.16000817e-02  2.03084918e+01  3.60026760e-02
   1.76425464e-03  2.79786876e-03]]
[[-1.82031542e-01 -1.11413388e-01  2.03515831e+01  3.33208448e-02
   2.72745268e-03  2.50772434e-03]]
[[-1.81535591e-01 -1.04358061e-01  2.03315531e+01  3.47763090e-02
   2.54020807e-03  2.69242543e-03]]
[[-1.84955840e-01 -1.11509013e-01  2.03452759e+01  3.37578882e-02
   2.63315209e-03  2.64778911e-03]]
[[-1.85434966e-01 -1.14090466e-01  2.03370552e+01  3.34276307e-02
   2.17684507e-03  2.68141159e-03]]
[[-1.93416293e-01 -1.16994921e-01  2.03520227e+01  3.28519389e-02
   2.81397799e-03  2.57070237e-03]]
[[-1.94223545e-01 -1.23251734e-01  2.03490167e+01  3.20036057e-02
   2.68386982e-03  2.54387106e-03]]
[[-0.19706568 -0.12256885  0.34532047  0.03272756  0.00294061  0.00257547]]
[[-0.1980787  -0.12600073  0.36488104  0.03158228  0.00305779  0.00250225]]
[[-0.20019488 -0.13073264  0.37016003  0.03099574  0.00335238  0.00245796]]
[[-0.19873838 -0.1299598   0.35100649  0.03091888  0.00297453  0.00243826]]
[[-0.19703133 -0.12822536  0.33991465  0.03144537  0.002616    0.00246522]]
[[-0.20044806 -0.13467403  0.352895    0.03060639  0.00294312  0.00239929]]
[[-0.19920568 -0.13012372  0.33758652  0.03125192  0.00268311  0.00245389]]
[[-0.19751293 -0.1263591   0.319226    0.03129655  0.00208688  0.00249587]]
[[-0.20503513 -0.1256323   0.33828868  0.03129601  0.00349562  0.00241385]]
