[[0. 0. 0. 0. 0. 0.]]
[[-0.03980452 -0.08149157  0.0649582  -0.02987927  0.02535496  0.00426489]]
[[-0.08160489 -0.00979074 -0.15155127 -0.02291256  0.02469549  0.00305406]]
[[-1.32411322e-01  1.05557552e-01 -4.60179081e-01 -7.44011618e-03
   1.93395584e-02  3.65279897e-04]]
[[-0.16732467  0.18575003 -0.68636093  0.0035717   0.01542789 -0.00130895]]
[[-0.19863746  0.26354077 -0.9391144   0.01467636  0.0094672  -0.00323398]]
[[-2.54996405e-01  4.12623464e-01 -1.30772017e+00  3.99427629e-02
  -7.03164983e-04 -6.78649813e-03]]
[[-0.29499995  0.50450014 -1.49468275  0.05658392 -0.00498333 -0.00882791]]
[[-0.31542677  0.57448265 -1.6494447   0.07011335 -0.0111724  -0.0108137 ]]
[[-0.3490751   0.7096193  -1.91232128  0.09710518 -0.02378916 -0.01462344]]
[[-0.42808079  0.89137964 -1.96152387  0.13188195 -0.02353058 -0.01852838]]
[[-0.54292469  1.11753899 -1.80363369  0.17233587 -0.01063311 -0.02192663]]
[[-0.62011884  1.36922111 -1.80568883  0.22425437 -0.02010577 -0.02873327]]
[[-0.65056345  1.53117457 -1.75266075  0.26115843 -0.03178852 -0.03442911]]
[[-0.65616436  1.66191566 -1.64835534  0.29666983 -0.04644052 -0.03956813]]
[[-0.65579491  1.81864866 -1.47725147  0.33564874 -0.06214052 -0.04585462]]
[[-0.589971    1.87925989 -1.43438808  0.35914877 -0.08993962 -0.05090136]]
[[-0.59975132  1.99838106 -0.87466112  0.38013116 -0.07333184 -0.05235938]]
[[-0.63799978  2.14651345  0.16600061  0.38360937 -0.02167429 -0.05122681]]
[[-0.63739401  2.2398893   0.99311015  0.37763313  0.01567543 -0.05132392]]
[[-0.57132278  2.22336674  1.50349184  0.36286129  0.0292939  -0.05081979]]
[[-0.48683079  2.09898466  2.0764142   0.33108264  0.04790514 -0.0470911 ]]
[[-0.47976055  2.03737469  2.34310559  0.30421464  0.07274455 -0.04288818]]
[[-0.57563018  1.96160698  3.07461445  0.27016225  0.14060185 -0.03505188]]
[[-6.39274425e-01  2.10459654e+00 -4.61065750e+01  2.73604696e-01
   1.91617804e-01 -3.60579514e-02]]
[[ -0.51810008   2.40122878 -45.03499713   0.27339926   0.23243253
   -0.04520304]]
[[ -0.43327514   2.54660335 -43.53643026   0.27657962   0.28826263
   -0.05009138]]
[[ -0.30420241   2.61315507 -41.04926637   0.29168707   0.36769715
   -0.05280724]]
[[-2.82213741e-03  2.67044764e+00 -3.88406392e+01  3.01588839e-01
   4.01919499e-01 -6.24243175e-02]]
[[  0.28878548   2.62317801 -37.07095141   0.3014578    0.4157085
   -0.06940954]]
[[  0.53117085   2.55520265 -35.36602633   0.30214029   0.43381743
   -0.07508589]]
[[  0.87686222   2.32542712 -33.95828667   0.28490402   0.41957245
   -0.07757611]]
[[  1.28167831   1.92862851 -31.44997242   0.23679246   0.45648577
   -0.07290543]]
[[  1.71584924   1.46488193 -29.66732932   0.16167297   0.47751724
   -0.0613709 ]]
[[  2.00089211   1.18440778 -28.04925931   0.1047381    0.52225864
   -0.04965764]]
[[  2.39373081   0.78263845 -26.85896292   0.0294399    0.5285003
   -0.03659092]]
[[ 2.75722840e+00  6.49383541e-01 -2.53016234e+01 -1.43884721e-02
   5.40502093e-01 -2.26868356e-02]]
[[  3.31004377   0.759402   -20.13247397   0.02917907   0.6297419
   -0.02533072]]
[[  4.4479941    1.38250435 -10.95922913   0.10245698   0.83045278
   -0.05594702]]
[[ 5.51508158  3.10618197 -3.52617907  0.23700296  1.01509927 -0.12031201]]
[[ 6.03581459  4.48798726 -0.32954659  0.32790172  1.11771735 -0.17574626]]
[[ 5.88898673  5.07650426 -1.3783058   0.30969387  1.17888525 -0.19224361]]
[[ 5.55498149  5.34265628 -3.43582118  0.28200967  1.19694364 -0.19935434]]
[[ 5.21959454  5.39579444 -5.42716201  0.25778342  1.19495138 -0.20370075]]
[[ 4.78969721  5.36758178 -7.40566087  0.24700669  1.18828618 -0.20319681]]
[[ 4.23156899  5.01799596 -9.14252511  0.23675473  1.19190763 -0.20114801]]
[[ 3.84264029  4.66962488 -8.10318627  0.25947794  1.266329   -0.2088293 ]]
[[ 3.83173042  4.43762253 -4.98408673  0.27262374  1.38052352 -0.21849095]]
[[ 4.02103198  4.40224545 -1.39278882  0.27741418  1.49803169 -0.23247216]]
[[ 3.96757791  4.73625672  0.82080048  0.31436871  1.60266597 -0.26326906]]
[[ 3.80962202  4.5944791   0.57428957  0.29476617  1.62578637 -0.2838157 ]]
[[ 3.49645853  4.16550844 -2.78955306  0.25166424  1.53455995 -0.28630153]]
[[ 3.25962215  3.40684298 -5.20112305  0.18312854  1.46160102 -0.27587571]]
[[ 3.1368653   2.93355224 -5.08689618  0.15285642  1.47252897 -0.27071791]]
[[ 3.0185542   2.72613817 -3.58519441  0.15572576  1.54401247 -0.26982576]]
[[ 2.9252649   2.57463715 -1.78662277  0.15924243  1.62573647 -0.27007446]]
[[ 2.82547899  2.81062303  0.46678848  0.18641136  1.73275976 -0.28384527]]
[[ 2.45810946  2.86071124  0.71683275  0.21708523  1.78942867 -0.31274595]]
[[ 2.26186609  2.66448338  0.54769249  0.20866342  1.80905404 -0.33098124]]
[[ 2.23971277  2.25695294  0.45708361  0.16588682  1.80819237 -0.33829888]]
[[ 2.19359576  1.92983622  0.5702582   0.12831503  1.82268657 -0.341016  ]]
[[ 2.17234317  1.57223969  0.76846134  0.08695888  1.83967313 -0.33988148]]
[[ 2.06732415  1.23255668  0.56032592  0.0439706   1.85446216 -0.33557865]]
[[ 1.88748237e+00  7.81433300e-01 -8.20396818e-01  7.38430699e-04
   1.82812620e+00 -3.26002673e-01]]
[[ 1.81973793  0.17285029 -1.90029827 -0.0513504   1.78401823 -0.31424653]]
[[ 1.66738361 -0.29798613 -3.11726541 -0.09796993  1.75083231 -0.30373272]]
[[ 1.56694934 -0.61799854 -2.77867377 -0.12559764  1.78250256 -0.29516716]]
[[ 1.32418443 -0.55013068 -1.91361933 -0.10702329  1.85556301 -0.29192202]]
[[ 1.18609268 -0.54137994 -1.00563692 -0.10612815  1.92071088 -0.29009109]]
[[ 1.12301064 -0.60688801  0.12353121 -0.11631375  1.99022047 -0.28611478]]
[[ 1.05246499 -0.67691386  0.51507182 -0.1324399   2.02901768 -0.28340178]]
[[ 0.91316216 -0.72554632 -0.31100962 -0.15699552  2.02955717 -0.2814257 ]]
[[ 0.73437233 -0.73925696 -1.79531364 -0.17718749  2.00858453 -0.27911384]]
[[ 0.57825056 -0.74416981 -2.6516851  -0.19526746  2.00818049 -0.27666505]]
[[ 0.66365579 -0.94317007 -2.05388802 -0.22906958  2.03375231 -0.27257803]]
[[ 0.64297976 -0.89840884 -1.13696858 -0.22145963  2.07576249 -0.27304974]]
[[ 0.57670434 -0.70665181 -0.63859787 -0.18258894  2.09532146 -0.278039  ]]
[[ 0.36838484 -0.32497975 -0.13642967 -0.11541147  2.12541262 -0.28638804]]
[[ 0.10979282 -0.06308033  0.03325211 -0.06084909  2.15210723 -0.29621783]]
[[-0.23132146  0.19297122 -0.40928182  0.00569636  2.15547154 -0.31204202]]
[[-0.50586448  0.4222836  -1.07196605  0.07267804  2.13759933 -0.32929947]]
[[-0.68829258  0.63979649 -2.0441047   0.13526219  2.09129979 -0.34602604]]
[[-0.83918918  0.92638464 -3.27686447  0.19406198  2.03651995 -0.35981751]]
[[-0.79828615  0.99038934 -4.76303076  0.22799946  1.94370922 -0.37009287]]
[[-0.69584153  1.02998056 -5.16500629  0.25866926  1.8876481  -0.37860203]]
[[-0.46331394  1.19422866 -3.82916672  0.3021572   1.89338466 -0.38929896]]
[[-0.04533625  1.55054617 -1.60046869  0.35364086  1.92387693 -0.40572902]]
[[ 0.54257623  1.51161143  0.5272535   0.34244641  1.94186142 -0.41539146]]
[[ 1.06328405  1.20409838  1.58617605  0.28940916  1.93244134 -0.41654495]]
[[ 1.48450842  0.70943943  1.92442713  0.19806927  1.91451768 -0.40965653]]
[[ 1.64226737  0.35867671  1.54505138  0.12560238  1.9039121  -0.4020214 ]]
[[ 1.70907843 -0.07770949  0.02120169  0.04748994  1.85551063 -0.39127374]]
[[ 1.73303798 -0.75760496 -1.87441555 -0.04598997  1.78734842 -0.37310748]]
[[ 1.79163479 -1.48348501 -2.74005908 -0.12530096  1.74372092 -0.3536488 ]]
[[ 1.79513234 -2.19702856 -2.04360786 -0.18270077  1.76808429 -0.33154346]]
[[ 1.68754366 -2.43404216 -1.49843331 -0.18549597  1.80012475 -0.32147572]]
[[ 1.69033624 -2.72182836 -1.66252075 -0.19825662  1.78116396 -0.3136171 ]]
[[ 1.65384475 -2.7238766  -1.25225822 -0.18123043  1.79313555 -0.31232387]]
[[ 1.66319982 -2.71139148 -1.11381885 -0.16212719  1.78595463 -0.31252498]]
[[ 1.58526697 -2.35964822  0.02356529 -0.11013445  1.83983612 -0.31929949]]
[[ 1.53627055 -2.02028971  0.74577243 -0.06240164  1.87353659 -0.32669099]]
[[ 1.50951426 -1.48032857  1.7974034  -0.00479146  1.92332005 -0.3392507 ]]
[[ 1.54204265 -0.76953339  2.74574763  0.05610807  1.97316709 -0.35711742]]
[[ 1.64296916 -0.51455948  2.31246028  0.07163231  1.95230517 -0.36592307]]
[[ 1.67978162 -0.41788425  1.63882376  0.06638591  1.92810549 -0.36884568]]
[[ 1.68291483 -0.37506958  0.28924828  0.05946213  1.87578827 -0.37085148]]
[[ 1.60885032 -0.38974136 -0.97407409  0.04027593  1.8490957  -0.36791556]]
[[ 1.52252271 -0.63725411 -2.3609878  -0.0034844   1.81643542 -0.36016194]]
[[ 1.63842331 -1.17121882 -2.66286679 -0.06612399  1.79574454 -0.34775725]]
[[ 1.69508818 -1.47780802 -2.75674502 -0.09133889  1.77511335 -0.34165457]]
[[ 1.72848878 -1.54884896 -2.01516886 -0.08716585  1.79916859 -0.33920915]]
[[ 1.66847802 -1.24622928 -0.56298405 -0.03993338  1.86389191 -0.34492152]]
[[ 1.64811501 -0.77531799  0.85212554  0.02278141  1.92253122 -0.35629319]]
[[ 1.71762276 -0.3920076   1.81232982  0.0705255   1.95626006 -0.36640205]]
[[ 1.84883524 -0.41540859  1.82099376  0.06207056  1.94394943 -0.36744281]]
[[ 1.87849464 -0.4201468   1.37083219  0.05221726  1.92416545 -0.36773427]]
[[ 1.87143662 -0.36533067  0.63783901  0.05410135  1.89956841 -0.36884103]]
[[ 1.80962983 -0.32376833 -0.39462532  0.05693618  1.86210507 -0.36946203]]
[[ 1.62171397 -0.04455955 -1.18947176  0.08880181  1.84952314 -0.37412431]]
[[ 1.49695114  0.06109664 -1.79228162  0.08627345  1.85460156 -0.37356987]]
[[ 1.43909993  0.06030207 -1.83892549  0.07895199  1.87661908 -0.37099507]]
[[ 1.45253525 -0.14102853 -2.82202937  0.06157724  1.83080975 -0.36807748]]
[[ 1.42917123 -0.44438654 -3.76304769  0.0309181   1.79670739 -0.36025569]]
[[ 1.27952    -0.51361917 -5.42688698  0.06132313  1.71354565 -0.36172186]]
[[ 1.22341189 -0.48060597 -6.13874727  0.10238179  1.65287507 -0.36712248]]
[[ 1.40397198 -0.13133448 -5.26429052  0.17563797  1.62635719 -0.38557979]]
[[ 1.96304571 -0.04304496 -1.96220768  0.19148931  1.69174074 -0.39679525]]
[[ 2.40159663 -0.10211622  0.21480186  0.19257356  1.72498313 -0.40313745]]
[[ 2.65755275 -0.32054931  1.72338699  0.13829335  1.79489413 -0.39660293]]
[[ 2.56377031 -0.75975586  1.12891072  0.054525    1.8260747  -0.37748581]]
[[ 2.44100091 -1.19106007  0.71606812 -0.02182457  1.86340658 -0.35837683]]
[[ 2.29769565 -1.45848807 -0.19471031 -0.06338956  1.85924805 -0.34736179]]
[[ 2.05467417 -1.4993403  -1.20637286 -0.06423328  1.84654029 -0.34340609]]
[[ 1.78508537 -1.25150402 -1.86922281 -0.02533589  1.84034407 -0.34809839]]
[[ 1.5838689  -0.62172962 -2.75689033  0.07375028  1.79510844 -0.36773242]]
[[ 1.52655408  0.45333853 -3.4726922   0.21096557  1.72582187 -0.4046359 ]]
[[ 1.76944496  1.67670958 -2.34277476  0.3338177   1.72800902 -0.44554233]]
[[ 2.28838477  1.96843624  0.5214287   0.32783075  1.81543178 -0.45789172]]
[[ 2.66345543  1.68189143  3.26409766  0.25120758  1.9416427  -0.44662921]]
[[ 2.74029375  0.71439528  4.84917527  0.11190217  2.06243037 -0.41077447]]
[[ 2.5224404  -0.34938677  4.20131893 -0.01626012  2.09816132 -0.3733348 ]]
[[ 2.21928768 -1.165266    2.4193269  -0.10240909  2.07324896 -0.34494623]]
[[ 1.8983847  -1.80547213  0.22194592 -0.16377548  2.02788846 -0.32164154]]
[[ 1.49443487 -2.09375115 -1.16118045 -0.18827316  2.02269908 -0.30687386]]
[[ 1.09426869 -2.01583724 -1.98648923 -0.16909704  2.0355669  -0.30273187]]
[[ 0.64058489 -1.66913478 -2.23451166 -0.1032758   2.07017626 -0.30802221]]
[[ 0.35095855 -1.39814621 -2.39399797 -0.03235167  2.07500409 -0.31751992]]
[[ 0.1278466  -0.8279462  -3.52815132  0.09464632  1.98697211 -0.3440857 ]]
[[ 0.13335698 -0.09887994 -4.17451978  0.22646971  1.88886923 -0.37859544]]
[[ 0.36859977  0.82302535 -3.91618293  0.35567895  1.81762026 -0.41839849]]
[[ 0.77165196  1.77382106 -3.34529646  0.48717157  1.73588617 -0.46273392]]
[[ 1.33393847  2.61065526 -1.87742937  0.58645577  1.69775957 -0.5029903 ]]
[[ 2.25251885  2.63230417  1.6231561   0.55160818  1.77128476 -0.51288029]]
[[ 3.04083364  2.1302443   4.31266222  0.43201937  1.84912037 -0.50160174]]
[[ 3.43744867  0.90303604  5.90225749  0.21699424  1.96565703 -0.45661835]]
[[ 3.44556581e+00 -6.58814450e-01  5.93211498e+00  2.08786363e-03
   2.04690314e+00 -3.99074478e-01]]
[[ 3.14349878 -1.82218265  4.35679    -0.14336245  2.06288798 -0.35477967]]
[[ 2.70644279 -2.42687389  2.03733295 -0.22354856  2.04345818 -0.32708767]]
[[ 2.29354624 -2.69357044  0.00730064 -0.25580743  2.02409541 -0.31129425]]
[[ 1.90869689 -2.74416457 -1.5222801  -0.26055586  2.0125179  -0.30314226]]
[[ 1.50162762 -2.50055721 -2.04583795 -0.22836616  2.04596705 -0.30225634]]
[[ 1.09088418 -2.10154757 -2.47392678 -0.16510886  2.07218806 -0.30747559]]
[[ 0.69828519 -1.619369   -2.98612673 -0.0779138   2.07768649 -0.31965667]]
[[ 0.33973326 -1.0168688  -3.24575719  0.03514964  2.06533152 -0.34193021]]
[[ 0.13745217 -0.05627826 -3.19121973  0.19751475  2.03285469 -0.38626626]]
[[ 0.18739836  0.87805887 -2.39283389  0.33619003  2.01512244 -0.42980448]]
[[ 0.29425715  1.69266479 -2.32273213  0.46201417  1.95445987 -0.47155882]]
[[ 0.54168114  2.56302188 -1.48254325  0.57411165  1.92090178 -0.51196444]]
[[ 0.89136682  3.48803244 -0.65529189  0.68078239  1.88355958 -0.55340188]]
[[ 1.35119131  3.81680131  0.35437095  0.71157914  1.86001353 -0.57668863]]
[[ 2.04388502  3.49495148  3.23759646  0.61845113  1.9632759  -0.56838078]]
[[ 2.64982069  2.82080574  6.19464925  0.46050959  2.1188752  -0.54017637]]
[[ 2.79075746  1.38761527  6.63893969  0.25049182  2.2012131  -0.48847324]]
[[ 2.59885638  0.11430514  6.0212546   0.07730099  2.25432104 -0.43945146]]
[[ 2.23364374 -0.67561763  4.49806359 -0.0369296   2.27954652 -0.4038181 ]]
[[ 1.78789294 -1.10587664  2.73504618 -0.10872142  2.29130072 -0.379342  ]]
[[ 1.28840255 -1.20259336  0.30828124 -0.11852406  2.25495011 -0.36859652]]
[[ 0.72841188 -1.05676444 -2.50313719 -0.08606318  2.17825795 -0.37020858]]
[[ 1.35920005e-01 -6.61993421e-01 -5.40466226e+00 -2.78080268e-03
   2.07781497e+00 -3.81975277e-01]]
[[-0.4571655   0.06032785 -7.70820819  0.13980627  1.97695291 -0.40675673]]
[[-0.73485181  0.96684217 -8.62651308  0.31370734  1.88317387 -0.44529448]]
[[-0.40914666  2.36106874 -6.81293618  0.50956798  1.8539473  -0.50637916]]
[[ 0.16112979  3.6159449  -4.54384113  0.68301518  1.82045153 -0.5671656 ]]
[[ 0.863419    4.86761356 -1.48591441  0.82555897  1.83194167 -0.62328366]]
[[ 0.95148527  6.14094352 -2.57382179  0.92539358  1.76345846 -0.67070372]]
[[ 0.82793779  5.67106603 -4.79699517  0.85218263  1.71317144 -0.66195224]]
[[ 0.76391146  3.69811309 -6.30512532  0.64524063  1.7010544  -0.60323737]]
[[ 0.85740018  1.48459158 -6.02862849  0.41522103  1.75764766 -0.5347823 ]]
[[ 1.14527658 -0.35710387 -3.97511468  0.23272298  1.85748636 -0.47846193]]
[[ 1.25599164 -1.22723358 -2.43378255  0.17710821  1.90719882 -0.4545592 ]]
[[ 1.2744764  -1.00786028 -1.91247428  0.22569767  1.90935374 -0.46514029]]
[[ 1.3801185  -0.42575425 -1.30494059  0.30348121  1.89948823 -0.48914811]]
[[ 1.5682387   0.33991432 -0.31314531  0.3834255   1.90673398 -0.51707728]]
[[ 1.8322944   0.85836583  1.07831868  0.41901936  1.94998114 -0.53338144]]
[[ 1.96046415  1.24546351  1.30004749  0.46186955  1.93382704 -0.55039614]]
[[ 2.06652693  1.54343388  1.99463068  0.49056601  1.9478367  -0.56094765]]
[[ 2.07993307  1.83266871  2.35636411  0.5136936   1.96725211 -0.56847345]]
[[ 1.98199695  2.12683829  2.28270488  0.53035803  1.98737395 -0.57325774]]
[[ 1.83084126  2.30153619  1.63890387  0.54394579  1.98196284 -0.57732245]]
[[ 1.71328228  2.0445184  -0.14111765  0.50521422  1.92204585 -0.57045807]]
[[ 1.48302254  1.79873352 -2.07063024  0.48341107  1.85184915 -0.56430765]]
[[ 1.45865383  1.58215115 -1.93141035  0.45623526  1.87012121 -0.55545271]]
[[ 1.50899791  1.39067467 -1.77998826  0.44104378  1.87258229 -0.55080154]]
[[ 1.58185137  1.26130544 -1.69282357  0.44541882  1.8505357  -0.55282241]]
[[ 1.70652747  1.1616215  -1.27730698  0.45233086  1.83657352 -0.55685962]]
[[ 1.84492175  1.06287461 -0.29614916  0.44871472  1.8616717  -0.55555681]]
[[ 2.07642657  0.82477406  1.52837486  0.40063906  1.95327347 -0.54276126]]
[[ 2.04821453  1.00070139  2.30848956  0.41414657  2.00713446 -0.54482321]]
[[ 1.8983862   1.34079367  2.4916509   0.44890256  2.03681445 -0.55224895]]
[[ 1.7131842   1.59977158  2.11605052  0.4738344   2.04067886 -0.55823397]]
[[ 1.47831607  1.91653657  1.76318288  0.49923547  2.06046877 -0.56387346]]
[[ 1.24330372  2.1319888   1.0606189   0.51733345  2.06069665 -0.56920214]]
[[ 0.98935149  2.45701826  0.42279438  0.55218419  2.05527236 -0.57996904]]
[[ 0.71162684  2.66591491 -1.45270047  0.59114912  1.97750389 -0.5950236 ]]
[[ 0.50420779  2.88008558 -2.83428016  0.63215022  1.91099541 -0.61104241]]
[[ 0.41403727  2.96429413 -4.07606742  0.66387966  1.82955626 -0.62476685]]
[[ 0.61064352  2.67245139 -4.84719819  0.65040486  1.74570589 -0.62828793]]
[[ 0.85018581  2.57111704 -4.11630083  0.65822706  1.73464414 -0.63289882]]
[[ 1.18439152  2.35790068 -2.79454986  0.65201506  1.74694053 -0.6338175 ]]
[[ 1.6362185   2.35215209 -0.65139829  0.66366711  1.78954819 -0.64083342]]
[[ 2.06845358  2.78990493  0.87924536  0.71209738  1.79767778 -0.66390975]]
[[ 2.49199931  2.99543153  2.51711914  0.72690466  1.83043803 -0.67577731]]
[[ 2.60779682  3.21104421  2.23622918  0.75369188  1.78846993 -0.68929507]]
[[ 2.61528891  3.20501914  1.40395551  0.73881865  1.75540006 -0.68982644]]
[[ 2.60891883  2.60825037  1.0633836   0.65104723  1.77418384 -0.66512939]]
[[ 2.52890979  1.22987746  0.71638065  0.49847345  1.80053145 -0.61296479]]
[[ 2.30211063  0.21540713 -0.22046299  0.39666982  1.7937358  -0.57574857]]
[[ 2.02122186 -0.28769434 -0.76602095  0.34933081  1.81001838 -0.55354189]]
[[ 1.85097979 -0.64349391 -1.02849035  0.3208902   1.82169874 -0.53871212]]
[[ 1.62923893 -0.60411305 -1.60721707  0.34645289  1.80815365 -0.54016442]]
[[ 1.46820379 -0.52648519 -2.25073977  0.37429708  1.77744169 -0.5457134 ]]
[[ 1.35267882 -0.2245871  -2.80635041  0.42275942  1.74429936 -0.55969488]]
[[ 1.40599046  0.18240873 -2.6815187   0.47441722  1.73014747 -0.57650915]]
[[ 1.56150306  0.85081774 -2.03423504  0.54527178  1.72651181 -0.60367444]]
[[ 1.78817622  1.34748153 -1.59574424  0.5953216   1.71045371 -0.62707408]]
[[ 1.9500429   1.92006103 -1.3542904   0.65543275  1.68847413 -0.65276249]]
[[ 2.17277067  2.27256745 -0.25834229  0.67733185  1.72240782 -0.66446354]]
[[ 2.4290361   2.5056725   1.4080006   0.68605814  1.79176852 -0.6691522 ]]
[[ 2.53586973  2.5533592   1.8523143   0.67797554  1.81359022 -0.66935756]]
[[ 2.61903587  2.27705865  2.25247352  0.61640988  1.86036587 -0.65254133]]
[[ 2.53544219  1.97798015  2.02322898  0.55736714  1.89144927 -0.63459998]]
[[ 2.38324251  1.71037078  1.25356512  0.51493078  1.89164714 -0.62077884]]
[[ 2.05688186  1.61528856 49.49485352  0.50547193  1.83981612 -0.61790598]]
[[ 0.58285221  1.12809288 41.34440884  0.4086565   1.65571482 -0.57806766]]
[[-2.02003029  0.79368848 27.88638247  0.30400611  1.37885501 -0.52085551]]
[[-4.39312356  1.40817866 15.85116036  0.32384536  1.12456613 -0.50357699]]
[[-6.2816983   2.59881809  4.75710829  0.46089742  0.83284624 -0.52372586]]
[[-7.59698351  3.62953111 -3.44209938  0.59860983  0.5992581  -0.54998164]]
[[-8.04915281  3.60986463 -8.286065    0.61005239  0.4508229  -0.54555648]]
[[-7.76866157  2.81319659 -9.05021783  0.5331376   0.40853349 -0.51594144]]
[[-7.27086941  1.98843671 -8.55291289  0.47561503  0.36612148 -0.49255035]]
[[-6.89336583  1.47811505 -8.14463488  0.46043784  0.31966703 -0.4813942 ]]
[[-6.78568323  1.49109412 -8.3897613   0.52002716  0.25863269 -0.48995224]]
[[-6.56098548  1.32612938 -7.95584655  0.55452163  0.21950328 -0.49305801]]
[[-6.09930917  0.79050285 -5.67628952  0.52565335  0.25000585 -0.48074158]]
[[-5.65015222  0.28338546 -3.48180328  0.48985075  0.28290838 -0.46758014]]
[[-5.34292374  0.04455381 -1.90610258  0.48225972  0.29781778 -0.46275865]]
[[-5.02964433 -0.36575605 -0.42073164  0.42407568  0.33650909 -0.44561693]]
[[-4.71749363 -0.91182297  1.06139457  0.33506191  0.39392715 -0.4205021 ]]
[[-4.47501743 -1.37676653  2.17089105  0.25622255  0.44159905 -0.39922074]]
[[-4.22339404 -1.86650336  3.33627532  0.1713299   0.49999198 -0.37692151]]
[[-3.96450825 -2.86227797  5.03457115  0.03529049  0.60362739 -0.33712379]]
[[-3.84042659 -3.86583906  6.28739056 -0.07660584  0.68455088 -0.29989521]]
[[-3.88174705 -4.33108217  6.65615811 -0.1104212   0.71300784 -0.28295479]]
[[-4.01002558 -4.49826541  6.21219021 -0.10338925  0.69264963 -0.27919115]]
[[-4.18966866 -4.50641777  5.2969217  -0.0761529   0.65094688 -0.28166081]]
[[-4.31014417 -4.47442401  4.70002184 -0.0473718   0.6226255  -0.28427643]]
[[-4.28037363 -4.52871807  4.86710591 -0.03761675  0.62037837 -0.28360172]]
[[-4.4024006  -4.21160568  4.48882363  0.03106083  0.58197259 -0.29861243]]
[[-4.52013473 -3.82741725  4.18324045  0.10562793  0.54789874 -0.31568529]]
[[-4.57762635 -3.60589542  4.01881801  0.15029936  0.52531266 -0.3260406 ]]
[[-4.6079615  -3.45012611  3.93242326  0.18312126  0.51056623 -0.33374198]]
[[-4.61812193 -3.27307663  3.70543912  0.2252109   0.48804703 -0.34401332]]
[[-4.64337667 -3.13139767  3.5127284   0.25831966  0.46744808 -0.35218831]]
[[-4.67959218 -3.02600509  3.40379218  0.27654862  0.45460056 -0.35829715]]
[[-4.63783194 -3.02137422  3.35247918  0.28625944  0.44832516 -0.35681792]]
[[-4.68647184 -2.96850946  3.29642427  0.29473391  0.43987534 -0.36055578]]
[[-4.65870523 -2.9597968   3.23519824  0.30098376  0.4348593  -0.3603782 ]]
[[-4.63251451 -2.86850487  2.98285474  0.30768983  0.42028764 -0.36920753]]
[[-4.53605666 -2.80481417  2.66380908  0.31434213  0.40202223 -0.37612504]]
[[-4.5038154  -2.75212815  2.28379509  0.31948396  0.37682282 -0.38462673]]
[[-4.52351421 -2.73026637  2.07546432  0.32230096  0.36046686 -0.38944141]]
[[-4.56138886 -2.76237709  1.95359159  0.32532642  0.34761328 -0.38876671]]
[[-4.56136962 -2.79806234  1.77050803  0.32879891  0.33360232 -0.38843331]]
[[-4.53988941 -2.79395416  1.5731254   0.33339291  0.32111034 -0.39059675]]
[[-4.40378858 -2.89116595  1.52873924  0.33472264  0.31813168 -0.38089286]]
[[-4.38727841 -2.93340595  1.6664726   0.33663197  0.3224189  -0.37573411]]
