[[0. 0. 0. 0. 0. 0.]]
[[-1.16529731e-03  5.70086425e-04 -8.40342126e-03  1.76250936e-04
  -2.54164763e-04 -6.12556242e-05]]
[[-2.97564019e-03 -3.12602230e-04 -6.38998619e-03  4.26951839e-05
  -7.55687955e-05 -5.20398230e-05]]
[[-2.39924507e-03  3.43501576e-03 -8.82576118e-03  2.40391995e-04
  -1.67345506e-04 -3.85118911e-05]]
[[-2.34191564e-03  5.04720625e-03 -7.79590595e-03  2.72275285e-04
  -2.85691525e-04 -3.54146837e-05]]
[[-2.13621955e-03  5.32380044e-03 -4.13189502e-03  1.71140899e-04
  -6.53089980e-05 -6.74155313e-05]]
[[-4.28394600e-03  6.77815722e-03 -1.30085404e-03  1.08113418e-04
  -1.10643302e-04 -3.85900786e-05]]
[[-4.72492114e-03  9.96474040e-03 -1.96621967e-03  2.53907041e-04
  -1.93074318e-04  1.68338236e-05]]
[[-6.40099990e-03  1.18927726e-02  9.32149962e-05  2.89392037e-04
  -1.99910234e-04 -5.97831982e-05]]
[[-7.05055697e-03  1.17139358e-02  4.37293754e-03  1.75254783e-04
  -6.36472485e-05 -8.62450707e-05]]
[[-7.73289960e-03  1.16022293e-02  7.47254945e-03  1.99148119e-04
  -7.41368657e-05 -2.02515241e-05]]
[[-7.27260965e-03  1.34439051e-02  7.05369868e-03  4.13903279e-04
  -1.25449282e-04 -5.06238536e-05]]
[[-6.92421366e-03  1.46212416e-02  1.00802067e-02  3.90902700e-04
  -5.90747231e-05 -7.18925534e-05]]
[[-6.48703878e-03  1.27678298e-02  1.59150617e-02  3.06669789e-04
   1.10903788e-04 -6.36637614e-05]]
[[-7.85332684e-03  1.66591447e-02  1.83175875e-02  2.85380143e-04
   3.83151835e-05 -5.43555034e-05]]
[[-8.27167687e-03  2.03251191e-02  1.75261970e-02  5.21686022e-04
   3.78894123e-05 -2.01486110e-05]]
[[-1.11086860e-02  2.17783190e-02  2.17990813e-02  5.33913070e-04
   2.84103907e-04 -5.40119060e-05]]
[[-9.83389447e-03  2.17149692e-02  2.76792863e-02  2.88852046e-04
   1.54585912e-04 -6.09314976e-05]]
[[-1.05610678e-02  2.80292349e-02  2.38346870e-02  6.52981251e-04
   2.74009449e-04  2.21348452e-05]]
[[-7.93329496e-03  2.57659237e-02  2.89506258e-02  4.90928917e-04
   1.31373878e-04 -8.44489055e-06]]
[[-7.33290996e-03  2.53515099e-02  3.27635816e-02  4.69682492e-04
   2.92645209e-04  3.74613870e-05]]
[[-6.05715715e-03  2.81429820e-02  3.20133878e-02  6.13641528e-04
   1.85823178e-04  5.74964869e-05]]
[[-6.89247708e-03  2.49133182e-02  3.64725437e-02  4.31302643e-04
   3.15197906e-04  4.99116869e-06]]
[[-7.89684724e-03  2.86922452e-02  3.37517715e-02  5.94724103e-04
   2.03843956e-04 -2.32035128e-05]]
[[-6.50836342e-03  2.79585916e-02  3.41456403e-02  6.85377143e-04
   1.46346430e-04 -2.69045704e-05]]
[[-6.06137591e-03  2.77440995e-02  3.94678193e-02  4.77446025e-04
   2.43105068e-04  7.20018790e-06]]
[[-6.03460113e-03  3.06288383e-02  3.85120059e-02  6.93189551e-04
   3.24688680e-04 -2.26375836e-05]]
[[-7.51772400e-03  2.98089702e-02  4.27964070e-02  6.60147278e-04
   1.67376222e-04  9.27153790e-06]]
[[-4.45515317e-03  2.59185473e-02  5.23825791e-02  1.82439788e-04
  -4.22471711e-04  3.12466643e-05]]
[[-9.51531612e-03  3.21075606e-02  4.40773383e-02  7.12857036e-04
   3.88872368e-04 -3.05098229e-06]]
[[-9.77674399e-03  3.33843852e-02  5.32274250e-02  5.33372705e-04
   2.93281208e-04 -5.09002424e-05]]
[[-9.84862100e-03  3.70541107e-02  5.23748943e-02  7.68698811e-04
   2.36528706e-04 -3.63734070e-05]]
[[-1.07995548e-02  3.66790476e-02  5.72764599e-02  8.26482240e-04
   4.64164369e-04 -4.64317313e-05]]
[[-1.15254459e-02  3.51335940e-02  6.12105011e-02  6.84975791e-04
   5.21804097e-04 -6.48569603e-05]]
[[-0.02688     0.0218069   0.13718866 -0.00120842  0.00497967  0.00051791]]
[[-0.0304217  -0.02570004  0.3675604  -0.00903659  0.00962023  0.00169394]]
[[-0.03407327 -0.01275912  0.30265402 -0.00691016  0.00807736  0.00149787]]
[[-0.00414737  0.00073902  0.26137028 -0.00369353 -0.00026594  0.00063395]]
[[ 0.06023305  0.01134683  0.15093022  0.0107263  -0.007008   -0.00016385]]
[[ 0.13497724  0.05746691 -0.01979548  0.02664036 -0.01769527 -0.00015335]]
[[ 0.17706567  0.0450797  -0.03906028  0.02917345 -0.02286883 -0.00038985]]
[[ 0.16270891 -0.02357708  0.03112394  0.02170562 -0.01716941 -0.00166795]]
[[ 0.14995863 -0.07542644  0.09404157  0.0159227  -0.01246476 -0.00269981]]
[[ 0.1318155  -0.10734934  0.13991433  0.01261304 -0.00780922 -0.00341017]]
[[ 0.12882478 -0.15162705  0.20080329  0.00758443 -0.00672836 -0.00416056]]
[[ 0.13011903 -0.17887131  0.23537409  0.00425851 -0.00686197 -0.0040775 ]]
[[ 0.1445011  -0.23403671  0.29902195 -0.00209463 -0.01003027 -0.00483406]]
[[ 0.14411441 -0.2699122   0.34575339 -0.00576868 -0.0108292  -0.00483759]]
[[ 0.15925669 -0.34609613  0.43453376 -0.01403651 -0.01479454 -0.0053902 ]]
[[ 0.17518572 -0.3854382   0.47444117 -0.01803635 -0.01771167 -0.00567625]]
[[ 0.19860394 -0.4670415   0.58044134 -0.0266474  -0.02285075 -0.00644375]]
[[ 0.2307139  -0.54319229  0.67727691 -0.03493402 -0.02837569 -0.00704235]]
[[ 0.25538039 -0.62555391  0.77288294 -0.0431338  -0.03412646 -0.00798075]]
[[ 0.27179072 -0.71697231  0.87204561 -0.05219989 -0.03970545 -0.00910031]]
[[ 0.298649   -0.82155884  0.99608118 -0.06287526 -0.04798947 -0.01028337]]
[[ 0.3113083  -0.93613839  1.12147031 -0.07351699 -0.05421864 -0.01171604]]
[[ 0.33348606 -1.06731417  1.26819999 -0.08527097 -0.06215328 -0.0134838 ]]
[[ 0.36626832 -1.21210403  1.40851269 -0.09815488 -0.07181691 -0.01561505]]
[[ 0.38845972 -1.36820917  1.55917895 -0.11163057 -0.08080317 -0.01802085]]
[[ 0.43451816 -1.53414572  1.7112107  -0.12560685 -0.09327941 -0.02079411]]
[[ 0.46721926 -1.7213063   1.89292598 -0.1408525  -0.10370725 -0.02402447]]
[[ 0.50903816 -1.90772317  2.06117784 -0.15593846 -0.11470778 -0.02762034]]
[[ 0.55434226 -2.09769592  2.23008742 -0.17105922 -0.12605525 -0.03145013]]
[[ 0.59985314 -2.30653627  2.42175816 -0.18721641 -0.13717403 -0.03571907]]
[[ 0.65348361 -2.49649609  2.57892375 -0.20176407 -0.14925336 -0.04020263]]
[[ 0.70104355 -2.7230954   2.77508512 -0.21882081 -0.16177984 -0.04515108]]
[[ 0.74248275 -2.94493186  2.95298542 -0.23463738 -0.17290181 -0.0500675 ]]
[[ 0.78950601 -3.16949475  3.12753728 -0.25011378 -0.18530508 -0.05550232]]
[[ 0.83009144 -3.40100335  3.302744   -0.26580901 -0.1961391  -0.06091041]]
[[ 0.87696323 -3.63941234  3.48223184 -0.28201273 -0.20895911 -0.06691034]]
[[ 0.91818277 -3.87069611  3.64213333 -0.29702875 -0.2190823  -0.07262343]]
[[ 0.96800554 -4.10762717  3.81103673 -0.31237303 -0.22954385 -0.07902637]]
[[ 1.03611451 -4.35679973  3.9824365  -0.3284657  -0.24300221 -0.08612265]]
[[ 1.07893872 -4.61148216  4.14911116 -0.34357372 -0.25399802 -0.0928829 ]]
[[ 1.11276013 -4.85420215  4.30470241 -0.3581549  -0.26483406 -0.09963177]]
[[ 1.16304541 -5.11017135  4.47019608 -0.37397806 -0.27619953 -0.10697407]]
[[ 1.23093422 -5.36103408  4.62642842 -0.3887233  -0.2885293  -0.11473945]]
[[ 1.29872888 -5.62430627  4.78631023 -0.403474   -0.29968186 -0.12300812]]
[[ 1.35304706 -5.88711758  4.94557717 -0.41773291 -0.30874832 -0.13047465]]
[[ 1.42125223 -6.15277796  5.09648254 -0.43224338 -0.3199359  -0.13893031]]
[[ 1.46593071 -6.42367295  5.24020108 -0.44662604 -0.33061009 -0.14709112]]
[[ 1.50986036 -6.70816598  5.38234139 -0.46151893 -0.34250406 -0.15587779]]
[[ 1.55271228 -6.99467415  5.52033889 -0.47594233 -0.35335764 -0.16459044]]
[[ 1.58380962 -7.29429318  5.6574567  -0.48949221 -0.36201883 -0.17334574]]
[[ 1.62982284 -7.59913522  5.78978646 -0.50384671 -0.37312014 -0.18278311]]
[[ 1.67977326 -7.89514125  5.91209565 -0.51713522 -0.38439534 -0.19230473]]
[[ 1.72260528 -8.19019152  6.02349397 -0.52974965 -0.39392909 -0.20151166]]
[[ 1.76194242 -8.50564425  6.14520503 -0.54358104 -0.40325543 -0.21086988]]
[[ 1.8061618  -8.80999455  6.25115712 -0.55661133 -0.41288565 -0.22055913]]
[[ 1.84955081 -9.13027726  6.36875569 -0.57039503 -0.42328475 -0.2306859 ]]
[[ 1.89140532 -9.43673725  6.45363414 -0.58353093 -0.43314327 -0.24133868]]
[[ 1.93995483 -9.74740818  6.55906663 -0.59661045 -0.44185189 -0.25133918]]
[[ 2.11781952 -9.9908301   6.68115189 -0.60887943 -0.44858501 -0.26264737]]
[[  2.25856823 -10.2742383    6.8133001   -0.62214127  -0.45546714
   -0.2739763 ]]
[[  2.37027631 -10.58574226   6.92615767  -0.63524776  -0.46426709
   -0.28577958]]
[[  2.44608298 -10.89273942   7.00653953  -0.64641052  -0.47158264
   -0.29712388]]
[[  2.51411254 -11.23064023   7.09620864  -0.65933819  -0.48094864
   -0.30937493]]
[[  2.56896923 -11.57330514   7.17706894  -0.67210398  -0.48907085
   -0.32108316]]
[[  2.60899453 -11.90260522   7.24184237  -0.68355636  -0.49588418
   -0.33187056]]
[[  2.66380455 -12.2476913    7.30193224  -0.69602331  -0.50414102
   -0.34376223]]
[[  2.7114973  -12.57792603   7.35669446  -0.70745974  -0.51148812
   -0.35541823]]
[[  2.75002612 -12.90414513   7.41274343  -0.71934284  -0.51945398
   -0.36712814]]
[[  2.77394223 -13.2030924    7.4526632   -0.73200219  -0.52675237
   -0.37738489]]
[[  2.80382754 -13.51780197   7.50846818  -0.74445976  -0.53465891
   -0.38825975]]
[[  2.8322218  -13.80855942   7.55424505  -0.75575783  -0.5411153
   -0.39861184]]
[[  2.87450408 -14.10052626   7.60804567  -0.76747807  -0.54861822
   -0.40890713]]
[[  2.89658033 -14.34628309   7.63768567  -0.77658278  -0.55335304
   -0.4175708 ]]
[[  2.93135451 -14.61244288   7.68686408  -0.78764799  -0.55848786
   -0.42600673]]
[[  2.963545   -14.84183528   7.72794955  -0.79685007  -0.56362769
   -0.43437639]]
[[  2.99668976 -15.05586269   7.76131382  -0.80510877  -0.5688427
   -0.44224753]]
[[  3.02499442 -15.25999568   7.7958283   -0.81277644  -0.57201781
   -0.44899404]]
[[  3.0649227  -15.45764716   7.82709865  -0.82028933  -0.57666037
   -0.45655222]]
[[  3.09874384 -15.64170665   7.86526839  -0.82696629  -0.58014987
   -0.46289423]]
[[  3.12474813 -15.80191547   7.89729422  -0.83273261  -0.58254647
   -0.46784823]]
[[  3.14604595 -15.9453366    7.92668306  -0.83808801  -0.58541307
   -0.47274079]]
[[  3.17160421 -16.06996532   7.95507614  -0.84276032  -0.58817423
   -0.4770655 ]]
[[  3.18710735 -16.19657798   7.9839624   -0.84794387  -0.59012398
   -0.48098564]]
[[  3.20760317 -16.29609661   8.01707008  -0.85167071  -0.59189466
   -0.48369972]]
[[  3.21668516 -16.37379476   8.04572349  -0.85466834  -0.59371515
   -0.486088  ]]
[[  3.21587993 -16.44221368   8.07336148  -0.85766064  -0.59392494
   -0.48727278]]
[[  3.22619042 -16.49418287   8.10794174  -0.86034308  -0.59603495
   -0.48871526]]
[[  3.22895267 -16.52402569   8.13430309  -0.8619762   -0.59635908
   -0.48926868]]
[[  3.23389435 -16.54495898   8.15561989  -0.86316086  -0.59693894
   -0.48975288]]
[[  3.23633278 -16.55722476   8.17209852  -0.86380165  -0.59723031
   -0.48998216]]
[[  3.23878616 -16.56961928   8.18382647  -0.86440716  -0.59755768
   -0.49036495]]
[[  3.25090378 -16.59087563   8.21230302  -0.86542165  -0.60091594
   -0.49307989]]
[[  3.28472921 -16.59015429   8.22598032  -0.8661005   -0.60908346
   -0.49912826]]
[[  3.29891032 -16.59625237   8.24505614  -0.86624039  -0.61281804
   -0.50146398]]
[[  3.31502063 -16.65067679   8.32420242  -0.86761345  -0.61766678
   -0.50481276]]
[[  3.30061723 -16.70399245   8.42866301  -0.86691352  -0.61670084
   -0.5035129 ]]
[[  3.2930078  -17.04321984   8.84699166  -0.87584733  -0.62008852
   -0.5057639 ]]
[[  3.24709412 -18.4631383   10.35325332  -0.9264071   -0.61605846
   -0.5050547 ]]
[[  3.09309268 -20.37156477  12.31134519  -1.00852104  -0.61103516
   -0.50136537]]
[[  2.99236041 -20.38516649  12.6564128   -0.99243304  -0.61386192
   -0.49878324]]
[[  2.82012415 -19.77225553  12.3920949   -0.93688199  -0.59496572
   -0.4847122 ]]
[[  2.67893207 -19.11417145  11.96789979  -0.8872872   -0.56985584
   -0.4595702 ]]
[[  2.5855932  -19.77509041  12.64829013  -0.90788043  -0.55368281
   -0.44863642]]
[[  2.45721917 -20.58828825  13.48113447  -0.9327714   -0.53989931
   -0.44913542]]
[[  2.53721706 -20.79892651  13.76855484  -0.93834421  -0.55745839
   -0.46030162]]
[[  2.43641084 -23.12147215  16.03749125  -1.04375423  -0.54641415
   -0.45422176]]
[[  2.56874007 -21.47300713  14.10062999  -1.01187869  -0.56904838
   -0.46548601]]
[[  2.6687258  -19.84918593  12.25417089  -0.96882743  -0.58245479
   -0.47160708]]
[[  2.72769825 -18.76447104  10.99069501  -0.94003497  -0.58989163
   -0.47512199]]
[[  2.7772605  -17.99741915  10.12487418  -0.91981412  -0.59658105
   -0.4782585 ]]
[[  2.80636665 -17.47417947   9.53115543  -0.90608355  -0.60009324
   -0.47962874]]
[[  2.82665511 -17.11846474   9.12269911  -0.89690818  -0.6030124
   -0.48107515]]
[[  2.837953   -16.87195158   8.84934475  -0.89020398  -0.60470836
   -0.48177047]]
[[  2.85179868 -16.71209003   8.67066664  -0.8861743   -0.60626583
   -0.48249902]]
[[  2.85545176 -16.60077565   8.54378489  -0.88321522  -0.60680955
   -0.48269729]]
[[  2.86219388 -16.52436584   8.45880229  -0.88125421  -0.60777077
   -0.48330085]]
[[  2.86543955 -16.46952838   8.39827325  -0.87979931  -0.60784638
   -0.48317986]]
[[  2.86886589 -16.43404111   8.36475553  -0.8788786   -0.60859804
   -0.48369289]]
[[  2.86703755 -16.41061821   8.33653675  -0.87825036  -0.60834557
   -0.48353756]]
[[  2.65789952 -16.50451397   8.52614182  -0.89661625  -0.60661481
   -0.47250587]]
[[  2.11312564 -15.8556186    8.34931631  -0.90582621  -0.63885648
   -0.47324434]]
[[  1.71511645 -15.79315706   8.54868074  -0.92654094  -0.65577786
   -0.47230339]]
[[  1.46795819 -15.45186457   8.38337727  -0.92924574  -0.66317115
   -0.46761565]]
[[  1.34450917 -15.19718207   8.28136521  -0.9219341   -0.67252044
   -0.46868895]]
[[  1.16688651 -16.61247827   9.79773436  -0.96899511  -0.64701824
   -0.45376978]]
[[  0.86175065 -18.63107242  12.00391304  -1.01998047  -0.60291515
   -0.42824599]]
[[  0.57016934 -22.42709812  15.6546347   -1.18692397  -0.56826583
   -0.41569123]]
[[  0.14287427 -25.91226669  19.00747139  -1.34534304  -0.49864967
   -0.35189453]]
[[ -0.34527148 -27.85082299  21.33678282  -1.50947415  -0.62359095
   -0.43734672]]
[[ -0.86782472 -29.86343946  23.444444    -1.65444674  -0.60640898
   -0.40327849]]
[[ -1.38655567 -31.73310398  25.29659985  -1.78140974  -0.57929774
   -0.36877624]]
[[ -1.55047414 -30.40920766  24.12456471  -1.73920975  -0.59369669
   -0.35883683]]
[[ -1.41145896 -27.9866916   22.06794046  -1.5849778   -0.62792284
   -0.38369521]]
[[ -0.88701739 -25.68202949  19.98596915  -1.4307728   -0.67354327
   -0.41443286]]
[[ -0.14338549 -24.14593088  18.19148472  -1.36590368  -0.75255309
   -0.48885582]]
[[  0.22346019 -22.28564987  16.2265737   -1.27411753  -0.79874793
   -0.53637564]]
[[  0.40163333 -21.17124269  15.01963171  -1.20372788  -0.80737426
   -0.5505763 ]]
[[  0.55786453 -20.39005963  14.03865788  -1.1215704   -0.7426674
   -0.50140872]]
[[  0.79422756 -21.09175736  14.60348546  -1.13008828  -0.75771101
   -0.51963541]]
[[  1.00080004 -23.13494756  16.6847663   -1.1784121   -0.77100141
   -0.53670977]]
[[  0.73896364 -24.67337349  18.48755926  -1.19370149  -0.68225945
   -0.47256143]]
[[  0.34771632 -26.90983587  21.0698726   -1.24687896  -0.54518867
   -0.37553598]]
[[ -0.06197904 -27.94427392  22.44760763  -1.23192388  -0.41474186
   -0.29492912]]
[[ 2.69308003e-02 -2.93054379e+01  2.40106096e+01 -1.20697363e+00
  -3.74895012e-01 -2.53035115e-01]]
[[  0.64297022 -30.36405062  24.63210094  -1.08637132  -0.36383245
   -0.27672786]]
[[  1.09986365 -30.79472227  24.6202342   -1.00906447  -0.37153628
   -0.30745947]]
[[  1.34685761 -31.45128639  24.72372508  -0.98229129  -0.37565575
   -0.34395042]]
[[  1.43901465 -31.71004789  24.60729208  -0.95889933  -0.38121715
   -0.37497164]]
[[  1.48319119 -31.59590866  24.21321587  -0.93117763  -0.36163924
   -0.36971468]]
[[  1.60608148 -31.17246258  23.64210047  -0.89559472  -0.36706234
   -0.37090278]]
[[  1.67949738 -32.01144792  24.32768412  -0.96219769  -0.356277
   -0.34823273]]
[[  1.59201652 -31.75692143  24.06593369  -0.93740357  -0.30000988
   -0.27542783]]
[[  1.6012562  -32.5641384   24.86249005  -0.98697195  -0.2859963
   -0.25036456]]
[[  1.56772695 -32.77122966  25.07594139  -1.00509346  -0.29265772
   -0.25764364]]
[[  1.39645165 -32.05607819  24.38897309  -0.94205561  -0.25375263
   -0.23217821]]
[[  1.19785894 -32.09994984  24.38119107  -0.92172378  -0.19120386
   -0.18757275]]
[[  1.03585174 -32.25382034  24.49283355  -0.91680019  -0.14245245
   -0.15440234]]
[[  0.81327105 -32.10935445  24.30128793  -0.88802664  -0.0696441
   -0.10038529]]
[[ 5.97431448e-01 -3.20966768e+01  2.41817208e+01 -8.88709595e-01
  -9.91782245e-03 -6.95313959e-02]]
[[ 4.54772400e-01 -3.22932485e+01  2.42580803e+01 -9.15566644e-01
   4.42329540e-02 -3.10400222e-02]]
[[  0.43777882 -32.0810083   23.97790463  -0.92429295   0.04346762
   -0.03846157]]
[[  0.48336123 -32.14873933  23.94825166  -0.952138     0.04054847
   -0.03989084]]
[[ 5.58037692e-01 -3.22535293e+01  2.39572388e+01 -9.74516574e-01
   1.38350878e-02 -6.70373127e-02]]
[[ 6.43993979e-01 -3.23614614e+01  2.39668217e+01 -9.99801171e-01
  -2.67979827e-03 -7.78081692e-02]]
[[  0.77299643 -32.62484111  24.16661386  -1.0303906   -0.03687025
   -0.10280592]]
[[  0.77263383 -32.59004815  24.06217899  -1.03154797  -0.05210809
   -0.12420622]]
[[  0.79466319 -31.89720214  23.38851828  -0.98868358  -0.07721687
   -0.15355188]]
[[  0.87513486 -31.47965468  22.96362174  -0.96845807  -0.09470372
   -0.1660011 ]]
[[  0.95810336 -31.071881    22.56699079  -0.95272722  -0.11434933
   -0.17620678]]
[[  1.0099281  -30.56708846  22.0683873   -0.92912921  -0.1191367
   -0.17185754]]
[[  1.05675116 -30.25435761  21.76750566  -0.91724036  -0.12969039
   -0.17733728]]
[[  1.06866144 -29.57099583  21.0915242   -0.8511173   -0.11343666
   -0.15572944]]
[[  1.25467821 -29.19156462  20.50421702  -0.7353548   -0.05106259
   -0.09951936]]
[[ 1.29011594e+00 -2.91057211e+01  2.02703765e+01 -6.78441053e-01
  -1.82830175e-02 -1.08099497e-01]]
[[ 1.41561482e+00 -2.95635564e+01  2.06144445e+01 -7.25471715e-01
  -2.76810297e-02 -1.20914555e-01]]
[[  1.42214799 -30.16520838  21.22807348  -0.83226974  -0.03458747
   -0.09633169]]
[[ 1.21530320e+00 -2.98558091e+01  2.10280829e+01 -8.62570645e-01
  -2.83343035e-02 -6.57455880e-02]]
[[  1.10951403 -29.13055842  20.44981505  -0.85465399  -0.03941928
   -0.05655007]]
[[ 9.95943909e-01 -2.89370008e+01  2.03017595e+01 -8.65874249e-01
  -2.46108659e-02 -2.80520743e-02]]
[[ 8.83518927e-01 -2.84868608e+01  1.98427840e+01 -8.53725042e-01
  -4.72419012e-03 -2.76892530e-03]]
[[ 8.35098624e-01 -2.82717584e+01  1.96103299e+01 -8.51731899e-01
   4.10348812e-03  1.15435061e-02]]
[[ 7.86037775e-01 -2.79133754e+01  1.92506201e+01 -8.31607828e-01
   9.10214444e-03  1.82603748e-02]]
[[ 7.26851422e-01 -2.76480826e+01  1.89516835e+01 -8.13197315e-01
   2.38717660e-02  3.17652784e-02]]
[[ 7.48985803e-01 -2.73737605e+01  1.86740506e+01 -7.95844540e-01
   1.84694979e-02  3.08143970e-02]]
[[ 7.77507383e-01 -2.72516445e+01  1.85173188e+01 -7.96222277e-01
   1.64671534e-02  3.27683926e-02]]
[[ 8.12455170e-01 -2.70242314e+01  1.82706081e+01 -7.93990428e-01
   1.07227633e-02  3.14867851e-02]]
[[ 8.55010364e-01 -2.68150402e+01  1.80372923e+01 -7.90105848e-01
   4.69583130e-04  2.37537869e-02]]
[[ 9.26698801e-01 -2.69807460e+01  1.81621994e+01 -8.17304114e-01
  -1.21581107e-02  1.77730651e-02]]
[[ 9.50852229e-01 -2.69540683e+01  1.81126736e+01 -8.24049914e-01
  -1.40492483e-02  2.02248896e-02]]
[[ 9.97005783e-01 -2.73326675e+01  1.84518766e+01 -8.70414628e-01
  -2.54815021e-02  1.07018300e-02]]
[[ 1.05181342e+00 -2.75807739e+01  1.86724485e+01 -9.06683884e-01
  -4.82500080e-02 -1.02371725e-02]]
[[ 1.06284051e+00 -2.75677359e+01  1.86632104e+01 -9.23206286e-01
  -5.94751328e-02 -2.39234255e-02]]
[[  1.07742495 -27.47322344  18.55698375  -0.92683498  -0.08185085
   -0.05145722]]
[[  1.09950867 -27.11094088  18.21533059  -0.90812261  -0.10011493
   -0.0710258 ]]
[[  1.177301   -26.93441285  18.03786409  -0.90467682  -0.12443832
   -0.08855884]]
[[  1.26408333 -27.10615553  18.2139997   -0.92597053  -0.13780645
   -0.09239119]]
[[  1.31836287 -26.94509196  18.06120147  -0.92438684  -0.149675
   -0.09807852]]
[[  1.3561155  -27.08244686  18.14574003  -0.94335721  -0.15381491
   -0.10065815]]
[[  1.38863667 -27.21918008  18.23651695  -0.96531002  -0.15761717
   -0.10227374]]
[[  1.42897108 -27.23750985  18.25398323  -0.98659218  -0.16944304
   -0.10865748]]
[[  1.40291239 -27.05514273  18.14026679  -0.99976908  -0.16903872
   -0.11111427]]
[[  1.29974064 -26.50038872  17.76682818  -0.9697546   -0.17489829
   -0.13265381]]
[[  1.13795579 -26.23328671  17.86958947  -0.971996    -0.18130446
   -0.17428961]]
[[  0.9506436  -26.32901903  18.26282696  -1.00288882  -0.15915413
   -0.18937848]]
[[  1.01349222 -26.4550845   18.54419645  -1.02037968  -0.14923309
   -0.14045264]]
[[  1.13218864 -26.53204948  18.70132007  -1.02623098  -0.15992786
   -0.10797852]]
[[  1.16558476 -26.77099184  18.91538905  -1.04695857  -0.15732401
   -0.08339869]]
[[  1.05561203 -27.06579413  19.1936227   -1.07628176  -0.13645661
   -0.05339542]]
[[  0.98188067 -27.10789197  19.23296096  -1.08664598  -0.12609428
   -0.03309105]]
[[ 9.44157734e-01 -2.72573774e+01  1.93477457e+01 -1.10041369e+00
  -1.19572748e-01 -1.95665335e-02]]
[[ 9.00134275e-01 -2.75652945e+01  1.96256072e+01 -1.12883109e+00
  -1.21342909e-01 -1.51412722e-02]]
[[ 8.70079014e-01 -2.74014356e+01  1.94664337e+01 -1.12271500e+00
  -1.37157621e-01 -2.57767140e-02]]
[[  0.85420459 -27.02855203  19.13066619  -1.0995592   -0.15086078
   -0.03517936]]
[[  0.86420258 -27.07560682  19.17324066  -1.10993682  -0.16570292
   -0.04943003]]
[[  0.8923894  -26.98961955  19.06299223  -1.11224521  -0.17613772
   -0.05545695]]
[[  0.92213186 -26.82120337  18.88890542  -1.10413875  -0.18992111
   -0.06466584]]
[[  0.94584474 -26.91838798  18.99253107  -1.10973195  -0.19921644
   -0.07088529]]
[[  0.96324181 -27.15376215  19.21003321  -1.13172236  -0.20711628
   -0.07949007]]
[[  0.98279874 -27.58407632  19.60629725  -1.15990549  -0.21428609
   -0.08694671]]
[[  1.00124852 -27.88571074  19.88308232  -1.18250457  -0.22344634
   -0.09828362]]
[[  1.01142143 -27.86100801  19.87801691  -1.18519377  -0.23061049
   -0.10298526]]
[[  1.03748071 -28.22888545  20.27557933  -1.22246399  -0.24386011
   -0.11072211]]
[[  1.01020842 -28.58476938  20.69185927  -1.26904315  -0.26278296
   -0.12330273]]
[[  0.97589571 -28.96172589  21.14022812  -1.30902252  -0.278592
   -0.13158153]]
[[  0.87677407 -28.91736785  21.16015999  -1.30994319  -0.28301345
   -0.13930226]]
[[  0.79993635 -28.77425591  21.02658818  -1.30521741  -0.28261792
   -0.14312601]]
[[  0.71794917 -28.8123563   21.06074129  -1.30816713  -0.26735008
   -0.13070243]]
[[  0.62085392 -28.95034787  21.20623116  -1.31929783  -0.24208543
   -0.11096615]]
[[  0.51858021 -29.34002868  21.6137909   -1.35003294  -0.22477309
   -0.09402502]]
[[  0.4432755  -29.11819645  21.44491199  -1.3411111   -0.22094847
   -0.08730054]]
[[  0.41965457 -29.16467521  21.50735988  -1.35076931  -0.22372629
   -0.08557495]]
[[  0.3982074  -29.08594006  21.43140567  -1.35122659  -0.22572059
   -0.08582999]]
[[  0.37543475 -28.82100794  21.19095665  -1.33848635  -0.23375971
   -0.09318961]]
[[  0.37518088 -28.80203403  21.17561147  -1.33929252  -0.24089829
   -0.10052044]]
[[  0.38306945 -28.60959708  20.99369186  -1.32659971  -0.2482954
   -0.10557855]]
[[  0.36185455 -28.85527209  21.21295117  -1.3452832   -0.23467372
   -0.0938557 ]]
[[  0.32970117 -28.67032141  21.0218859   -1.33782694  -0.2307174
   -0.09394381]]
[[  0.34705451 -28.28846616  20.64342821  -1.32514495  -0.25075458
   -0.11568646]]
[[  0.38936147 -27.93474443  20.28664348  -1.31455757  -0.27594021
   -0.13919466]]
[[  0.4439426  -27.69317475  20.04534184  -1.30965151  -0.29748623
   -0.15591456]]
[[  0.51095156 -27.47141891  19.83398069  -1.303378    -0.31985632
   -0.17133714]]
[[  0.57160273 -27.39753119  19.7333119   -1.30919812  -0.34048744
   -0.18755277]]
[[  0.64453575 -27.42683417  19.71301132  -1.32627609  -0.35854381
   -0.19918598]]
[[  0.69181869 -27.50644532  19.70989695  -1.3451247   -0.36304435
   -0.19881441]]
[[  0.74993969 -27.5710271   19.69942733  -1.36748176  -0.3890485
   -0.22429975]]
[[  0.78641842 -27.29497067  19.35502871  -1.36602564  -0.40904931
   -0.24291876]]
[[  0.79761175 -26.89942717  18.87638643  -1.35260939  -0.42027601
   -0.25296133]]
[[  0.83338011 -26.37163166  18.30392611  -1.3316904   -0.43609108
   -0.26292681]]
[[  0.88747219 -25.88735885  17.79265211  -1.31943491  -0.45585961
   -0.27657405]]
[[  0.92942139 -25.32243999  17.18544076  -1.30026083  -0.47335545
   -0.29009219]]
[[  0.91059631 -25.03851161  16.90728493  -1.28272178  -0.47914942
   -0.29757085]]
[[  0.88915961 -24.75537948  16.62183226  -1.2685417   -0.48239846
   -0.30463337]]
[[  0.90514139 -24.26347358  16.1677762   -1.24283045  -0.49952457
   -0.32285005]]
[[  0.95264505 -24.2387487   16.16226252  -1.24278728  -0.52358633
   -0.34725524]]
[[  0.99490714 -24.37993359  16.31042684  -1.24909418  -0.53266578
   -0.35333571]]
[[  1.02756618 -24.29390468  16.26919343  -1.23934378  -0.54385905
   -0.36153536]]
[[  1.02280369 -24.35479164  16.35223291  -1.23378717  -0.53557404
   -0.35158753]]
[[  1.02884864 -24.31708613  16.37405941  -1.21975791  -0.53448645
   -0.34671712]]
[[  1.03913582 -24.29429608  16.41236983  -1.20252119  -0.53577229
   -0.34250669]]
[[  1.0265132  -24.28437821  16.44885143  -1.18561958  -0.52355877
   -0.32803314]]
[[  1.01908351 -24.46506571  16.64025125  -1.18675028  -0.51396933
   -0.31843805]]
[[  1.00510701 -24.45328407  16.62956866  -1.17784509  -0.50190891
   -0.30593226]]
[[  0.97695044 -24.80984935  16.94767296  -1.19069261  -0.47830161
   -0.28445495]]
[[  0.96634095 -25.18115008  17.27303759  -1.20787001  -0.4639005
   -0.27190208]]
[[  0.95077087 -25.08373924  17.18529982  -1.19886472  -0.46287975
   -0.27281673]]
[[  0.87945894 -25.03016833  17.12231502  -1.18948903  -0.45295761
   -0.27327598]]
[[  0.85248025 -25.05555946  17.13653126  -1.18870412  -0.45044379
   -0.27735361]]
[[  0.81379829 -24.97375455  17.05670515  -1.18141441  -0.44169735
   -0.27220983]]
[[  0.81895312 -25.05681702  17.13327906  -1.18597667  -0.4445454
   -0.27639789]]
[[  0.82580195 -24.90886976  17.01610003  -1.17538679  -0.45185788
   -0.28272217]]
[[  0.81758684 -24.92192265  17.03728149  -1.17084899  -0.44703902
   -0.27732106]]
[[  0.78782177 -24.94547168  17.06763166  -1.16525013  -0.43686804
   -0.26722213]]
[[  0.77176727 -24.69498739  16.85788713  -1.14285292  -0.43581975
   -0.26458186]]
[[  0.76676051 -24.63126858  16.80923554  -1.13741605  -0.43396431
   -0.26100576]]
[[  0.75057588 -24.17245761  16.38400537  -1.11055472  -0.43321998
   -0.260689  ]]
[[  0.82405129 -23.99445189  16.22269711  -1.10983914  -0.45158466
   -0.27047968]]
[[  0.90254535 -24.08841598  16.27541856  -1.12830167  -0.47844206
   -0.2927897 ]]
[[  0.90530954 -23.45128681  15.6582132   -1.09393402  -0.48900142
   -0.3025735 ]]
[[  0.96826375 -23.13968085  15.35925946  -1.08224747  -0.50996027
   -0.32079156]]
[[  0.99130373 -22.63533426  14.89563633  -1.04986585  -0.52534685
   -0.33562484]]
[[  0.9889428  -22.54584341  14.77307088  -1.04454939  -0.51494834
   -0.32626392]]
[[  0.98500214 -22.21918178  14.42998596  -1.02518139  -0.51232679
   -0.32569803]]
[[  0.94329962 -21.68523796  13.88683958  -0.98426025  -0.50055901
   -0.32080644]]
[[  0.98416703 -21.83399821  13.98538316  -0.99177466  -0.49858168
   -0.3204989 ]]
[[  1.00081048 -21.70036845  13.84417171  -0.97988128  -0.49464091
   -0.31456171]]
[[  1.03447613 -21.79291258  13.94809187  -0.98886295  -0.49770384
   -0.31452308]]
[[  1.06343433 -21.98442581  14.12744344  -0.99807124  -0.49700483
   -0.30968369]]
[[  1.09313259 -21.70754805  13.88818784  -0.97914816  -0.49891767
   -0.30402886]]
[[  1.1555777  -21.82762161  13.996686    -0.99050797  -0.50948726
   -0.30754212]]
[[  1.17337561 -21.71979109  13.88301841  -0.98192089  -0.51579199
   -0.31045236]]
[[  1.17646443 -21.77807152  13.91344435  -0.98316709  -0.51544904
   -0.30893203]]
[[  1.19009858 -21.47036905  13.64511581  -0.96168939  -0.52477912
   -0.31569061]]
[[  1.23542379 -21.14955241  13.3599701   -0.9436613   -0.54252629
   -0.32885006]]
[[  1.27449789 -20.95977574  13.20518545  -0.9309591   -0.55526197
   -0.33706474]]
[[  1.30140278 -20.68360669  12.97314349  -0.91464022  -0.56798934
   -0.34846907]]
[[  1.32609179 -20.55193247  12.86730962  -0.91040021  -0.57474843
   -0.35367848]]
[[  1.35137587 -20.30871407  12.64970014  -0.90021451  -0.58565801
   -0.36539016]]
[[  1.36211762 -20.0786475   12.43973017  -0.88703318  -0.5887256
   -0.36829025]]
[[  1.37351496 -19.94152092  12.31040819  -0.87892744  -0.59166193
   -0.37089933]]
[[  1.38615349 -19.94287437  12.29543044  -0.88092667  -0.58748195
   -0.36490356]]
[[  1.37659594 -19.9066867   12.25378435  -0.87701011  -0.58194019
   -0.36024783]]
[[  1.36642196 -19.76956534  12.11096736  -0.86556021  -0.57889885
   -0.35883383]]
[[  1.36025207 -19.86533331  12.16574207  -0.87186476  -0.56917503
   -0.35076577]]
[[  1.36532039 -20.31137987  12.53820023  -0.90177404  -0.55695022
   -0.33854619]]
[[  1.36022115 -20.55306173  12.74224443  -0.91793133  -0.55490714
   -0.3379853 ]]
[[  1.40641378 -20.12943917  12.38484619  -0.88476723  -0.57670948
   -0.36310445]]
[[  1.48552603 -20.05168387  12.28251233  -0.87250436  -0.58341078
   -0.37297177]]
[[  1.47971334 -19.69736708  11.92593012  -0.8398601   -0.57829991
   -0.37500721]]
[[  1.47385952 -19.46557789  11.69520099  -0.82120437  -0.5656928
   -0.36558324]]
[[  1.44978544 -19.52255355  11.72121798  -0.82673001  -0.55353482
   -0.35880766]]
[[  1.44242659 -19.72896206  11.8784804   -0.84931926  -0.55325094
   -0.36417022]]
[[  1.41280072 -19.44935176  11.58205863  -0.83474037  -0.55196961
   -0.36992585]]
[[  1.42932169 -19.72858981  11.84119758  -0.8560266   -0.55961146
   -0.37830681]]
[[  1.40869047 -19.8416265   11.97382396  -0.86146022  -0.5571281
   -0.38083878]]
[[  1.42459212 -19.78294201  11.93126893  -0.86705539  -0.55364192
   -0.37653401]]
[[  1.49714965 -19.92062644  12.04724251  -0.89423086  -0.56894582
   -0.38895348]]
[[  1.55350114 -20.06855294  12.19343179  -0.91834194  -0.57568671
   -0.38900052]]
[[  1.56375709 -20.18554145  12.27523649  -0.93820117  -0.57841288
   -0.39006755]]
[[  1.53615096 -19.68084512  11.78058074  -0.91533922  -0.58148629
   -0.39742505]]
[[  1.58149155 -20.43642875  12.43249494  -0.98419626  -0.59530769
   -0.41631914]]
[[  1.50877128 -20.61345741  12.63318196  -1.0218299   -0.59463952
   -0.41611429]]
[[  1.46009703 -20.32542972  12.35894481  -1.00811124  -0.59550763
   -0.4216164 ]]
[[  1.49517278 -20.85931934  12.88484547  -1.0570809   -0.61308068
   -0.43055476]]
[[  1.52530286 -21.09047213  13.17940318  -1.07916389  -0.63643974
   -0.44875251]]
[[  1.53873518 -20.81618966  12.99138331  -1.06364737  -0.6453023
   -0.45064027]]
[[  1.54738937 -20.26952964  12.48823502  -1.02686029  -0.64670141
   -0.44678687]]
[[  1.50288446 -19.74000227  11.9678492   -0.99216548  -0.63191424
   -0.43437786]]
[[  1.4822268  -19.44813073  11.64007727  -0.98179961  -0.62048839
   -0.42587   ]]
[[  1.42710478 -19.17010515  11.31811494  -0.95563919  -0.60935351
   -0.42148958]]
[[  1.43736361 -19.44994575  11.53321513  -0.97558022  -0.60693433
   -0.41893836]]
[[  1.39226207 -19.20945028  11.3524664   -0.96933073  -0.5980031
   -0.40441706]]
[[  1.43515497 -19.01449234  11.1687628   -0.95923588  -0.60081248
   -0.40049806]]
[[  1.51254088 -19.20745195  11.31541321  -0.96914023  -0.62138738
   -0.41517497]]
[[  1.54939711 -19.41016072  11.53646002  -0.9807502   -0.625624
   -0.41902607]]
[[  1.35980018 -20.16811028  12.33423363  -1.05042152  -0.61924148
   -0.41530225]]
[[  1.498102   -19.73549278  11.89310489  -0.99998759  -0.6343305
   -0.42993406]]
[[  1.66673045 -19.90169255  11.9574344   -1.0127202   -0.71235421
   -0.50797861]]
[[  1.72752675 -19.95837632  11.8883404   -0.99838004  -0.70753236
   -0.50522788]]
[[  1.85570213 -19.95507509  11.85788782  -1.00487391  -0.74484334
   -0.533494  ]]
[[  1.90648048 -20.01567532  11.84482814  -1.00233713  -0.7554481
   -0.54414406]]
[[  1.88291511 -20.33406302  12.06849507  -1.02543053  -0.73539643
   -0.53371532]]
[[  1.85889144 -20.07672445  11.72094232  -1.00769668  -0.71908449
   -0.52448939]]
[[  1.82854837 -19.81651128  11.39732482  -0.98113936  -0.70448351
   -0.51391012]]
[[  1.86362985 -20.58609423  12.19068337  -1.03508734  -0.70987786
   -0.5170614 ]]
[[  1.83211702 -20.71623526  12.38788828  -1.01285759  -0.719262
   -0.51945216]]
[[  2.11317876 -20.68208657  12.14222745  -0.94518527  -0.77029827
   -0.56530318]]
[[  2.11015742 -22.47094402  13.77938187  -1.01761562  -0.72575463
   -0.54407043]]
[[  1.97151384 -23.9890159   15.26201272  -1.0894556   -0.69030019
   -0.5231278 ]]
[[  1.85128656 -25.26904207  16.51345136  -1.15520438  -0.6615158
   -0.50443883]]
[[  1.7014749  -26.14901373  17.42163687  -1.21488886  -0.64153053
   -0.48990839]]
[[  1.63094447 -27.00342524  18.31062661  -1.27031574  -0.63906917
   -0.48803979]]
[[  1.54996006 -27.68782172  19.02224582  -1.31292681  -0.63214455
   -0.48407688]]
[[  1.51151874 -27.96360411  19.34523938  -1.32803203  -0.63685905
   -0.48766789]]
[[  1.44469933 -28.02966925  19.46325006  -1.32550827  -0.6343613
   -0.48724659]]
[[  1.38629639 -27.72973729  19.22686555  -1.29433361  -0.62811698
   -0.4859629 ]]
[[  1.35206205 -27.51652211  19.07695837  -1.27014476  -0.62158259
   -0.48428887]]
[[  1.42238773 -27.32467717  19.0227354   -1.26111621  -0.65422826
   -0.51177473]]
[[  1.47476652 -26.58970532  18.38463745  -1.20515447  -0.66786972
   -0.51830617]]
[[  1.40421011 -26.83982086  18.6759218   -1.21360761  -0.62784549
   -0.48589047]]
[[  1.04579068 -28.4761018   20.64738959  -1.34185282  -0.5658998
   -0.43866731]]
[[  0.81472936 -29.21699206  21.64935209  -1.40022727  -0.53475016
   -0.41144332]]
[[  0.67600001 -30.08428367  22.74327388  -1.46820257  -0.5078304
   -0.38792785]]
[[  0.58331213 -30.35752099  23.19197918  -1.48637204  -0.5028952
   -0.38122976]]
[[  0.47670716 -30.24656885  23.13590255  -1.46931309  -0.48284023
   -0.363339  ]]
[[  0.39385493 -30.443207    23.3650779   -1.48171121  -0.46374993
   -0.34981976]]
[[  0.34272521 -30.29864169  23.18903068  -1.47877888  -0.45315058
   -0.34244172]]
[[  0.32570816 -29.77195226  22.61041428  -1.45480008  -0.45192151
   -0.33981606]]
[[  0.32948902 -29.42749703  22.18070533  -1.45571672  -0.44688789
   -0.33667169]]
[[  0.40971963 -28.53851379  21.22933178  -1.42488396  -0.47858783
   -0.35748717]]
[[  0.52143384 -26.59317762  19.13126089  -1.35499961  -0.49345872
   -0.35926718]]
[[  0.82706793 -23.65086028  16.07536345  -1.25428869  -0.5670329
   -0.40422478]]
[[  0.96378382 -21.2108821   13.69069238  -1.15147228  -0.60378323
   -0.42682877]]
[[  1.03886446 -19.47128147  12.00467955  -1.07588099  -0.62052352
   -0.43467493]]
[[  1.08553323 -18.28862225  10.86844333  -1.02454216  -0.6316247
   -0.43984648]]
[[  1.12458975 -17.51635541  10.11071567  -0.99167532  -0.63946122
   -0.44383544]]
[[  1.14117735 -16.95276694   9.57104334  -0.96720545  -0.64414374
   -0.44590176]]
[[  1.16529235 -16.58457789   9.21974654  -0.95133357  -0.648667
   -0.44824777]]
[[  1.17361445 -16.33844934   8.9807504   -0.94075308  -0.65070216
   -0.44918977]]
[[  1.1866356  -16.16315603   8.81756824  -0.93329199  -0.65313809
   -0.45050185]]
[[  1.18881042 -16.04605893   8.69899524  -0.9282955   -0.65379636
   -0.45079507]]
[[  1.19193808 -15.97501075   8.63118358  -0.92525596  -0.6546474
   -0.45132454]]
[[  1.19500088 -15.90968509   8.57033055  -0.92261762  -0.65517272
   -0.45152151]]
[[  1.20183528 -15.87150283   8.53506641  -0.92092613  -0.65586638
   -0.45199551]]
[[  1.20262941 -15.85037291   8.51197899  -0.92010272  -0.65563985
   -0.45177268]]
[[  1.20807012 -15.82807125   8.49430725  -0.91925934  -0.65616241
   -0.452068  ]]
[[  1.20568727 -15.815112     8.48139639  -0.91870595  -0.65613226
   -0.45196111]]
[[  1.20561983 -15.8074919    8.4684889   -0.9184464   -0.65635049
   -0.45218435]]
[[  1.20507663 -15.80217107   8.46213229  -0.91811201  -0.65634106
   -0.45206718]]
[[  1.20758462 -15.79440128   8.4555582   -0.91808128  -0.65661815
   -0.45226536]]
[[  1.20390792 -15.78327952   8.45021862  -0.91775803  -0.65646635
   -0.45212288]]
[[  1.20788188 -15.78303238   8.45106097  -0.91781813  -0.65673798
   -0.45228733]]
[[  1.20598917 -15.78272784   8.44976246  -0.91788249  -0.65640362
   -0.45210457]]
[[  1.20892735 -15.7746971    8.44463318  -0.91772389  -0.65673522
   -0.45229954]]
[[  1.20875673 -15.77413723   8.44107845  -0.91755413  -0.65656875
   -0.45219334]]
[[  1.21074153 -15.77145796   8.43863781  -0.9175825   -0.65677613
   -0.45236465]]
[[  1.2106331  -15.76887393   8.44095164  -0.91753706  -0.65684667
   -0.4523958 ]]
[[  1.21023382 -15.76671287   8.43622792  -0.91763395  -0.65662219
   -0.45234941]]
[[  1.20932297 -15.76546079   8.43586381  -0.91765842  -0.65662735
   -0.4523702 ]]
[[  1.21387974 -15.76219491   8.43530691  -0.9176094   -0.65689199
   -0.45246662]]
[[  1.2123564  -15.75863523   8.43169638  -0.91761421  -0.65677531
   -0.45241157]]
[[  1.20955798 -15.76102237   8.43611813  -0.91779097  -0.65656855
   -0.45224009]]
[[  1.21004436 -15.7575156    8.4342204   -0.91769073  -0.6565896
   -0.45239952]]
[[  1.21020897 -15.75930201   8.43801943  -0.91778115  -0.65673697
   -0.452439  ]]
[[  1.20947428 -15.75707307   8.43513569  -0.91769222  -0.6567034
   -0.45244449]]
[[  1.20879366 -15.75597039   8.43784773  -0.91773507  -0.65660964
   -0.45238735]]
[[  1.21058037 -15.75638299   8.43775903  -0.91783428  -0.6566141
   -0.45237708]]
[[  1.21210661 -15.74817923   8.43644814  -0.91763767  -0.65684242
   -0.45247674]]
[[  1.21144197 -15.75200511   8.4366409   -0.91779323  -0.65673019
   -0.4523706 ]]
[[  1.20927332 -15.75328057   8.43649583  -0.91788676  -0.65662538
   -0.45233127]]
[[  1.21350837 -15.75041121   8.43946416  -0.91774643  -0.65691419
   -0.45247278]]
[[  1.2118446  -15.74864819   8.43853193  -0.91761111  -0.65679388
   -0.45250967]]
[[  1.21079726 -15.75124852   8.43998837  -0.9178362   -0.65655408
   -0.45234216]]
[[  1.20977366 -15.75131748   8.44258961  -0.91786695  -0.65668238
   -0.45247094]]
[[  1.21062637 -15.74665313   8.44028576  -0.91768312  -0.65682921
   -0.45255809]]
[[  1.21217806 -15.74489811   8.44172357  -0.91771781  -0.65683416
   -0.4525715 ]]
[[  1.20983726 -15.74777506   8.44493809  -0.91786931  -0.65662838
   -0.45249009]]
[[  1.20854176 -15.74762248   8.44584632  -0.91786787  -0.65661778
   -0.45252249]]
[[  1.21051102 -15.74106568   8.4472186   -0.91760491  -0.65695254
   -0.4526324 ]]
[[  1.20967137 -15.74378282   8.44890607  -0.91777239  -0.6568413
   -0.45256796]]
[[  1.2076271  -15.74525405   8.44913996  -0.91787517  -0.65665543
   -0.45254224]]
[[  1.20986082 -15.73824969   8.4473591   -0.91765971  -0.65685057
   -0.4525999 ]]
[[  1.20844854 -15.73737641   8.44909528  -0.91763825  -0.65661751
   -0.45248998]]
[[  1.20787292 -15.73901924   8.45298069  -0.9177714   -0.65676432
   -0.45267787]]
[[  1.20643856 -15.74023026   8.4568274   -0.91777721  -0.65663658
   -0.45258346]]
[[  1.20826631 -15.74001604   8.45545912  -0.91768163  -0.65676634
   -0.45270458]]
[[  1.21046734 -15.73846935   8.45827949  -0.91753907  -0.65680201
   -0.45249931]]
[[  1.2097277  -15.74143468   8.46089648  -0.91766083  -0.65672263
   -0.45247104]]
[[  1.20803798 -15.7429918    8.46360621  -0.91766716  -0.6566999
   -0.45244993]]
[[  1.20730976 -15.74222697   8.46451859  -0.91766708  -0.65679422
   -0.45257248]]
[[  1.20739457 -15.740356     8.4658343   -0.91767205  -0.65678542
   -0.45253132]]
[[  1.20962524 -15.74308536   8.46576606  -0.91766155  -0.6568232
   -0.45247947]]
[[  1.2073142  -15.74418901   8.46688007  -0.91762153  -0.65679278
   -0.45245353]]
[[  1.20673045 -15.7413098    8.46504924  -0.9175876   -0.65666116
   -0.45246207]]
[[  1.20700919 -15.74233716   8.46779908  -0.91762133  -0.65675398
   -0.45241696]]
[[  1.20700844 -15.74681366   8.47007534  -0.91775163  -0.6567626
   -0.45258405]]
[[  1.2080763  -15.74456241   8.46673808  -0.91763927  -0.65671827
   -0.45262879]]
[[  1.2066663  -15.74114622   8.47134602  -0.91766207  -0.65674913
   -0.45249908]]
[[  1.20753006 -15.74527715   8.47370848  -0.91765338  -0.65680535
   -0.45252276]]
[[  1.2090215  -15.74623196   8.47491019  -0.91768459  -0.65684533
   -0.45253984]]
[[  1.20507198 -15.74632326   8.47402623  -0.91768923  -0.6567461
   -0.452489  ]]
[[  1.20747877 -15.74634828   8.47630944  -0.91769725  -0.65681682
   -0.45258652]]
[[  1.20725396 -15.74870395   8.47718586  -0.91772956  -0.65683436
   -0.45265485]]
[[  1.20679777 -15.74757594   8.47687535  -0.91772893  -0.65685638
   -0.45259012]]
[[  1.20543797 -15.74934185   8.47656022  -0.91777278  -0.65661882
   -0.45252469]]
[[  1.20761983 -15.74864289   8.47974716  -0.91768462  -0.65696384
   -0.45268817]]
[[  1.2053021  -15.75006188   8.48165768  -0.91779379  -0.65699686
   -0.45268798]]
[[  1.20480709 -15.74838111   8.48171401  -0.91783979  -0.6568317
   -0.45267526]]
[[  1.20536136 -15.75029469   8.48147351  -0.91782845  -0.6568261
   -0.45261972]]
[[  1.20515272 -15.75223461   8.48242522  -0.9178796   -0.65701012
   -0.45282647]]
[[  1.20471165 -15.75109691   8.48347793  -0.91783202  -0.65692881
   -0.4527252 ]]
[[  1.20346872 -15.75165444   8.48639122  -0.91783675  -0.65692367
   -0.45269875]]
[[  1.20389723 -15.75259968   8.49170393  -0.91791827  -0.6570168
   -0.45279706]]
[[  1.20473894 -15.75237046   8.49348544  -0.91789143  -0.65707485
   -0.45281877]]
[[  1.20296901 -15.75195558   8.49152825  -0.91790794  -0.65702356
   -0.45270954]]
[[  1.20067409 -15.75424833   8.49281713  -0.91802185  -0.65683074
   -0.45270051]]
[[  1.20161858 -15.75383824   8.49222475  -0.91795061  -0.6571182
   -0.45283534]]
[[  1.19928096 -15.75248097   8.4933531   -0.91797093  -0.65704333
   -0.45286873]]
[[  1.19897556 -15.74889648   8.49523786  -0.91787704  -0.65712258
   -0.4527975 ]]
[[  1.19911578 -15.75609171   8.50005444  -0.91812701  -0.65685897
   -0.45273437]]
[[  1.20175425 -15.75259089   8.49919549  -0.91809521  -0.65702648
   -0.45280372]]
