[[0. 0. 0. 0. 0. 0.]]
[[ 9.55482730e-04  5.66343492e-03  1.32398714e-02 -2.55762263e-05
  -2.62678675e-04 -6.06386385e-06]]
[[ 2.35018715e-03 -1.26418158e-03  3.09745395e-02 -1.03250947e-03
  -5.75232578e-05 -5.51749402e-05]]
[[-1.32824910e-03  4.26099728e-06  3.48960810e-02 -6.17854622e-04
   1.18903706e-03 -7.82337802e-05]]
[[ 4.16123354e-03  3.58358099e-03  1.76209945e-02  1.78537648e-04
  -1.87100255e-04 -3.57603499e-05]]
[[ 0.00207575 -0.0027193   0.05064683 -0.00177482  0.00051059 -0.00022439]]
[[ 4.17333921e-03  1.55892255e-03  4.48335868e-02 -1.01907634e-03
  -3.69785308e-04  1.33879964e-05]]
[[-0.00384132  0.00010199  0.05805054 -0.00105256  0.00188272 -0.00015642]]
[[-1.55159187e-03  2.83638031e-03  4.55799666e-02 -5.36358881e-04
   7.04994544e-04 -2.80685534e-05]]
[[ 6.71780219e-03  6.31101114e-03  4.09210628e-02 -9.66257696e-04
  -1.54688596e-03 -6.54966906e-06]]
[[-0.00114647  0.00538144  0.05837522 -0.00114963  0.00096186 -0.00013609]]
[[ 1.74196267e-03  7.28645462e-03  4.85694660e-02 -6.37015000e-04
   2.80858350e-04 -6.81735462e-06]]
[[-0.00678499 -0.00166873  0.07905538 -0.00164213  0.00221408 -0.00028108]]
[[-2.87104241e-03  4.78190687e-03  4.57788196e-02 -3.05642062e-05
   9.26871694e-04 -4.47626275e-05]]
[[ 3.13777302e-03  7.63115417e-03  4.22570013e-02  9.89503684e-05
  -1.04438738e-04 -5.89777458e-05]]
[[ 0.00239041  0.00027282  0.06240391 -0.00113765  0.00089264 -0.00019017]]
[[-0.00027642  0.00080028  0.06888597 -0.00095889  0.00149259 -0.00011261]]
[[ 2.45749734e-03  6.46009915e-03  5.40782499e-02 -1.85849612e-05
   9.86362714e-04 -1.21033862e-04]]
[[ 7.08755459e-03  8.97206003e-03  5.54182958e-02 -2.16911338e-04
  -9.35167161e-05 -6.41178227e-05]]
[[ 0.00101483  0.00379836  0.07862591 -0.00143163  0.00138856 -0.00023366]]
[[ 2.43949259e-03  9.01208184e-03  5.79110244e-02 -2.47699951e-04
   9.33622913e-04 -7.40944742e-05]]
[[ 6.61875081e-03  1.43342180e-02  4.85010051e-02  3.33972342e-04
  -3.08330786e-04 -1.93804231e-05]]
[[ 0.00103017  0.00479864  0.08613959 -0.00129089  0.00168507 -0.00027113]]
[[-0.0008999   0.00287291  0.08859441 -0.00133088  0.00218246 -0.00031566]]
[[ 8.17547303e-03  1.60966906e-02  5.04169953e-02  5.31121055e-04
  -1.88506227e-04 -4.10211788e-06]]
[[ 7.05942716e-03  1.15784890e-02  6.89040443e-02 -5.12086313e-04
   7.91553051e-05 -8.38811402e-05]]
[[-0.00064088  0.00830813  0.09123334 -0.00143458  0.00171914 -0.00024447]]
[[ 0.00102064  0.01463146  0.0739041  -0.00021985  0.00105299 -0.00015276]]
[[ 3.35351218e-03  1.61794421e-02  6.43853724e-02  2.07695422e-04
   4.30976889e-04 -9.75834650e-05]]
[[ 0.00154383  0.01159328  0.09156528 -0.00112407  0.00116095 -0.00027299]]
[[-0.00075027  0.01120358  0.0921792  -0.00098706  0.00184971 -0.00037322]]
[[ 1.81686261e-03  1.62795250e-02  7.73855719e-02 -3.42839493e-05
   1.30724183e-03 -2.14737973e-04]]
[[ 6.31764099e-03  1.74621376e-02  7.68865292e-02 -3.71702736e-04
  -7.65589553e-05 -8.72742940e-05]]
[[ 0.00568492  0.01689     0.08805513 -0.00091479  0.00076487 -0.00017457]]
[[ 0.00522624  0.02060402  0.08739242 -0.0002744   0.00130702 -0.00011775]]
[[ 7.93451691e-03  1.99855211e-02  9.70046020e-02 -8.59079383e-04
   1.04107699e-03 -8.38708482e-05]]
[[ 1.27300101e-02  2.37934781e-02  9.14758729e-02 -5.93514411e-04
   3.15297170e-04 -2.14554920e-05]]
[[ 8.00614366e-03  2.70419527e-02  9.18852768e-02  1.38647813e-04
   1.39183440e-03 -2.60726148e-05]]
[[ 0.00540987  0.01934255  0.11065326 -0.00108351  0.00195928 -0.00021933]]
[[ 1.27436460e-02  2.43874769e-02  9.49474648e-02 -4.88160204e-04
  -4.24082401e-05 -1.09918861e-04]]
[[ 1.07851427e-02  2.70204667e-02  8.21737064e-02  4.27540089e-04
  -1.14381879e-04 -4.49917530e-05]]
[[ 0.00467118  0.02085791  0.11275444 -0.00084157  0.00156311 -0.00014226]]
[[ 2.74932647e-03  2.19228902e-02  1.19663659e-01 -7.90554889e-04
   2.50303420e-03 -1.08096088e-04]]
[[ 1.13683211e-02  2.88078440e-02  1.00146418e-01 -2.34863088e-04
   1.80549679e-04  3.14665477e-05]]
[[ 1.07018526e-02  3.00778087e-02  1.05744293e-01 -6.13603694e-05
   9.04893251e-04 -5.39528397e-06]]
[[ 1.01151243e-02  2.77838140e-02  1.20508089e-01 -7.19965586e-04
   1.31843599e-03 -1.12312484e-04]]
[[ 0.00902636  0.02669747  0.13346178 -0.00143779  0.0014069  -0.00018661]]
[[1.15243185e-02 3.50146821e-02 1.06318525e-01 5.92937042e-05
  8.13949912e-04 1.34060398e-06]]
[[ 1.30809162e-02  3.38244479e-02  1.13987924e-01 -4.52652700e-04
   4.47349303e-04  3.15140299e-05]]
[[ 0.00607157  0.03238705  0.13545774 -0.00116988  0.00210177 -0.00015961]]
[[ 1.08716283e-02  3.72268185e-02  1.23120765e-01 -5.04388897e-04
   9.92931926e-04 -1.60944176e-05]]
[[ 1.34374327e-02  3.72881071e-02  1.23801418e-01 -7.22954246e-04
   2.51736838e-04 -3.36856332e-05]]
[[ 9.96095246e-03  4.04110592e-02  1.25671956e-01 -1.84700515e-05
   1.17967230e-03 -1.05882340e-05]]
[[ 0.0085954   0.03670728  0.14432616 -0.0012028   0.00100099 -0.00031956]]
[[ 1.44890663e-02  4.21964045e-02  1.35070011e-01 -6.63162402e-04
  -8.44729087e-05 -1.58663028e-04]]
[[ 1.10552781e-02  4.17523936e-02  1.39819886e-01 -3.43573089e-04
   9.75930867e-04  8.49439497e-05]]
[[ 9.29340867e-03  4.02084751e-02  1.50311046e-01 -1.08834635e-03
   1.01491207e-03 -8.99928752e-05]]
[[ 5.49458212e-03  3.85039537e-02  1.51774257e-01 -6.14012138e-04
   1.66632378e-03 -8.23112425e-05]]
[[ 5.34873387e-03  3.90341148e-02  1.55192922e-01 -8.64548171e-04
   1.70826288e-03 -1.03452393e-04]]
[[ 1.05411834e-02  4.08253295e-02  1.55867602e-01 -1.21426817e-03
   3.78533623e-04 -6.59932356e-05]]
[[-0.00344874  0.04791487  0.1550164   0.00090643  0.00472084 -0.00045392]]
[[ 1.40790843e-02  3.29761276e-02  1.95210979e-01 -3.42836977e-03
   9.61969873e-04 -9.71169208e-05]]
[[-7.41701879e-04  4.47664516e-02  1.72917552e-01 -8.28184543e-05
   4.46662139e-03 -1.75586009e-04]]
[[ 0.02597583  0.0521356   0.13559511 -0.000473   -0.00291064  0.00030182]]
[[ 6.46811873e-03  4.85823265e-02  1.67792119e-01 -1.52143074e-04
   2.44782729e-03 -4.28958236e-05]]
[[ 2.06429032e-02  4.75469272e-02  1.56410579e-01 -1.07850209e-03
  -1.42833881e-03  1.28570949e-04]]
[[ 6.73065715e-03  4.93910166e-02  1.67070337e-01  1.84194957e-04
   2.21329289e-03 -3.25546291e-05]]
[[ 0.01996192  0.05586356  0.14347563  0.000702   -0.00076087  0.00023017]]
[[ 1.13862436e-02  4.82476374e-02  1.75836211e-01 -2.39168955e-04
   1.38897954e-03  8.77441887e-05]]
[[ 1.49574341e-02  4.53420547e-02  1.85644447e-01 -1.43347356e-03
   7.81108868e-04 -7.17559172e-06]]
[[1.50676955e-02 5.14932722e-02 1.70865297e-01 1.07069143e-04
  1.00456868e-03 9.93376817e-05]]
[[ 1.92430492e-02  5.18025834e-02  1.76661913e-01 -4.14162805e-04
  -1.32438425e-05  1.28135754e-04]]
[[ 1.27054579e-02  4.50307090e-02  2.00794993e-01 -1.53902934e-03
   2.03262645e-03 -1.03770981e-04]]
[[ 1.58461355e-02  5.15356328e-02  1.89563313e-01 -8.22698995e-04
   1.08941635e-03  5.35945454e-05]]
[[ 0.0195228   0.06271948  0.15540194  0.00094244 -0.00031072  0.00023018]]
[[ 1.67022329e-02  5.75234531e-02  1.86151854e-01 -5.03639764e-04
   2.55068885e-04  4.85988854e-05]]
[[ 1.63147263e-02  5.42856165e-02  2.07814030e-01 -1.63399452e-03
   9.91250201e-04  3.67005739e-05]]
[[ 1.64133410e-02  5.99794082e-02  1.90686142e-01 -4.28173275e-04
   9.63096234e-04  8.60365660e-05]]
[[ 2.45961647e-02  6.41552970e-02  1.69163028e-01  1.03669604e-04
  -1.65331882e-03  2.41477743e-04]]
[[ 1.70229357e-02  5.97154608e-02  1.95773408e-01 -6.04159141e-04
   4.54444409e-04  5.93802350e-05]]
[[ 1.67630979e-02  5.79616630e-02  2.07272874e-01 -1.12108958e-03
   8.78381871e-04  3.16929672e-05]]
[[ 1.86603801e-02  6.17044116e-02  1.97852100e-01 -2.71918989e-04
   9.00238562e-04  6.92285751e-05]]
[[ 1.74275499e-02  6.12623311e-02  2.02366186e-01 -7.17924405e-04
   3.47692155e-04  1.80198010e-05]]
[[ 2.05724290e-02  6.21678731e-02  2.03854583e-01 -8.60200660e-04
   1.01167090e-04  8.93422897e-05]]
[[1.69585692e-02 6.56897770e-02 1.98014520e-01 1.39682379e-04
  6.77420075e-04 1.17420432e-05]]
[[ 2.15313528e-02  6.28299304e-02  2.09461761e-01 -9.21035029e-04
  -1.04783174e-04 -4.46776663e-06]]
[[ 1.76636683e-02  6.42642568e-02  2.17117701e-01 -8.41170139e-04
   1.15686636e-03 -1.48374585e-04]]
[[ 2.28223946e-02  7.00387197e-02  2.01621169e-01 -8.11324194e-05
  -4.69763413e-04  1.14087098e-04]]
[[ 2.05170929e-02  6.73772345e-02  2.16344289e-01 -4.44464516e-04
   9.22403360e-04  4.28196761e-06]]
[[ 1.98343504e-02  6.45134243e-02  2.36585585e-01 -1.69899324e-03
   9.57180075e-04 -1.20329919e-04]]
[[ 2.28049512e-02  7.35883142e-02  2.20946128e-01 -3.52309523e-04
   8.10923977e-04  4.24535483e-05]]
[[1.92455386e-02 7.50894025e-02 2.21547989e-01 3.25517344e-04
  1.16668917e-03 1.51326928e-04]]
[[ 2.04796445e-02  6.79318988e-02  2.45139438e-01 -1.54646368e-03
   9.00271974e-04  3.58672230e-05]]
[[ 2.08974612e-02  7.10211868e-02  2.41936840e-01 -1.18881319e-03
   8.88515059e-04  1.05556609e-04]]
[[ 2.36144923e-02  8.05365708e-02  2.12374466e-01  5.26188871e-04
  -1.08596893e-04  2.43780612e-04]]
[[ 2.42917939e-02  7.78508872e-02  2.32231605e-01 -3.84326509e-04
  -1.69732902e-04  2.09133633e-04]]
[[ 1.86989064e-02  7.10883628e-02  2.60884052e-01 -1.40330863e-03
   2.02561258e-03 -6.74355575e-05]]
[[2.46999691e-02 7.89896244e-02 2.34974324e-01 1.04240868e-04
  3.81308579e-04 2.28846256e-04]]
[[2.62843085e-02 8.28612761e-02 2.31053350e-01 3.23099989e-04
  1.57360760e-04 1.97679003e-04]]
[[ 2.49390774e-02  7.70634954e-02  2.58728568e-01 -1.32950920e-03
   5.75025756e-04  7.00048055e-05]]
[[ 2.47917976e-02  8.07448323e-02  2.52124425e-01 -6.48146703e-04
   1.24086953e-03  1.03100224e-04]]
[[2.63761199e-02 8.62182702e-02 2.34601745e-01 3.86239860e-04
  1.86945846e-04 2.02827565e-04]]
[[ 2.41059950e-02  7.92781248e-02  2.55293589e-01 -6.07214542e-04
   6.65856349e-04  1.23926684e-04]]
[[ 2.44075645e-02  7.70774611e-02  2.64693815e-01 -9.47602820e-04
   1.52800561e-03  9.30469745e-05]]
[[ 2.51817892e-02  8.22662675e-02  2.48365715e-01 -2.48067664e-04
   1.24860867e-04  1.81775130e-04]]
[[2.29242961e-02 8.22262534e-02 2.42665046e-01 1.62340452e-04
  4.48753490e-04 1.38977994e-04]]
[[ 2.29483368e-02  7.93463156e-02  2.63912866e-01 -8.65719335e-04
   1.21228224e-03  4.77629995e-06]]
[[ 2.48317597e-02  8.19144091e-02  2.63786131e-01 -8.36177991e-04
   4.42326760e-04  4.72694934e-05]]
[[ 2.67473788e-02  8.52928034e-02  2.58548109e-01 -4.77649549e-04
   3.19910826e-04  9.11261286e-05]]
[[ 2.64494493e-02  8.90662398e-02  2.58757459e-01 -1.44594854e-04
   5.56075818e-04  7.14493765e-05]]
[[ 2.70003041e-02  8.47230904e-02  2.69332144e-01 -8.22064975e-04
   4.12950928e-04  3.11401322e-05]]
[[ 2.43744394e-02  8.43896562e-02  2.78660877e-01 -7.82223982e-04
   1.20246453e-03 -5.32325531e-05]]
[[ 2.62695929e-02  8.97842106e-02  2.70173608e-01 -4.41857095e-04
   1.29547711e-03 -8.85797167e-05]]
[[ 0.03637094  0.0924281   0.25162712  0.00037983 -0.00137668  0.00030854]]
[[ 3.35181850e-02  8.91079114e-02  2.76163697e-01 -9.38930297e-04
  -3.64792119e-04  6.23667099e-05]]
[[ 3.30008522e-02  8.98844835e-02  2.80509491e-01 -5.20307921e-04
   2.71012691e-04  1.33775142e-04]]
[[ 3.05299951e-02  9.06443987e-02  2.89139615e-01 -4.67889337e-04
   1.04129544e-03  1.31329233e-04]]
[[ 3.58154395e-02  9.26924262e-02  2.66032957e-01  7.71393036e-05
  -1.63630182e-03  2.47894887e-04]]
[[ 2.90041162e-02  8.90397224e-02  2.98444377e-01 -7.25334790e-04
   1.22602947e-03  7.90137335e-05]]
[[ 2.97488028e-02  8.66237601e-02  3.14021473e-01 -1.86304299e-03
   1.37737416e-03  4.87055415e-05]]
[[ 3.14480009e-02  9.39940700e-02  2.87480948e-01 -2.52195307e-04
   3.54405666e-04  1.20275314e-04]]
[[ 3.48558814e-02  9.84974224e-02  2.78985990e-01  5.75832107e-05
  -6.29997548e-04  1.53783170e-04]]
[[ 2.76539476e-02  9.15565857e-02  3.19059893e-01 -1.21627388e-03
   1.72542411e-03 -4.81196551e-05]]
[[ 2.78798744e-02  9.65873692e-02  3.07605517e-01 -5.30934287e-04
   1.21517536e-03  9.67655061e-06]]
[[ 3.15923814e-02  9.87507898e-02  3.05187642e-01 -3.01704158e-05
   3.97770061e-04  1.06445875e-04]]
[[ 3.25417843e-02  9.21710621e-02  3.14817604e-01 -9.75572490e-04
   4.72269795e-04  9.28900342e-05]]
[[ 2.94219570e-02  9.40565160e-02  3.24424935e-01 -7.44388560e-04
   1.41698402e-03  5.82671568e-06]]
[[ 3.11287789e-02  9.50828065e-02  3.17862576e-01 -6.69535710e-04
   9.14072496e-04  6.50723028e-05]]
[[3.33331640e-02 9.78751771e-02 3.09754967e-01 2.74203193e-04
  5.23058319e-04 1.81429334e-04]]
[[ 3.49929778e-02  9.60122023e-02  3.28120070e-01 -8.28705668e-04
   9.93724884e-04  8.77856424e-07]]
[[ 3.40805525e-02  9.64590717e-02  3.27149451e-01 -2.60439447e-04
   1.17723273e-03 -2.56008094e-05]]
[[ 3.58004142e-02  9.46827260e-02  3.27879346e-01 -4.51197882e-04
   9.04421347e-04 -1.05592423e-05]]
[[ 3.84908752e-02  9.35594457e-02  3.32864655e-01 -7.52263180e-04
   2.42369332e-04  1.28690383e-04]]
[[3.82423341e-02 1.01237441e-01 3.14021629e-01 8.46049353e-04
  1.85141017e-04 1.58165406e-04]]
[[ 3.57987782e-02  9.54459378e-02  3.43613977e-01 -6.42272639e-04
   1.00716770e-03  5.35545045e-05]]
[[ 3.41692688e-02  9.66329852e-02  3.48435744e-01 -5.35386448e-04
   1.74876130e-03  1.19437306e-04]]
[[ 4.21147727e-02  1.03899317e-01  3.23657148e-01  4.23989582e-04
  -6.56807186e-04  3.22332367e-04]]
[[3.77759571e-02 1.01104625e-01 3.35853231e-01 1.65431399e-04
  7.81096993e-04 1.69171334e-04]]
