[[ 5.50162630e-03 -9.30188028e-04 -1.43294499e-04 -1.55856348e-04
  -1.36152860e-03  1.25561438e-05]]
[[ 9.44660711e-03 -2.49532157e-03 -2.02544231e-02  2.91487807e-04
  -2.28908181e-03 -3.59627614e-05]]
[[ 1.20697206e-02 -4.91635613e-03 -1.95092008e-02 -9.58086087e-05
  -2.51712547e-03 -2.89497715e-05]]
[[ 0.00981899 -0.00257938 -0.03343089  0.00035409 -0.00255185 -0.00017563]]
[[ 0.00933123  0.00040279 -0.05153708  0.00107873 -0.00259117 -0.00032396]]
[[ 0.00886805 -0.00135218 -0.04425217  0.00089095 -0.00258235 -0.00032181]]
[[ 0.00847376 -0.00294234 -0.04599617  0.00059287 -0.00342158 -0.00037434]]
[[ 0.00880552 -0.00237819 -0.05012248  0.00105494 -0.00288701 -0.00039137]]
[[ 0.00790003 -0.00397884 -0.05604996  0.001273   -0.0029952  -0.00051546]]
[[ 0.00786905 -0.00498571 -0.05565279  0.00100149 -0.00353232 -0.00060981]]
[[ 0.01049708 -0.00779098 -0.05763101  0.00106892 -0.00349506 -0.00059668]]
[[ 0.01379394 -0.00509309 -0.06122512  0.00123255 -0.00339724 -0.00055326]]
[[ 0.01450341 -0.00562157 -0.05979644  0.0012804  -0.00336569 -0.00042267]]
[[ 0.01735744 -0.00612067 -0.06491493  0.00114835 -0.00384001 -0.00024372]]
[[ 1.97673303e-02 -6.54932642e-03 -6.95366009e-02  1.39883161e-03
  -3.64809931e-03 -8.87555948e-05]]
[[ 2.16309671e-02 -5.58051882e-03 -7.14983951e-02  1.62683672e-03
  -3.38821955e-03  1.88985301e-06]]
[[ 2.32190574e-02 -5.87393118e-03 -6.70818813e-02  1.42524932e-03
  -3.74443875e-03 -1.63946448e-05]]
[[ 2.32232890e-02 -8.17284636e-03 -6.77564270e-02  1.29386827e-03
  -3.96031736e-03  4.82419786e-05]]
[[ 2.48974359e-02 -8.44182725e-03 -7.83477010e-02  1.57696278e-03
  -4.12784831e-03  4.83085409e-05]]
[[ 2.64448882e-02 -8.02427482e-03 -7.65923140e-02  1.73936880e-03
  -3.87095388e-03  8.06676011e-05]]
[[ 2.73117364e-02 -1.02194152e-02 -7.14676096e-02  1.41612385e-03
  -4.25834683e-03  7.98842376e-05]]
[[ 2.65667447e-02 -9.48945129e-03 -7.19414420e-02  1.46616553e-03
  -4.14192674e-03  4.15990470e-05]]
[[ 2.65928277e-02 -7.62315622e-03 -8.73301577e-02  1.98810783e-03
  -4.28152575e-03  3.88396499e-05]]
[[ 2.80778470e-02 -6.81614575e-03 -8.09413476e-02  1.85068943e-03
  -4.32140833e-03  4.16731105e-05]]
[[ 2.77026159e-02 -8.82993634e-03 -6.78777296e-02  1.35053693e-03
  -4.51305299e-03  4.96764606e-05]]
[[ 2.74254755e-02 -8.83660475e-03 -7.81542851e-02  1.50660001e-03
  -4.86365952e-03  1.94553950e-05]]
[[ 2.91764979e-02 -7.44627457e-03 -8.89230227e-02  1.98936953e-03
  -4.73293940e-03  1.29416445e-05]]
[[ 3.14626111e-02 -6.92989712e-03 -8.61675254e-02  1.91434992e-03
  -4.93774741e-03  3.00325264e-05]]
[[ 3.12898134e-02 -9.81848320e-03 -8.31830336e-02  1.64665007e-03
  -5.50483593e-03  1.43857404e-05]]
[[ 3.34664525e-02 -9.46896834e-03 -8.92403065e-02  1.95610529e-03
  -5.29696426e-03  5.68483886e-05]]
[[ 3.46097094e-02 -7.45280419e-03 -9.63837508e-02  2.16233697e-03
  -5.67571087e-03  3.41894127e-05]]
[[ 3.44480895e-02 -1.03930428e-02 -8.66345100e-02  1.90123806e-03
  -5.64149309e-03  2.85581777e-05]]
[[ 3.55579207e-02 -1.12887240e-02 -9.11963735e-02  1.92823743e-03
  -6.07530248e-03  6.65167109e-06]]
[[ 3.62445402e-02 -8.77932025e-03 -1.01086234e-01  2.46063579e-03
  -5.98810072e-03  5.54736532e-05]]
[[ 3.84434492e-02 -8.79471994e-03 -9.52200926e-02  2.28669679e-03
  -6.16568303e-03  4.04918688e-05]]
[[ 3.70142098e-02 -1.11915727e-02 -8.59705619e-02  1.97860122e-03
  -6.31611408e-03  5.24412168e-05]]
[[ 3.57254435e-02 -1.01310960e-02 -9.33079026e-02  2.37278921e-03
  -6.21134824e-03  7.73205124e-05]]
[[ 3.84371277e-02 -7.35637356e-03 -9.60143410e-02  2.54066036e-03
  -6.32532128e-03  9.67142071e-05]]
[[ 4.10446743e-02 -7.96517896e-03 -9.06698427e-02  2.37114852e-03
  -6.30819321e-03  4.07198626e-05]]
[[ 3.97189253e-02 -8.68574674e-03 -1.01060942e-01  2.60618485e-03
  -6.40350431e-03 -5.20581705e-05]]
[[ 4.44127632e-02 -6.73293068e-03 -1.02405009e-01  2.60747389e-03
  -6.71422394e-03 -4.72311872e-05]]
[[ 4.64439683e-02 -8.67673578e-03 -1.07970445e-01  2.75810021e-03
  -6.73645464e-03 -1.00573645e-04]]
[[ 0.04810886 -0.00801975 -0.10184979  0.00230949 -0.00731036 -0.00010593]]
[[ 0.04958643 -0.00812506 -0.10571829  0.0024146  -0.00713424 -0.00013375]]
[[ 0.05091337 -0.00849669 -0.11476983  0.00264359 -0.00731989 -0.000123  ]]
[[ 0.04986199 -0.00718675 -0.12313953  0.00281425 -0.00771973 -0.00013859]]
[[ 0.05350631 -0.00741703 -0.09633495  0.00252899 -0.00694861 -0.00011695]]
[[ 0.05305825 -0.00751407 -0.10372783  0.00234247 -0.00770787 -0.00013249]]
[[ 0.05121184 -0.00775403 -0.10164566  0.00255048 -0.0074133  -0.00018551]]
[[ 0.05251236 -0.00785225 -0.09757925  0.00256448 -0.00731623 -0.00018598]]
[[ 0.05389565 -0.00696514 -0.09162151  0.00226229 -0.00763882 -0.00018794]]
[[ 0.05399434 -0.00701119 -0.08938873  0.00241976 -0.00711172 -0.00023616]]
[[ 0.05323995 -0.00464633 -0.0923924   0.00250613 -0.00758612 -0.00023046]]
[[ 0.05462693 -0.00774674 -0.08397026  0.00246744 -0.00730159 -0.00018644]]
[[ 0.0548513  -0.00932975 -0.08409915  0.00233364 -0.00762591 -0.00018173]]
[[ 0.05295445 -0.00819328 -0.09332592  0.00266685 -0.00769299 -0.00015979]]
[[ 0.05246483 -0.00974677 -0.09462812  0.00271738 -0.00775907 -0.00023931]]
[[ 0.05333099 -0.00989278 -0.0833032   0.00256818 -0.0075101  -0.00025331]]
[[ 5.66024269e-02 -1.10770700e-02  2.99202044e+01  2.47475500e-03
  -7.51254650e-03 -2.41426576e-04]]
[[ 5.60461164e-02 -1.03354657e-02  2.99133420e+01  2.53564665e-03
  -7.81485169e-03 -2.00007782e-04]]
[[ 5.86663655e-02 -1.00449957e-02  2.99160608e+01  2.71914752e-03
  -7.45133045e-03 -2.07521932e-04]]
[[ 5.98185387e-02 -9.19448579e-03  2.99158687e+01  2.53004287e-03
  -7.77448261e-03 -2.44041289e-04]]
[[ 6.02768249e-02 -1.06935042e-02  2.99242083e+01  2.42681549e-03
  -7.44132343e-03 -1.81166232e-04]]
[[ 6.18189908e-02 -1.19888809e-02  2.99252826e+01  2.50916466e-03
  -7.50118335e-03 -1.77242793e-04]]
[[ 6.22307491e-02 -1.20849558e-02  2.99230683e+01  2.62381001e-03
  -7.48809350e-03 -2.10738555e-04]]
[[ 6.45646242e-02 -9.62899450e-03  2.99290008e+01  2.46299157e-03
  -7.36677990e-03 -2.15219422e-04]]
[[ 6.30160857e-02 -9.57813165e-03  2.99295999e+01  2.34408582e-03
  -7.53452047e-03 -2.14911449e-04]]
[[ 6.42088254e-02 -9.84565646e-03  2.99300661e+01  2.26514185e-03
  -7.67652618e-03 -2.72864707e-04]]
[[ 3.93852734e-02 -3.52801969e-03  2.93792961e+01  1.32263053e-02
  -1.02456608e-02 -4.76274800e-04]]
[[-2.57152228e-01 -7.12238301e-02  2.34187129e+01  9.97551690e-02
  -5.04942187e-02 -2.02017622e-03]]
[[-8.26144874e-01 -9.13671451e-02  1.28312446e+01  2.83742799e-01
  -1.10769768e-01 -7.88597685e-03]]
[[-1.4528371   0.01216953  1.08416646  0.52204959 -0.17090945 -0.01692154]]
[[-1.90628995  0.10692595 -7.73670717  0.70099569 -0.21726921 -0.02401816]]
[[ -2.11518831   0.14127008 -11.99081938   0.78292253  -0.24274456
   -0.02764826]]
[[ -2.0286967    0.10654728 -10.87327833   0.75099384  -0.24163122
   -0.02737491]]
[[-1.80483458  0.11425862 -6.80404421  0.67434167 -0.2201769  -0.02719377]]
[[-1.59191468  0.13985022 -2.39863698  0.60206383 -0.1917902  -0.02763259]]
[[-1.40338889  0.16401368  1.35031544  0.56525286 -0.16058203 -0.03072848]]
[[-1.2325469   0.13565804  4.22268139  0.53832116 -0.13532552 -0.03505865]]
[[-1.1726222   0.12077199  4.77136383  0.54545311 -0.12610945 -0.03774854]]
[[-1.19561196  0.12640703  3.74445999  0.58268273 -0.1265831  -0.04030878]]
[[-1.28124424  0.13194145  1.38441202  0.64842035 -0.13353763 -0.04295431]]
[[-1.32143933  0.1234046  -0.13172863  0.68985741 -0.13905398 -0.04512419]]
[[-1.35413077  0.11894995 -1.31911265  0.72471882 -0.14209847 -0.04753322]]
[[-1.32626359  0.07654276 -1.1783627   0.71754377 -0.14292521 -0.05009105]]
[[-1.30572216  0.05130474 -1.19659242  0.71667573 -0.1436686  -0.0511331 ]]
[[-1.31570109  0.04847951 -1.47129594  0.72593217 -0.14370587 -0.05316094]]
[[-1.29174192  0.01035929 -1.34360726  0.71299567 -0.1458375  -0.05381377]]
[[-1.253949   -0.02986012 -0.85533678  0.6945752  -0.1464217  -0.0540314 ]]
[[-1.23150862 -0.04941768 -0.48722602  0.68398216 -0.14584816 -0.05461682]]
[[-1.2171937  -0.06068363 -0.22841238  0.67717146 -0.14484352 -0.05516953]]
[[-1.21059772 -0.06772626 -0.05929466  0.67280317 -0.14413846 -0.05556329]]
[[-1.20197792 -0.07163128  0.05775803  0.66966503 -0.14401864 -0.05588386]]
[[-1.19486685 -0.07499936  0.14405481  0.66720392 -0.14393421 -0.05608968]]
[[-1.19123134 -0.07783233  0.20120645  0.66594739 -0.14329658 -0.05620876]]
[[-1.19031194 -0.07668703  0.2364031   0.66520137 -0.14315292 -0.05638503]]
[[-1.1913073  -0.07969111  0.25274107  0.66463625 -0.1432408  -0.0565007 ]]
[[-1.18777799 -0.08070959  0.26868125  0.66418527 -0.14300206 -0.05652287]]
[[-1.18545952 -0.08107697  0.28662633  0.66379223 -0.1428825  -0.0565475 ]]
[[-1.18606162 -0.08067223  0.29393959  0.66371904 -0.14266305 -0.05656664]]
[[-1.18551549 -0.08093742  0.3070718   0.66358608 -0.14221227 -0.05660144]]
[[-1.18740983 -0.07915325  0.29831958  0.66396461 -0.14208189 -0.05674585]]
[[-1.18802115 -0.07808687  0.28263987  0.6647885  -0.14148982 -0.05679725]]
[[-1.18647396 -0.07722946  0.28130802  0.66435456 -0.1426108  -0.05674629]]
[[-1.18239842 -0.07853319  0.3169623   0.66382202 -0.14094492 -0.05658787]]
[[ -1.17954887  -0.07740224 -29.68073175   0.66288369  -0.14269404
   -0.05633777]]
[[ -1.18233937  -0.07789295 -29.6938887    0.66336691  -0.14232494
   -0.05635058]]
[[ -1.18238904  -0.07444236 -29.68984426   0.66377061  -0.14135315
   -0.05643354]]
[[ -1.18235607  -0.07653182 -29.68793635   0.66375864  -0.14124554
   -0.05618397]]
[[ -1.18399922  -0.0781627  -29.69471235   0.66432305  -0.14028162
   -0.05599816]]
[[ -1.18212029  -0.07427426 -29.69637985   0.6645677   -0.14010436
   -0.05589067]]
[[ -1.18130937  -0.07396985 -29.68499667   0.66440677  -0.13928751
   -0.05577536]]
[[ -1.18059286  -0.07505148 -29.68074118   0.66434185  -0.13915218
   -0.05569826]]
[[ -1.18039319  -0.0750652  -29.68142969   0.66450119  -0.13888362
   -0.05561309]]
[[ -1.18026161  -0.0753178  -29.68688632   0.66465159  -0.13884662
   -0.05557093]]
[[ -1.17985109  -0.07697892 -29.69155508   0.66497607  -0.13880778
   -0.05552622]]
[[ -1.1793971   -0.07547012 -29.70097693   0.66504797  -0.13911033
   -0.05551768]]
[[ -1.17656031  -0.07563273 -29.69789847   0.66455731  -0.13975433
   -0.05561606]]
[[-1.18044644 -0.07466353 20.28565901  0.66535559 -0.13900868 -0.05590834]]
[[-1.18102801 -0.07362742 20.29272485  0.66548531 -0.13838861 -0.05610189]]
[[-1.18207629 -0.07559745 20.29890163  0.66517285 -0.13846469 -0.05596426]]
[[-1.17987769 -0.07478477 20.30269895  0.66515642 -0.13841082 -0.05573556]]
[[-1.17651502 -0.0707419  20.29161438  0.66543922 -0.13860014 -0.05558033]]
[[-1.17753197 -0.07178655 20.28583555  0.66560381 -0.13854761 -0.05583041]]
[[-1.17620213 -0.06750248 20.2948518   0.66526781 -0.13861475 -0.05600593]]
[[-1.17683119 -0.07377493 20.28495708  0.66525445 -0.13883549 -0.05615752]]
[[-1.17661854 -0.07426217 20.2734226   0.6658004  -0.13840561 -0.05620306]]
[[-1.17850942 -0.06941318 20.27109942  0.66574514 -0.13861769 -0.05626295]]
[[-1.29935339 -0.07626321 18.09857611  0.71080407 -0.14850516 -0.05681547]]
[[-1.63812777 -0.04888679 11.25507093  0.84623787 -0.18295727 -0.05977477]]
[[-1.88915131  0.25440205  3.04772086  1.03985211 -0.20980264 -0.07428856]]
[[-2.08594587  0.85925713 -3.91242819  1.21440352 -0.22776188 -0.09147923]]
[[-2.16669721  1.21959186 -8.46192599  1.32434198 -0.24382206 -0.10267647]]
[[-2.12943406  0.86568745 -8.88083574  1.31499939 -0.25545403 -0.10159349]]
[[-1.93465233  0.48693905 -5.7732093   1.23089216 -0.25442182 -0.09659187]]
[[-1.68641552  0.16699924 -1.20721583  1.11494466 -0.23732546 -0.09193478]]
[[-1.49661688 -0.02858835  2.87181272  1.03247922 -0.21315875 -0.08962721]]
[[-1.38639973 -0.1451468   5.5512945   0.98512873 -0.19132694 -0.0886806 ]]
[[-1.46588197 -0.15715465  4.8505282   1.01924907 -0.17955221 -0.09043141]]
[[-1.65570957 -0.0465682   2.07263005  1.11117781 -0.17418425 -0.09440449]]
[[-1.82420186  0.14464284 -1.07480005  1.21351854 -0.1680431  -0.09894917]]
[[-1.89193649  0.25990951 -2.97346227  1.27568684 -0.17176326 -0.10092376]]
[[-1.84435879  0.21317575 -3.13071869  1.28365855 -0.18309903 -0.09965203]]
[[-1.80114873  0.13826167 -1.80152022  1.26520569 -0.17000059 -0.09927889]]
[[-1.73034187 -0.22888425  0.44721103  1.18075494 -0.14826594 -0.10026802]]
[[-1.93467194 -0.34347078  2.79786989  1.14852781 -0.04709614 -0.10459868]]
[[-2.01391253 -0.16336237  2.77271866  1.19793479 -0.01283376 -0.10528094]]
[[-2.02514091 -0.05930533  1.87005831  1.2405032  -0.01680158 -0.10506575]]
[[-2.04589449  0.0414499   0.48247833  1.27832292 -0.02085644 -0.10444626]]
[[-2.00794434 -0.11609231 -0.43782726  1.27835798 -0.04497386 -0.1031005 ]]
[[-2.08301667 -0.25339292 -0.68223725  1.2673553  -0.02522807 -0.09915277]]
[[-2.162641   -0.38102488 -0.58062574  1.24853968 -0.00441559 -0.09852333]]
[[-2.0417894  -0.28409548 -0.80265429  1.24980449 -0.03360374 -0.09631645]]
[[-1.92425099 -0.2416452  -0.45108764  1.24509911 -0.04746817 -0.09017603]]
[[-2.15310799 -0.15130428  0.5547853   1.25491047  0.03476243 -0.09144844]]
[[-2.36081345  0.02761446  0.57172445  1.2914055   0.07430869 -0.09933996]]
[[-2.24887009  0.2133925  -0.28473481  1.34194491  0.04151699 -0.10434389]]
[[-2.17942286  0.24613416 -0.76419241  1.37326036  0.02628838 -0.10829668]]
[[-2.09744133  0.21606196 -0.99041712  1.38271619  0.00525024 -0.10976039]]
[[-2.0444537   0.20099424 -1.07388308  1.38889504 -0.00485309 -0.11059415]]
[[-1.94898995  0.2092604  -1.19938673  1.39180469 -0.02472656 -0.10940411]]
[[-1.83166684  0.25581529 -1.00974176  1.40534402 -0.036709   -0.10907559]]
[[-1.66625227  0.46060167 -0.84289219  1.46529736 -0.0203357  -0.11327265]]
[[-1.68430732  0.22726218  0.45098304  1.46418075  0.03155893 -0.1248967 ]]
[[-1.61420958 -0.01487545  1.31435666  1.45985193  0.04735892 -0.13275343]]
[[-1.56097552 -0.17813324  1.3931166   1.4641434   0.05520284 -0.13541019]]
[[-1.49896628  0.00631754  0.60964532  1.51466099  0.05891632 -0.14281253]]
[[-1.32395597  0.22751228 -0.29697912  1.56510866  0.0402906  -0.14885567]]
[[-1.17998649  0.15557192 -0.65352268  1.57745386  0.02100234 -0.15136623]]
[[-1.14297548 -0.13018487 -0.44482111  1.56142814  0.02400627 -0.15141383]]
[[-1.11566553 -0.40327091 -0.1761108   1.53957027  0.02595598 -0.1505166 ]]
[[-1.08559833 -0.57347618 -0.03886347  1.52978505  0.02574312 -0.15005993]]
[[-1.0592566  -0.71511382  0.16134552  1.5183806   0.02856698 -0.14946716]]
[[-1.06569599 -0.76177956  0.30011412  1.51735192  0.04005792 -0.1493865 ]]
[[-1.0775586  -0.77714964  0.34041516  1.51907781  0.04603292 -0.15091475]]
[[-1.08775478 -0.7681007   0.33123782  1.52483773  0.05064047 -0.15281329]]
[[-1.09775419 -0.76611604  0.32219008  1.53321633  0.05447844 -0.15433921]]
[[-1.13236505 -0.78666774  0.30744289  1.53738584  0.06411775 -0.1556822 ]]
[[-1.17164845 -0.8238877   0.287498    1.54172255  0.07788665 -0.15733328]]
[[-1.21178772 -0.85563239  0.48003643  1.54478326  0.0938048  -0.15857434]]
[[-1.25264609 -0.70954659  0.41052394  1.58030542  0.1150039  -0.16158362]]
[[-1.27202809 -0.59380984  0.45349181  1.60763509  0.13204248 -0.16331471]]
[[-1.29859891 -0.51003523  0.53891009  1.62800448  0.14865212 -0.16456998]]
[[-1.31807846 -0.44181779  0.63772156  1.64382697  0.16399399 -0.16518573]]
[[-1.34359613 -0.37891885  0.70012828  1.65849551  0.17772894 -0.16555578]]
[[-1.34512567 -0.36866982  0.76743698  1.6616328   0.18035102 -0.16547804]]
[[-1.35204172 -0.35526323  0.8295459   1.66532809  0.18528464 -0.16585694]]
[[-1.327725   -0.35304442  0.85794813  1.66530023  0.18192483 -0.16512586]]
[[-1.32680328 -0.3533531   0.91388284  1.66677781  0.18482072 -0.16484748]]
[[-1.32594559 -0.37077948  0.98828049  1.66436064  0.1856943  -0.164642  ]]
[[-1.36906047 -0.40293572  1.14300747  1.66418908  0.19986847 -0.1648341 ]]
[[-1.44149474 -0.36168099  1.23024352  1.67579943  0.22191798 -0.16599616]]
[[-1.45822536 -0.11014749  1.01710987  1.70435457  0.23121642 -0.1703394 ]]
[[-1.4256828   0.07876607  0.77864915  1.72117403  0.22561569 -0.17267818]]
[[-1.41889102  0.17143299  0.67588781  1.72993825  0.22721986 -0.17460753]]
[[ -1.37086725   0.13004149 -49.38106614   1.72165102   0.21107283
   -0.17431322]]
[[ -1.33389792   0.07880218 -49.38678793   1.71347889   0.19969339
   -0.17385114]]
[[-1.32324844e+00  1.59983397e-02 -4.92795612e+01  1.70576915e+00
   1.97070372e-01 -1.73677782e-01]]
[[ -1.35221153  -0.08582247 -48.92665848   1.69584216   0.20855717
   -0.17367741]]
[[ -1.3849219   -0.24510334 -48.27025826   1.67558133   0.22203966
   -0.17268861]]
[[ -1.36239643  -0.59495372 -45.69830556   1.58429786   0.25164459
   -0.16742472]]
[[ -1.33281208  -1.00099687 -41.96017803   1.44051237   0.30189671
   -0.16046398]]
[[ -1.28354145  -1.39354347 -38.51528207   1.29643109   0.33905336
   -0.15286963]]
[[ -1.2292945   -1.64795908 -36.10534744   1.19884339   0.36480628
   -0.14432956]]
[[  2.18902559  -3.52885559 -36.1881279    0.99886013  -0.53670625
   -0.1742219 ]]
[[  8.39106893  -7.33276209 -37.57508481   0.67779897  -2.10808164
   -0.22811696]]
[[ 12.55479787  -9.95941621 -38.14782599   0.45157542  -3.16492264
   -0.26344925]]
[[ 15.54008739 -11.87608219 -38.37323351   0.28530648  -3.91932385
   -0.28889793]]
[[ 17.43947357 -13.08949686 -38.64580332   0.18182491  -4.40408454
   -0.30526163]]
[[ 18.76279471 -14.05282614 -38.61044936   0.08864393  -4.74527955
   -0.31148855]]
[[ 19.65190791 -14.60648728 -38.80803776   0.04279366  -4.97177174
   -0.31733757]]
[[ 2.02965617e+01 -1.49390058e+01 -3.90635909e+01  1.54092725e-02
  -5.13980493e+00 -3.25871655e-01]]
[[ 2.07109880e+01 -1.51003665e+01 -3.93099216e+01  6.94890617e-03
  -5.23858203e+00 -3.31512879e-01]]
[[ 2.08904587e+01 -1.53910800e+01 -3.92101413e+01 -2.03068098e-02
  -5.29922873e+00 -3.35797561e-01]]
[[ 20.94859419 -15.87639334 -38.55436836  -0.09477439  -5.36907419
   -0.23869144]]
[[ 21.02612409 -16.12978215 -38.25380258  -0.1638106   -5.49139164
   -0.11820593]]
[[ 20.89476911 -15.92262459 -38.25690276  -0.14129789  -5.48304567
   -0.17409108]]
[[ 21.14406551 -16.02805712 -39.25220949  -0.06685059  -5.50283659
   -0.23664824]]
[[ 2.07489413e+01 -1.62551015e+01 -3.95962435e+01  3.67383239e-02
  -5.40991022e+00 -1.54719043e-01]]
[[ 2.04763973e+01 -1.70106032e+01 -3.89032164e+01  1.20571226e-02
  -5.39690662e+00 -1.15650040e-01]]
[[ 2.06429891e+01 -1.66491873e+01 -3.83690456e+01 -2.21479664e-02
  -5.43168502e+00 -1.84327932e-01]]
[[ 21.15925385 -15.96569686 -39.85896408   0.05113188  -5.45651748
   -0.23647747]]
[[ 21.72972561 -15.62455716 -40.51011901   0.0900513   -5.50917943
   -0.27549423]]
[[ 22.21408498 -15.29833588 -40.94037373   0.12550531  -5.54639296
   -0.29975375]]
[[ 22.89883218 -15.16642344 -41.24463141   0.10777168  -5.65266696
   -0.30891853]]
[[ 23.16588046 -15.99840386 -40.81143727  -0.05785717  -5.77241085
   -0.05695717]]
[[ 23.21416675 -16.11869872 -40.93114832  -0.07925725  -5.80366684
    0.27506595]]
[[ 23.70746515 -16.2516475  -40.87049038  -0.16179424  -5.99545128
    0.62838923]]
[[ 23.91030257 -15.90436662 -40.7169281   -0.16733398  -6.13863038
    0.95309175]]
[[ 23.22775983 -15.63270003 -40.86429283  -0.04435963  -5.88854906
    0.52093183]]
[[ 2.36420553e+01 -1.60934412e+01 -4.06787972e+01 -3.90508688e-02
  -5.81469488e+00  3.10959961e-01]]
[[ 23.45643646 -16.44834192 -40.13555295  -0.10132876  -5.71842015
    0.54544433]]
[[ 23.09604906 -16.07261366 -39.24847076  -0.17001668  -5.63633832
    1.03381349]]
[[ 22.93806918 -14.5183904  -39.11085143   0.10128804  -5.47947056
    1.43396704]]
[[ 22.66826369 -13.61046488 -39.62851525   0.36092659  -5.3433089
    1.52017626]]
[[ 24.31553572 -10.72058288 -38.8262022    0.84878     -5.43392991
    1.97308233]]
[[ 25.95574214  -5.54592734 -38.08516895   1.90113558  -5.27366795
    1.93060253]]
[[ 26.23698964  -1.51015337 -37.76893933   2.6510938   -5.08344871
    1.76584681]]
[[ 26.45001521   0.62997155 -37.92640291   3.05448069  -5.09367127
    1.78749231]]
[[ 26.16988755   1.92781506 -38.19934053   3.32228231  -5.00462454
    1.51979282]]
[[ 26.05018949   2.03885942 -38.68709144   3.25532761  -4.94186409
    0.63651118]]
[[ 26.08583841   2.13511965 -38.83892724   3.2036642   -4.89583817
    0.07628603]]
[[ 26.02922464   2.07046815 -38.81756617   3.15133408  -4.85593934
   -0.29686129]]
[[ 26.02102152   1.94591971 -38.68819696   3.10197551  -4.84451395
   -0.55883043]]
[[ 26.41754233   2.0417311  -38.76568514   3.10489287  -4.87473732
   -0.71540889]]
[[ 26.84184024   1.71289947 -38.83707486   3.07911304  -4.91781856
   -0.79384808]]
[[ 26.9702874    1.17755238 -38.83397796   3.02421013  -4.88893406
   -0.55017857]]
[[ 26.67285984   0.69568174 -38.72851932   2.93653094  -4.8967121
    0.05957637]]
[[ 25.91477665   1.17190426 -38.66111354   2.95894316  -4.79658847
    0.68608167]]
[[ 25.19717456   1.2231144  -37.87916591   2.8910513   -4.95209143
    1.02499896]]
[[ 24.85080049   1.35814415 -37.74061056   2.93930898  -5.03805064
    0.44272375]]
[[ 25.3239099    1.85094928 -38.01255768   2.99607945  -5.1387532
   -0.15109259]]
[[ 26.48551522   1.40933888 -37.63400047   2.98852673  -5.27539617
   -0.40918307]]
[[ 27.22393871   1.07608866 -37.83203333   3.01334873  -5.30237986
   -0.42915197]]
[[ 27.65204766   1.04406231 -38.36395294   3.06396498  -5.29507648
   -0.28266208]]
[[ 2.81646138e+01  6.99403631e-01 -3.88025253e+01  3.07163926e+00
  -5.29680953e+00  1.80537507e-02]]
[[ 2.79168001e+01  2.19652805e-02 -3.82315005e+01  2.93735530e+00
  -5.28012485e+00  5.02197182e-01]]
[[ 27.23963293   0.52450762 -36.9715726    2.85487852  -5.18428137
    1.06218444]]
[[ 26.09821272   0.69423359 -36.11716992   2.81500772  -5.11711116
    1.33292896]]
[[ 25.06719846   0.70352901 -35.80089348   2.79298082  -5.09482036
    1.1406302 ]]
[[ 25.26671067   0.82966572 -36.17588523   2.81905562  -5.12853475
    0.33746921]]
[[ 25.64085899   1.5177687  -36.97897121   2.95005875  -5.14468269
   -0.10402131]]
[[ 25.97907944   1.86740194 -37.31160564   3.02723067  -5.19718248
   -0.48649707]]
[[ 27.02246911   1.68923085 -36.94083941   2.89030655  -5.36790307
   -1.06124513]]
[[ 27.95611418  -2.04477335 -35.96586924   2.10260486  -5.88366547
   -1.49450699]]
[[ 27.46544466  -6.62900382 -33.94596451   1.01491418  -6.08147065
   -1.31940881]]
[[ 26.62949211  -6.94547894 -32.82820576   0.84002644  -5.79837907
   -0.92277702]]
[[ 25.80466426  -6.85639314 -33.86873724   0.93635483  -5.60121641
   -0.69698302]]
[[ 25.68223897  -6.99152872 -34.40462907   0.97530916  -5.56471832
   -0.55119343]]
[[ 25.59806729  -7.0770263  -34.78429496   1.00653828  -5.53730837
   -0.44674453]]
[[ 25.50542626  -7.1450386  -34.97506857   1.02539714  -5.51005607
   -0.37670249]]
[[ 25.29842339  -7.09418448 -35.3984614    1.07921799  -5.43577692
   -0.33496764]]
[[ 25.2558999   -7.09990862 -35.44367954   1.08319017  -5.43673823
   -0.30326707]]
[[ 26.24393437  -7.64753886 -26.08581209   0.65328003  -5.64649369
   -0.23996206]]
[[ 26.18901598  -7.41289443 -17.81129473   0.3829533   -5.60548385
   -0.30219279]]
[[ 26.10463692  -7.39324192 -12.51074867   0.23376376  -5.62003707
   -0.33075493]]
[[26.74140987 -7.44461922 -6.73930525  0.0643867  -5.84285852 -0.43854353]]
[[26.50658707 -7.20744164 -4.39702838 -0.05466168 -5.78673227 -0.62511348]]
[[25.90630196 -7.13149237 -4.17792532 -0.33852571 -5.78278364 -0.67061757]]
[[24.92821789 -6.14837785 -9.21987688 -0.35142129 -5.6571898  -0.58491644]]
[[ 24.23029096  -5.31675965 -13.68968899  -0.26901049  -5.50307809
   -0.56054411]]
[[ 23.73394845  -4.70924678 -17.1265946   -0.18727716  -5.38082922
   -0.54243157]]
[[ 23.4158922   -4.31405278 -19.41582473  -0.13464455  -5.30112292
   -0.53071946]]
[[ 23.18082239  -4.04195982 -20.98983394  -0.09717514  -5.24404324
   -0.5219644 ]]
[[ 23.03987634  -3.86166405 -22.02074224  -0.07305212  -5.20918367
   -0.51695712]]
[[ 22.92391223  -3.73898574 -22.7298734   -0.05556917  -5.18169407
   -0.51345301]]
[[ 22.86726405  -3.65892695 -23.19193415  -0.0450382   -5.16752738
   -0.51108874]]
[[ 22.80318418  -3.60637805 -23.50798171  -0.03694793  -5.15375904
   -0.50939722]]
[[ 22.77358112  -3.57317075 -23.71366984  -0.03182884  -5.14736196
   -0.5082271 ]]
[[ 22.74686154  -3.54848146 -23.85526411  -0.02816004  -5.14216939
   -0.50745206]]
[[ 22.72487672  -3.53948645 -23.92601289  -0.02624931  -5.13836679
   -0.5070253 ]]
[[ 22.7143821   -3.52811392 -23.97746869  -0.02466594  -5.13693865
   -0.50672393]]
[[ 2.26975409e+01 -3.52105490e+00 -2.40142921e+01 -2.29865384e-02
  -5.13474139e+00 -5.06071143e-01]]
[[ 2.26924749e+01 -3.52248798e+00 -2.40159136e+01 -2.29768769e-02
  -5.13458307e+00 -5.06281347e-01]]
[[ 2.26789548e+01 -3.52052935e+00 -2.40192202e+01 -2.21987030e-02
  -5.13326015e+00 -5.06570467e-01]]
[[ 2.26756057e+01 -3.52509762e+00 -2.40068940e+01 -2.21284128e-02
  -5.13407275e+00 -5.06342361e-01]]
[[ 2.26664536e+01 -3.52203386e+00 -2.40056388e+01 -2.14388008e-02
  -5.13332518e+00 -5.06494479e-01]]
[[ 2.26640741e+01 -3.52423588e+00 -2.40051740e+01 -2.11875945e-02
  -5.13385835e+00 -5.06280348e-01]]
[[ 2.26493408e+01 -3.52713028e+00 -2.39797728e+01 -2.09869373e-02
  -5.13234216e+00 -5.06430183e-01]]
[[ 2.26592188e+01 -3.52686086e+00 -2.39641357e+01 -2.24138212e-02
  -5.13544925e+00 -5.06584691e-01]]
[[ 2.26473457e+01 -3.53529525e+00 -2.39312881e+01 -2.21303174e-02
  -5.13444781e+00 -5.06261994e-01]]
[[ 2.26421481e+01 -3.52998538e+00 -2.39350030e+01 -2.10115970e-02
  -5.13419996e+00 -5.06608505e-01]]
[[ 2.26466444e+01 -3.53285704e+00 -2.39183988e+01 -2.15294714e-02
  -5.13562339e+00 -5.06473814e-01]]
[[ 2.26350292e+01 -3.54023645e+00 -2.38911481e+01 -2.12388694e-02
  -5.13421784e+00 -5.06574555e-01]]
[[ 2.26371828e+01 -3.53877498e+00 -2.38853813e+01 -2.11944622e-02
  -5.13614626e+00 -5.06601075e-01]]
[[ 2.26249762e+01 -3.54526041e+00 -2.38745901e+01 -2.14260953e-02
  -5.13524306e+00 -5.06373233e-01]]
[[ 2.26202877e+01 -3.55050122e+00 -2.38456496e+01 -2.14449369e-02
  -5.13512629e+00 -5.06777369e-01]]
[[ 2.26211925e+01 -3.54809110e+00 -2.38610973e+01 -2.10669040e-02
  -5.13604874e+00 -5.06665575e-01]]
[[ 2.26270476e+01 -3.55101928e+00 -2.38409613e+01 -2.16118196e-02
  -5.13788393e+00 -5.06639860e-01]]
[[ 2.26095500e+01 -3.56828859e+00 -2.37946791e+01 -2.20449083e-02
  -5.13535936e+00 -5.06503030e-01]]
[[ 2.26291447e+01 -3.55408229e+00 -2.38170100e+01 -2.16514761e-02
  -5.13906155e+00 -5.06860155e-01]]
[[ 2.26171227e+01 -3.56879070e+00 -2.37839149e+01 -2.21552271e-02
  -5.13758283e+00 -5.06802421e-01]]
[[ 2.26183485e+01 -3.56889502e+00 -2.37764201e+01 -2.21874090e-02
  -5.13846105e+00 -5.07022314e-01]]
[[ 2.26172031e+01 -3.56869642e+00 -2.37778890e+01 -2.21644910e-02
  -5.13895485e+00 -5.06857674e-01]]
[[ 2.26106070e+01 -3.57690911e+00 -2.37395262e+01 -2.28977256e-02
  -5.13882912e+00 -5.07083816e-01]]
[[ 2.26115737e+01 -3.56946977e+00 -2.37614860e+01 -2.19586634e-02
  -5.13984916e+00 -5.06768385e-01]]
[[ 2.26081360e+01 -3.57624697e+00 -2.37336957e+01 -2.26438569e-02
  -5.13978909e+00 -5.06973247e-01]]
[[ 2.26074068e+01 -3.58086608e+00 -2.37249725e+01 -2.31007522e-02
  -5.14004125e+00 -5.07101291e-01]]
[[ 2.26082591e+01 -3.58092897e+00 -2.37235803e+01 -2.25874622e-02
  -5.14056546e+00 -5.06992995e-01]]
[[ 2.26045605e+01 -3.58297448e+00 -2.37076877e+01 -2.26561511e-02
  -5.14036923e+00 -5.06955705e-01]]
[[ 2.26071260e+01 -3.58303492e+00 -2.37034208e+01 -2.30730112e-02
  -5.14110405e+00 -5.07094024e-01]]
[[ 2.26026284e+01 -3.58766773e+00 -2.36857096e+01 -2.31741467e-02
  -5.14092698e+00 -5.07173406e-01]]
[[ 2.25996109e+01 -3.58799920e+00 -2.36843617e+01 -2.27992774e-02
  -5.14144365e+00 -5.07211020e-01]]
[[ 2.25964858e+01 -3.58469778e+00 -2.36796669e+01 -2.25238298e-02
  -5.14156825e+00 -5.07323783e-01]]
[[ 2.25966405e+01 -3.58966130e+00 -2.36599767e+01 -2.32594646e-02
  -5.14176308e+00 -5.07379541e-01]]
[[ 2.25952232e+01 -3.59118520e+00 -2.36629648e+01 -2.30263916e-02
  -5.14201393e+00 -5.07201220e-01]]
[[ 2.25934529e+01 -3.59376276e+00 -2.36461083e+01 -2.29590926e-02
  -5.14202841e+00 -5.07440863e-01]]
[[ 2.25911189e+01 -3.59817882e+00 -2.36461115e+01 -2.30829868e-02
  -5.14232129e+00 -5.07236737e-01]]
[[ 2.25906791e+01 -3.59864137e+00 -2.36400571e+01 -2.30990112e-02
  -5.14263458e+00 -5.07352412e-01]]
[[ 2.25880414e+01 -3.60087517e+00 -2.36341536e+01 -2.30269740e-02
  -5.14256126e+00 -5.07457714e-01]]
[[ 2.25868451e+01 -3.60070065e+00 -2.36289001e+01 -2.33241623e-02
  -5.14285985e+00 -5.07601957e-01]]
[[ 2.25865426e+01 -3.60116493e+00 -2.36246286e+01 -2.31959853e-02
  -5.14292845e+00 -5.07346260e-01]]
[[ 2.25848640e+01 -3.60289294e+00 -2.36233797e+01 -2.34769945e-02
  -5.14334133e+00 -5.07183147e-01]]
[[ 2.25800534e+01 -3.60490096e+00 -2.36171176e+01 -2.34549968e-02
  -5.14304052e+00 -5.07290532e-01]]
[[ 2.25797853e+01 -3.60695833e+00 -2.36143719e+01 -2.36132781e-02
  -5.14363144e+00 -5.07155965e-01]]
[[ 2.25808776e+01 -3.60453144e+00 -2.36143210e+01 -2.32579938e-02
  -5.14368727e+00 -5.07472705e-01]]
[[ 2.25814209e+01 -3.60780880e+00 -2.36115887e+01 -2.34142635e-02
  -5.14393460e+00 -5.07290715e-01]]
[[ 22.57746274  -3.61196378 -23.60220411  -0.0239665   -5.14389796
   -0.50724925]]
[[ 22.57647076  -3.6123824  -23.60007891  -0.02382467  -5.14406996
   -0.50738105]]
[[ 22.57793383  -3.61176218 -23.60150827  -0.02369894  -5.14444502
   -0.50723268]]
[[ 22.57469308  -3.61267974 -23.59575167  -0.02365707  -5.14431682
   -0.50749017]]
[[ 22.57524167  -3.61768917 -23.59168896  -0.02398327  -5.14447458
   -0.50746548]]
[[ 22.57468595  -3.61538778 -23.59105597  -0.02376029  -5.14453336
   -0.50751164]]
[[ 2.25732609e+01 -3.61746132e+00 -2.35934449e+01 -2.35718607e-02
  -5.14496335e+00 -5.07284925e-01]]
[[ 22.57215035  -3.61876687 -23.58610874  -0.02385061  -5.14478562
   -0.50776666]]
[[ 22.57404592  -3.62158787 -23.5860167   -0.0243653   -5.1451115
   -0.50745972]]
[[ 22.57194943  -3.61639248 -23.5895509   -0.02365101  -5.14513258
   -0.50745123]]
[[ 22.57079413  -3.61716205 -23.58693891  -0.02411653  -5.14522911
   -0.50758333]]
[[ 22.57084966  -3.61896986 -23.58254711  -0.02433865  -5.14550497
   -0.50730763]]
[[ 22.57057846  -3.61935825 -23.57876439  -0.02446488  -5.14529844
   -0.50781118]]
[[ 22.57237997  -3.61918745 -23.58193483  -0.0245081   -5.14573675
   -0.50760442]]
[[ 22.57057094  -3.61875997 -23.58089402  -0.02440583  -5.14554397
   -0.50757752]]
[[ 22.57008731  -3.61866092 -23.57493403  -0.02491532  -5.14597028
   -0.50770578]]
[[ 22.56808974  -3.6187895  -23.57700247  -0.02488707  -5.14580987
   -0.5076959 ]]
[[ 22.56765037  -3.62187327 -23.57348045  -0.02485368  -5.14601163
   -0.50776258]]
[[ 22.56985452  -3.62153788 -23.57732685  -0.02461983  -5.14616353
   -0.50769129]]
[[ 22.56920282  -3.62172276 -23.57400407  -0.02461339  -5.14631014
   -0.50787305]]
[[ 22.56723644  -3.62743399 -23.56202568  -0.02508567  -5.14589265
   -0.50783269]]
[[ 22.56695688  -3.62744089 -23.56555534  -0.02505051  -5.14640957
   -0.50758659]]
[[ 22.56729192  -3.62966495 -23.56625674  -0.02510754  -5.14675088
   -0.50740368]]
[[ 22.56677717  -3.62951022 -23.56105984  -0.02497029  -5.14655218
   -0.50745152]]
[[ 22.56301732  -3.63027207 -23.55694662  -0.0251991   -5.14603905
   -0.50767296]]
[[ 22.56377411  -3.63257794 -23.55367959  -0.02535798  -5.14677161
   -0.50767388]]
[[ 22.56183592  -3.63008245 -23.56129842  -0.02483332  -5.1466701
   -0.50755148]]
[[ 22.56047966  -3.63352056 -23.55138738  -0.02524856  -5.14682317
   -0.50760746]]
[[ 22.55722202  -3.63670765 -23.55166635  -0.02553066  -5.14664025
   -0.50745173]]
