[[0. 0. 0. 0. 0. 0.]]
[[ 2.41965086e-03  3.94209355e-03  2.34556767e-02  1.84002648e-04
   6.37139190e-05 -5.32969231e-05]]
[[1.75296100e-03 1.08617614e-03 2.22781052e-02 2.57460041e-04
  1.41906050e-04 2.74954543e-05]]
[[ 1.41019815e-03  1.21952708e-02  2.39332852e-02  7.90304338e-03
  -2.22943889e-03  4.26567356e-05]]
[[-4.80676920e-03  2.19706386e-02  2.67280288e-02  1.78069514e-02
   1.00950780e-03 -6.77232334e-05]]
[[ 3.40188897e-03  2.93543282e-02  2.85863846e-02  2.43229488e-02
  -8.42963037e-03  7.09824287e-05]]
[[-2.94411668e-03  1.20332825e-02  2.45879458e-02  8.96495261e-03
  -3.66473303e-04 -8.66309355e-06]]
[[-0.0113899   0.00198804  0.03092376  0.00026632  0.00968442 -0.00019108]]
[[-8.37158604e-05  8.48652458e-04  3.16654473e-02 -2.38479255e-03
  -3.21855796e-03  4.42055705e-05]]
[[-0.01423287 -0.00410388  0.02844762 -0.00337803  0.010331   -0.00023771]]
[[-3.02192866e-03 -1.52502665e-02  3.41922901e-02 -1.38599128e-02
   2.48340726e-03 -9.40369347e-05]]
[[-4.22078831e-03 -9.26708861e-03 -4.99304229e+01 -1.19392687e-02
   4.71963515e-03  4.78689301e-05]]
[[-2.45153152e-02  1.52163425e-02 -4.99508618e+01  1.25906761e-02
   1.57473363e-02 -4.71381745e-04]]
[[-6.83710096e-04  3.47064911e-02 -4.99571502e+01  2.63279627e-02
  -3.41153886e-03 -1.27891630e-04]]
[[-1.23250309e-02  6.07440718e-02 -4.99687675e+01  4.70100718e-02
   7.81987198e-04 -4.64122963e-04]]
[[-5.35971525e-02  6.54286421e-02 -4.99688767e+01  5.42025667e-02
   3.56711469e-02 -7.22282266e-04]]
[[-2.66402935e-02  2.15331958e-02 -4.99636404e+01  1.91274621e-02
   1.75252948e-02 -4.58342240e-04]]
[[-4.95710535e-03  1.63959038e-02 -4.99637084e+01  1.75061073e-02
   3.21481525e-05  1.28097552e-03]]
[[ 4.57300582e-02 -1.60914831e-02 -4.99623094e+01 -9.75905374e-03
  -2.69078340e-02 -9.32147457e-04]]
[[ 1.06372669e-01 -6.39831097e-02 -4.99804701e+01 -4.54049181e-02
  -7.45027370e-02  2.49615229e-03]]
[[ 1.52906203e-01 -7.16892841e-02 -5.00168450e+01 -4.49372273e-02
  -1.04205859e-01  2.72622692e-03]]
[[ 1.79932909e-01 -4.14338957e-02 -5.00221635e+01 -2.15131738e-02
  -1.30713792e-01  3.98752413e-03]]
[[ 1.91041888e-01 -5.32265477e-03 -4.99952049e+01  3.74744788e-03
  -1.44306940e-01  2.47695849e-03]]
[[ 2.07933105e-01 -1.23350358e-02 -4.99896456e+01  3.14825231e-03
  -1.59981814e-01  5.41427971e-03]]
[[ 1.35702247e-01 -5.10759360e-02 -4.99888660e+01 -2.78231903e-02
  -9.59765406e-02  2.33163641e-03]]
[[ 4.90772499e-02 -7.71144504e-02 -4.99928406e+01 -4.92307055e-02
  -2.67327864e-02  1.82952294e-03]]
[[-3.58453457e-02 -8.89691610e-02 -5.00020327e+01 -5.88835840e-02
   4.82896879e-02 -1.62040858e-03]]
[[-5.81190045e-02 -2.03245650e-02 -5.00011379e+01 -3.21401250e-03
   5.74433498e-02  3.94094004e-04]]
[[-2.05992377e-02  6.18734424e-02 -4.99819619e+01  5.08948755e-02
   1.64332223e-02 -1.80830116e-03]]
[[ 2.24990634e-02  1.36609899e-01 -4.99647333e+01  1.06137973e-01
  -3.28620277e-02  2.35357778e-03]]
[[ 3.51243627e-03  1.54565861e-01 -4.99694810e+01  1.20141471e-01
  -2.27002615e-02  5.45428382e-04]]
[[-1.83194527e-02  5.74694338e-02 -4.99473375e+01  5.36206286e-02
   2.92149036e-03  8.49641901e-06]]
[[-4.77088383e-02 -5.15246339e-02 -4.99524000e+01 -2.40975101e-02
   3.88795423e-02 -4.76621298e-05]]
[[-0.06690737 -0.10025676  0.04427673 -0.0640976   0.06539086 -0.00150112]]
[[-0.05877922 -0.06306548  0.01950764 -0.03337784  0.05667827  0.00112761]]
[[-0.02292765  0.06637146  0.01184072  0.07674261  0.01276126  0.00129707]]
[[ 0.00037566  0.15927979  0.02589177  0.14827494 -0.0205487   0.00193116]]
[[ 0.04488956  0.1509025   0.04639154  0.13707302 -0.06148362  0.00174851]]
[[ 0.02666242  0.05878944  0.05969507  0.06493102 -0.04203345  0.00136548]]
[[-0.00678308 -0.12524823  0.05357313 -0.07603812  0.00235727  0.00162959]]
[[-2.42079977e-02 -2.55881386e-01  3.13888512e-02 -1.89255829e-01
   3.68813020e-02 -6.56716701e-05]]
[[ 0.00632922 -0.17102652  0.02197313 -0.12026641 -0.00184671  0.00116293]]
[[ 0.07127489  0.12053971  0.00418439  0.1199724  -0.10138269  0.00459808]]
[[ 0.09378819  0.35030834  0.01981064  0.33881219 -0.17898778  0.00610934]]
[[ 0.01160342  0.12206277 -0.0087295   0.21233187 -0.11735212  0.00571083]]
[[-0.11542461 -0.43529596 -0.11946224 -0.20287953  0.03692528  0.0021969 ]]
[[-2.17987247e-01 -8.55423938e-01  9.78709195e+00 -5.16549364e-01
   1.57934471e-01  3.78023824e-03]]
[[-0.10235552 -0.46543615  9.61822352 -0.16397683 -0.02873093  0.01204158]]
[[ 0.0203379   0.48107501  9.60181412  0.7350975  -0.33002518  0.01492131]]
[[-0.12081866  0.05879203  9.46766833  0.45190147 -0.20709571  0.01946826]]
[[-0.28626337 -1.34599961  9.37348617 -0.73356962  0.1454125   0.01464186]]
[[-0.38610247 -1.12286037  9.2326792  -0.43359388  0.10717582  0.01895111]]
[[-0.15765717  0.30434471  9.23223203  0.7760947  -0.27919707  0.01302954]]
[[-0.22816941  0.04094723  9.18886702  0.56458706 -0.20155326  0.02023024]]
[[-0.31153692 -1.30307756  9.21655913 -0.65157472  0.12321736  0.02124541]]
[[-0.35385694 -0.85831402  9.16155149 -0.19144228  0.03030091  0.02043094]]
[[-0.19376487  0.46490575  9.19579047  0.96552288 -0.31084687  0.01037973]]
[[-0.25741325 -0.06148409  9.1353401   0.49532665 -0.17583522  0.01621728]]
[[-0.37469296 -1.29065808  9.18326038 -0.63151626  0.15589396  0.0241207 ]]
[[-0.32219214 -0.57475213  9.1390341   0.02058162 -0.04340124  0.02171911]]
[[-0.15662331  0.61370854  9.21019341  1.05794362 -0.37578913  0.01647401]]
[[-0.26668476 -0.18755985  9.14530834  0.44156415 -0.18315214  0.01577166]]
[[-0.40689838 -1.18955007  9.22771369 -0.4929538   0.12617897  0.02223663]]
[[-0.36334959 -0.3503735   9.12801595  0.23261267 -0.07606638  0.01667838]]
[[-0.25532006  0.70590325  9.22137009  1.14622412 -0.33750885  0.00948407]]
[[-0.36326033 -0.10437655  9.1163541   0.54640617 -0.15923504  0.01282184]]
[[-0.50232485 -1.19130483  9.22088549 -0.46683694  0.17409714  0.01836909]]
[[-0.42704372 -0.39238685  9.12641859  0.2567097  -0.04793763  0.01839784]]
[[-2.59689950e-01  7.50053401e-01  9.13116261e+00  1.26348339e+00
  -3.75099301e-01  6.92894036e-03]]
[[-0.3473187   0.04356461  9.0690152   0.668088   -0.20314358  0.01380334]]
[[-0.45364973 -1.17953679  9.16930996 -0.46796487  0.12744534  0.02347362]]
[[-0.40843816 -0.42521421  9.10425867  0.2116906  -0.07935141  0.01964094]]
[[-2.25272953e-01  8.50614445e-01  9.16118562e+00  1.33068665e+00
  -4.30679062e-01  4.87370052e-03]]
[[-0.31018703 -0.0170732   9.08391184  0.6319963  -0.24009128  0.01423917]]
[[-0.464733   -0.94313349  9.18894894 -0.22075262  0.06065245  0.01874449]]
[[-0.28960419 -0.20299303  9.31105452  0.32296501 -0.15146839  0.01377331]]
[[-1.34303565e-01  7.26077480e-01  9.51400385e+00  1.02712405e+00
  -3.65580208e-01  5.53287271e-03]]
[[-2.27596197e-01  4.33946061e-01  9.58512350e+00  7.84049390e-01
  -2.33042472e-01  3.23477180e-03]]
[[-3.69735066e-01 -3.19491420e-01  9.68364591e+00  9.21117226e-02
   5.58688349e-02  4.36006304e-03]]
[[-3.16323401e-01 -2.76786517e-01  9.68078142e+00  1.30396911e-01
   1.09978801e-02  4.79595898e-03]]
[[-6.32618556e-02  6.18429758e-01  9.71308703e+00  8.44978352e-01
  -3.07852876e-01 -4.66852344e-05]]
[[-5.31339282e-02  8.31973432e-01  9.77451935e+00  1.02352948e+00
  -3.59671514e-01  2.53439600e-03]]
[[-2.44630447e-01  1.78088656e-01  9.74927537e+00  4.86465810e-01
  -9.93555049e-02 -2.63623681e-04]]
[[-0.31011834 -0.37038628 -0.21791265  0.00123914  0.05739592  0.00404464]]
[[-0.16972707  0.04142795 -0.24389852  0.32498348 -0.11142602  0.00415151]]
[[ 1.56629388e-02  8.61725537e-01 -1.99785831e-01  1.01464122e+00
  -3.86396921e-01 -7.88971611e-04]]
[[-0.07277646  0.69186066 -0.20638249  0.89892418 -0.31048816  0.00160359]]
[[-0.26536569 -0.11883448 -0.20832257  0.19325825 -0.0067418   0.00200744]]
[[-0.30631835 -0.3257332  -0.23887765  0.04583426  0.0442082   0.00249447]]
[[-0.08801744  0.45491588 -0.24147044  0.66102948 -0.23770852  0.00072601]]
[[-2.17950012e-02  8.92776923e-01 -1.72365178e-01  1.03999022e+00
  -3.71788369e-01  8.84605168e-05]]
[[-1.93500596e-01  3.87374227e-01 -2.01473092e-01  6.46635645e-01
  -1.66571586e-01 -2.67869395e-04]]
[[-0.3004224  -0.32404851 -0.15950937  0.02073379  0.05340678  0.00338202]]
[[-0.24615699 -0.15182884 -0.2155357   0.16731986 -0.02000743  0.00318721]]
[[-0.02271136  0.79365521 -0.21192157  0.94142404 -0.33986763 -0.00240917]]
[[-7.95022826e-02  7.81081721e-01 -1.80835427e-01  9.50598032e-01
  -3.15225787e-01  7.88309293e-04]]
[[-2.42124915e-01  8.55127453e-02 -1.93216455e-01  3.63899614e-01
  -5.78913784e-02  3.10939049e-04]]
[[-0.31274864 -0.33672916 -0.19975021  0.02088253  0.05565149  0.00344272]]
[[-0.14765221  0.22354389 -0.20763525  0.4568773  -0.14948455  0.00305602]]
[[-0.01314813  0.91869476 -0.16315317  1.04382734 -0.37024888 -0.0010676 ]]
[[-0.15302748  0.55850285 -0.17909652  0.77661448 -0.22301459 -0.00203613]]
[[-0.27242975 -0.1954663  -0.16274313  0.11485256  0.01676921  0.00311192]]
[[-0.26549762 -0.26261959 -0.22177069  0.07495512  0.00626601  0.00556602]]
[[-0.05226015  0.61168005 -0.2229833   0.78335171 -0.29064982 -0.00088176]]
[[-0.04648115  0.87639598 -0.1704063   1.01855263 -0.35180653  0.0014119 ]]
[[-0.22868988  0.28267887 -0.19290949  0.54921888 -0.11820693 -0.0018475 ]]
[[-0.31437083 -0.32784697 -0.15978731  0.0079963   0.0690998   0.00295662]]
[[-0.20112906  0.02412651 -0.21103072  0.29739537 -0.08632333  0.00562069]]
[[-0.01443425  0.88544647 -0.18333158  1.03248779 -0.3735566  -0.00165011]]
[[-0.12690866  0.60543819 -0.18630814  0.82789312 -0.26617656  0.00113201]]
[[-0.26256621 -0.09130325 -0.19147579  0.21462399 -0.02280405  0.00276665]]
[[-3.75188394e-01 -5.28345761e-01 -2.92606514e-01  2.51710592e-02
   2.59861834e-02  4.39623142e-04]]
[[-2.08219153 -2.81373485  0.39331863 -0.24324535  0.3118565   0.0039715 ]]
[[-4.8630632  -6.14684692  2.66099527 -0.73887476  0.94987354  0.10025987]]
[[-6.34242357 -7.34668758  6.22384267 -0.95838331  1.35624979  0.2862043 ]]
[[-5.63213495 -6.38592531 10.38350922 -0.69194961  1.1935973   0.50152562]]
[[-5.41913404 -6.77442199 12.85099399 -0.76413623  1.23085021  0.70373814]]
[[-5.22480222 -7.21270288 13.89286561 -0.81874138  1.23277857  0.84275639]]
[[-5.00855989 -8.12845963 14.48431802 -1.095444    1.26469026  0.94804057]]
[[-4.99360705 -8.41980099 14.73332428 -1.19624571  1.296139    1.0163329 ]]
[[-4.7834517  -8.65411728 14.74535553 -1.28227751  1.26902498  1.02569891]]
[[-4.24093378 -8.05395139 14.71664768 -1.16117703  1.10296781  1.00043466]]
[[-3.55979467 -7.23678601 14.43347535 -0.9751017   0.91017354  0.96095957]]
[[-2.81258732 -6.73365563 13.45989762 -0.8956475   0.70552863  0.89181785]]
[[-2.02413904 -5.97181316 11.89573286 -0.7795945   0.47772071  0.79629459]]
[[-1.20725204 -5.52478979 10.17140676 -0.77030217  0.2604106   0.68100226]]
[[-0.56235518 -5.05012182  8.474089   -0.74153497  0.09019629  0.58833583]]
[[-9.73979304e-02 -5.02200962e+00  6.50628604e+00 -7.98686846e-01
  -5.65215758e-03  5.11143118e-01]]
[[ 0.21639464 -4.11640906  3.63868301 -0.5339642  -0.15237291  0.37322434]]
[[ 0.56472121 -3.64855176  2.56922671 -0.4267737  -0.22656035  0.23907895]]
[[ 0.89193466 -3.29660328  2.37870606 -0.30113279 -0.3360505   0.11264636]]
[[ 0.92393207 -3.17512407  2.22581974 -0.15100647 -0.32914427  0.01346765]]
[[ 0.5959422  -2.96780947  1.68685837 -0.00900751 -0.20892641 -0.0315904 ]]
[[ 0.41181011 -2.67408679  1.42044374  0.13807777 -0.15608675 -0.07025352]]
[[ 0.36611369 -2.4329114   1.33253894  0.30433513 -0.14245589 -0.10312894]]
[[ 0.42424203 -1.93152541  1.26027123  0.50233958 -0.17990596 -0.13942437]]
[[ 0.50481946 -1.19466347  0.88295663  0.70935818 -0.2311089  -0.15950057]]
[[ 0.59988246 -0.47301837  0.40020816  0.8467392  -0.27792594 -0.16180394]]
[[ 0.62769564  0.11185801 -0.09525279  0.97647998 -0.30885239 -0.15848066]]
[[ 0.60163399  0.37918414 -0.48483041  1.02412776 -0.31275893 -0.15737053]]
[[ 0.60913502  0.54290198 -0.82178674  1.0190257  -0.32120401 -0.15533155]]
[[ 0.60093534  0.92660743 -1.32629725  1.06777699 -0.33273149 -0.14345043]]
[[ 0.56594661  1.07711995 -1.43963933  0.9895064  -0.31937631 -0.11340608]]
[[ 0.40152862  0.97682614 -0.87395843  0.83913482 -0.26299499 -0.08010323]]
[[ 0.28395625  0.91291162 -0.48007904  0.74984039 -0.2253946  -0.05823419]]
[[ 0.20840766  0.86548947 -0.21102524  0.68757025 -0.20178773 -0.04331509]]
[[ 0.14936366  0.83545505 -0.0261746   0.64477952 -0.1823487  -0.03302524]]
[[ 0.11387636  0.81042953  0.10319074  0.61207047 -0.17231284 -0.025785  ]]
[[ 0.08762528  0.79962214  0.18890352  0.59476367 -0.16171571 -0.02125058]]
[[ 0.07172189  0.78889582  0.24790739  0.58003488 -0.15742383 -0.0179683 ]]
[[ 0.49533396 -0.12492622 -0.61698574  0.11070272 -0.29852503 -0.00895516]]
[[ 1.54501972  3.86792679 -0.49449761  2.38567812 -1.20508472 -0.23076358]]
[[ 2.32508571  6.88569868 -0.21786759  4.06811093 -1.84925864 -0.38991611]]
[[ 2.57764218  8.21911131 -0.2075691   4.74718237 -2.06643341 -0.47670387]]
[[ 2.5742173   8.71884863 -0.20621162  4.99739208 -2.1061513  -0.51594677]]
[[ 2.52116189  8.71349239 -0.58935483  4.98601213 -2.10423652 -0.53194814]]
[[ 2.29419719  7.94395489 -1.25988598  4.39651788 -1.9322773  -0.48642008]]
[[ 2.0143592   7.33696026 -1.79132732  3.9799709  -1.75566468 -0.4467718 ]]
[[ 1.76268449  6.04631845 -1.82193827  3.28512757 -1.52936283 -0.3643672 ]]
[[ 1.26391267  4.3849213  -1.17332037  2.42542015 -1.12759277 -0.25219518]]
[[ 0.87210424  3.14526685 -0.6913932   1.75367656 -0.8111716  -0.17304565]]
[[ 0.58111121  2.41353155 -0.34756519  1.40093308 -0.60145477 -0.11982297]]
[[ 0.39118713  1.91396071 -0.11438005  1.15948413 -0.46404935 -0.08408527]]
[[ 0.26155073  1.53797334  0.03993088  0.96181116 -0.36320006 -0.05927468]]
[[ 0.17049694  1.27864503  0.14844945  0.82923369 -0.29191912 -0.04203287]]
[[ 0.1066351   1.10766393  0.22449768  0.74049901 -0.24226902 -0.03086012]]
[[ 0.06086863  0.97878849  0.27545318  0.67130149 -0.20751331 -0.02270702]]
[[ 0.03124162  0.9036661   0.30972765  0.63414371 -0.18561909 -0.01751989]]
[[ 0.01481512  0.84411791  0.33597694  0.60453491 -0.17238617 -0.01362549]]
[[-1.89851027e-04  8.13902248e-01  3.51906593e-01  5.91933611e-01
  -1.63240250e-01 -1.12750981e-02]]
[[-0.00400085  0.79331537  0.36607546  0.58211105 -0.1584075  -0.00945922]]
[[-0.00819316  0.77859912  0.37662213  0.57559593 -0.15523541 -0.00819212]]
[[-0.00506249  0.76712854  0.37485136  0.5704391  -0.15904012 -0.00687267]]
[[-0.00846995  0.75799446  0.38835856  0.56615407 -0.1534293  -0.00661378]]
[[-0.01208961  0.75034654  0.40053582  0.56097276 -0.14873318 -0.00633802]]
[[-0.01296903  0.74911854  0.43826921  0.55820727 -0.14615339 -0.006182  ]]
[[ 0.0026923   0.7365736   0.41574883  0.55081235 -0.15629924 -0.00573633]]
[[-0.01307074  0.73964923  0.41227449  0.55276296 -0.13997673 -0.00620624]]
[[-0.01406068  0.73452106  0.40674155  0.54943975 -0.1383433  -0.00596325]]
[[ 0.00877694  0.73791569  0.43422044  0.54967117 -0.15804126 -0.00498944]]
[[-0.00745405  0.74088598  0.42260673  0.55171482 -0.14435742 -0.00559626]]
[[ 8.79077357e-05  7.43695121e-01  4.23885804e-01  5.51975874e-01
  -1.54455958e-01 -5.10330017e-03]]
[[-0.01475614  0.74723129  0.43563049  0.55444597 -0.14388439 -0.00563406]]
[[-0.01305703  0.74913299  0.4432047   0.55394611 -0.14594417 -0.00540176]]
[[-0.02025664  0.75102964  0.44230052  0.55548888 -0.14268398 -0.00559778]]
[[-0.01857273  0.75159779  0.44685915  0.55407872 -0.14327327 -0.00552937]]
[[-0.02221185  0.74959158  0.45210179  0.5512081  -0.13926291 -0.0054673 ]]
[[-0.01819676  0.75779299  0.45608673  0.55979272 -0.14304286 -0.00469101]]
[[-0.01755286  0.74881029  0.45339752  0.54702933 -0.14144216 -0.00511598]]
[[-0.02528488  0.76430705  0.45899159  0.5621324  -0.13679088 -0.0069369 ]]
[[-0.00430543  0.78754956  0.46447806  0.58039213 -0.15817657 -0.00690206]]
[[ 0.00594202  0.77604277  0.46382124  0.57149128 -0.1674489  -0.00566053]]
[[-0.02341453  0.75910884  0.46432036  0.5601161  -0.13612087 -0.00585281]]
[[-0.02464021  0.73451236  0.47305847  0.5408676  -0.13119619 -0.00694049]]
[[-0.02979408  0.70970812  0.46614043  0.51716545 -0.12413684 -0.00529597]]
[[-0.02793228  0.73888022  0.46806826  0.53986767 -0.12917463 -0.00611483]]
[[-0.00510685  0.7974802   0.48353524  0.58981332 -0.15863155 -0.00868379]]
[[ 0.00264544  0.84019227  0.4854896   0.62321569 -0.17411656 -0.00685707]]
[[-0.01424469  0.81644118  0.48893864  0.60701553 -0.15908712 -0.00517662]]
[[-0.02519455  0.71146573  0.4876045   0.52610868 -0.1345367  -0.00399253]]
[[-0.03317095  0.61837926  0.48330438  0.44663444 -0.11770599 -0.00353282]]
[[-0.03421702  0.61855669  0.46825277  0.44127445 -0.11419653 -0.00579138]]
[[ 0.02436383  0.77845182  0.47529006  0.57622448 -0.19057325 -0.00374787]]
[[ 0.01627769  0.95984885  0.48863748  0.73029559 -0.21894347 -0.00575061]]
[[-0.03797373  0.91877812  0.49684624  0.71333555 -0.18427535 -0.00873471]]
[[-0.09816552  0.68012353  0.49593424  0.5219629  -0.10470151 -0.00823195]]
[[-0.12651132  0.40944888  0.48103007  0.29970564 -0.0398846  -0.00583218]]
[[-0.03635421  0.39121862  0.41028954  0.29866365 -0.10944868 -0.00141159]]
[[ 0.07535314  0.88344996  0.38126936  0.71357038 -0.27578533 -0.00227303]]
[[ 0.01941946  1.08510509  0.38757513  0.91637096 -0.29146587 -0.00757924]]
[[-0.18625761  0.77408917  0.38253463  0.71894281 -0.12319334 -0.01090294]]
[[-0.23630982 -0.13128308  0.37566926  0.13704087  0.03604494  0.00997943]]
[[-0.22507623 -0.42823552  0.43034271  0.01450829  0.03038804  0.0309035 ]]
[[-0.08887911 -0.0056383   0.62694926  0.41099124 -0.17375695  0.03997037]]
[[-0.10900701 -0.24207455  0.79741044  0.38992256 -0.18026916  0.05521775]]
[[-0.23242098 -1.01665777  0.87065289 -0.08955972 -0.00772585  0.07648847]]
[[-0.31287581 -1.40190358  1.05189802 -0.35715015  0.09896889  0.0833993 ]]
[[-0.4431242  -1.16449024  1.20080024 -0.17227679  0.12518826  0.08265086]]
[[-0.57328582 -1.06206724  1.2009306  -0.02636954  0.14560426  0.09499747]]
[[-0.62934427 -1.19903751  1.06887359 -0.08726965  0.15756406  0.10865224]]
[[-0.63413899 -1.53310989  1.02480842 -0.29499726  0.18309157  0.12464171]]
[[-0.62678868 -1.61412013  1.0021368  -0.36505755  0.18985057  0.12660725]]
[[-0.61561618 -1.49095644  0.9387286  -0.31638609  0.17500293  0.11951835]]
[[-0.56399778 -1.30283583  0.80810749 -0.21733008  0.13898466  0.11073953]]
[[-0.48542186 -1.0514644   0.89296377 -0.09563186  0.09214892  0.09919406]]
[[-0.45716141 -0.94774946  0.84624742 -0.06554605  0.07809178  0.08965509]]
[[-0.40535009 -0.98592833  0.69874782 -0.1125553   0.06415182  0.0888616 ]]
[[-0.30470107 -0.42617353  0.6716243   0.09299833  0.01140406  0.06042336]]
[[-0.19876764 -0.033428    0.64869967  0.23385027 -0.03408314  0.03616015]]
[[-0.12152658  0.22937645  0.63868977  0.32856766 -0.07092994  0.02326626]]
[[-0.08134641  0.43356705  0.63230578  0.41408015 -0.08830921  0.01273734]]
[[-0.02725886  0.55789983  0.630802    0.45587736 -0.12013063  0.00675215]]
[[-0.01179713  0.63270582  0.62509515  0.48304685 -0.12496471  0.00098313]]
[[ 0.0128907   0.68337461  0.62342431  0.49826069 -0.1364641  -0.00267234]]
[[ 0.00999785  0.70910976  0.6177696   0.49849024 -0.12506206 -0.00466557]]
[[ 0.0313169   0.73609646  0.6116825   0.51216064 -0.14042802 -0.00497962]]
[[ 0.05293785  0.756832    0.60949767  0.51989492 -0.15714147 -0.00667906]]
[[ 0.10124927  0.7566871   0.59674142  0.51572542 -0.174423   -0.00866209]]
[[ 0.12243076  0.76804732  0.59375656  0.52272596 -0.18629455 -0.00661769]]
[[ 0.13233557  0.80683326  0.60766612  0.53422768 -0.18845205 -0.01205053]]
[[ 0.13226553  0.81173471  0.60505216  0.5348317  -0.18716001 -0.01200829]]
[[ 0.12406344  0.84089574  0.61074705  0.55056772 -0.18572294 -0.01317052]]
[[ 0.12083568  0.85588937  0.61628147  0.55343582 -0.18333534 -0.01449223]]
[[ 0.12406894  0.87368091  0.62080841  0.56531166 -0.18739845 -0.0154052 ]]
[[ 0.10918043  0.86205811  0.62452697  0.55806852 -0.18006233 -0.01460763]]
[[ 0.09340825  0.8444576   0.62296257  0.55265994 -0.17187268 -0.01285123]]
[[ 0.08170927  0.83111701  0.62700272  0.5453913  -0.16623483 -0.01164768]]
[[ 0.07165294  0.81679175  0.62892209  0.53987152 -0.16173767 -0.01084143]]
[[ 0.06604528  0.81501089  0.63328224  0.53940655 -0.15850039 -0.0103829 ]]
[[ 0.06083288  0.81011139  0.63627894  0.53553251 -0.15705115 -0.00992275]]
[[ 0.05775008  0.80920193  0.63779367  0.53570218 -0.15580526 -0.00965126]]
[[ 0.05943443  0.80502666  0.61712294  0.5345039  -0.15592229 -0.00942526]]
[[ 0.05388178  0.80678986  0.63470324  0.53474394 -0.15474503 -0.0091709 ]]
[[ 0.05643369  0.80703362  0.6482064   0.53499872 -0.15664733 -0.00908357]]
[[ 0.04331164  0.80676618  0.6485447   0.53500012 -0.14590402 -0.00936008]]
[[ 0.05401381  0.80662161  0.65128146  0.53520025 -0.15387385 -0.00902866]]
[[ 0.05078409  0.80476061  0.65302804  0.53347454 -0.15060732 -0.00912496]]
[[ 0.05086138  0.80788803  0.65764825  0.53500807 -0.15047387 -0.00919613]]
[[ 0.05423365  0.80798378  0.65980668  0.53324541 -0.15264041 -0.00898785]]
[[ 0.05099451  0.80803598  0.6601473   0.53445655 -0.15084523 -0.00900669]]
[[ 0.05352093  0.80941565  0.6611671   0.53341817 -0.15299517 -0.00895721]]
[[ 0.04963868  0.81137851  0.6630244   0.53346244 -0.1521805  -0.00898674]]
[[ 0.04756845  0.81185953  0.66445055  0.53273155 -0.15140113 -0.00903572]]
[[ 0.0461065   0.81061978  0.66713333  0.53222319 -0.15228285 -0.00902033]]
[[ 0.04295873  0.8098486   0.66853838  0.53214577 -0.15042756 -0.00913788]]
[[ 0.04575672  0.810248    0.67157084  0.53192478 -0.15086016 -0.00913144]]
[[ 0.04673921  0.8109535   0.6736081   0.53260359 -0.1514602  -0.0091335 ]]
[[ 0.04580869  0.81433114  0.67669327  0.53329868 -0.15009386 -0.00924428]]
[[ 0.04900385  0.81693271  0.67916471  0.53393009 -0.15154314 -0.00916033]]
[[ 0.04642106  0.81645066  0.68446772  0.53408538 -0.1506479  -0.00917601]]
[[ 0.047486    0.82067674  0.68726887  0.53449682 -0.15006684 -0.00932487]]
[[ 0.04754153  0.8182722   0.68854428  0.53392668 -0.15093055 -0.00920553]]
[[ 0.04475871  0.81922852  0.69190548  0.53398329 -0.14833346 -0.00934647]]
[[ 0.04852683  0.82131197  0.69147051  0.53524414 -0.15240389 -0.00915114]]
[[ 0.0492659   0.81671836  0.68910094  0.53185157 -0.15185684 -0.00907922]]
[[ 0.04717582  0.81995174  0.69142947  0.53328553 -0.15226673 -0.00914777]]
[[ 0.04560088  0.81955599  0.69266548  0.53247903 -0.15095922 -0.00920207]]
[[ 0.04611781  0.81765136  0.69190903  0.53194544 -0.15035456 -0.00920814]]
[[ 0.04582682  0.81919609  0.69482902  0.53178813 -0.15007537 -0.00913637]]
[[ 0.0413843   0.82046294  0.69962285  0.53253071 -0.14729447 -0.00924869]]
[[ 0.04033251  0.82481555  0.69898993  0.53467898 -0.14847952 -0.00936717]]
[[ 0.05031865  0.83081598  0.69922396  0.53945539 -0.15531749 -0.00921333]]
[[ 0.11637737  0.74951725  0.66531004  0.50259266 -0.18187132 -0.00314977]]
[[ 0.21463488  0.23251954  0.74069546  0.24483802 -0.23760888  0.06228029]]
[[-0.74591781  0.26896666  2.90290838  0.47299323  0.27009716  0.23721813]]
[[-1.10532097  0.47352605  6.28289549  0.91258062  0.40526867  0.36099823]]
[[-0.2542544   0.50382187  8.90896454  1.34958751  0.25836081  0.28093441]]
[[ 0.94168504  0.27422602  9.125183    1.39522751 -0.30726038  0.21873099]]
[[ 2.84157344 -0.29830468  7.99097627  0.98281792 -1.5840605   0.18791868]]
[[ 4.28095486 -0.54999025  8.05195179  1.0564218  -2.38004996  0.0872131 ]]
[[ 4.95995153 -0.71003022  7.61863861  1.16284487 -2.61033584  0.01497657]]
[[ 4.65463481 -0.97710621  6.77407364  0.7235663  -2.39498597  0.14016783]]
[[ 3.94307492 -0.8186798   5.67377779  0.55726652 -2.17261349  0.30488077]]
[[ 3.29355528 -0.70955764  4.55800672  0.47005222 -2.07538342  0.46339395]]
[[ 2.55706266 -0.10531527  4.21345309  0.7522049  -1.7470663   0.41173819]]
[[ 1.52975678  0.27793128  4.52590101  1.06190148 -1.12441328  0.41896862]]
[[ 1.09483359 -0.07553957  4.81235583  1.01600154 -0.76151252  0.49085937]]
[[ 0.62800504 -0.79347223  4.79327457  0.72837717 -0.45899094  0.65150839]]
[[ 0.235924   -1.36292369  4.87207509  0.52430152 -0.23509175  0.79818474]]
[[ 0.10909193 -1.85801142  4.86687286  0.34495571 -0.17431002  0.90523377]]
[[ 0.05484296 -2.04652983  4.75812099  0.33131258 -0.18628315  0.94896953]]
[[ 0.42014674 -2.00172947  4.42074073  0.32968377 -0.33710837  0.85945428]]
[[ 1.48437469 -1.40025363  3.99845394  0.51972904 -0.97235489  0.62045373]]
[[ 2.46814449 -0.58071137  3.41918705  0.83885589 -1.45468736  0.28140079]]
[[ 3.23968982 -0.16822618  2.71689632  0.92303367 -1.835922   -0.00534577]]
[[ 3.15502054 -0.49952622  1.80624041  0.60368862 -1.6618071  -0.15419009]]
[[ 2.68077414 -1.10043734  1.62483609  0.27779048 -1.32930677 -0.11452307]]
[[ 2.80114741 -1.49010267  2.09457851  0.18218015 -1.30325021 -0.09959108]]
[[ 3.32781293 -1.61454801  2.48660488  0.13353177 -1.50139704 -0.15233362]]
[[ 4.16049007 -1.05104675  2.43384794  0.40763595 -1.8904638  -0.37363417]]
[[ 4.77019241 -1.04819837  2.07419626  0.30147208 -2.11270624 -0.58328123]]
[[ 4.61089945 -0.96585496  1.78217914  0.2779466  -1.93390967 -0.68484319]]
[[ 4.22700788 -1.13467134  1.53823053 -0.03476419 -1.91170711 -0.48736371]]
[[ 3.56192425 -0.80887628  1.21916003 -0.03911441 -1.76147246 -0.34060671]]
[[ 3.12678145 -0.51339695  1.04568083 -0.00666156 -1.67832666 -0.25162627]]
[[ 2.7997632  -0.36314764  0.97468405 -0.02051028 -1.59066998 -0.18782018]]
[[ 2.58423143 -0.12202421  1.01441945  0.03769746 -1.53684827 -0.15520276]]
[[ 2.41985526 -0.09151994  0.93037938  0.01113651 -1.49124446 -0.12224087]]
[[ 2.28782136 -0.13866444  0.74268788 -0.04011118 -1.4620522  -0.09221721]]
[[ 2.18973843 -0.17259082  0.62514773 -0.07857118 -1.43371528 -0.07113215]]
[[ 2.13013502 -0.19224385  0.54534722 -0.10315518 -1.42106048 -0.05649208]]
[[ 2.09311467 -0.19447549  0.49234546 -0.10760914 -1.41612466 -0.0477475 ]]
[[ 2.05985167 -0.19961642  0.45215635 -0.12014684 -1.40449448 -0.04090771]]
[[ 2.04114541 -0.18930256  0.43266568 -0.11229944 -1.40323958 -0.03751278]]
[[ 1.96970854 -0.19058441  0.4086741  -0.11484149 -1.35019444 -0.03256747]]
[[ 2.02395688 -0.19754499  0.41402809 -0.11807439 -1.40444892 -0.03217959]]
[[ 2.03823835 -0.21608963  0.39633575 -0.13345189 -1.41770788 -0.03083766]]
[[ 1.99187476 -0.21084626  0.38633313 -0.12791099 -1.38181029 -0.02956241]]
[[ 2.00634972 -0.22258353  0.3898753  -0.13780878 -1.39356576 -0.02862104]]
[[ 1.9930561  -0.21980061  0.38758928 -0.13775289 -1.38417966 -0.02798192]]
[[ 1.99971503 -0.22245279  0.38954767 -0.14163195 -1.38953951 -0.02770758]]
[[ 1.9963466  -0.21932289  0.38859211 -0.13915726 -1.38782266 -0.02756303]]
[[ 1.99690354 -0.2177155   0.39319138 -0.13774033 -1.38702003 -0.02751487]]
[[ 1.99999613 -0.21633068  0.39602908 -0.13551609 -1.3909013  -0.02764899]]
[[ 1.99644007 -0.2099751   0.39946746 -0.13284142 -1.38800639 -0.02762205]]
[[ 1.99738262 -0.20838852  0.40002058 -0.13225229 -1.39016633 -0.02765708]]
[[ 1.9974548  -0.2072188   0.40224753 -0.13198721 -1.39030205 -0.02761112]]
[[ 1.99687674 -0.20874075  0.40380578 -0.13227292 -1.38916051 -0.02766738]]
[[ 1.99783372 -0.21170881  0.40469918 -0.13485292 -1.39010609 -0.02749429]]
