[[0. 0. 0. 0. 0. 0.]]
[[-1.83285608e-03  9.87860843e-03  7.17499464e-03  7.44213770e-04
  -2.09399910e-04  1.53473902e-05]]
[[-1.35686749e-03  1.17723585e-02  8.58366657e-03  7.11900876e-04
   5.49614925e-05  3.06166086e-05]]
[[-2.71116892e-03  1.18647478e-02  8.46283156e-03  7.06951399e-04
  -8.13910212e-05 -1.81444467e-05]]
[[-6.05391807e-04  1.42839510e-02  1.01255739e-02  1.14607038e-03
   5.56838222e-06 -7.50511411e-05]]
[[ 9.07221567e-04  1.78799951e-02  1.38579710e-02  1.05211918e-03
  -1.22080692e-04 -2.12495785e-05]]
[[-8.46600277e-05  1.89449211e-02  1.66686993e-02  1.08139129e-03
   8.66802724e-05 -1.00012021e-04]]
[[ 5.61188574e-04  2.08993700e-02  1.93931225e-02  1.09533789e-03
  -2.04424863e-05 -7.75242883e-05]]
[[ 3.51342322e-04  2.26969519e-02  2.10899523e-02  1.46202506e-03
   1.38608570e-04 -9.53959640e-05]]
[[ 4.90739703e-04  2.30893417e-02  2.13614985e-02  1.53703643e-03
  -1.23885159e-04 -7.83228780e-05]]
[[-3.74825581e-04  2.30273547e-02  2.42096496e-02  1.40081498e-03
   1.03075195e-04  4.69989537e-05]]
[[-1.59665907e-03  2.41987682e-02  2.55484431e-02  1.34679403e-03
  -2.88551413e-05  1.00011173e-04]]
[[-1.08178178e-03  2.67132946e-02  2.78550838e-02  1.59865815e-03
  -3.45400172e-07  4.96888844e-05]]
[[-8.06004251e-04  2.52863807e-02  2.75639272e-02  1.72659392e-03
  -5.69445440e-05  8.40759172e-05]]
[[ 1.06394931e-03  2.35330569e-02  2.79197056e-02  1.70495239e-03
  -2.10667418e-06  1.53266859e-05]]
[[2.44781668e-03 2.48217275e-02 2.97073408e-02 1.76025760e-03
  8.62861709e-05 8.82433498e-05]]
[[ 4.62477523e-03  2.52242839e-02  3.21348258e-02  1.88884735e-03
  -1.43247319e-05  6.54711703e-05]]
[[4.14037481e-03 2.60359438e-02 3.41109231e-02 2.00296576e-03
  8.34285527e-05 6.56190374e-05]]
[[ 6.27614537e-03  2.52001183e-02  3.66389670e-02  2.07336596e-03
  -1.72306588e-04  7.46861176e-05]]
[[6.93078865e-03 2.41168663e-02 3.78462349e-02 2.13246063e-03
  1.03568776e-04 8.94323757e-05]]
[[ 1.01946829e-02  2.41131418e-02  4.01951234e-02  2.12600748e-03
  -1.35088253e-04  8.03265645e-05]]
[[9.15695870e-03 2.34407824e-02 4.21587537e-02 2.15974678e-03
  4.57271349e-05 5.43401755e-05]]
[[ 1.20073947e-02  2.09394981e-02  4.44127656e-02  2.28477923e-03
  -2.37407374e-04  3.26133329e-05]]
[[ 1.25231879e-02  2.14719405e-02  4.73860782e-02  2.34837628e-03
  -1.48259542e-04  6.25377916e-05]]
[[ 0.01486188  0.02230819  0.05039592  0.00219178 -0.00020675  0.00010521]]
[[ 1.42025711e-02  2.33516731e-02  5.29285651e-02  2.14665551e-03
  -1.85524851e-04  7.39637681e-05]]
[[ 1.44611700e-02  2.30565131e-02  5.49780116e-02  2.28257468e-03
  -3.29469362e-04  6.69385993e-05]]
[[ 1.54574095e-02  2.59480827e-02  5.73299383e-02  2.28110419e-03
  -4.29907017e-04  2.16705300e-05]]
[[ 1.51218117e-02  2.65024523e-02  5.66453859e-02  2.29550170e-03
  -4.29898338e-04  8.56575984e-06]]
[[ 1.60649849e-02  2.46479762e-02  5.61854122e-02  2.02035648e-03
  -4.72987367e-04  4.97960419e-05]]
[[ 1.52197720e-02  2.61611356e-02  5.76774000e-02  2.24386612e-03
  -5.21574816e-04  1.07962716e-05]]
[[ 1.43845972e-02  2.52221667e-02  5.89658777e-02  2.37074815e-03
  -7.22884738e-04 -1.73169275e-05]]
[[ 1.26397144e-02  2.26879407e-02  6.13993680e-02  2.17467774e-03
  -5.82822091e-04 -4.08182463e-05]]
[[ 1.35655379e-02  2.19500460e-02  6.15855474e-02  1.87454840e-03
  -6.01074871e-04  3.41509134e-05]]
[[ 1.41951305e-02  2.60142690e-02  6.05371384e-02  2.02618790e-03
  -7.06916194e-04 -1.24139113e-05]]
[[ 1.05309158e-02  2.42621393e-02  6.13270957e-02  2.33010618e-03
  -9.11640893e-04 -5.57513191e-06]]
[[ 1.03894511e-02  2.37546458e-02  6.13140352e-02  2.17070703e-03
  -7.79576024e-04  8.40845283e-05]]
[[ 0.00940374  0.0213652   0.06104199  0.00188221 -0.00091247  0.00015767]]
[[ 0.00881654  0.02083992  0.06011809  0.00194575 -0.00071942  0.00017586]]
[[ 0.00896679  0.02282879  0.05787434  0.00222121 -0.00108251  0.00012967]]
[[ 9.92398201e-03  2.34083114e-02  5.77078949e-02  2.03456401e-03
  -9.03507273e-04  7.36199255e-05]]
[[ 0.01070768  0.02368826  0.05570043  0.00169587 -0.00098324  0.00013812]]
[[ 0.01221271  0.02551873  0.0561252   0.00171148 -0.00095888  0.00018539]]
[[ 0.01123395  0.02624281  0.05679794  0.00200143 -0.00106622  0.00014351]]
[[ 0.0106148   0.02524024  0.05591924  0.00222374 -0.00090929  0.00011266]]
[[ 0.01163345  0.02388995  0.05561683  0.0017795  -0.00095517  0.00016576]]
[[ 0.01415869  0.02614878  0.0560294   0.00165183 -0.0006917   0.00019344]]
[[ 1.61465546e-02  2.83046904e-02  5.76214780e-02  1.57616005e-03
  -9.80036424e-04  8.63835241e-05]]
[[ 1.58624657e-02  3.06251851e-02  5.94548859e-02  2.10466948e-03
  -9.51767098e-04  9.37324826e-05]]
[[ 1.66846703e-02  3.25973416e-02  6.08723855e-02  1.73978329e-03
  -1.12187542e-03  1.45477581e-05]]
[[ 0.01679768  0.0297043   0.0599126   0.00164013 -0.00086139  0.00015136]]
[[ 1.47257219e-02  3.04014668e-02  6.20131963e-02  1.64596245e-03
  -1.02680027e-03  8.06028646e-05]]
[[ 1.59312162e-02  3.18621883e-02  6.16704308e-02  1.88173010e-03
  -1.05611218e-03  6.77339687e-05]]
[[ 1.64102769e-02  3.14152607e-02  6.59440284e-02  2.02919886e-03
  -1.05440429e-03  9.37368174e-05]]
[[ 1.56000505e-02  3.39221048e-02  6.77889837e-02  1.75127370e-03
  -1.03518569e-03  8.42972239e-05]]
[[ 1.35459252e-02  3.28900452e-02  6.76365044e-02  1.74313971e-03
  -8.87462858e-04  3.58834822e-05]]
[[ 1.48906050e-02  3.33564124e-02  7.11915790e-02  1.73960548e-03
  -1.02039156e-03  3.63297682e-05]]
[[ 0.01493225  0.03416638  0.07270079  0.00219364 -0.00102335  0.00012408]]
[[ 0.01512425  0.0349475   0.07740041  0.00206078 -0.00107389  0.00013596]]
[[ 1.41447493e-02  3.43515530e-02  7.84252272e-02  1.79916746e-03
  -8.37933398e-04  8.74876000e-05]]
[[ 0.01601898  0.03294388  0.07925768  0.00189691 -0.00094763  0.00010148]]
[[ 0.01418634  0.03034684  0.07869659  0.00219244 -0.0010426   0.00011455]]
[[ 1.43877692e-02  3.12705950e-02  7.96535000e-02  2.17276612e-03
  -1.20828713e-03  4.07628071e-05]]
[[ 0.01366863  0.02873221  0.08178203  0.00189544 -0.00084662  0.00011405]]
[[ 0.01410168  0.0294029   0.08216095  0.00181664 -0.0009822   0.00013781]]
[[ 0.01571511  0.02952828  0.08259018  0.00213029 -0.00083036  0.00012464]]
[[ 1.50533503e-02  2.77387937e-02  8.29568745e-02  2.21644010e-03
  -1.04805466e-03  9.39081039e-05]]
[[ 1.41025385e-02  2.66060607e-02  8.60005811e-02  2.19400616e-03
  -8.15238367e-04  2.30080442e-05]]
[[ 0.01529615  0.02438669  0.08619807  0.00193932 -0.00089918  0.00011702]]
[[ 0.01452739  0.02268074  0.08832779  0.00221899 -0.00091483  0.00010155]]
[[ 1.45942404e-02  2.14956538e-02  9.24210322e-02  2.23307936e-03
  -1.08160928e-03  1.26464038e-05]]
[[ 1.64779321e-02  2.10059359e-02  9.25960905e-02  2.15810346e-03
  -1.05550457e-03  6.36906950e-06]]
[[ 1.44445116e-02  1.94679119e-02  9.25377309e-02  1.95280712e-03
  -9.79754289e-04  2.76926287e-05]]
[[ 1.39473097e-02  1.84035605e-02  9.13372971e-02  1.78137000e-03
  -1.13175964e-03  5.17980955e-05]]
[[ 1.43603587e-02  2.06494167e-02  9.12575003e-02  1.94598615e-03
  -9.54357782e-04  2.84922650e-06]]
[[ 1.66588584e-02  1.95798512e-02  9.03654623e-02  1.87268123e-03
  -1.08267470e-03  5.77103670e-05]]
[[ 1.51791657e-02  1.80513152e-02  9.11156870e-02  1.78000492e-03
  -7.77715595e-04  3.37334749e-05]]
[[ 1.56126045e-02  1.57761870e-02  9.02191371e-02  1.59588427e-03
  -9.16983468e-04  2.18107453e-05]]
[[ 1.53241943e-02  1.46618034e-02  8.86132307e-02  1.69358997e-03
  -8.23479008e-04  2.19168589e-05]]
[[ 1.45235940e-02  1.55537896e-02  8.79024009e-02  1.86420930e-03
  -9.42685299e-04  1.63738383e-05]]
[[ 1.49334647e-02  1.47726947e-02  8.54105035e-02  1.54218433e-03
  -7.34073879e-04  2.44343375e-05]]
[[ 1.58289539e-02  1.39839082e-02  8.46600240e-02  1.46457457e-03
  -9.43440759e-04 -3.51264891e-05]]
[[ 1.48747042e-02  1.40030150e-02  7.96659281e-02  1.49344429e-03
  -8.97723325e-04  1.72914844e-05]]
[[ 1.44221878e-02  1.55086199e-02  7.93152659e-02  1.67115180e-03
  -1.19800935e-03  1.58505483e-05]]
[[ 1.74506018e-02  1.48924268e-02  7.58151258e-02  1.37482735e-03
  -1.01925282e-03  4.69302444e-05]]
[[ 1.63710948e-02  1.26627752e-02  7.22025581e-02  1.33440609e-03
  -5.38124328e-04  6.72650935e-05]]
[[ 1.67638395e-02  1.34322564e-02  7.06942110e-02  1.25452175e-03
  -6.52844211e-04  3.31754534e-05]]
[[ 2.03179937e-02  1.02972822e-02  6.84647973e-02  1.49191912e-03
  -5.81497500e-04  4.10242133e-05]]
[[ 1.96404715e-02  9.47848026e-03  6.71361771e-02  1.52949009e-03
  -6.21431925e-04  6.40580986e-05]]
[[ 1.78086006e-02  9.83838719e-03  6.29880966e-02  1.21833543e-03
  -7.54070774e-04  3.02992670e-05]]
[[ 1.62109489e-02  1.17869253e-02  6.09864409e-02  1.12152933e-03
  -9.06810838e-04  6.99932774e-05]]
[[ 1.50070748e-02  1.02325780e-02  5.78704330e-02  1.35430826e-03
  -1.03495905e-03  3.16212375e-05]]
[[ 1.42468394e-02  9.74308114e-03  5.57104014e-02  1.28537228e-03
  -9.53219460e-04  3.97963928e-05]]
[[ 1.43586210e-02  1.00093624e-02  5.56050798e-02  1.14801156e-03
  -9.33671779e-04 -2.99408750e-05]]
[[ 1.28419085e-02  8.08391798e-03  5.30613499e-02  9.42417058e-04
  -8.63848631e-04 -8.48388551e-05]]
[[ 0.01106378  0.00779544  0.05409604  0.00120258 -0.00098052 -0.00011099]]
[[ 0.0111636   0.00692845  0.05296738  0.00117672 -0.00104787 -0.00013243]]
[[ 1.07380470e-02  7.39356626e-03  4.98301867e-02  1.11926378e-03
  -1.07578007e-03 -3.88693885e-05]]
[[ 0.0093651   0.00749912  0.04877117  0.00092241 -0.00092593 -0.00012334]]
[[ 9.79333334e-03  4.41062239e-03  4.73782356e-02  9.42456626e-04
  -8.70671553e-04 -5.99379316e-05]]
[[ 0.00915051  0.0038405   0.04688345  0.00112036 -0.00089449 -0.00014592]]
[[ 0.00612807  0.00156458  0.04505112  0.0009445  -0.00084333 -0.00014874]]
[[ 5.42935111e-03  2.67189710e-03  4.47725764e-02  7.84310135e-04
  -7.60364521e-04 -7.52821845e-05]]
[[ 7.01584655e-03  2.98528614e-03  4.21416520e-02  6.98222754e-04
  -7.27059714e-04 -4.76356839e-05]]
[[ 5.11295406e-03  2.02390948e-03  3.84349138e-02  8.60333459e-04
  -5.71082332e-04 -3.38276420e-05]]
[[ 6.32319649e-03  1.04998718e-03  3.55221426e-02  6.57128088e-04
  -7.17996127e-04 -1.68296518e-05]]
[[ 5.29283206e-03  6.22936760e-04  3.45132454e-02  6.29744755e-04
  -5.28507412e-04 -4.80360081e-05]]
[[ 4.47903464e-03 -5.08548661e-04  3.15984001e-02  6.31562843e-04
  -7.09149239e-04 -5.09581417e-05]]
[[ 3.56802320e-03 -5.99243007e-04  2.96392830e-02  7.24476349e-04
  -5.88068945e-04 -5.47625468e-05]]
[[ 3.56626288e-03  1.63639541e-03  2.87609232e-02  6.08133643e-04
  -6.38689676e-04 -4.67222688e-05]]
[[ 4.49921095e-03 -3.23990420e-04  2.54303986e-02  5.08598879e-04
  -5.58405055e-04  4.12016622e-06]]
[[ 3.40832415e-03 -5.58694267e-04  2.31714443e-02  5.68263861e-04
  -6.33813349e-04  1.30699525e-05]]
[[ 7.31675195e-03 -4.90966608e-04  2.21193997e-02  5.27525920e-04
  -5.76527819e-04  5.91445431e-05]]
[[ 8.26936784e-03  5.53065478e-04  2.10440829e-02  3.31046207e-04
  -4.46404245e-04  7.46569442e-05]]
[[ 1.01350245e-02  3.75217182e-04  2.02586241e-02  2.86484709e-04
  -3.45879711e-04  4.39287709e-05]]
[[ 9.80439212e-03 -1.11663756e-03  1.99523549e-02  2.57682936e-04
  -4.60031729e-04 -1.08771749e-05]]
[[ 1.02256445e-02  3.17073565e-04  2.08481656e-02  2.85640097e-04
  -4.52127995e-04 -8.66091843e-06]]
[[ 1.00720450e-02 -2.56232791e-03  2.06592089e-02 -5.09151175e-06
  -3.43725770e-04  8.61433179e-05]]
[[ 9.63269664e-03 -3.90841833e-03  2.30171197e-02  2.07969141e-04
  -3.03702345e-04  3.96449491e-05]]
[[ 9.01112258e-03 -5.28730524e-03  2.29203200e-02  2.16718296e-04
  -3.91512628e-04  2.32388162e-05]]
[[ 8.97621092e-03 -7.01801300e-03  2.23787334e-02  2.68322342e-04
  -3.84829454e-04  3.86188057e-05]]
[[ 9.77598206e-03 -9.67025115e-03  1.94104183e-02  4.06882791e-06
  -2.69660832e-04  8.65937673e-05]]
[[ 1.22903552e-02 -9.63177302e-03  1.96190466e-02  8.44040523e-05
  -2.96672519e-04  2.09373506e-05]]
[[ 1.41520086e-02 -9.74326551e-03  1.70658388e-02  1.50724211e-04
  -3.08550087e-04 -1.67348787e-05]]
[[ 1.32620018e-02 -9.16605272e-03  1.78753307e-02  2.45176288e-04
  -2.65004972e-04 -7.09010057e-05]]
[[ 1.39430476e-02 -1.15941605e-02  1.52451781e-02 -6.25044952e-05
  -2.40223888e-04  1.53515976e-05]]
[[ 1.08437399e-02 -1.30936110e-02  1.28008004e-02 -1.28944149e-04
  -1.22279851e-04  4.45762766e-05]]
[[ 1.29239820e-02 -1.36489004e-02  1.15011318e-02 -5.99367499e-05
  -3.57532231e-04  4.57415568e-05]]
[[ 1.35007150e-02 -1.31308245e-02  1.24190542e-02  9.05083987e-05
  -3.44932669e-04  4.27280181e-05]]
[[ 1.51226809e-02 -1.14734361e-02  1.34185993e-02 -1.67199908e-04
  -4.52340977e-04  8.15894070e-05]]
[[ 0.01582644 -0.01118442  0.01206954 -0.00044532 -0.00016782  0.00018342]]
[[ 0.01669707 -0.01034259  0.01372966 -0.0003433  -0.0004248   0.00014867]]
[[ 0.01685917 -0.01086605  0.01395349 -0.00013445 -0.00047888  0.00010865]]
[[ 1.68759266e-02 -1.26785634e-02  8.59335605e-03 -2.38657090e-04
  -4.58805314e-04  9.11343891e-05]]
[[ 1.64655585e-02 -1.31335164e-02  4.53430446e-03 -4.58088391e-04
  -5.83772396e-04  9.31333268e-05]]
[[ 1.74575840e-02 -1.35301775e-02  3.70860419e-03 -4.13348277e-04
  -5.14518767e-04  2.76411766e-06]]
[[ 1.81259511e-02 -1.13285651e-02  1.29155829e-03 -3.41355459e-04
  -7.05740004e-04 -1.88015129e-05]]
[[ 1.68900791e-02 -1.02746136e-02 -6.89377208e-04 -1.99206935e-04
  -7.15705503e-04 -2.80041034e-05]]
[[ 1.91242497e-02 -1.29232353e-02 -3.90519067e-03 -6.45623360e-04
  -1.08068101e-03  3.73635122e-05]]
[[ 1.82079780e-02 -1.33305535e-02 -5.08449184e-03 -6.69238620e-04
  -1.09603758e-03  2.31365403e-05]]
[[ 1.68497525e-02 -1.61915750e-02 -5.68413833e-03 -5.81310605e-04
  -1.03997166e-03  2.59793702e-05]]
[[ 1.64413871e-02 -1.38638114e-02 -5.32196965e-03 -7.06645211e-04
  -9.06926457e-04 -5.00794122e-05]]
[[ 0.01592341 -0.01441604 -0.00471679 -0.00075272 -0.00085503 -0.00012608]]
[[ 1.34709410e-02 -1.57900840e-02 -5.71388675e-03 -6.93961212e-04
  -5.72730154e-04 -8.22253419e-05]]
[[ 0.01335612 -0.01598988 -0.00648012 -0.00053706 -0.00090823 -0.0001211 ]]
[[ 1.40540697e-02 -1.74572585e-02 -7.94152734e-03 -4.79085970e-04
  -6.39733962e-04 -9.83162813e-05]]
[[ 1.50295553e-02 -1.62553158e-02 -5.98249867e-03 -6.82670888e-04
  -9.14876214e-04 -4.39883177e-05]]
[[ 1.52322927e-02 -1.72968479e-02 -5.04899561e-03 -7.34986520e-04
  -6.34338339e-04 -5.58004180e-05]]
[[ 0.01537183 -0.01793504 -0.0063184  -0.00066161 -0.00100251 -0.00010838]]
[[ 0.01556311 -0.017788   -0.00782475 -0.00057077 -0.00076778 -0.00012454]]
[[ 1.74562940e-02 -1.84222253e-02 -6.00735609e-03 -7.77877579e-04
  -9.48730078e-04 -5.37653260e-05]]
[[ 1.66792547e-02 -1.84746713e-02 -5.67239042e-03 -8.29866259e-04
  -6.81796546e-04 -4.66525750e-05]]
[[ 0.01613077 -0.01749558 -0.00687276 -0.00094016 -0.0011926  -0.00010401]]
[[ 1.54108741e-02 -1.94138710e-02 -9.62523501e-03 -7.99205134e-04
  -9.56455977e-04 -4.98810425e-05]]
[[ 1.55496461e-02 -2.13648043e-02 -1.08421669e-02 -9.93864713e-04
  -1.16115777e-03 -7.91426765e-05]]
[[ 1.47907813e-02 -1.92037369e-02 -9.23710051e-03 -1.04822373e-03
  -7.05353060e-04 -8.90958589e-05]]
[[ 1.59033896e-02 -2.18737897e-02 -8.42723402e-03 -1.01146858e-03
  -1.10370290e-03 -2.49841956e-05]]
[[ 1.55505220e-02 -2.22193063e-02 -7.18240464e-03 -8.57099758e-04
  -8.89425368e-04 -8.89129827e-05]]
[[ 1.58247429e-02 -2.25090354e-02 -5.10746533e-03 -1.05105784e-03
  -1.06605527e-03 -7.80037180e-05]]
[[ 0.01686704 -0.02270274 -0.00303334 -0.00108479 -0.00096838 -0.00011273]]
[[ 0.01432949 -0.02134744 -0.00241793 -0.0011215  -0.00095232 -0.00011387]]
[[ 1.34381186e-02 -2.24305889e-02 -6.96658808e-04 -1.14718760e-03
  -1.06415097e-03 -9.15658677e-05]]
[[ 1.39067626e-02 -2.52439552e-02 -2.88253041e-03 -1.02404934e-03
  -8.25852720e-04 -8.35717168e-05]]
[[ 0.01377148 -0.02489225 -0.0022872  -0.0012337  -0.00098716 -0.00011671]]
[[ 0.01415509 -0.02523325 -0.00186365 -0.00104659 -0.00074228 -0.00011929]]
[[ 0.01284943 -0.02385336 -0.0016526  -0.00113103 -0.00103931 -0.00013639]]
[[ 0.01120713 -0.02462302 -0.00113113 -0.00099959 -0.0007626  -0.00018015]]
[[ 0.01001981 -0.02713632 -0.00232047 -0.00131451 -0.00088845 -0.00014867]]
[[ 0.01080215 -0.03019718 -0.003012   -0.00107149 -0.00067971 -0.00013709]]
[[ 9.96527551e-03 -2.71101336e-02  6.48908795e-05 -9.90970020e-04
  -9.80148548e-04 -1.13186759e-04]]
[[ 9.21936833e-03 -2.95353344e-02 -5.36807455e-04 -9.18319131e-04
  -8.92805464e-04 -9.33079681e-05]]
[[ 7.14062846e-03 -2.61339316e-02  1.05800026e-03 -1.26132428e-03
  -7.97865664e-04 -9.68579048e-05]]
[[ 6.94708917e-03 -2.58023228e-02  1.23562479e-03 -1.29165630e-03
  -7.55754069e-04 -6.84020575e-06]]
[[ 6.74159042e-03 -2.51139746e-02  6.79954021e-04 -1.07389692e-03
  -6.79554157e-04 -2.71395276e-05]]
[[ 5.10106013e-03 -2.59366432e-02  1.90426892e-03 -9.52705076e-04
  -7.67773489e-04 -6.58400285e-05]]
[[ 4.90491048e-03 -2.68439107e-02  1.27979054e-03 -1.18711866e-03
  -5.03292071e-04 -3.92222602e-06]]
[[ 5.86234500e-03 -2.61297487e-02  2.93735762e-03 -1.35608822e-03
  -4.36904872e-04  4.04582969e-05]]
[[ 9.65192762e-03 -2.45269196e-02  2.07677284e-03 -1.19446664e-03
  -4.09787017e-04  4.96189797e-05]]
[[ 1.02131237e-02 -2.27860934e-02  5.52553205e-04 -9.32341127e-04
  -5.24343332e-04  4.95791597e-05]]
[[ 1.02325575e-02 -2.25808953e-02 -2.52577217e-04 -1.04293804e-03
  -4.99051893e-04  2.69900062e-05]]
[[ 1.11672102e-02 -1.94752144e-02 -1.87201406e-04 -1.22753672e-03
  -3.81742652e-04 -7.49251778e-06]]
[[ 1.12336149e-02 -2.18208503e-02 -2.23824743e-03 -1.25952247e-03
  -5.56712606e-04  4.60199441e-07]]
[[ 1.14427180e-02 -2.27656953e-02 -3.75987913e-03 -1.04297237e-03
  -4.35727596e-04 -2.56143796e-05]]
[[ 1.22192636e-02 -2.28349175e-02 -1.92145342e-03 -9.56941125e-04
  -5.44986436e-04 -7.46958366e-05]]
[[ 0.01206947 -0.02477378 -0.00062008 -0.00115284 -0.00023916 -0.00011933]]
[[ 0.01142452 -0.02526293 -0.00032729 -0.00121403 -0.00046972 -0.00014188]]
[[ 1.05191342e-02 -2.56139509e-02 -1.56180923e-03 -1.23962381e-03
  -4.76905378e-04 -9.60368536e-05]]
[[ 0.00915485 -0.02783374 -0.0023521  -0.00101214 -0.00053104 -0.00011196]]
[[ 8.47932194e-03 -2.83807958e-02 -5.45982433e-03 -1.19433777e-03
  -5.85461043e-04 -6.83934355e-05]]
[[ 1.05658121e-02 -2.56962964e-02 -4.93988435e-03 -1.31770216e-03
  -3.83627642e-04 -3.19976729e-05]]
[[ 1.10512102e-02 -2.66335128e-02 -6.46525639e-03 -1.18115510e-03
  -4.68838713e-04  3.53255329e-05]]
[[ 1.16944621e-02 -2.82725756e-02 -7.73255789e-03 -1.00810547e-03
  -3.96625317e-04 -4.82049947e-05]]
[[ 1.27628255e-02 -3.02755427e-02 -8.32302371e-03 -1.09848076e-03
  -5.09978817e-04 -5.73988251e-05]]
[[ 1.26184019e-02 -3.21287748e-02 -8.90609609e-03 -1.12560223e-03
  -4.42499843e-04 -1.71904167e-05]]
[[ 1.43259943e-02 -3.28724537e-02 -9.30409208e-03 -9.91106978e-04
  -5.75004415e-04  1.19532446e-05]]
[[ 1.70504841e-02 -3.36203776e-02 -9.81966101e-03 -1.04489596e-03
  -4.72142757e-04  8.31123228e-05]]
[[ 1.76868648e-02 -3.36351739e-02 -1.12476541e-02 -1.06625816e-03
  -5.43820979e-04  8.66791688e-05]]
[[ 1.79938614e-02 -3.60415786e-02 -1.17421923e-02 -1.12186697e-03
  -5.30943690e-04  5.73697721e-05]]
[[ 2.06055842e-02 -3.46164259e-02 -1.23452730e-02 -9.52171495e-04
  -5.28706283e-04  9.34082979e-05]]
[[ 2.11268418e-02 -3.22472590e-02 -1.28317326e-02 -1.06210439e-03
  -5.82751833e-04  2.04831087e-05]]
[[ 2.21081191e-02 -3.25568450e-02 -1.25722979e-02 -1.29642963e-03
  -4.72324672e-04  2.46095505e-05]]
[[ 0.02245408 -0.03051244 -0.01235562 -0.00130921 -0.00056307  0.00010408]]
[[ 0.02450192 -0.02912768 -0.01318912 -0.00109173 -0.00063146  0.00010701]]
[[ 2.46672087e-02 -2.85394738e-02 -1.40102553e-02 -1.13530002e-03
  -7.74981569e-04  3.90183135e-05]]
[[ 2.23883605e-02 -2.82032629e-02 -1.48794331e-02 -1.26810005e-03
  -6.86245951e-04  1.66390292e-06]]
[[ 2.22019121e-02 -2.97105610e-02 -1.54547013e-02 -1.34528929e-03
  -7.66303109e-04  2.77538695e-05]]
[[ 2.24007641e-02 -3.03576888e-02 -1.70125922e-02 -1.16368403e-03
  -7.90683649e-04  6.87230211e-05]]
[[ 2.19970001e-02 -2.91872287e-02 -1.84243227e-02 -1.06359492e-03
  -8.96236391e-04 -2.32203382e-05]]
[[ 2.29798958e-02 -3.00477329e-02 -1.82277416e-02 -1.22649486e-03
  -7.56034785e-04 -4.94545536e-05]]
[[ 2.11019194e-02 -3.05077140e-02 -1.83093387e-02 -1.32818481e-03
  -8.17771301e-04 -5.24233486e-05]]
[[ 2.10151699e-02 -2.97266260e-02 -1.73142614e-02 -1.28170948e-03
  -9.21828512e-04 -9.77036815e-05]]
[[ 1.99382336e-02 -2.94601790e-02 -1.62866758e-02 -1.18334143e-03
  -9.73462673e-04 -7.43471021e-05]]
[[ 1.83816733e-02 -3.03147938e-02 -1.66168281e-02 -1.37838377e-03
  -1.01279775e-03 -5.57217064e-05]]
[[ 1.78898316e-02 -2.97448669e-02 -1.64837570e-02 -1.52223423e-03
  -9.87767872e-04 -4.45263285e-05]]
[[ 1.95642118e-02 -2.78949559e-02 -1.39674154e-02 -1.39705356e-03
  -1.05509780e-03 -2.90515469e-05]]
[[ 2.02774287e-02 -2.62629767e-02 -1.16249528e-02 -1.21046100e-03
  -1.27753541e-03 -7.21140013e-05]]
[[ 1.90213429e-02 -2.77587884e-02 -8.94626452e-03 -1.47326782e-03
  -1.11884186e-03 -2.38501805e-05]]
[[ 1.79977323e-02 -2.96559582e-02 -5.96168764e-03 -1.64376587e-03
  -1.08984737e-03 -5.86983189e-05]]
[[ 1.66917193e-02 -2.91943704e-02 -3.91364230e-03 -1.73697584e-03
  -9.94234443e-04 -9.08283501e-05]]
[[ 0.01644772 -0.03184299 -0.00179308 -0.00140604 -0.00118596 -0.00010782]]
[[ 0.01508714 -0.03390665  0.00020309 -0.00160115 -0.00116206 -0.00013087]]
[[ 0.01564582 -0.03372645  0.00212943 -0.00170796 -0.00106942 -0.00011008]]
[[ 0.01305729 -0.03392526  0.00107269 -0.00178979 -0.00106284 -0.00015258]]
[[ 0.01179178 -0.03235185  0.00303243 -0.00173895 -0.00106323 -0.00018607]]
[[ 0.01052308 -0.03169412  0.00295342 -0.00151989 -0.00108976 -0.00012098]]
[[ 1.05956866e-02 -3.23054749e-02  5.27392228e-03 -1.58726849e-03
  -9.78149519e-04 -6.78252873e-05]]
[[ 1.09672358e-02 -3.10757478e-02  7.66970830e-03 -1.71472472e-03
  -9.03567828e-04 -3.41367115e-05]]
[[ 9.02670294e-03 -2.93732271e-02  1.00597799e-02 -1.55204175e-03
  -6.85408913e-04 -9.70052861e-05]]
[[ 0.00802685 -0.02876549  0.01150686 -0.00140777 -0.00088774 -0.00018428]]
[[ 0.00687261 -0.02964679  0.01047363 -0.00138455 -0.00059939 -0.00020661]]
[[ 0.00718312 -0.02966992  0.01099007 -0.00154164 -0.00075064 -0.0001263 ]]
[[ 0.00686743 -0.02932462  0.01178886 -0.00163132 -0.00044168 -0.00013928]]
[[ 0.00586196 -0.03014089  0.01181915 -0.00146928 -0.0006431  -0.00013832]]
[[ 5.60841311e-03 -3.39130615e-02  1.04370269e-02 -1.29814934e-03
  -4.48595258e-04 -8.72042200e-05]]
[[ 6.92916053e-03 -3.37539720e-02  1.19659721e-02 -1.40793426e-03
  -5.77344580e-04 -7.36433489e-05]]
[[ 6.19751880e-03 -3.36942608e-02  1.09014537e-02 -1.66155340e-03
  -3.61295160e-04 -1.49702899e-05]]
[[ 0.00567055 -0.03616913  0.01206358 -0.00159281 -0.00038488 -0.0001047 ]]
[[ 3.96722897e-03 -3.60484224e-02  1.03990817e-02 -1.49313097e-03
  -4.50255075e-04 -9.33984087e-05]]
[[ 0.00400456 -0.03522959  0.01139876 -0.00139457 -0.00031959 -0.00010813]]
[[ 0.00377244 -0.03466671  0.01203647 -0.0017306  -0.00029496 -0.00013708]]
[[ 3.34289238e-03 -3.46975496e-02  1.10558817e-02 -1.59197738e-03
  -1.43925699e-04 -6.44158491e-05]]
[[ 3.60656331e-03 -3.30929415e-02  1.00382637e-02 -1.41013942e-03
  -3.73632671e-04 -3.05029856e-05]]
[[ 1.70666150e-03 -3.11435496e-02  1.12271341e-02 -1.45445893e-03
  -4.85645323e-05 -1.48039548e-04]]
[[ 2.76530165e-03 -3.32524153e-02  1.08244231e-02 -1.60763387e-03
  -1.11229387e-04 -6.33353072e-05]]
[[ 2.85741410e-03 -3.41115619e-02  9.47218976e-03 -1.53723476e-03
   6.23342184e-06 -9.63350604e-05]]
[[ 4.65375420e-03 -3.39933313e-02  7.93611149e-03 -1.35281979e-03
   1.83383148e-05 -9.21429615e-05]]
[[ 5.00384252e-03 -3.29058370e-02  9.03464401e-03 -1.47699953e-03
  -2.53520699e-05 -7.70821776e-05]]
[[ 5.38670152e-03 -3.11782716e-02  9.81144203e-03 -1.59417835e-03
   1.40249684e-04 -1.28998667e-05]]
[[ 5.00065734e-03 -2.88569253e-02  8.31985535e-03 -1.49284494e-03
   8.76194359e-05 -3.56344498e-05]]
[[ 3.92186007e-03 -3.11587992e-02  7.19209743e-03 -1.50332336e-03
   1.55773230e-04  5.77025889e-05]]
[[ 1.90167663e-03 -3.29820581e-02  5.09111207e-03 -1.57830841e-03
   1.79073093e-04 -6.30829977e-07]]
[[ 1.08200829e-03 -3.29929374e-02  4.05386221e-03 -1.67929197e-03
   1.40083649e-04  5.48313799e-06]]
[[-5.33605050e-04 -3.15987014e-02  2.76410692e-03 -1.40492490e-03
   2.85800611e-04 -1.02269530e-06]]
[[-0.00080797 -0.03209502  0.00130997 -0.00151741  0.00011721 -0.00010056]]
[[ 1.33207612e-04 -3.26030578e-02  2.53690197e-04 -1.54106295e-03
   2.58302578e-04 -7.69789735e-05]]
[[-1.43238449e-03 -3.32778963e-02  1.51176425e-03 -1.57652269e-03
   2.60440332e-04 -6.71568182e-05]]
[[-0.00150444 -0.03305108  0.00555127 -0.00129614  0.00033106 -0.00013617]]
[[-0.00200248 -0.03249283  0.00359097 -0.0013434   0.00035294 -0.00011429]]
[[-2.76412246e-03 -3.16994810e-02  4.03848242e-03 -1.49907893e-03
   3.43590271e-04 -7.53464818e-05]]
[[-5.39103478e-03 -3.23308397e-02  2.38088942e-03 -1.49725468e-03
   4.51749738e-04 -5.06615995e-05]]
[[-5.87281306e-03 -3.12206936e-02  2.02485293e-03 -1.41481132e-03
   3.42501428e-04 -2.37421066e-05]]
[[-6.69153179e-03 -2.90284486e-02  2.78361290e-03 -1.48347387e-03
   3.96499333e-04 -7.90952543e-06]]
[[-5.11199291e-03 -3.22497887e-02  1.34280350e-03 -1.46388840e-03
   4.22258105e-04  3.84036408e-05]]
[[-3.11070044e-03 -3.23563458e-02 -9.30034316e-05 -1.57858022e-03
   4.38620759e-04 -7.23391270e-06]]
[[-8.74201429e-04 -3.07773693e-02  7.94587502e-04 -1.65659629e-03
   5.43954829e-04  6.47755249e-05]]
[[-2.86336929e-03 -3.17690929e-02  8.91777998e-04 -1.51966455e-03
   5.41290636e-04 -3.25529095e-07]]
[[-2.33618138e-03 -3.34099304e-02  1.82588436e-03 -1.35738062e-03
   5.03901341e-04  3.84095490e-05]]
[[-2.40991944e-03 -3.33496587e-02  1.53610016e-03 -1.48124514e-03
   5.59766695e-04 -1.04499203e-06]]
[[-4.44463756e-03 -3.43433235e-02  1.98769814e-03 -1.56503714e-03
   7.13674522e-04  1.19439476e-06]]
[[-2.91636496e-03 -3.35752317e-02  8.89594688e-04 -1.38029287e-03
   5.91900452e-04  3.08456035e-05]]
[[-2.42561526e-03 -3.18586092e-02  1.12705495e-03 -1.33967559e-03
   6.52687352e-04 -1.59289834e-06]]
[[-1.60583955e-03 -3.14009646e-02  1.80205769e-03 -1.31305932e-03
   5.86460705e-04 -3.89237028e-05]]
[[-1.24450934e-03 -3.13154130e-02  1.84833658e-03 -1.52428012e-03
   5.48397104e-04  5.85980745e-05]]
[[-2.16919164e-03 -3.08307612e-02  2.15032261e-03 -1.44818367e-03
   5.71706478e-04  2.63011571e-05]]
[[-2.54940709e-03 -3.16665605e-02  2.17647234e-03 -1.53579811e-03
   5.63847098e-04  4.86785984e-05]]
[[-1.54925221e-03 -3.24509728e-02  3.58953315e-03 -1.25179245e-03
   6.19063963e-04  4.27138023e-05]]
[[-2.53205900e-03 -3.16189755e-02  4.28531648e-03 -1.56097428e-03
   6.44917406e-04  7.58869770e-05]]
[[ 1.22892652e-04 -3.41430756e-02  2.92841336e-03 -1.44656265e-03
   7.88231081e-04  5.34532856e-05]]
[[ 1.27198952e-03 -3.27302520e-02  2.83849546e-03 -1.51137539e-03
   7.13330549e-04  6.95267368e-05]]
[[ 1.37440093e-03 -3.30870887e-02  4.59684330e-03 -1.25399376e-03
   7.01745275e-04  2.71887396e-05]]
[[ 1.10246002e-03 -3.13513075e-02  6.33565009e-03 -1.31492596e-03
   5.54719528e-04  4.29529440e-05]]
[[ 3.36036858e-04 -2.95156876e-02  7.65582326e-03 -1.57973303e-03
   7.08244417e-04  8.14940969e-06]]
[[ 2.30152849e-03 -2.69747892e-02  9.15031226e-03 -1.50486097e-03
   5.78124816e-04  4.89710515e-05]]
[[ 0.00167903 -0.02684071  0.01128017 -0.00159052  0.00054892  0.00013523]]
[[ 0.00247765 -0.02461841  0.01384097 -0.001378    0.00045324  0.00012   ]]
[[ 5.16857967e-03 -2.52902018e-02  1.62287925e-02 -1.71408806e-03
   5.01213761e-04  7.32999010e-05]]
[[ 0.00534788 -0.02680237  0.01957651 -0.00155413  0.00044937  0.00011501]]
[[ 0.00476834 -0.02616443  0.01892692 -0.00163492  0.00041376  0.00016737]]
[[ 0.00381233 -0.0246502   0.02168341 -0.00132367  0.0003331   0.0001087 ]]
[[ 2.06584361e-03 -2.50464158e-02  2.30018944e-02 -1.56322161e-03
   2.00191227e-04  7.25580710e-05]]
[[ 0.003037   -0.02504671  0.02330465 -0.0016701   0.00027178  0.00011336]]
[[ 0.00230156 -0.026244    0.02292199 -0.00148285  0.00010809  0.00013956]]
[[ 2.68581496e-03 -2.59255196e-02  2.45416904e-02 -1.32146907e-03
   9.96722611e-05  1.95458279e-04]]
[[ 2.31009971e-03 -2.75340153e-02  2.68110510e-02 -1.44990657e-03
   8.44378156e-05  1.96703287e-04]]
[[ 0.00177249 -0.02656748  0.02939144 -0.00162804  0.00014014  0.00018189]]
[[-0.0002967  -0.02702197  0.03094108 -0.00164125  0.00010785  0.00028659]]
[[-6.57446150e-04 -2.86004952e-02  3.12113010e-02 -1.32084362e-03
  -1.52781088e-05  1.65999135e-04]]
[[ 0.00079185 -0.02641708  0.03117455 -0.00121259 -0.0001502   0.00010582]]
[[ 7.29703234e-04 -2.54301668e-02  3.25839975e-02 -1.30466671e-03
  -1.14868986e-05  1.37068657e-04]]
[[ 8.90013278e-04 -2.38196866e-02  3.55834155e-02 -1.59854972e-03
   1.19586548e-04  5.99069693e-05]]
[[ 3.69728017e-04 -2.50640239e-02  3.62128109e-02 -1.42062399e-03
   3.70692532e-05  1.05991259e-05]]
[[ 5.59815586e-04 -2.60036007e-02  3.64924868e-02 -1.12924966e-03
  -3.51202617e-06 -4.89068004e-05]]
[[-1.70241338e-04 -2.77758332e-02  3.79402536e-02 -1.13546110e-03
   6.40422080e-05  8.46674026e-06]]
[[-1.28126254e-03 -2.89909792e-02  3.69985961e-02 -1.41755355e-03
   1.52441748e-04  2.02344505e-05]]
[[-1.00424938e-03 -2.76457607e-02  3.97128516e-02 -1.44958104e-03
   1.31035411e-04  1.18966713e-05]]
[[-4.06092080e-04 -2.65786274e-02  4.10240376e-02 -1.04683711e-03
   1.26328053e-04  1.83655742e-05]]
[[ 1.20370135e-04 -2.54067530e-02  4.32588783e-02 -9.17130527e-04
  -7.63501670e-06 -4.05869715e-05]]
[[-5.55115742e-04 -2.41872125e-02  4.42422854e-02 -1.12107529e-03
   9.71240665e-05 -3.33206370e-06]]
[[ 1.15889281e-03 -2.35453139e-02  4.29857096e-02 -1.36120008e-03
   2.28573791e-04  5.18975648e-05]]
[[ 1.42713106e-03 -2.09435241e-02  4.27767228e-02 -1.23795302e-03
   2.20154319e-04 -1.93494141e-05]]
[[-6.62798265e-04 -2.32004396e-02  4.05894226e-02 -9.37347105e-04
   2.34904020e-04 -7.73725098e-05]]
[[-1.19972622e-03 -2.31178365e-02  3.70615960e-02 -1.03569946e-03
   9.01021732e-05 -1.05764994e-04]]
[[-3.56283215e-03 -2.39546528e-02  3.55303398e-02 -1.21416938e-03
   3.58926600e-04  1.45744845e-05]]
[[-6.23346470e-03 -2.35911790e-02  3.36029206e-02 -1.26645291e-03
   2.64989845e-04 -9.02740186e-05]]
[[-4.33744607e-03 -2.23549371e-02  3.45181892e-02 -1.01107540e-03
   3.51091602e-04 -9.33124655e-05]]
[[-0.00322818 -0.02050225  0.0340901  -0.00089824  0.00030826 -0.00020881]]
[[-0.00413531 -0.02365517  0.03105905 -0.00100389  0.00035909 -0.00013322]]
[[-0.00505649 -0.0240605   0.02998826 -0.00113915  0.00056345 -0.00013898]]
[[-0.00371787 -0.02657075  0.02823284 -0.00089558  0.00037367 -0.0001324 ]]
[[-2.67035659e-03 -2.65563425e-02  2.74119821e-02 -9.32028879e-04
   5.37104324e-04 -8.78300265e-05]]
[[-1.71643504e-03 -2.65203258e-02  2.77297014e-02 -9.66843663e-04
   3.82150184e-04 -7.78689220e-05]]
[[-2.68611777e-03 -2.70893472e-02  2.82951731e-02 -1.09729612e-03
   4.64762703e-04 -3.32845235e-05]]
[[-1.49194970e-03 -2.56585590e-02  2.82301589e-02 -1.12655016e-03
   3.83343253e-04 -8.87078594e-06]]
[[-2.62308130e-03 -2.59037077e-02  2.74621962e-02 -1.02720821e-03
   3.99353945e-04 -8.51453312e-05]]
[[-2.24452539e-03 -2.55238323e-02  2.89959472e-02 -1.10658343e-03
   4.37422433e-04 -7.74061898e-05]]
[[ 0.00110342 -0.0285294   0.02896509 -0.00105293  0.00056622 -0.0001294 ]]
[[ 1.73972846e-03 -2.93078545e-02  3.08560798e-02 -1.07346598e-03
   5.05979547e-04 -8.67726796e-05]]
[[ 0.00133417 -0.03025855  0.0306772  -0.00095046  0.0004072  -0.0001586 ]]
[[-5.33444902e-05 -2.63521117e-02  3.23205424e-02 -1.10476917e-03
   3.32695874e-04 -5.49411734e-05]]
[[-2.29263576e-03 -2.64482689e-02  3.33797551e-02 -1.02624351e-03
   3.59058439e-04 -6.03513543e-05]]
[[-3.59227638e-03 -2.79813317e-02  3.55156699e-02 -1.07166417e-03
   6.37517536e-04 -9.21156837e-05]]
[[-2.98732782e-03 -2.72231749e-02  3.78448391e-02 -1.13038986e-03
   3.93971250e-04 -1.57615892e-05]]
[[-3.79892681e-03 -2.86703272e-02  3.99327097e-02 -1.09734217e-03
   4.88153221e-04 -5.50689655e-05]]
[[-3.78114582e-03 -2.73533619e-02  4.08211853e-02 -1.22323232e-03
   2.72995574e-04 -2.40021218e-05]]
[[-3.38403723e-03 -2.82963521e-02  4.10730484e-02 -1.30263740e-03
   5.94691672e-04 -2.78321321e-05]]
[[-3.61014068e-03 -2.74103444e-02  4.19483394e-02 -1.33120002e-03
   4.67585496e-04  1.43983085e-05]]
[[-4.39475147e-03 -2.71723586e-02  4.31449092e-02 -1.13453645e-03
   5.39114105e-04  2.30007691e-05]]
[[-5.00178371e-03 -2.53546823e-02  4.48298893e-02 -1.34890190e-03
   4.29562503e-04  4.08745648e-06]]
[[-6.22945553e-03 -2.68435239e-02  4.62842630e-02 -1.21542074e-03
   6.11364022e-04 -2.50493069e-05]]
[[-8.09721703e-03 -2.94923992e-02  4.47393223e-02 -1.29249657e-03
   3.35585472e-04  4.89183418e-05]]
[[-8.25315477e-03 -2.87954034e-02  4.43392407e-02 -1.15462059e-03
   4.46648710e-04  5.54095261e-05]]
[[-8.45678167e-03 -2.95657857e-02  4.43068439e-02 -1.34479569e-03
   5.96678343e-04 -1.49831386e-05]]
[[-6.74763601e-03 -2.96524178e-02  4.47103378e-02 -1.21665461e-03
   5.54468820e-04 -5.46786982e-06]]
[[-7.27458464e-03 -2.99275363e-02  4.48460970e-02 -1.29718299e-03
   5.59101787e-04 -2.58938787e-05]]
[[-7.12072904e-03 -3.11336237e-02  4.50974414e-02 -1.22382542e-03
   4.64199292e-04  9.70328201e-05]]
[[-0.00585524 -0.03162523  0.0466631  -0.00131039  0.00072831  0.00013193]]
[[-5.15449199e-03 -3.26723855e-02  4.65235849e-02 -1.21369450e-03
   5.44774360e-04  6.25823289e-05]]
[[-7.20243423e-03 -3.23636318e-02  4.43478099e-02 -1.03719273e-03
   6.36842770e-04  5.71360454e-05]]
[[-7.16126587e-03 -3.21954786e-02  4.27749291e-02 -1.14407681e-03
   4.81268360e-04  8.06412788e-05]]
[[-6.89512817e-03 -3.20720498e-02  4.37745968e-02 -1.19220859e-03
   8.03850642e-04  8.40049261e-05]]
[[-0.00976666 -0.02984016 -0.03648848 -0.00478357  0.00266196  0.00013233]]
[[-0.02087987 -0.03301423 -0.15666305 -0.01599842  0.01262937  0.00090704]]
[[-0.03204623 -0.03406687 -0.24551329 -0.02753355  0.02215274  0.00153676]]
[[-0.04071081 -0.03564521 -0.30812626 -0.03395075  0.03083758  0.00204694]]
[[-0.0461524  -0.03308784 -0.34764571 -0.03826942  0.03214101  0.00212819]]
[[-0.05115153 -0.03583443 -0.37900614 -0.04333256  0.03475767  0.00232735]]
[[-0.04874184 -0.03625078 -0.39468777 -0.04395552  0.03454082  0.0023561 ]]
[[-0.04613673 -0.0365382  -0.40306242 -0.04440741  0.03201394  0.00225426]]
[[-0.04134213 -0.0334218  -0.43084037 -0.04497212  0.02597394  0.00197114]]
[[-0.04689992 -0.02727329 -0.56887314 -0.04518442  0.02780648  0.00203752]]
[[-0.06336888 -0.02084383 -0.6866782  -0.0372343   0.04163336  0.00259278]]
[[-0.08273126 -0.01389917 -0.77861545 -0.0270877   0.05908566  0.00328181]]
[[-0.09930149 -0.00980958 -0.84015155 -0.02063866  0.07177974  0.0039269 ]]
[[-0.10777286 -0.00596002 -0.87438301 -0.01890092  0.0781528   0.00427991]]
[[-0.11540542 -0.00391865 -0.90158012 -0.0177078   0.08560195  0.00465032]]
[[-1.25119144e-01  1.05144779e-04 -9.29947090e-01 -1.54118367e-02
   9.30230894e-02  5.08998809e-03]]
[[-0.12758294  0.00176719 -0.94730066 -0.01393466  0.09522896  0.00516203]]
[[-0.12808619  0.003669   -0.98953692 -0.01478093  0.08821942  0.0054259 ]]
[[-0.12448628  0.00349623 -1.07112874 -0.01910257  0.07676767  0.00626862]]
[[-0.12584156  0.00449405 -1.13221165 -0.02248579  0.07196259  0.00701338]]
[[-0.13091097  0.00401586 -1.17356133 -0.0239419   0.07504053  0.00755145]]
[[-0.13887067  0.0031745  -1.20003072 -0.02463936  0.08049387  0.00813162]]
[[-0.14606007  0.00360471 -1.21694901 -0.02508883  0.0843759   0.00850622]]
[[-0.14916994  0.00430567 -1.23166942 -0.02580191  0.08583324  0.00884933]]
[[-0.15293636  0.00447203 -1.26075653 -0.02735527  0.08723406  0.00916601]]
[[-0.15599039  0.00507394 -1.29226515 -0.02908691  0.08985254  0.00934279]]
[[-0.16102092  0.00649622 -1.32300368 -0.03069484  0.09294883  0.00976891]]
[[-0.16234323  0.0091383  -1.43979624 -0.0365678   0.09180291  0.00966327]]
[[-0.16065914  0.01319807 -1.75144183 -0.0504934   0.07647543  0.01020848]]
[[-0.1573458   0.02324178 -2.29855442 -0.07282215  0.03960236  0.01256793]]
[[-0.1574663   0.03408722 -2.9877565  -0.09930133 -0.00585663  0.01663831]]
[[-0.15769259  0.04593466 -3.70186926 -0.12272866 -0.05063835  0.02171158]]
[[-0.16609109  0.06650801 -4.48948063 -0.13934994 -0.0895713   0.0266195 ]]
[[-0.17948476  0.09259846 -5.29787497 -0.14716266 -0.1211393   0.03158638]]
[[-0.19948141  0.12223808 -6.10829904 -0.14653034 -0.14393735  0.03653134]]
[[-0.25772718  0.15776187 -6.94356444 -0.13457811 -0.12422823  0.04192394]]
[[-0.31684895  0.19623903 -7.79046283 -0.11933743 -0.1039074   0.04610295]]
[[-0.36608797  0.23312432 -8.62941563 -0.10491915 -0.09284458  0.04891267]]
[[-0.41314324  0.27265618 -9.49847229 -0.09034728 -0.08032618  0.05136794]]
[[ -0.48140283   0.31484955 -10.42299994  -0.07454729  -0.04650759
    0.05437432]]
[[ -0.62894173   0.36114968 -11.77814853  -0.07506283   0.03033153
    0.06268855]]
[[ -0.88661431   0.42370399 -13.32779692  -0.06881779   0.2094981
    0.07146006]]
[[ -1.11670461   0.49479672 -14.34240702  -0.04673778   0.41597364
    0.07273104]]
[[ -1.35250713   0.58254049 -15.55170708  -0.03644149   0.60978277
    0.07061266]]
[[ -1.51966245   0.65006475 -16.56658227  -0.04248675   0.73627507
    0.07037148]]
[[ -1.66501185   0.71400509 -17.5426034   -0.05288307   0.84036391
    0.07152691]]
[[ -1.77822907   0.75723707 -18.48944636  -0.07286494   0.89660392
    0.07439561]]
[[ -1.86581654   0.7840044  -19.45601559  -0.10000891   0.91608493
    0.08005864]]
[[ -1.9247725    0.80068356 -20.40692458  -0.13012273   0.90380898
    0.08807689]]
[[ -1.95908128   0.80974444 -21.36590349  -0.16104056   0.87013829
    0.09436651]]
[[ -1.98229599   0.81351182 -22.27471076  -0.18939511   0.82307666
    0.09767634]]
[[ -1.99721588   0.81485073 -23.20262101  -0.21918312   0.7605416
    0.10132224]]
[[ -2.02174024   0.81673338 -24.06834856  -0.24554976   0.71539163
    0.10542459]]
[[ -2.06612897   0.89353494 -22.28433623  -0.08798381   0.9435903
    0.09189857]]
[[ -1.63827066   0.77750393 -18.00472629   0.06896548   0.80018602
    0.06789629]]
[[ -1.1738234    0.52804878 -12.74847359   0.04765758   0.58217284
    0.04856748]]
[[-0.80892898  0.37434777 -8.9786967   0.05377722  0.37959797  0.03053188]]
[[-0.58152172  0.25440764 -6.3064646   0.03097966  0.27092681  0.02044981]]
[[-0.4161117   0.16437137 -4.41374197  0.01167813  0.19205947  0.01431813]]
[[-0.29327923  0.1185449  -3.11667802  0.01613033  0.12721877  0.00818059]]
[[-0.22563442  0.06149453 -2.24971007 -0.01224697  0.09357534  0.00627867]]
[[-0.19541442  0.03402481 -1.60730965 -0.00435973  0.08817466  0.00404646]]
[[-1.41824547e-01  2.08177093e-02 -1.20406165e+00 -1.01420945e-03
   5.83497765e-02  2.04601356e-03]]
[[-0.13224482  0.00670984 -0.93511283 -0.00733138  0.05949023  0.00129607]]
[[-0.12335986 -0.00204441 -0.76088365 -0.00623485  0.05763635  0.0007882 ]]
[[-0.06714326  0.00346886 -0.76815044 -0.01185252  0.00978937 -0.00132883]]
[[-1.08900167e-01 -7.14416684e-03 -8.77603330e-01 -3.27582449e-02
   4.71395715e-02  8.23037121e-04]]
[[-8.04323778e-02 -1.29854101e-02 -8.77306937e-01 -4.64507445e-02
   2.67591534e-02 -1.87335710e-04]]
[[-8.23343711e-02  6.68257282e-03 -8.81325002e-01 -5.63330203e-03
   2.96648656e-02 -5.46442288e-04]]
[[-0.04393093  0.00263808 -0.94837949 -0.02443033 -0.00608646 -0.00191397]]
[[-8.94107699e-02  4.30908909e-03 -9.82531200e-01 -1.43873191e-02
   4.00986661e-02  3.62691213e-04]]
[[-7.56224714e-02 -1.02157458e-02 -9.96975871e-01 -5.05050553e-02
   2.55073728e-02  7.68795898e-05]]
[[-0.08267457 -0.02737827 -1.05645256 -0.08561723  0.02665308  0.00227772]]
[[-6.99064559e-02 -5.06309259e-02 -1.16668650e+00 -1.32830053e-01
   7.54251995e-04  4.33671169e-03]]
[[-0.11151546 -0.06287108 -1.26772212 -0.15964685  0.03512592  0.00614413]]
[[-0.08554336 -0.05327176 -1.21890874 -0.13472771  0.01285513  0.00446119]]
[[-1.18592581e-02 -2.58497903e-02 -1.36876076e+00 -9.89611580e-02
  -7.62080656e-02  2.60292289e-04]]
[[-2.46360873e-02 -2.65845614e-02 -1.42046455e+00 -1.05344013e-01
  -5.54550835e-02 -1.29617478e-03]]
[[-0.0439263  -0.04726152 -1.49283882 -0.1522218  -0.02945537  0.00252179]]
[[-0.03610139 -0.04415655 -1.55978056 -0.14628906 -0.02958623  0.00285696]]
[[-0.03116247 -0.01834834 -1.61255215 -0.10308651 -0.03513772  0.00178143]]
[[ 0.02474154  0.00896795 -1.7196782  -0.06929943 -0.08934384 -0.0033607 ]]
[[ 9.41060657e-03 -4.32162141e-03 -1.80125944e+00 -1.03828847e-01
  -7.30041978e-02 -1.37891086e-03]]
[[ 0.02175767  0.01598476 -1.9904774  -0.08037434 -0.0876554  -0.00291079]]
[[ 0.11486233  0.06164141 -2.53858165 -0.0415234  -0.21093663 -0.00856185]]
[[ 0.04184207  0.08994496 -3.04013738 -0.01525943 -0.15082868 -0.00769571]]
[[-9.00256135e-02  6.95218911e-02 -3.43548156e+00 -8.47019151e-02
  -1.82421160e-02  1.61037743e-03]]
[[-0.17704593  0.0704667  -3.60982163 -0.09024563  0.07129623  0.00646016]]
[[-0.15907439  0.05249194 -3.1938499  -0.09932308  0.06773921  0.00671395]]
[[-0.12452606  0.04296178 -2.69288114 -0.08245071  0.04029404  0.00445361]]
[[-8.47501398e-02  2.73368818e-02 -2.26670729e+00 -6.12053613e-02
   1.52169171e-02  4.02224180e-05]]
[[-5.63418935e-02  2.27612140e-02 -1.98143750e+00 -5.22780990e-02
  -1.33199479e-02 -1.74515266e-03]]
[[-4.34037077e-02  2.71215571e-02 -1.78453285e+00 -2.18306623e-02
  -1.49861762e-02 -7.76555046e-04]]
[[-6.12267667e-02  1.76267818e-02 -1.77739572e+00 -5.94801994e-02
   8.22758401e-03  1.65134843e-03]]
[[-9.91101253e-02  1.16922289e-02 -1.66964570e+00 -4.38620524e-02
   4.27334351e-02  1.15230727e-03]]
[[-1.00988660e-01 -8.29369349e-04 -1.67131347e+00 -7.95208804e-02
   4.68454713e-02  1.01653783e-03]]
[[-1.22396080e-01  1.73021567e-02 -1.70826938e+00 -4.81009709e-02
   6.19730521e-02  1.15907560e-03]]
[[-1.01809019e-01  1.42198186e-02 -1.74997325e+00 -7.05025745e-02
   4.67715262e-02  2.18586198e-04]]
[[-9.30748820e-02  1.90330949e-03 -1.93238658e+00 -1.18503097e-01
   3.06737635e-02  2.09056884e-03]]
[[-6.77541959e-02 -1.63110406e-02 -2.35076883e+00 -2.05445367e-01
   4.14356381e-03  1.95955125e-03]]
[[-3.75860136e-02  7.93490212e-03 -3.10690981e+00 -1.98649689e-01
  -5.73289722e-02 -4.45616091e-04]]
[[ 0.03698722  0.10055298 -4.01554324 -0.09804405 -0.19575734 -0.00700155]]
[[ 0.07579944  0.10278369 -4.47318836 -0.13965743 -0.25483017 -0.00903518]]
[[ 0.09882977  0.08336423 -4.09567259 -0.16148534 -0.25844167 -0.00864082]]
[[ 0.05533371  0.0405441  -3.46412059 -0.16134413 -0.18175146 -0.00421683]]
[[ 1.72233353e-03  2.74642721e-02 -2.97753698e+00 -1.52365485e-01
  -1.05888696e-01 -1.43053764e-03]]
[[-0.02791592  0.01228561 -2.5124668  -0.13040035 -0.06212769 -0.00288666]]
[[-5.08408290e-02  4.76441520e-03 -2.29273322e+00 -1.31307625e-01
  -2.78114112e-02  2.79713026e-06]]
[[-0.0112973   0.00866569 -2.21319694 -0.13318168 -0.06056518 -0.00306267]]
[[ 0.06457719  0.03543924 -2.38988715 -0.1010095  -0.14350456 -0.00654321]]
[[ 0.09313831  0.00569884 -2.36371488 -0.14605434 -0.17225399 -0.00360482]]
[[ 1.04202868e-01 -9.15676837e-03 -2.59518014e+00 -2.11516258e-01
  -2.00588696e-01  5.22915599e-05]]
[[ 7.85497000e-02  1.27617522e-02 -3.08268992e+00 -1.96637921e-01
  -2.03224164e-01 -2.05689161e-03]]
[[ 4.58116150e-02 -3.05903467e-02 -3.69291736e+00 -3.23337760e-01
  -1.88618839e-01  3.48689617e-03]]
[[ 5.90629761e-02 -3.98050125e-02 -3.68206167e+00 -3.39630593e-01
  -2.00800580e-01  3.65705814e-03]]
[[ 3.34971188e-02 -1.04115277e-02 -3.22583726e+00 -2.31265019e-01
  -1.48285784e-01  2.74358761e-03]]
[[-0.01831203 -0.03020956 -2.80353341 -0.22037867 -0.07342262  0.00447429]]
[[-0.03216101 -0.01147455 -2.35136148 -0.15683355 -0.03792602  0.00461965]]
[[-0.0198578  -0.01960852 -2.1061882  -0.12852205 -0.04297459  0.00341611]]
[[-0.02299282 -0.02753938 -1.97466815 -0.14573337 -0.02660304  0.00652038]]
[[ 3.73355096e-02 -8.34588644e-03 -2.01987694e+00 -1.14750955e-01
  -1.03859472e-01 -1.92758686e-03]]
[[ 2.92808573e-02 -1.35875227e-02 -2.04841774e+00 -1.14059312e-01
  -9.34689404e-02  2.59297294e-04]]
[[ 2.77300052e-02 -4.96263655e-03 -2.01647087e+00 -1.18862886e-01
  -8.45970053e-02 -1.35911994e-03]]
[[ 0.06492568  0.01644637 -2.38528367 -0.1004438  -0.15783061 -0.00348253]]
[[ 0.04559252  0.05846311 -2.80744643 -0.05101664 -0.15798827 -0.00606631]]
[[ 0.07458589  0.05936039 -3.20784664 -0.07742574 -0.21319028 -0.0038911 ]]
[[ 0.14054501  0.05056537 -3.72363772 -0.15504578 -0.31885519 -0.00597518]]
[[ 0.09627127  0.02659277 -3.68790392 -0.18516456 -0.26106712 -0.00385095]]
[[ 1.01230500e-01  2.33510188e-02 -3.28960075e+00 -1.49909147e-01
  -2.48671323e-01 -2.21816107e-03]]
[[ 4.96586381e-02 -4.54061434e-03 -2.74243377e+00 -1.51033425e-01
  -1.69212903e-01 -2.64327016e-03]]
[[ 6.61995793e-02 -5.41764538e-03 -2.43025629e+00 -1.53370168e-01
  -1.61663686e-01 -2.01640521e-03]]
[[ 1.68635286e-02 -1.23055508e-02 -2.24659454e+00 -1.34407763e-01
  -8.95744174e-02  1.82296287e-04]]
[[ 6.84003520e-02 -1.48780997e-02 -2.36320553e+00 -1.54583393e-01
  -1.62681612e-01 -2.09043296e-03]]
[[ 3.88233310e-02 -8.56583389e-03 -2.41876198e+00 -1.51659393e-01
  -1.37517002e-01 -2.82604020e-04]]
[[ 5.82241633e-02 -3.24840242e-03 -2.50525788e+00 -1.58371435e-01
  -1.62385814e-01  4.77673608e-04]]
[[ 8.40089622e-02 -2.64463186e-03 -2.83191115e+00 -1.70601920e-01
  -2.09245753e-01 -5.20894679e-04]]
[[ 1.08181067e-01 -7.71165154e-03 -3.26538816e+00 -2.05759117e-01
  -2.76618786e-01 -1.90105922e-04]]
[[ 1.25183535e-01  8.71066907e-03 -3.60484520e+00 -1.96070648e-01
  -3.06056017e-01 -3.24527322e-03]]
[[ 8.85696561e-02 -4.59218759e-03 -3.62572365e+00 -2.18092426e-01
  -2.69605867e-01  9.17624401e-04]]
[[ 8.60459260e-02 -9.99238601e-03 -3.23560772e+00 -2.08730005e-01
  -2.47908000e-01  1.19984345e-03]]
[[ 0.11973636 -0.02126044 -2.71204484 -0.20265987 -0.24844797  0.00279058]]
[[ 7.88321347e-02 -1.64377860e-02 -2.31060549e+00 -1.54518553e-01
  -1.85102132e-01  7.67025440e-05]]
[[ 1.15060305e-01 -1.50867270e-02 -2.20384267e+00 -1.36486904e-01
  -2.30413906e-01  8.42733813e-04]]
[[ 9.49511602e-02 -1.41002511e-02 -2.04907724e+00 -1.15370520e-01
  -2.00909268e-01  1.25523550e-03]]
[[ 9.00498943e-02 -5.56604148e-03 -1.91647926e+00 -8.35808103e-02
  -1.82365472e-01  5.30537297e-04]]
[[ 7.35361533e-02 -1.53405939e-02 -2.03400171e+00 -1.13759486e-01
  -1.80328999e-01  1.60653003e-03]]
[[ 3.12299120e-02 -6.22028927e-03 -2.06607820e+00 -6.88449447e-02
  -1.46518756e-01 -9.63042344e-04]]
[[ 9.65166636e-02 -5.80261147e-04 -2.14151866e+00 -9.23289537e-02
  -2.20319278e-01  1.02715491e-03]]
[[ 9.51459467e-02 -1.87316097e-02 -2.56385659e+00 -1.52573850e-01
  -2.38023415e-01  1.13764906e-03]]
[[ 1.28113318e-01 -1.33071474e-02 -2.91411902e+00 -1.79062402e-01
  -2.89327424e-01 -9.02755900e-04]]
[[ 0.06645033 -0.01524564 -2.95208542 -0.19055654 -0.22123324  0.00335256]]
[[ 0.03616213 -0.0038269  -3.11412858 -0.1793305  -0.19690554  0.00339241]]
[[-0.02699529 -0.02064155 -2.78583939 -0.16278139 -0.1063211   0.0039946 ]]
[[-0.01905797 -0.01233308 -2.5883035  -0.14012308 -0.10582694  0.00471912]]
[[ 2.37368046e-02 -1.12879393e-02 -2.68397824e+00 -1.47663190e-01
  -1.57905583e-01  1.36759014e-03]]
[[ 6.01119616e-02  3.68890416e-02 -2.95724518e+00 -7.28516274e-02
  -2.12069053e-01 -2.15960281e-03]]
[[ 0.13626423  0.05877382 -3.39119406 -0.06642542 -0.31043917 -0.00641658]]
[[ 0.08262524  0.04039715 -3.69815359 -0.13200049 -0.24796379 -0.00416463]]
[[-1.99220593e-02  4.38232427e-02 -3.67226556e+00 -1.30724016e-01
  -1.37780290e-01  3.54818315e-03]]
[[ 4.90400261e-02  3.26797201e-02 -3.20070141e+00 -1.08802256e-01
  -1.98825286e-01 -9.21133463e-04]]
[[ 3.86465595e-03  1.70918762e-03 -2.69245519e+00 -1.14206459e-01
  -1.30312691e-01  1.22362549e-03]]
[[ 3.59967393e-02 -4.88841555e-03 -2.34869907e+00 -1.12186350e-01
  -1.49766026e-01  1.04425962e-03]]
[[ 4.94562590e-02  1.80050575e-02 -2.21303518e+00 -5.72473759e-02
  -1.65934106e-01 -1.42794396e-03]]
[[-7.18278138e-03 -7.14518436e-04 -2.03634875e+00 -6.50843770e-02
  -9.64090837e-02  8.03337199e-04]]
[[ 4.03352099e-02 -1.41063879e-02 -1.96122611e+00 -8.50865025e-02
  -1.41973949e-01  1.10788534e-03]]
[[ 1.11329310e-01 -4.35268963e-03 -2.05753852e+00 -9.35842280e-02
  -2.33534451e-01  7.93723445e-04]]
[[ 0.17236662  0.0125371  -2.31367323 -0.10405096 -0.31211415 -0.00307648]]
[[ 0.19199703  0.0365471  -2.66357452 -0.07913161 -0.37248959 -0.00740687]]
[[ 0.14306516  0.0316637  -3.12918776 -0.11110118 -0.34281464 -0.00511083]]
[[ 7.72582544e-02  2.18765344e-02 -3.50668769e+00 -1.86188134e-01
  -2.69350595e-01  1.76401743e-03]]
[[ 0.03252377 -0.01166897 -3.30464218 -0.20300016 -0.20274758  0.0053815 ]]
[[ 0.06110838 -0.0063493  -2.92372231 -0.16301654 -0.2148123   0.00378514]]
[[ 0.0445212  -0.01248161 -2.4983967  -0.15556125 -0.16651314  0.00379817]]
[[ 0.10702583 -0.01464604 -2.3105239  -0.12445929 -0.22171069  0.00273224]]
[[ 1.23221830e-01 -3.95144891e-03 -2.48184769e+00 -1.41088294e-01
  -2.58519618e-01  1.11441358e-03]]
[[ 9.11024847e-02  1.56910385e-02 -2.61488359e+00 -8.86761481e-02
  -2.23508672e-01 -1.28114676e-03]]
[[ 0.21159611  0.07685869 -3.16542905 -0.04124965 -0.40417049 -0.00722174]]
[[ 0.20184182  0.13546016 -3.74526903  0.0439404  -0.45709528 -0.01963467]]
[[ 0.14957779  0.12088585 -3.70225331  0.03286918 -0.37604843 -0.01668639]]
[[ 0.18960654  0.10676836 -3.56600376 -0.01043583 -0.42940421 -0.0138491 ]]
[[ 0.14424655 -0.48368405 -2.12461141 -1.84984153  0.15649422 -0.00796676]]
[[ 3.01536711 -0.49685307 -1.75712386 -2.58794286 -2.75304263  0.36992425]]
[[ 5.59690134 -0.58989975 -2.2273816  -3.1647457  -5.22665436  0.67188593]]
[[ 7.11670299 -0.62876272 -2.32840771 -3.55111913 -6.6849491   0.96233129]]
[[ 8.16303367 -0.6449992  -2.35383491 -3.80459414 -7.68978694  1.19569673]]
[[ 8.859852   -0.62613259 -2.27192707 -3.94956447 -8.34238134  1.34146078]]
[[ 9.37012752 -0.62712934 -2.26514219 -4.05270836 -8.82188284  1.46435703]]
[[ 9.71066203 -0.64074053 -2.30810049 -4.13112916 -9.14820651  1.56068881]]
[[ 9.93360772 -0.65834513 -2.37792563 -4.19305544 -9.36888818  1.63079653]]
[[10.09327175 -0.66795047 -2.41110254 -4.23301245 -9.51825189  1.68651763]]
[[10.20351856 -0.66844721 -2.40495527 -4.25148424 -9.61470169  1.72516427]]
[[10.27607283 -0.66725326 -2.3808704  -4.26308026 -9.67450142  1.75117307]]
[[10.32723045 -0.6628505  -2.35675698 -4.27032522 -9.71604556  1.76536103]]
[[10.36257033 -0.66001534 -2.35597277 -4.27734375 -9.74695315  1.77243708]]
[[10.38905427 -0.66551904 -2.37300245 -4.28429033 -9.77109454  1.78188578]]
[[10.40410678 -0.6715117  -2.39645598 -4.29140805 -9.78717414  1.79040445]]
[[10.41370904 -0.67730418 -2.41386538 -4.29880799 -9.79715458  1.79709544]]
[[10.42215128 -0.68101195 -2.41463374 -4.30222447 -9.80078388  1.8042847 ]]
[[10.43131973 -0.68063281 -2.39454484 -4.30144056 -9.80115489  1.80918839]]
[[10.43700615 -0.6779014  -2.36179501 -4.29968295 -9.79753098  1.8129934 ]]
[[10.43967664 -0.67853048 -2.35648793 -4.30014471 -9.79885348  1.81331844]]
[[10.44391319 -0.68233937 -2.36495843 -4.30326657 -9.80134716  1.81396413]]
[[10.44540186 -0.68573775 -2.37850387 -4.30606136 -9.80372475  1.8157958 ]]
[[10.44894568 -0.68947462 -2.38472378 -4.30914021 -9.80386009  1.81773613]]
[[10.45134958 -0.68948608 -2.37850396 -4.30877733 -9.80348443  1.81929083]]
[[10.45261991 -0.68936114 -2.36610782 -4.30905324 -9.80120568  1.8211318 ]]
[[10.45574995 -0.68622693 -2.35278364 -4.30764191 -9.80000444  1.8212753 ]]
[[10.45834072 -0.68701684 -2.34484149 -4.30782082 -9.79853692  1.82275651]]
[[10.46089127 -0.68687835 -2.34753431 -4.30988358 -9.79904737  1.82314915]]
[[10.46276717 -0.68822479 -2.35670425 -4.31192634 -9.80012931  1.82421811]]
[[10.46276698 -0.69123542 -2.3609884  -4.31289749 -9.80047235  1.82474182]]
[[10.46222482 -0.69194426 -2.35474981 -4.31260863 -9.79934592  1.82511363]]
[[10.46145606 -0.69084505 -2.34678824 -4.31111364 -9.79813542  1.82521305]]
[[10.46179167 -0.69100339 -2.33768868 -4.31138525 -9.79624413  1.82452586]]
[[10.46267433 -0.68924932 -2.33499142 -4.31032077 -9.79627258  1.82491055]]
[[10.46341832 -0.69129539 -2.33501602 -4.31138031 -9.79614437  1.82532627]]
[[10.46410277 -0.69468397 -2.33968522 -4.3123235  -9.79667894  1.82563032]]
[[10.4633284  -0.69435944 -2.34064095 -4.31283771 -9.79668603  1.82536118]]
[[10.46253446 -0.69423089 -2.33794121 -4.31195691 -9.7962896   1.82570244]]
[[10.46228138 -0.69261899 -2.32810206 -4.31101411 -9.79496671  1.82507285]]
[[10.46237608 -0.69040234 -2.3192626  -4.31071694 -9.79375032  1.82530287]]
[[10.46451026 -0.69156536 -2.31561145 -4.31051769 -9.79374973  1.82531328]]
[[10.4653674  -0.69189141 -2.31783838 -4.3116701  -9.79394052  1.82550344]]
[[10.46598145 -0.69422926 -2.32005985 -4.31182603 -9.79458926  1.82574577]]
[[10.48952321 -0.68340563 -2.36559419 -4.31437362 -9.81892652  1.78090098]]
[[ 10.67083418  -0.64016735  -2.77620079  -4.35660889 -10.01526304
    1.50585105]]
[[ 10.72757426  -0.76536897  -3.24535529  -4.50997751 -10.12603731
    1.26031831]]
[[ 10.6308719   -0.85299916  -3.56645295  -4.66109041 -10.04373973
    1.25356779]]
[[10.54528656 -1.04116905 -3.62366531 -4.80290716 -9.98999063  1.40184033]]
[[10.35214591 -1.30998536 -3.59745698 -4.99685394 -9.86027468  1.72351166]]
[[10.14384814 -1.45276951 -3.51244741 -5.14191482 -9.74877142  1.97283239]]
[[ 9.92313998 -1.62571034 -3.35836201 -5.23536791 -9.64431943  2.16185487]]
[[ 9.95539021 -1.64153103 -3.38135411 -5.29733258 -9.62833484  2.21364446]]
[[10.08445404 -1.60799811 -3.13777828 -5.27821476 -9.66974585  2.13413607]]
[[10.18917    -1.55022972 -2.85194703 -5.23878599 -9.69505971  2.07069256]]
[[10.25694267 -1.47279178 -2.65444245 -5.17425708 -9.70681314  2.02431544]]
[[10.3051894  -1.38043027 -2.53631787 -5.08474238 -9.71314783  1.98554134]]
[[10.3385991  -1.30185143 -2.44923468 -5.00921343 -9.71730217  1.95620517]]
[[10.36067081 -1.24896993 -2.38665469 -4.95642455 -9.71959624  1.93639281]]
[[10.37392169 -1.20873626 -2.34201652 -4.91848385 -9.72050191  1.92246226]]
[[10.38363715 -1.18260359 -2.30975557 -4.89234928 -9.72108937  1.91345583]]
[[10.39377023 -1.16142128 -2.28032024 -4.87339406 -9.72155651  1.90639136]]
[[10.39905433 -1.14894317 -2.26344317 -4.86028831 -9.72271411  1.90224955]]
[[10.40243529 -1.13973975 -2.25613208 -4.85307304 -9.72355341  1.89954854]]
[[10.4059056  -1.13335039 -2.24739293 -4.84725605 -9.72462463  1.89760016]]
[[10.41009535 -1.13015341 -2.23576757 -4.84212461 -9.72495479  1.89562495]]
[[10.41224124 -1.12619066 -2.22606557 -4.83803654 -9.72492118  1.89459635]]
[[10.41518094 -1.12039339 -2.21846837 -4.83545199 -9.72541605  1.89367444]]
[[10.41926359 -1.12044725 -2.21356364 -4.83416151 -9.72536668  1.89343018]]
[[10.42109158 -1.1168682  -2.20918126 -4.83243499 -9.72631809  1.89318909]]
[[10.42154304 -1.11393515 -2.20744729 -4.83136356 -9.72758538  1.8926883 ]]
[[10.42287471 -1.11176867 -2.20522947 -4.83114984 -9.72850066  1.89316799]]
[[10.42750105 -1.11045    -2.19700208 -4.8297427  -9.72931735  1.89281185]]
[[10.42919568 -1.10790712 -2.18977082 -4.82856983 -9.72967896  1.89272151]]
[[10.43283149 -1.10510644 -2.18531436 -4.82798711 -9.73019868  1.89289823]]
[[10.43505308 -1.10243194 -2.1797515  -4.82758042 -9.73082876  1.89297921]]
[[10.43145469 -1.10773998 -2.15482813 -4.82724925 -9.72579992  1.88917951]]
[[10.42600558 -1.10076428 -2.11063859 -4.85691345 -9.70801477  1.77738844]]
[[ 10.68997466  -1.00360929  -3.67692195  -5.05343636 -10.11443149
    0.89774488]]
[[ 11.21683089  -1.47884291  -5.45268966  -5.75734095 -10.77250482
    0.11537541]]
[[ 11.22048887  -1.85053729  -6.37338783  -6.25088709 -10.86991044
   -0.42288047]]
[[ 11.68961615  -3.09750967  -7.11615431  -7.47639779 -11.36613222
   -0.75772574]]
[[ 11.42929177  -4.12291705  -6.66495972  -8.25714362 -10.9286685
   -0.79386763]]
[[ 10.85316886  -4.48612066  -6.11669837  -8.52095254 -10.27113849
   -0.86487339]]
[[ 11.34026566  -5.00426748  -6.79143617  -9.0942622  -10.83408124
   -1.03715345]]
[[ 10.69758772  -4.50952387  -6.45566812  -8.58136736 -10.10288496
   -1.06658518]]
[[10.50727418 -4.48688961 -6.19258232 -8.5485151  -9.93012927 -1.1301033 ]]
[[ 11.00066308  -5.35186939  -6.77901772  -9.35115603 -10.43279256
   -1.11981262]]
[[10.22834219 -5.13059514 -6.33234114 -9.1133366  -9.54262145 -1.04226812]]
[[ 9.49377197 -4.4648558  -5.81333257 -8.441687   -8.77302982 -1.01094651]]
[[ 9.77940892 -4.29290362 -6.09440089 -8.34417426 -9.14219615 -1.09983875]]
[[10.09734244 -4.3431353  -6.45463196 -8.47317684 -9.51772791 -1.16735633]]
[[ 10.71713981  -4.68213994  -7.27788812  -8.91363563 -10.22429223
   -1.27209031]]
[[10.42431701 -4.2671815  -7.41697516 -8.50414387 -9.87929323 -1.23007578]]
[[10.29576007 -4.16136009 -7.47526628 -8.40043025 -9.7944069  -1.24545551]]
[[ 10.93592978  -4.69638784  -8.24064209  -8.99821719 -10.50342571
   -1.3033868 ]]
[[ 10.97133758  -4.98161134  -8.30729394  -9.27552556 -10.53036128
   -1.29912681]]
[[ 10.92946305  -5.22399641  -8.12508472  -9.44905663 -10.446526
   -1.25762982]]
[[10.38784891 -5.06251674 -7.25566492 -9.17744748 -9.82546332 -1.1657852 ]]
[[10.11313517 -4.95946906 -6.65510416 -8.97419657 -9.47366491 -1.09336558]]
[[ 9.44931859 -4.16625564 -5.59000142 -8.06164406 -8.76364903 -1.05496747]]
[[ 9.4569911  -3.94731128 -5.62990585 -7.89595175 -8.8539217  -1.10730182]]
[[ 9.7766807  -4.41882414 -6.54241469 -8.40369689 -9.13555071 -1.06101683]]
[[ 9.47040749 -4.01888668 -6.42000665 -8.06681518 -8.8503159  -1.08187614]]
[[ 9.58305427 -4.03095163 -6.76246166 -8.13458316 -8.97829054 -1.09843169]]
[[ 9.2712849  -3.54134013 -6.32164366 -7.64199033 -8.66614025 -1.09366329]]
[[10.13700993 -4.25346309 -7.69021512 -8.47724254 -9.631899   -1.15539146]]
[[ 9.5836292  -3.99574895 -7.21177896 -8.20436024 -9.03520606 -1.10651721]]
[[10.12804151 -4.46658163 -7.74093943 -8.6873414  -9.60987146 -1.13835885]]
[[ 9.66270226 -4.33251906 -7.40687156 -8.56182143 -9.10245215 -1.09392295]]
[[10.16463637 -4.98821329 -8.25249112 -9.23995159 -9.62531177 -1.11472249]]
[[10.17124769 -5.03880263 -8.70351397 -9.37858208 -9.66796369 -1.1227571 ]]
[[10.35977427 -5.14980064 -9.2405589  -9.56823942 -9.89884217 -1.13318282]]
[[ 11.07467875  -5.95382405 -10.56435443 -10.40753294 -10.67422684
   -1.17358023]]
[[ 11.58311937  -6.40579843 -11.81647161 -10.87370994 -11.24606083
   -1.17444759]]
[[ 10.40381904  -5.05067196  -9.57891893  -9.46382285 -10.02647874
   -1.18345349]]
[[10.12969457 -4.51848994 -7.87557844 -8.73901922 -9.63603605 -1.17715019]]
[[10.40003544 -4.53701531 -7.62336211 -8.75781937 -9.94919727 -1.26008412]]
[[10.35390001 -4.57469685 -7.72890297 -8.76482088 -9.78749541 -1.15120099]]
[[10.35817699 -4.59460595 -7.80138547 -8.82563787 -9.86658801 -1.21809729]]
[[ 10.59676597  -4.66305748  -8.57108247  -9.00486365 -10.12620065
   -1.19638843]]
[[ 9.8613785  -4.09554748 -8.14115152 -8.42027284 -9.34715951 -1.11883364]]
[[ 9.53497329 -3.79798419 -8.03736169 -8.13248303 -9.0107191  -1.07880557]]
[[ 9.21400863 -3.82145194 -7.8540186  -8.13371208 -8.61126558 -1.00032844]]
[[ 9.05602783 -4.11300336 -7.85859314 -8.42436083 -8.44246001 -0.98609477]]
[[ 9.66794048 -4.7222396  -9.09662984 -9.14566073 -9.11317163 -1.0412452 ]]
[[ 9.39284793 -4.63242545 -9.12644631 -9.08205855 -8.80390301 -0.99485009]]
[[ 8.93312765 -4.21430684 -8.56716532 -8.63992979 -8.31196684 -0.94093234]]
[[ 9.63210732 -4.27329148 -9.17440311 -8.77216438 -9.12933196 -1.07024896]]
[[ 9.37370655 -4.11881343 -9.30481847 -8.64067193 -8.84950168 -1.01655582]]
[[ 9.34275225 -3.63106636 -9.48256856 -8.23519395 -8.91253905 -1.05862237]]
[[  9.85713941  -3.36800904 -10.12213586  -8.095797    -9.54673261
   -1.15335024]]
[[ 9.41637254 -2.93255803 -9.42439369 -7.55660179 -9.04390125 -1.1093679 ]]
[[ 8.9051703  -2.54192721 -8.37643645 -7.00602919 -8.42307216 -1.05864779]]
[[ 8.64733171 -2.19229996 -7.31644927 -6.44267164 -8.13030212 -1.06097294]]
[[ 8.64537912 -1.8573015  -6.74539577 -6.0451891  -8.12267296 -1.08337479]]
[[ 9.64930856 -2.32186278 -7.88521437 -6.72737422 -9.27932353 -1.20762269]]
[[ 10.34984459  -3.23724235  -9.33363294  -7.78301846 -10.06077818
   -1.25147184]]
[[10.09000368 -3.86362986 -9.65252805 -8.43656238 -9.71006143 -1.17832991]]
[[ 9.63624933 -4.69188941 -9.35591467 -9.15086603 -9.02189974 -1.02599833]]
[[ 9.32481673 -5.0997461  -8.47015878 -9.473614   -8.63939321 -0.98338686]]
[[10.23615048 -5.5034366  -9.09152939 -9.92780025 -9.6459801  -1.09037004]]
[[ 10.8203113   -5.9652351  -10.13433747 -10.46693206 -10.28587927
   -1.14228009]]
[[ 10.51096752  -6.09254168 -10.15495123 -10.59341531  -9.91502171
   -1.08698747]]
[[ 10.16729818  -6.46437846  -9.93237849 -10.89357497  -9.4574414
   -1.0130166 ]]
[[ 10.23469826  -6.91995523  -9.83193032 -11.24845981  -9.47714594
   -0.93632488]]
[[ 10.25494591  -7.2165377   -9.74687879 -11.49617292  -9.4930461
   -0.91948213]]
[[ 10.88963116  -7.65376515 -10.19671911 -11.93212889 -10.16201623
   -0.99036202]]
[[ 10.7160007   -8.0516672   -9.69153594 -12.18923273  -9.91868252
   -0.87488089]]
[[ 10.70407966  -7.54972925  -9.29219745 -11.74632718  -9.96605829
   -0.88911018]]
[[ 10.76523884  -7.145829    -9.04778509 -11.39135981 -10.07094355
   -0.93230115]]
[[ 10.95972661  -7.38744964  -8.98733167 -11.60669337 -10.22778832
   -0.96089415]]
[[ 10.65094195  -7.80329197  -8.53732949 -11.86131849  -9.81442745
   -0.82468417]]
[[ 10.69317026  -6.87871288  -8.32083049 -11.07202913  -9.97956185
   -0.90594383]]
[[ 11.23001153  -5.62167003  -8.70546883 -10.0638277  -10.73159017
   -1.08881375]]
[[ 11.61675455  -4.4775049   -9.15741528  -9.1217836  -11.30059957
   -1.25653686]]
[[ 11.70732568  -3.6872489   -9.612148    -8.46290954 -11.48377955
   -1.33173141]]
[[ 11.43358013  -3.33293984  -9.82900214  -8.16591397 -11.23554058
   -1.34190701]]
[[ 11.59799185  -3.33059312 -11.2128904   -8.34729748 -11.49944554
   -1.34405486]]
[[ 11.05744279  -2.93649808 -10.84688532  -7.89627276 -10.84862789
   -1.37866754]]
[[10.27881016 -2.76421081 -9.6781671  -7.53962171 -9.91624588 -1.27138604]]
[[ 9.46953147 -2.53085105 -7.81423402 -6.97950003 -9.00831171 -1.15771341]]
[[ 9.30950183 -2.48160516 -6.87415691 -6.70635727 -8.76398045 -1.11564262]]
[[ 9.01249609 -2.63134696 -6.01687864 -6.6511953  -8.34617407 -1.03728156]]
[[ 8.69141028 -2.84342357 -4.71144597 -6.63983429 -7.93437906 -0.95855572]]
[[ 9.37356941 -2.4447049  -4.17723884 -6.20781021 -8.64274808 -1.08804279]]
[[ 9.8422926  -2.29847539 -4.38339104 -6.15429924 -9.24303434 -1.2230193 ]]
[[ 10.81510963  -2.90484229  -6.39608324  -6.9874865  -10.30276169
   -1.30211389]]
[[ 11.17259158  -3.43451797  -7.85705575  -7.73016422 -10.76275157
   -1.36494405]]
[[ 11.80882922  -3.70822023  -9.7792589   -8.28593757 -11.49780597
   -1.47792622]]
[[ 12.13201981  -4.09616569 -10.71476126  -8.68847287 -11.87392616
   -1.51642968]]
[[ 12.46774708  -4.68968157 -12.14750605  -9.33111666 -12.21785712
   -1.53286112]]
[[ 12.18608024  -5.11562418 -12.3775383   -9.72901484 -11.83403205
   -1.42826115]]
[[ 11.36284573  -5.61981101 -11.86566036 -10.14200673 -10.76227194
   -1.27282439]]
[[ 10.76239581  -5.93240041 -11.79556585 -10.41364645  -9.98530706
   -1.16281659]]
[[ 10.18670499  -5.93257762 -11.81126419 -10.43091799  -9.28265912
   -1.07302993]]
[[  9.81483663  -5.92496663 -11.5109721  -10.41416954  -8.83830845
   -1.01247164]]
[[  9.3736932   -5.2272117  -10.83911371  -9.74569311  -8.40472936
   -0.96640722]]
[[ 8.82139948 -4.41695508 -9.67864203 -8.83423807 -7.85987673 -0.93534934]]
[[ 8.02706438 -3.71018037 -8.46308599 -7.93735331 -6.88719012 -0.86047967]]
[[ 7.31713104 -3.62993305 -8.16686696 -7.78218669 -6.01894043 -0.72684284]]
[[ 6.91990257 -3.4923134  -8.05203305 -7.65766196 -5.53219192 -0.65087842]]
[[ 6.51412311 -3.30645155 -8.02836681 -7.46472514 -5.09522642 -0.58401127]]
[[ 5.92723543 -2.94450529 -7.53618795 -6.91013627 -4.54981142 -0.51864527]]
[[ 5.40940035 -2.65233791 -6.35012031 -6.30932974 -4.10449061 -0.43688009]]
[[ 4.76060576 -2.60155454 -5.25705155 -5.97291595 -3.47103172 -0.33053961]]
[[ 4.0640012  -2.68857918 -4.3794561  -5.87946917 -2.7339444  -0.22609853]]
[[ 4.81971574 -3.89210699 -5.75389385 -7.34714007 -3.44159867 -0.26992923]]
[[ 6.01387463 -4.51238722 -7.52600499 -8.31140712 -4.77267277 -0.42662898]]
[[ 7.19323829 -4.98467937 -9.08022632 -9.08818962 -6.11781358 -0.5905688 ]]
[[  8.59564502  -4.90328236 -10.67158775  -9.37993622  -7.81408608
   -0.82656676]]
[[  9.56360844  -4.7734432  -12.01505938  -9.53589845  -9.01122782
   -0.98309777]]
[[ 10.17848444  -4.61138262 -13.18679225  -9.62228767  -9.80168542
   -1.08833161]]
[[ 11.01733491  -4.45362335 -14.45279463  -9.70186554 -10.81464029
   -1.2284639 ]]
[[ 11.70249243  -4.11404881 -15.49142584  -9.56644938 -11.6741185
   -1.34304054]]
[[ 11.68555761  -3.56307765 -15.39393728  -9.05600319 -11.70293657
   -1.37350645]]
[[ 11.21815711  -3.18598214 -14.55127837  -8.57144578 -11.17492592
   -1.3245197 ]]
[[ 10.76617268  -2.89193859 -13.68860257  -8.16125249 -10.65711114
   -1.28459062]]
[[ 10.45696976  -2.71158619 -13.03880403  -7.88529366 -10.30433335
   -1.25204586]]
[[ 10.11217531  -2.53797214 -12.43016722  -7.62817683  -9.90882945
   -1.214077  ]]
[[  9.82610159  -2.39205347 -11.88135612  -7.39978492  -9.57792015
   -1.1838586 ]]
[[  9.5137566   -2.21934097 -11.29152216  -7.13432012  -9.21819523
   -1.15134482]]
[[  9.24493417  -2.11185451 -10.7683763   -6.93613034  -8.90310924
   -1.10988073]]
[[  9.03747476  -2.03249986 -10.30893029  -6.78835215  -8.66500766
   -1.08511948]]
[[  8.90021602  -1.94977232 -10.06327849  -6.67077114  -8.5070382
   -1.06855652]]
[[ 8.74628242 -1.90155344 -9.90957062 -6.59646603 -8.3297538  -1.05135225]]
[[  8.78076011  -1.93230773 -10.06238532  -6.65469697  -8.37806837
   -1.05567791]]
[[  8.93319371  -1.92895301 -10.31439789  -6.70152319  -8.55776653
   -1.07878202]]
[[  8.89633976  -1.86825462 -10.3460565   -6.64701164  -8.52209679
   -1.08147761]]
[[  9.47156457  -1.87843338 -11.17675443  -6.80835509  -9.20753912
   -1.17214307]]
[[ 10.00213682  -1.7584971  -11.8033851   -6.81172138  -9.8258103
   -1.26081063]]
[[ 10.00108554  -1.99433093 -11.82326016  -7.01712125  -9.77202153
   -1.27056443]]
[[  9.93289491  -2.39036705 -11.79647574  -7.34365209  -9.65962174
   -1.23194619]]
[[  9.76785335  -2.57155243 -11.63048549  -7.46255551  -9.44535103
   -1.18975727]]
[[  9.54035955  -2.80258351 -11.39213985  -7.6130674   -9.15355445
   -1.13833194]]
[[  9.363347    -3.01487728 -11.24794334  -7.76627296  -8.92363993
   -1.09890366]]
[[  9.14486441  -3.18815404 -11.14038355  -7.87820599  -8.64919625
   -1.0510963 ]]
[[  8.96341682  -3.2834765  -10.97989426  -7.93088084  -8.4250635
   -1.0185136 ]]
[[  8.79723121  -3.31735158 -10.81615012  -7.92973202  -8.22584767
   -0.98924602]]
[[  8.66394357  -3.26372842 -10.63721749  -7.86004217  -8.07835223
   -0.9812739 ]]
[[  8.61550987  -3.19069846 -10.69218968  -7.80879296  -8.03832488
   -0.98752147]]
[[  8.87952884  -3.34677029 -11.26842301  -8.05916616  -8.35009671
   -1.02267682]]
[[  9.06305172  -3.5669924  -11.57934962  -8.32863872  -8.55017914
   -1.04145293]]
[[  9.0312749   -3.75551243 -11.48704704  -8.47589589  -8.49151675
   -1.02006104]]
[[  8.79201477  -3.64042429 -10.39398519  -8.19017263  -8.19523073
   -0.98219672]]
[[ 8.64395787 -3.63881749 -9.87356233 -8.12145905 -8.01201985 -0.95200781]]
[[ 8.55724358 -4.00121652 -9.98507544 -8.47397117 -7.86521407 -0.89005184]]
[[  8.38091195  -4.29180693 -10.00012936  -8.75138125  -7.6227317
   -0.82910666]]
[[  8.33843657  -4.09479136 -10.14771676  -8.61011739  -7.59691934
   -0.8284751 ]]
[[ 8.18406467 -3.84073747 -9.72249684 -8.30983499 -7.42235112 -0.80421186]]
[[ 8.26758953 -3.42200852 -9.13531059 -7.89101056 -7.55932077 -0.84858059]]
[[ 8.52232145 -3.29993336 -8.8782901  -7.76840579 -7.84317349 -0.89382055]]
[[ 8.29589672 -3.11662327 -7.79507036 -7.41214011 -7.55574309 -0.86520774]]
[[ 7.90279877 -2.75995452 -6.66487692 -6.86143583 -7.10829526 -0.83462626]]
[[ 7.68910141 -2.88702746 -5.94234424 -6.87204971 -6.80978538 -0.80843086]]
[[ 7.71626396 -3.13857249 -5.55587529 -7.05498403 -6.79566808 -0.79757177]]
[[ 7.67569865 -3.36628097 -5.17146938 -7.21227041 -6.70093792 -0.77235304]]
[[ 7.30132083 -3.48432693 -4.49927369 -7.20412968 -6.23818962 -0.69798177]]
[[ 6.93405665 -3.62365458 -3.96320149 -7.23894574 -5.78314335 -0.61828061]]
[[ 6.66861578 -3.88457083 -3.66146252 -7.43417446 -5.43007619 -0.54276984]]
[[ 6.45073809 -4.10695314 -3.40050212 -7.61381986 -5.1353585  -0.48377385]]
[[ 6.35126253 -4.44176796 -3.20901177 -7.91420309 -4.96299575 -0.43322406]]
[[ 6.26208576 -5.09604613 -3.11902876 -8.52658857 -4.74485461 -0.35452348]]
[[ 6.15432209 -5.43606449 -3.23364054 -8.87747318 -4.56236544 -0.30581299]]
[[ 6.00474848 -5.44975344 -3.24806738 -8.90155494 -4.38581244 -0.27379747]]
[[ 5.80379237 -5.43576334 -3.16415627 -8.87695681 -4.15859134 -0.23557982]]
[[ 5.68281106 -5.35074791 -3.14848209 -8.79061249 -4.03989281 -0.22335909]]
[[ 5.60891386 -5.14005615 -3.1447136  -8.5878499  -3.99020842 -0.22316075]]
[[ 5.53927207 -4.96536478 -3.0887088  -8.41364703 -3.94496865 -0.22573789]]
[[ 5.85299795 -4.8739117  -3.41128046 -8.38164624 -4.34148096 -0.28211553]]
[[ 6.20680654 -4.60940392 -3.8532422  -8.20230992 -4.80890442 -0.36308601]]
[[ 6.53493606 -4.27028144 -4.14763662 -7.92825453 -5.23999358 -0.44585995]]
[[ 6.59579907 -3.95723236 -4.15069917 -7.62310604 -5.34331046 -0.48138936]]
[[ 6.36709054 -3.72407155 -3.98047762 -7.35153442 -5.11094163 -0.46374215]]
[[ 6.04598437 -3.5997068  -3.79110808 -7.16989148 -4.76248444 -0.41505882]]
[[ 5.66023713 -3.50930685 -3.54817835 -7.00446377 -4.3535302  -0.35968425]]
[[ 5.34277242 -3.35930702 -3.37854308 -6.79236104 -4.03426417 -0.32171653]]
[[ 5.24039479 -3.22828773 -3.38306557 -6.65693837 -3.95062377 -0.32277593]]
[[ 5.56415272 -3.28649135 -3.53966547 -6.77116722 -4.29472641 -0.37296178]]
[[ 5.51388865 -3.13871043 -3.27502404 -6.56904891 -4.25029873 -0.39607975]]
[[ 5.39807407 -3.08771176 -3.03050069 -6.45447321 -4.11920537 -0.38569446]]
[[ 5.11914098 -2.92197393 -2.8731408  -6.19693295 -3.85409    -0.36044037]]
[[ 4.69998093 -2.69931792 -2.8296314  -5.83539433 -3.46983134 -0.32497513]]
[[ 4.53135699 -2.51596599 -2.81903331 -5.59546106 -3.33893051 -0.3251653 ]]
[[ 4.62241509 -2.33877411 -2.99321214 -5.44114654 -3.46833906 -0.34593299]]
[[ 4.52616576 -2.17566581 -2.97683507 -5.24256943 -3.410926   -0.3393632 ]]
[[ 4.25402464 -2.2749887  -3.14495608 -5.30395895 -3.10761645 -0.26921207]]
[[ 3.66893744 -2.33284031 -2.98117685 -5.22158295 -2.50179154 -0.17862909]]
[[ 3.12132865 -2.10983151 -2.677184   -4.77812285 -2.034962   -0.12775741]]
[[ 2.60085175 -1.58150909 -2.30414768 -3.86085108 -1.68352835 -0.11855758]]
[[ 1.9672378  -1.11076097 -1.75114614 -2.81606399 -1.21253568 -0.09608697]]
[[ 1.4126298  -0.75876957 -1.38701476 -1.98676059 -0.79161391 -0.07776604]]
[[ 1.19224835 -0.56669253 -1.2356688  -1.5873821  -0.64715808 -0.07642207]]
[[ 1.13950916 -0.56805668 -0.98573528 -1.53722327 -0.61740962 -0.07585715]]
[[ 1.00743912 -0.44662509 -0.76694037 -1.25369754 -0.52769031 -0.07924435]]
[[ 0.98942056 -0.4045593  -0.99252635 -1.29591802 -0.53658904 -0.08143489]]
[[ 2.25739577 -0.75391384 -1.8658354  -2.3299007  -1.71129167 -0.22160594]]
[[ 4.14473812 -1.21699797 -3.09762833 -3.56005683 -3.54091743 -0.46490377]]
[[ 5.01795597 -1.49089413 -3.18220763 -4.18311341 -4.31817677 -0.57160424]]
[[ 6.31804975 -1.43680221 -3.96703605 -4.54507582 -5.66653521 -0.76065812]]
[[ 7.86491534 -0.94892557 -5.53486513 -4.60112683 -7.36512629 -1.04064825]]
[[ 8.91379504 -0.52634924 -6.49989901 -4.50043662 -8.45952549 -1.20918287]]
[[ 8.89564963 -0.44094759 -6.53399767 -4.45470407 -8.44978558 -1.21168859]]
[[ 9.26681452 -0.36729349 -6.95352627 -4.52985033 -8.87705644 -1.27726515]]
[[ 9.91832562 -0.48734355 -7.57680753 -4.83292732 -9.61162028 -1.37440787]]
[[ 10.724235    -0.92885617  -8.19889838  -5.44103432 -10.50757141
   -1.47820973]]
[[ 11.00884359  -1.64861354  -8.54850092  -6.13643711 -10.73276752
   -1.42835035]]
[[ 9.84841256 -1.84900116 -7.55339236 -6.14701502 -9.43975547 -1.26876197]]
[[ 9.20482515 -1.76269234 -6.75943762 -5.91764497 -8.69357907 -1.17666514]]
[[ 9.53076458 -1.55484941 -7.05192353 -5.80475859 -9.06747702 -1.23853271]]
[[10.08376226 -1.41101191 -7.586479   -5.79334883 -9.70821639 -1.33603185]]
[[10.27081343 -1.35116284 -7.72345168 -5.74853016 -9.89319811 -1.34006702]]
[[ 9.24297947 -1.1842697  -6.89404411 -5.33706042 -8.78937328 -1.19478485]]
[[ 9.04095661 -1.13086658 -6.79640155 -5.25358564 -8.56678785 -1.15488132]]
[[ 9.63209692 -1.30674217 -7.33816535 -5.55562863 -9.24592766 -1.23230684]]
[[ 9.78833951 -1.54937639 -7.53044224 -5.82141331 -9.37987316 -1.22559533]]
[[ 8.99860859 -1.73624357 -6.89078848 -5.83809874 -8.46990748 -1.09005552]]
[[ 8.33491674 -1.74429491 -6.26073858 -5.68571704 -7.70313587 -0.97833613]]
[[ 7.56218787 -1.76575285 -5.64394541 -5.53920144 -6.84833666 -0.86057113]]
[[ 8.01751688 -1.66466939 -6.02627871 -5.54787032 -7.36329246 -0.93175012]]
[[ 7.9864198  -1.54779227 -5.85002874 -5.40472595 -7.32915245 -0.93527873]]
[[ 8.37116016 -1.48217364 -5.95820143 -5.38660504 -7.75419348 -0.99111723]]
[[ 8.19897291 -1.23770366 -5.59349299 -5.04659412 -7.58210857 -0.98497501]]
[[ 7.95268309 -1.03456854 -5.19687352 -4.72598113 -7.31571296 -0.9572813 ]]
[[ 7.59471362 -0.85933414 -4.83791209 -4.40851809 -6.94743803 -0.91746032]]
[[ 7.36740447 -0.60487816 -4.57094337 -4.01355314 -6.73110483 -0.90514384]]
[[ 7.26082428 -0.35622975 -4.36533077 -3.6203641  -6.63048596 -0.91042578]]
[[ 7.14305297 -0.16438029 -3.99935924 -3.24245927 -6.50699347 -0.90712397]]
[[ 7.10439324e+00 -5.87276605e-03 -3.86277173e+00 -2.98677082e+00
  -6.47387287e+00 -9.21441085e-01]]
[[ 7.54488489  0.16542033 -4.35212356 -2.99486949 -6.93795713 -0.99583007]]
[[ 7.87670633  0.14651178 -4.79736037 -3.23265717 -7.29557289 -1.0511565 ]]
[[ 8.03877184 -0.18080792 -5.1366853  -3.72592577 -7.45042991 -1.06027942]]
[[ 7.79714169 -0.4111131  -4.97053321 -3.94778901 -7.17366005 -1.00810253]]
[[ 7.70351578 -0.44611091 -4.86204026 -3.97499827 -7.07975847 -0.99875347]]
[[ 8.3504577  -0.21555618 -5.07847636 -3.87003533 -7.75868524 -1.10398398]]
[[ 9.06557121e+00  8.96097231e-03 -5.36017085e+00 -3.77863967e+00
  -8.49179909e+00 -1.22650925e+00]]
[[ 9.24975094  0.12536635 -5.19628379 -3.64086267 -8.65274368 -1.25305735]]
[[ 8.71408963  0.10231311 -4.53106011 -3.4368414  -8.08759294 -1.17010266]]
[[ 7.9462066   0.04437298 -3.92158737 -3.24291386 -7.30652904 -1.05530208]]
[[ 6.98175233 -0.04204713 -3.52957534 -3.05186324 -6.33653191 -0.90623327]]
[[ 6.27665007 -0.04889692 -3.66155639 -2.91832588 -5.65675237 -0.80662137]]
[[ 5.76864046 -0.12081221 -3.67457283 -2.89628525 -5.15753192 -0.7245543 ]]
[[ 5.33641926 -0.14117714 -3.68424334 -2.78064763 -4.73960324 -0.66115472]]
[[ 4.98059523 -0.16415728 -3.54102281 -2.7069082  -4.39509733 -0.60787783]]
[[ 4.65310858 -0.19581583 -3.38623467 -2.66982716 -4.07951286 -0.55681585]]
[[ 4.41826867 -0.22539706 -3.38098277 -2.64760445 -3.86176259 -0.52982259]]
[[ 4.80708498 -0.10780046 -3.75921982 -2.62134168 -4.26277453 -0.5878437 ]]
[[ 5.12348903  0.01067551 -4.07728724 -2.60997356 -4.59150778 -0.63917027]]
[[ 5.43394351  0.11618124 -4.50790453 -2.6284814  -4.92308113 -0.69360176]]
[[ 6.60164124  0.49556623 -5.64057732 -2.56549877 -6.07170728 -0.87020244]]
[[ 7.94710949  1.00483785 -6.73220864 -2.31825143 -7.2769198  -1.06140771]]
[[ 8.37241858  1.27934865 -6.91413877 -2.02006556 -7.61424049 -1.13368956]]
[[ 8.13269043  1.27391596 -6.63912101 -1.9053777  -7.42505459 -1.12425225]]
[[ 8.75874314  1.38962583 -7.28505436 -2.04642027 -8.05560311 -1.20099606]]
[[ 9.5010113   1.4998267  -8.20042587 -2.25627682 -8.80789369 -1.29674506]]
[[ 9.92859454  1.6121158  -9.11976005 -2.40138718 -9.26502443 -1.35656382]]
[[ 10.45422161   2.08428046 -10.55655597  -2.12156841  -9.67380934
   -1.45142173]]
[[ 11.01692567   2.51916917 -11.60441798  -1.75385031 -10.07195501
   -1.54056126]]
[[ 11.68304715   2.7864194  -12.74262149  -1.73497988 -10.67856037
   -1.65322389]]
[[ 12.15517289   2.72098366 -13.27416633  -2.00895204 -11.22055432
   -1.74375079]]
[[ 12.24383338   2.39804298 -13.46971407  -2.48785867 -11.45242306
   -1.75264239]]
[[ 12.05775591   2.17077399 -13.46975981  -2.81092467 -11.397167
   -1.72946454]]
[[ 11.76899308   1.64531308 -13.29814823  -3.38429311 -11.28952131
   -1.65991951]]
[[ 11.15512127   1.04022407 -12.4712476   -3.82641202 -10.7522207
   -1.54260306]]
[[ 10.1266383    0.75839448 -11.05058222  -3.62740021  -9.68061748
   -1.33189896]]
[[ 10.44364895   0.93222947 -10.92122824  -2.8180537   -9.54348148
   -0.8464459 ]]
[[  9.95671698   0.9510438  -10.19784118  -1.6120671   -8.59166821
   -0.33428238]]
[[ 10.30824902   1.0036066  -10.41231487  -0.60697401  -8.3437511
    0.11488816]]
[[ 10.88175278   1.13082129 -10.60687821   0.3345485   -8.26977481
    0.49577008]]
[[ 11.67029936   1.2288711  -11.07336745   1.01486029  -8.48826382
    0.87722006]]
[[ 12.11685086   1.09813535 -12.43440029   1.00886704  -8.90564623
    1.59272308]]
[[ 12.84092744   1.14760099 -14.1537826    0.67697593  -9.68438956
    2.52110973]]
[[ 13.01316962   1.29911001 -14.96945174   0.35337642 -10.03755714
    3.07370392]]
[[ 1.25450067e+01  1.47744423e+00 -1.55918863e+01  4.27275662e-03
  -9.92838581e+00  3.50057999e+00]]
[[ 11.91501896   1.56714977 -16.24849896  -0.41011972  -9.69033744
    4.10724906]]
[[ 11.97582135   1.75083537 -17.45922406  -0.72828614  -9.95280649
    5.06894765]]
[[ 11.97727948   1.16978831 -18.51220098  -1.30119587 -10.25173106
    6.2365562 ]]
[[ 11.89184161   0.60790519 -19.62130344  -1.86687059 -10.46003826
    7.29136661]]
[[ 11.50522947   0.09985518 -20.73000246  -2.46110789 -10.42862799
    8.34126509]]
[[ 11.06319692   0.06626019 -21.30879301  -2.67867278 -10.20495626
    9.10050916]]
[[ 10.49368193   0.45566118 -20.84283972  -2.57740879  -9.81234672
    8.34030991]]
[[  9.78412977   0.94860697 -19.74601439  -2.34686323  -9.27059413
    6.83747587]]
[[  9.4361546    1.70905276 -18.39424605  -1.65808306  -8.93681371
    5.5239257 ]]
